n	id	ed	cut	H	soln
10	0	23	17	-22	1001100010
10	1	23	16	-18	101101000
10	2	23	17	-22	11011010
10	3	23	17	-22	1010011000
10	4	23	17	-22	101001100
10	5	23	16	-18	111110000
10	6	23	18	-26	1001101000
10	7	23	16	-18	10101100
10	8	23	17	-22	1100111010
10	9	23	17	-22	1111000100
20	0	95	62	-58	01011010110111010000
20	1	95	66	-74	11100110011000000110
20	2	95	64	-66	01011100011101100100
20	3	95	63	-62	00011011000010011100
20	4	95	66	-74	01100110010101111001
20	5	95	66	-74	01010010001101010101
20	6	95	65	-70	00100101010110110011
20	7	95	64	-66	11101111010001100100
20	8	95	66	-74	00101100101111110000
20	9	95	65	-70	00010100110101101101
30	0	218	140	-124	011001010011111010001011101001
30	1	218	137	-112	100100110000110001011111100011
30	2	218	140	-124	011000010111110011001100001101
30	3	218	139	-120	001111011001100110000101101010
30	4	218	140	-124	011010000011010011100001111011
30	5	218	141	-128	100001100000100110111011101111
30	6	218	139	-120	000001010011111001011100101110
30	7	218	140	-124	100101001001110101001101100001
30	8	218	139	-120	000101111011111001100100100100
30	9	218	137	-112	110101110000011000010011111001
40	0	390	246	-204	1000101111011100011000101100110101010110
40	1	390	242	-188	1001101110010001011011100110011110100000
40	2	390	244	-196	1100000100111011010000100011100110011010
40	3	390	242	-188	1010011001010101111101111001010011100010
40	4	390	240	-180	1001101010010101011100111011101010100001
40	5	390	245	-200	1100111110111101100001110000111100000001
40	6	390	241	-184	1101110010111011001000000111001001101011
40	7	390	245	-200	1101111000101011100011000001001011101000
40	8	390	240	-180	1000011010010000011111111000011110101001
40	9	390	244	-196	1010100011110100111110101000011011010100
50	0	613	374	-270	00101110001110111100111000101000101001111101100100
50	1	613	373	-266	11000100110110101100111010101100001110010100101000
50	2	613	378	-286	10010001010100111010001110111011000100010010001111
50	3	613	375	-274	10101010001011100100111010000001101001111010001110
50	4	613	372	-262	00100111001010011000100100100010101011111011111001
50	5	613	376	-278	00001101101001100101111000111001011001111001001110
50	6	613	379	-290	10001111101111100010011010000010101000101001010111
50	7	613	375	-274	10101111001110001010011000001100011000101100001111
50	8	613	375	-274	10000100101110010101000101110101011011011001001010
50	9	613	377	-282	00100011100100111110000111111000001111001110010001
60	0	885	533	-362	010010110100111110000000001001111101110011100010101100011001
60	1	885	535	-370	010010000100110010101011011111000011101011000111001100101001
60	2	885	533	-362	011011000101010011001101110000101010001111000000111011110110
60	3	885	534	-366	001101010010101001001110000010100011111111111011010110100000
60	4	885	528	-342	001110110001010010001001110000011011010111001111011010110110
60	5	885	539	-386	010000100011100010011110101111110110011101101100011000000111
60	6	885	529	-346	101011010010010101011101001110100100111111101000010100011100
60	7	885	530	-350	100101101110000111101101111000000111000111110000100000001110
60	8	885	537	-378	100011111111110000100001101111000100001110001110000110101101
60	9	885	529	-346	010100100110100111101111100011000100100011110110000101101100
70	0	1208	720	-464	0101011101110000100010011110101101001001100001111011111100000011011000
70	1	1208	713	-436	1111101011011001011010111010110000001100001011000011001100010011001000
70	2	1208	716	-448	1110001000000101001110111100000110011010011011100001011111010011010110
70	3	1208	711	-428	1000111000000001100110001011100100110001101110011000101111010101111110
70	4	1208	721	-468	0011100111010000100010000101101110101100001000111111101001111110010001
70	5	1208	719	-460	0110001101001100011010000001001011111011111100010110110001100001010101
70	6	1208	719	-460	0011100000000001011111100100100101111011011100000111000111101100011011
70	7	1208	716	-448	0110100001001010111110000110011111000000011111010001001100001111011101
70	8	1208	719	-460	1100111110110111100010011101101010100010011010100000000011011100100111
70	9	1208	717	-452	1011010111110110001010101011010010011001000011001010001111001100001001
80	0	1580	925	-540	01001110001111100001110111000100100101010110010111001000010011100011110110011000
80	1	1580	923	-532	10010111011110000010101001110100001010101101111000101101100010100101010111000101
80	2	1580	926	-544	11100000001010011000010111001111011001101100010101001110000011111100001101101101
80	3	1580	927	-548	01100100101000111101101010101011101001101110000100000010101000010111111100111100
80	4	1580	925	-540	01011000110010100110000110101010100010000101110100110011111010000111110111010101
80	5	1580	927	-548	01001001110111011101010110110001010111100010011110101110111110100000001000001001
80	6	1580	929	-556	11110100010011110011001110110000110101100100100001011111001110110100001011011000
80	7	1580	930	-560	11001001101110100100010111101110010010110010110110101101110110001111000010000010
80	8	1580	929	-556	01010101010000001001111010010100110001000011011001010011111001110111101011111000
80	9	1580	928	-552	01011101011111100101010010010101100011100110101111010000010000010101010011110100
90	0	2003	1175	-694	111010101001010100010010110001001100100010101011101010011110001111100101011000111001100110
90	1	2003	1165	-654	011100001101110001001110001000011100011000110100111011110010101011100010111100011100011001
90	2	2003	1168	-666	111100000011000001101001000111111011110010000110100001001111110010111100000011111100011100
90	3	2003	1164	-650	010101110101001011111101001011100000110100001001001110101110110001001111100000011101000100
90	4	2003	1166	-658	011100100000010111000001110101110111000010000101101011111000010111000101010111101001011010
90	5	2003	1168	-666	001110010110110010011011111100001011001011110001011001100110101101110101000011000100100001
90	6	2003	1165	-654	110100010110001011100110011011110100101100010101011000011001011111110010101101000001101110
90	7	2003	1173	-686	111100011111011011001100101000111010001000110101101011001001001001001001111000100110010100
90	8	2003	1166	-658	100111100101111110011010101101010111101000101110100001110100011110000100001010100000010100
90	9	2003	1166	-658	100000001111101101101010011001010010000110100111000010101100000101111101110111110000110011
100	0	2475	1438	-802	1110010100000011011100000101000001110100001010101111001100111100101011110101001011100111101010001111
100	1	2475	1429	-766	0011111001011111110010111100110100000101101110101001011111000101001110100001111001000011000101000000
100	2	2475	1435	-790	0010011000111011110000011010001001110000111011100111101100010111100100011111100010111001010000001101
100	3	2475	1431	-774	0010010110000111101101011011110001111011100011001011000110101010011010101111010101100000110011000100
100	4	2475	1429	-766	0011011010000111010011000010010111101011110100100100011111000000111000001011000110111010011110100111
100	5	2475	1432	-778	0110001101100011001011000011110110111100000110010011011000111101100010011111010100110000111101000110
100	6	2475	1431	-774	1010110010010000011101001011110100100101001010111100111111101001110001011101000110111010011001100001
100	7	2475	1431	-774	0000100100110101101000110111011010011111001011001100011000001111100000110110111111100111000000001101
100	8	2475	1424	-746	0110101001100110101011000010010011000000100100010110111110100111110001010011110000100101100111110101
100	9	2475	1431	-774	1110110011101110000011011110000110100101010111100011101010100011001110110001000100000011001011100110
110	0	3008	1724	-880	11010011011001001011110110000000011000001000110010010000110010111101100101101100111100010110011001001110111111
110	1	2965	1702	-878	10101110000000001011111101010111100000101100000001100010111010111010111111101100110111000011001010010000011101
110	2	2969	1718	-934	11100111100111101110100110011010000101011111110101001010000111100011010011010001110001001000000100111110000100
110	3	2975	1704	-866	00101100011001100110011010100100000001011100100010000011110100010011110101110001111011001001110001110111111011
110	4	3026	1737	-896	10000111110100010011000011101011000001011011110111100110101000001010110101010100101110010110100100001011101011
110	5	3018	1732	-892	00001111000011010101010011100011011110011010010011010011011101101100001000101110011110010100101011110010000100
110	6	3019	1735	-902	11100010001111010111111011100001111101001000000010000001100100111000110111101001101100110000111011010001100110
110	7	2967	1706	-890	00001000000100100000001111101110011000110100101100011101000101110010011100111001110010101011101100111110001110
110	8	2902	1672	-884	10001010110001001000100110100010001011110000111010011010111000101111100110101100000101100111100000111111010111
110	9	2926	1680	-868	00000101101011001100100000010110001111010110111011100111000001000000111111001110010111001010111101100101101100
120	0	3550	2028	-1012	100110110101000011010011111011111111100001001000011001100001111101001001101011100010001100001000010111110110100010010010
120	1	3570	2037	-1008	000101100010000111111101100001011010111001101111001101000010001111011110001011101110000001111110011000001100001011000110
120	2	3512	2018	-1048	011000011011110110100100001101011011101000101111100000111101101010101000011111100010000110100110000101001011101100110000
120	3	3595	2051	-1014	001110010001010110111010101110011101110101101110101011100101001010110010010001011001000010000110101100101000100110111100
120	4	3584	2045	-1012	000001010111001000101000011000011100111100001000111101101000010001011101101111101101110111010110001001111110010000110001
120	5	3564	2035	-1012	100101000110100001111011110101000011111010111011100111111100111110000100001001000001011101000110111010001100111100001000
120	6	3629	2063	-994	000011100011101101001110101101001010100110010010110110000010001100010010001001111101010111001111001111101001111000100101
120	7	3531	2012	-986	111101011011100001000111001011011110011101100111000110010101000001100101100110011001110100111000010110101110010000110000
120	8	3585	2048	-1022	110010110111110100000100010101101001100010001011000111010100010110110110011110101111110010001101010100011000110011011010
120	9	3550	2023	-992	001101100111001001000111010101110101001100101010001111100111000101001010000100111001100011111110010000110101110000110011
130	0	4214	2389	-1128	0001001011101110011110001011010011010111111110111100100001000100000100001011101010001110001010001100101110110011000010111101100001
130	1	4042	2309	-1152	1101001100011101111011110100101001000001110101110110010111000110100001000001110101111011001100011100111000001000100100010111011100
130	2	4205	2387	-1138	0100010000111000001100000101011000110000110000001101110010101111111110010111010101011010111110010111010110110011001100001110100100
130	3	4241	2401	-1122	1101001000010010011001101111100110001110001011001001110110111001110110011001101010101001100011011001101001100000010110010000111001
130	4	4169	2365	-1122	0010001101011110110101111001001001111011010101100001000110100010010111110000001110100100001011011110000111001101010011110111100010
130	5	4270	2424	-1156	1011000101001001111111001010110101010101101001001100000010011101110000101010011010010100010001011110110000001110001101111111100111
130	6	4148	2353	-1116	1101111001101011011001001111110000111010011011011001001101010000011010101001011011000110101100001010111000110001110000100011110100
130	7	4189	2387	-1170	0101101101011011000010000100011010001111011110011000101100101101010010111101111110000010100111110000100110001110110111000100110011
130	8	4112	2337	-1124	1011110110100110111110101000100001110011100100110001010010100000110001110100111110100100110100110010100010111110001111000001001101
130	9	4296	2431	-1132	1000111001000011010101111110001111000111101001000001001010101110011001010010011011100000101100000111000110111001010010111110111001
140	0	4798	2726	-1308	10011001101111000001101000001011010010001111100011100011011011000110101111000111010010010001010001100011110001111111000000111010101011100110
140	1	4832	2740	-1296	01101100000110110010100010100111100101111110101000001010110110110001111110001001101010100011000101110111001100011011100011100101001010010100
140	2	4824	2724	-1248	00101010101011101001011110000100011110000111011100100011101100001010000100001001110000100111101001110000111110100111101101010001101110011011
140	3	4836	2737	-1276	10011101111010110100111010110101000101011011110101000111110110000001100101000100010101001101101000101011110110110011000001001000101111000101
140	4	4908	2777	-1292	00010111111001111011110101010001000111100100100100100110110000001111111010100010101100110010100100001111011001001101011011000000011010111100
140	5	4862	2751	-1280	01110000000011001110010010011111000110000110111010001111100000011011011000001111010101100101001100101110101000110001010111111011100101111000
140	6	4867	2752	-1274	10100100100011100110110101001110110111111000000010011010110110001110010000111001100101011000110101110011010001011010111010001001001100110110
140	7	4885	2753	-1242	00101100110101000001000001000010111111111000011101110011010011100001001001011011101000100100110011000110111001111010110000100011111111001001
140	8	4863	2757	-1302	11111010000110001011111000001001000011101110111101010110011011001000100110111000010000010011101010101010001100110100001111000111100111110010
140	9	4900	2765	-1260	10101011110011110011110100001000000101001110010010000110100110010101110010110011110110100110101110000110000000111100101100111101101101011000
150	0	5565	3134	-1406	010110010110001000010011100111101001111010101010011000100110111000100011011101010101000110100010111100001010100000111101010111010001001101010010110111
150	1	5612	3181	-1500	100110010101001111100101001000011101101110111101010101011001110001010001101111111001010100011111100111010001000100111001000000010001110000001101000111
150	2	5461	3082	-1406	001101000111001011110111101100011010110000110111111100010010100101110011100110001001000110111000100100101000110000100010000111101101100011010111101110
150	3	5490	3088	-1372	100100011011101110001010001100101001101110110001100111111010010010001110101001110011111000101000110001111100010110111010010000101001000011110101000110
150	4	5625	3159	-1386	011001100011110111110011010100001000100001111101100010000100001110111111111001111101001110011010000110111010000110100100101000101000101001101110110001
150	5	5538	3119	-1400	110110010110001011110100011111000110100011101101010101100000001001000010101011111110101100100100110000111000000001001101110000001110011101110110110011
150	6	5506	3117	-1456	111001011010100010111110001011100001110010011100110100110101110001011111011110010000001000101010111101100101000100011000110100011110011110010101000010
150	7	5545	3125	-1410	010010111111111010100100100100011110110010010111000010001010100100101011000110011101101001110110010011111111101010110001010000010110000101001111010001
150	8	5609	3162	-1430	100000111001000010010110111100111110011110001010010100010101100001110001100010101001110001010000110000100011001101110111101110111110001100110101011001
150	9	5592	3151	-1420	110101110110000101011001011110111001000100101011111101000111110000010001111111111000011001010001110110000010010001111000101110110011000101000100000000