100	2475
1	2	1.000000
1	3	1.000000
2	3	1.000000
2	4	1.000000
3	4	1.000000
2	5	1.000000
3	5	1.000000
2	6	1.000000
5	6	1.000000
1	7	1.000000
4	7	1.000000
2	8	1.000000
3	8	1.000000
4	8	1.000000
5	8	1.000000
6	8	1.000000
7	8	1.000000
1	9	1.000000
2	9	1.000000
3	9	1.000000
4	9	1.000000
7	9	1.000000
8	9	1.000000
2	10	1.000000
3	10	1.000000
8	10	1.000000
9	10	1.000000
2	11	1.000000
6	11	1.000000
7	11	1.000000
8	11	1.000000
9	11	1.000000
10	11	1.000000
1	12	1.000000
2	12	1.000000
3	12	1.000000
5	12	1.000000
8	12	1.000000
9	12	1.000000
11	12	1.000000
3	13	1.000000
4	13	1.000000
8	13	1.000000
9	13	1.000000
10	13	1.000000
11	13	1.000000
12	13	1.000000
2	14	1.000000
4	14	1.000000
5	14	1.000000
8	14	1.000000
10	14	1.000000
11	14	1.000000
12	14	1.000000
3	15	1.000000
4	15	1.000000
5	15	1.000000
10	15	1.000000
13	15	1.000000
14	15	1.000000
3	16	1.000000
8	16	1.000000
9	16	1.000000
10	16	1.000000
11	16	1.000000
13	16	1.000000
15	16	1.000000
4	17	1.000000
6	17	1.000000
9	17	1.000000
10	17	1.000000
11	17	1.000000
14	17	1.000000
16	17	1.000000
1	18	1.000000
3	18	1.000000
4	18	1.000000
5	18	1.000000
6	18	1.000000
8	18	1.000000
9	18	1.000000
12	18	1.000000
13	18	1.000000
16	18	1.000000
17	18	1.000000
1	19	1.000000
2	19	1.000000
4	19	1.000000
8	19	1.000000
10	19	1.000000
13	19	1.000000
1	20	1.000000
2	20	1.000000
5	20	1.000000
6	20	1.000000
10	20	1.000000
11	20	1.000000
12	20	1.000000
13	20	1.000000
3	21	1.000000
7	21	1.000000
8	21	1.000000
9	21	1.000000
11	21	1.000000
12	21	1.000000
13	21	1.000000
15	21	1.000000
16	21	1.000000
17	21	1.000000
18	21	1.000000
20	21	1.000000
1	22	1.000000
2	22	1.000000
4	22	1.000000
6	22	1.000000
7	22	1.000000
8	22	1.000000
9	22	1.000000
11	22	1.000000
13	22	1.000000
14	22	1.000000
21	22	1.000000
2	23	1.000000
7	23	1.000000
10	23	1.000000
12	23	1.000000
14	23	1.000000
16	23	1.000000
17	23	1.000000
19	23	1.000000
20	23	1.000000
21	23	1.000000
8	24	1.000000
9	24	1.000000
10	24	1.000000
17	24	1.000000
19	24	1.000000
20	24	1.000000
21	24	1.000000
23	24	1.000000
2	25	1.000000
3	25	1.000000
4	25	1.000000
5	25	1.000000
7	25	1.000000
8	25	1.000000
9	25	1.000000
12	25	1.000000
15	25	1.000000
18	25	1.000000
19	25	1.000000
21	25	1.000000
22	25	1.000000
23	25	1.000000
24	25	1.000000
2	26	1.000000
3	26	1.000000
6	26	1.000000
7	26	1.000000
8	26	1.000000
9	26	1.000000
11	26	1.000000
12	26	1.000000
14	26	1.000000
15	26	1.000000
19	26	1.000000
20	26	1.000000
22	26	1.000000
23	26	1.000000
25	26	1.000000
2	27	1.000000
3	27	1.000000
4	27	1.000000
5	27	1.000000
7	27	1.000000
9	27	1.000000
10	27	1.000000
13	27	1.000000
15	27	1.000000
16	27	1.000000
17	27	1.000000
21	27	1.000000
22	27	1.000000
23	27	1.000000
26	27	1.000000
1	28	1.000000
2	28	1.000000
5	28	1.000000
6	28	1.000000
7	28	1.000000
10	28	1.000000
11	28	1.000000
14	28	1.000000
15	28	1.000000
17	28	1.000000
21	28	1.000000
22	28	1.000000
23	28	1.000000
25	28	1.000000
26	28	1.000000
27	28	1.000000
1	29	1.000000
2	29	1.000000
3	29	1.000000
4	29	1.000000
6	29	1.000000
8	29	1.000000
9	29	1.000000
10	29	1.000000
11	29	1.000000
12	29	1.000000
13	29	1.000000
14	29	1.000000
15	29	1.000000
20	29	1.000000
22	29	1.000000
23	29	1.000000
24	29	1.000000
25	29	1.000000
26	29	1.000000
28	29	1.000000
2	30	1.000000
3	30	1.000000
4	30	1.000000
7	30	1.000000
8	30	1.000000
9	30	1.000000
10	30	1.000000
11	30	1.000000
14	30	1.000000
15	30	1.000000
20	30	1.000000
26	30	1.000000
28	30	1.000000
1	31	1.000000
4	31	1.000000
5	31	1.000000
6	31	1.000000
7	31	1.000000
8	31	1.000000
10	31	1.000000
11	31	1.000000
14	31	1.000000
15	31	1.000000
16	31	1.000000
19	31	1.000000
20	31	1.000000
21	31	1.000000
22	31	1.000000
23	31	1.000000
25	31	1.000000
29	31	1.000000
1	32	1.000000
3	32	1.000000
4	32	1.000000
6	32	1.000000
7	32	1.000000
10	32	1.000000
12	32	1.000000
13	32	1.000000
14	32	1.000000
19	32	1.000000
21	32	1.000000
25	32	1.000000
26	32	1.000000
27	32	1.000000
29	32	1.000000
2	33	1.000000
3	33	1.000000
4	33	1.000000
6	33	1.000000
8	33	1.000000
9	33	1.000000
11	33	1.000000
12	33	1.000000
13	33	1.000000
15	33	1.000000
16	33	1.000000
17	33	1.000000
22	33	1.000000
23	33	1.000000
24	33	1.000000
26	33	1.000000
28	33	1.000000
29	33	1.000000
30	33	1.000000
32	33	1.000000
1	34	1.000000
2	34	1.000000
4	34	1.000000
7	34	1.000000
8	34	1.000000
9	34	1.000000
14	34	1.000000
18	34	1.000000
19	34	1.000000
21	34	1.000000
23	34	1.000000
24	34	1.000000
29	34	1.000000
31	34	1.000000
33	34	1.000000
1	35	1.000000
4	35	1.000000
7	35	1.000000
9	35	1.000000
10	35	1.000000
11	35	1.000000
12	35	1.000000
13	35	1.000000
16	35	1.000000
18	35	1.000000
20	35	1.000000
21	35	1.000000
23	35	1.000000
24	35	1.000000
26	35	1.000000
31	35	1.000000
33	35	1.000000
2	36	1.000000
4	36	1.000000
6	36	1.000000
7	36	1.000000
8	36	1.000000
10	36	1.000000
12	36	1.000000
21	36	1.000000
22	36	1.000000
25	36	1.000000
26	36	1.000000
27	36	1.000000
30	36	1.000000
31	36	1.000000
32	36	1.000000
33	36	1.000000
34	36	1.000000
35	36	1.000000
4	37	1.000000
6	37	1.000000
11	37	1.000000
12	37	1.000000
14	37	1.000000
15	37	1.000000
16	37	1.000000
18	37	1.000000
20	37	1.000000
21	37	1.000000
25	37	1.000000
26	37	1.000000
27	37	1.000000
29	37	1.000000
30	37	1.000000
32	37	1.000000
33	37	1.000000
34	37	1.000000
35	37	1.000000
36	37	1.000000
1	38	1.000000
7	38	1.000000
8	38	1.000000
9	38	1.000000
10	38	1.000000
14	38	1.000000
18	38	1.000000
20	38	1.000000
22	38	1.000000
23	38	1.000000
24	38	1.000000
25	38	1.000000
26	38	1.000000
28	38	1.000000
30	38	1.000000
36	38	1.000000
1	39	1.000000
4	39	1.000000
13	39	1.000000
15	39	1.000000
16	39	1.000000
19	39	1.000000
22	39	1.000000
23	39	1.000000
24	39	1.000000
26	39	1.000000
30	39	1.000000
31	39	1.000000
33	39	1.000000
34	39	1.000000
36	39	1.000000
37	39	1.000000
38	39	1.000000
1	40	1.000000
6	40	1.000000
10	40	1.000000
11	40	1.000000
12	40	1.000000
13	40	1.000000
14	40	1.000000
17	40	1.000000
18	40	1.000000
19	40	1.000000
21	40	1.000000
22	40	1.000000
23	40	1.000000
25	40	1.000000
26	40	1.000000
29	40	1.000000
31	40	1.000000
32	40	1.000000
33	40	1.000000
35	40	1.000000
37	40	1.000000
1	41	1.000000
2	41	1.000000
3	41	1.000000
4	41	1.000000
6	41	1.000000
14	41	1.000000
16	41	1.000000
18	41	1.000000
21	41	1.000000
26	41	1.000000
29	41	1.000000
30	41	1.000000
32	41	1.000000
33	41	1.000000
34	41	1.000000
36	41	1.000000
37	41	1.000000
38	41	1.000000
39	41	1.000000
1	42	1.000000
3	42	1.000000
4	42	1.000000
5	42	1.000000
8	42	1.000000
14	42	1.000000
15	42	1.000000
18	42	1.000000
19	42	1.000000
20	42	1.000000
21	42	1.000000
22	42	1.000000
23	42	1.000000
24	42	1.000000
25	42	1.000000
26	42	1.000000
27	42	1.000000
31	42	1.000000
32	42	1.000000
33	42	1.000000
34	42	1.000000
35	42	1.000000
37	42	1.000000
39	42	1.000000
40	42	1.000000
2	43	1.000000
3	43	1.000000
4	43	1.000000
8	43	1.000000
9	43	1.000000
13	43	1.000000
14	43	1.000000
16	43	1.000000
17	43	1.000000
18	43	1.000000
19	43	1.000000
20	43	1.000000
21	43	1.000000
24	43	1.000000
26	43	1.000000
27	43	1.000000
28	43	1.000000
29	43	1.000000
30	43	1.000000
31	43	1.000000
34	43	1.000000
36	43	1.000000
40	43	1.000000
41	43	1.000000
1	44	1.000000
2	44	1.000000
3	44	1.000000
6	44	1.000000
8	44	1.000000
9	44	1.000000
10	44	1.000000
12	44	1.000000
13	44	1.000000
14	44	1.000000
15	44	1.000000
17	44	1.000000
22	44	1.000000
24	44	1.000000
25	44	1.000000
26	44	1.000000
29	44	1.000000
30	44	1.000000
31	44	1.000000
34	44	1.000000
35	44	1.000000
39	44	1.000000
41	44	1.000000
42	44	1.000000
1	45	1.000000
2	45	1.000000
4	45	1.000000
9	45	1.000000
12	45	1.000000
13	45	1.000000
14	45	1.000000
17	45	1.000000
24	45	1.000000
33	45	1.000000
38	45	1.000000
39	45	1.000000
43	45	1.000000
2	46	1.000000
3	46	1.000000
4	46	1.000000
5	46	1.000000
6	46	1.000000
9	46	1.000000
11	46	1.000000
12	46	1.000000
13	46	1.000000
17	46	1.000000
18	46	1.000000
19	46	1.000000
21	46	1.000000
23	46	1.000000
26	46	1.000000
30	46	1.000000
31	46	1.000000
32	46	1.000000
33	46	1.000000
35	46	1.000000
36	46	1.000000
37	46	1.000000
38	46	1.000000
40	46	1.000000
43	46	1.000000
3	47	1.000000
5	47	1.000000
6	47	1.000000
8	47	1.000000
9	47	1.000000
15	47	1.000000
17	47	1.000000
18	47	1.000000
22	47	1.000000
23	47	1.000000
24	47	1.000000
26	47	1.000000
27	47	1.000000
28	47	1.000000
35	47	1.000000
40	47	1.000000
43	47	1.000000
44	47	1.000000
45	47	1.000000
1	48	1.000000
2	48	1.000000
4	48	1.000000
8	48	1.000000
9	48	1.000000
15	48	1.000000
16	48	1.000000
17	48	1.000000
18	48	1.000000
19	48	1.000000
22	48	1.000000
26	48	1.000000
28	48	1.000000
30	48	1.000000
34	48	1.000000
35	48	1.000000
36	48	1.000000
37	48	1.000000
40	48	1.000000
41	48	1.000000
2	49	1.000000
3	49	1.000000
5	49	1.000000
6	49	1.000000
7	49	1.000000
13	49	1.000000
14	49	1.000000
17	49	1.000000
18	49	1.000000
19	49	1.000000
28	49	1.000000
30	49	1.000000
31	49	1.000000
33	49	1.000000
36	49	1.000000
39	49	1.000000
40	49	1.000000
41	49	1.000000
42	49	1.000000
43	49	1.000000
44	49	1.000000
46	49	1.000000
48	49	1.000000
1	50	1.000000
2	50	1.000000
6	50	1.000000
7	50	1.000000
9	50	1.000000
10	50	1.000000
13	50	1.000000
15	50	1.000000
17	50	1.000000
22	50	1.000000
24	50	1.000000
25	50	1.000000
26	50	1.000000
30	50	1.000000
32	50	1.000000
33	50	1.000000
37	50	1.000000
39	50	1.000000
41	50	1.000000
43	50	1.000000
45	50	1.000000
46	50	1.000000
47	50	1.000000
48	50	1.000000
49	50	1.000000
2	51	1.000000
4	51	1.000000
7	51	1.000000
12	51	1.000000
15	51	1.000000
19	51	1.000000
20	51	1.000000
21	51	1.000000
25	51	1.000000
26	51	1.000000
31	51	1.000000
32	51	1.000000
33	51	1.000000
35	51	1.000000
38	51	1.000000
39	51	1.000000
41	51	1.000000
42	51	1.000000
44	51	1.000000
45	51	1.000000
47	51	1.000000
50	51	1.000000
1	52	1.000000
2	52	1.000000
4	52	1.000000
5	52	1.000000
6	52	1.000000
7	52	1.000000
9	52	1.000000
10	52	1.000000
12	52	1.000000
17	52	1.000000
19	52	1.000000
20	52	1.000000
26	52	1.000000
27	52	1.000000
30	52	1.000000
31	52	1.000000
32	52	1.000000
33	52	1.000000
35	52	1.000000
38	52	1.000000
39	52	1.000000
40	52	1.000000
41	52	1.000000
43	52	1.000000
46	52	1.000000
47	52	1.000000
48	52	1.000000
49	52	1.000000
50	52	1.000000
3	53	1.000000
6	53	1.000000
9	53	1.000000
13	53	1.000000
14	53	1.000000
15	53	1.000000
18	53	1.000000
24	53	1.000000
25	53	1.000000
27	53	1.000000
29	53	1.000000
31	53	1.000000
33	53	1.000000
36	53	1.000000
37	53	1.000000
38	53	1.000000
39	53	1.000000
40	53	1.000000
41	53	1.000000
42	53	1.000000
44	53	1.000000
48	53	1.000000
50	53	1.000000
51	53	1.000000
3	54	1.000000
4	54	1.000000
6	54	1.000000
8	54	1.000000
9	54	1.000000
11	54	1.000000
14	54	1.000000
15	54	1.000000
16	54	1.000000
19	54	1.000000
20	54	1.000000
22	54	1.000000
25	54	1.000000
28	54	1.000000
30	54	1.000000
31	54	1.000000
34	54	1.000000
35	54	1.000000
37	54	1.000000
38	54	1.000000
39	54	1.000000
40	54	1.000000
43	54	1.000000
45	54	1.000000
46	54	1.000000
50	54	1.000000
51	54	1.000000
2	55	1.000000
3	55	1.000000
6	55	1.000000
8	55	1.000000
9	55	1.000000
11	55	1.000000
15	55	1.000000
16	55	1.000000
17	55	1.000000
20	55	1.000000
22	55	1.000000
25	55	1.000000
26	55	1.000000
28	55	1.000000
29	55	1.000000
31	55	1.000000
33	55	1.000000
34	55	1.000000
35	55	1.000000
37	55	1.000000
38	55	1.000000
41	55	1.000000
43	55	1.000000
46	55	1.000000
52	55	1.000000
54	55	1.000000
1	56	1.000000
3	56	1.000000
4	56	1.000000
5	56	1.000000
10	56	1.000000
12	56	1.000000
20	56	1.000000
21	56	1.000000
22	56	1.000000
23	56	1.000000
24	56	1.000000
37	56	1.000000
39	56	1.000000
41	56	1.000000
43	56	1.000000
44	56	1.000000
50	56	1.000000
52	56	1.000000
54	56	1.000000
55	56	1.000000
1	57	1.000000
7	57	1.000000
9	57	1.000000
10	57	1.000000
15	57	1.000000
22	57	1.000000
23	57	1.000000
24	57	1.000000
26	57	1.000000
27	57	1.000000
28	57	1.000000
30	57	1.000000
31	57	1.000000
32	57	1.000000
33	57	1.000000
37	57	1.000000
38	57	1.000000
39	57	1.000000
40	57	1.000000
41	57	1.000000
42	57	1.000000
43	57	1.000000
45	57	1.000000
46	57	1.000000
48	57	1.000000
49	57	1.000000
52	57	1.000000
53	57	1.000000
55	57	1.000000
3	58	1.000000
6	58	1.000000
8	58	1.000000
9	58	1.000000
10	58	1.000000
12	58	1.000000
16	58	1.000000
18	58	1.000000
20	58	1.000000
22	58	1.000000
25	58	1.000000
30	58	1.000000
31	58	1.000000
33	58	1.000000
34	58	1.000000
35	58	1.000000
36	58	1.000000
38	58	1.000000
41	58	1.000000
44	58	1.000000
49	58	1.000000
51	58	1.000000
54	58	1.000000
55	58	1.000000
57	58	1.000000
2	59	1.000000
3	59	1.000000
4	59	1.000000
5	59	1.000000
7	59	1.000000
8	59	1.000000
10	59	1.000000
12	59	1.000000
14	59	1.000000
15	59	1.000000
20	59	1.000000
23	59	1.000000
24	59	1.000000
25	59	1.000000
26	59	1.000000
30	59	1.000000
32	59	1.000000
33	59	1.000000
34	59	1.000000
36	59	1.000000
39	59	1.000000
41	59	1.000000
42	59	1.000000
43	59	1.000000
44	59	1.000000
48	59	1.000000
49	59	1.000000
50	59	1.000000
54	59	1.000000
57	59	1.000000
58	59	1.000000
3	60	1.000000
4	60	1.000000
5	60	1.000000
6	60	1.000000
7	60	1.000000
8	60	1.000000
9	60	1.000000
10	60	1.000000
14	60	1.000000
16	60	1.000000
17	60	1.000000
21	60	1.000000
22	60	1.000000
24	60	1.000000
26	60	1.000000
27	60	1.000000
32	60	1.000000
34	60	1.000000
37	60	1.000000
39	60	1.000000
40	60	1.000000
41	60	1.000000
44	60	1.000000
45	60	1.000000
47	60	1.000000
48	60	1.000000
49	60	1.000000
51	60	1.000000
53	60	1.000000
55	60	1.000000
56	60	1.000000
57	60	1.000000
2	61	1.000000
4	61	1.000000
12	61	1.000000
13	61	1.000000
17	61	1.000000
19	61	1.000000
23	61	1.000000
31	61	1.000000
32	61	1.000000
38	61	1.000000
41	61	1.000000
44	61	1.000000
45	61	1.000000
46	61	1.000000
47	61	1.000000
48	61	1.000000
49	61	1.000000
50	61	1.000000
51	61	1.000000
53	61	1.000000
57	61	1.000000
58	61	1.000000
2	62	1.000000
3	62	1.000000
5	62	1.000000
6	62	1.000000
9	62	1.000000
12	62	1.000000
13	62	1.000000
14	62	1.000000
16	62	1.000000
17	62	1.000000
19	62	1.000000
21	62	1.000000
27	62	1.000000
29	62	1.000000
30	62	1.000000
33	62	1.000000
34	62	1.000000
35	62	1.000000
36	62	1.000000
39	62	1.000000
40	62	1.000000
41	62	1.000000
42	62	1.000000
43	62	1.000000
46	62	1.000000
49	62	1.000000
50	62	1.000000
54	62	1.000000
55	62	1.000000
57	62	1.000000
1	63	1.000000
3	63	1.000000
4	63	1.000000
6	63	1.000000
7	63	1.000000
9	63	1.000000
11	63	1.000000
14	63	1.000000
15	63	1.000000
18	63	1.000000
19	63	1.000000
20	63	1.000000
21	63	1.000000
27	63	1.000000
29	63	1.000000
37	63	1.000000
38	63	1.000000
40	63	1.000000
43	63	1.000000
46	63	1.000000
47	63	1.000000
52	63	1.000000
54	63	1.000000
55	63	1.000000
61	63	1.000000
62	63	1.000000
3	64	1.000000
4	64	1.000000
8	64	1.000000
9	64	1.000000
14	64	1.000000
15	64	1.000000
16	64	1.000000
20	64	1.000000
26	64	1.000000
28	64	1.000000
29	64	1.000000
30	64	1.000000
34	64	1.000000
35	64	1.000000
36	64	1.000000
37	64	1.000000
39	64	1.000000
41	64	1.000000
42	64	1.000000
43	64	1.000000
44	64	1.000000
46	64	1.000000
47	64	1.000000
48	64	1.000000
49	64	1.000000
53	64	1.000000
54	64	1.000000
55	64	1.000000
56	64	1.000000
57	64	1.000000
58	64	1.000000
59	64	1.000000
62	64	1.000000
63	64	1.000000
4	65	1.000000
6	65	1.000000
7	65	1.000000
9	65	1.000000
10	65	1.000000
15	65	1.000000
16	65	1.000000
19	65	1.000000
24	65	1.000000
27	65	1.000000
28	65	1.000000
30	65	1.000000
31	65	1.000000
34	65	1.000000
36	65	1.000000
38	65	1.000000
45	65	1.000000
47	65	1.000000
51	65	1.000000
52	65	1.000000
54	65	1.000000
55	65	1.000000
57	65	1.000000
58	65	1.000000
63	65	1.000000
64	65	1.000000
2	66	1.000000
9	66	1.000000
10	66	1.000000
12	66	1.000000
13	66	1.000000
14	66	1.000000
17	66	1.000000
18	66	1.000000
19	66	1.000000
20	66	1.000000
21	66	1.000000
22	66	1.000000
24	66	1.000000
25	66	1.000000
27	66	1.000000
31	66	1.000000
32	66	1.000000
33	66	1.000000
34	66	1.000000
37	66	1.000000
38	66	1.000000
39	66	1.000000
43	66	1.000000
44	66	1.000000
46	66	1.000000
47	66	1.000000
48	66	1.000000
49	66	1.000000
50	66	1.000000
51	66	1.000000
55	66	1.000000
56	66	1.000000
58	66	1.000000
59	66	1.000000
60	66	1.000000
61	66	1.000000
63	66	1.000000
64	66	1.000000
65	66	1.000000
2	67	1.000000
3	67	1.000000
4	67	1.000000
5	67	1.000000
6	67	1.000000
8	67	1.000000
9	67	1.000000
11	67	1.000000
12	67	1.000000
14	67	1.000000
15	67	1.000000
16	67	1.000000
17	67	1.000000
18	67	1.000000
19	67	1.000000
20	67	1.000000
21	67	1.000000
23	67	1.000000
28	67	1.000000
35	67	1.000000
37	67	1.000000
38	67	1.000000
42	67	1.000000
43	67	1.000000
44	67	1.000000
47	67	1.000000
50	67	1.000000
55	67	1.000000
56	67	1.000000
60	67	1.000000
62	67	1.000000
64	67	1.000000
1	68	1.000000
2	68	1.000000
3	68	1.000000
4	68	1.000000
5	68	1.000000
6	68	1.000000
8	68	1.000000
9	68	1.000000
12	68	1.000000
15	68	1.000000
17	68	1.000000
22	68	1.000000
25	68	1.000000
28	68	1.000000
32	68	1.000000
35	68	1.000000
36	68	1.000000
37	68	1.000000
38	68	1.000000
39	68	1.000000
41	68	1.000000
42	68	1.000000
43	68	1.000000
44	68	1.000000
45	68	1.000000
46	68	1.000000
47	68	1.000000
48	68	1.000000
49	68	1.000000
50	68	1.000000
52	68	1.000000
54	68	1.000000
57	68	1.000000
59	68	1.000000
61	68	1.000000
64	68	1.000000
3	69	1.000000
4	69	1.000000
6	69	1.000000
7	69	1.000000
8	69	1.000000
10	69	1.000000
12	69	1.000000
13	69	1.000000
18	69	1.000000
19	69	1.000000
20	69	1.000000
22	69	1.000000
32	69	1.000000
35	69	1.000000
36	69	1.000000
37	69	1.000000
38	69	1.000000
41	69	1.000000
42	69	1.000000
43	69	1.000000
44	69	1.000000
46	69	1.000000
48	69	1.000000
49	69	1.000000
50	69	1.000000
52	69	1.000000
53	69	1.000000
55	69	1.000000
58	69	1.000000
61	69	1.000000
66	69	1.000000
68	69	1.000000
1	70	1.000000
2	70	1.000000
3	70	1.000000
6	70	1.000000
7	70	1.000000
13	70	1.000000
17	70	1.000000
19	70	1.000000
22	70	1.000000
23	70	1.000000
24	70	1.000000
26	70	1.000000
27	70	1.000000
30	70	1.000000
31	70	1.000000
33	70	1.000000
37	70	1.000000
38	70	1.000000
39	70	1.000000
40	70	1.000000
41	70	1.000000
42	70	1.000000
45	70	1.000000
49	70	1.000000
50	70	1.000000
51	70	1.000000
60	70	1.000000
62	70	1.000000
66	70	1.000000
67	70	1.000000
68	70	1.000000
1	71	1.000000
4	71	1.000000
7	71	1.000000
11	71	1.000000
16	71	1.000000
17	71	1.000000
20	71	1.000000
22	71	1.000000
25	71	1.000000
28	71	1.000000
29	71	1.000000
31	71	1.000000
32	71	1.000000
34	71	1.000000
35	71	1.000000
39	71	1.000000
43	71	1.000000
45	71	1.000000
48	71	1.000000
56	71	1.000000
58	71	1.000000
62	71	1.000000
68	71	1.000000
70	71	1.000000
1	72	1.000000
5	72	1.000000
6	72	1.000000
7	72	1.000000
9	72	1.000000
10	72	1.000000
13	72	1.000000
17	72	1.000000
19	72	1.000000
20	72	1.000000
22	72	1.000000
25	72	1.000000
27	72	1.000000
28	72	1.000000
29	72	1.000000
30	72	1.000000
33	72	1.000000
34	72	1.000000
36	72	1.000000
37	72	1.000000
38	72	1.000000
39	72	1.000000
41	72	1.000000
45	72	1.000000
46	72	1.000000
49	72	1.000000
51	72	1.000000
55	72	1.000000
57	72	1.000000
59	72	1.000000
61	72	1.000000
66	72	1.000000
67	72	1.000000
69	72	1.000000
2	73	1.000000
4	73	1.000000
5	73	1.000000
6	73	1.000000
7	73	1.000000
11	73	1.000000
15	73	1.000000
17	73	1.000000
18	73	1.000000
21	73	1.000000
23	73	1.000000
24	73	1.000000
25	73	1.000000
31	73	1.000000
32	73	1.000000
35	73	1.000000
36	73	1.000000
40	73	1.000000
42	73	1.000000
43	73	1.000000
47	73	1.000000
49	73	1.000000
57	73	1.000000
62	73	1.000000
64	73	1.000000
67	73	1.000000
68	73	1.000000
69	73	1.000000
70	73	1.000000
71	73	1.000000
5	74	1.000000
6	74	1.000000
9	74	1.000000
12	74	1.000000
13	74	1.000000
17	74	1.000000
19	74	1.000000
27	74	1.000000
28	74	1.000000
30	74	1.000000
32	74	1.000000
34	74	1.000000
38	74	1.000000
40	74	1.000000
41	74	1.000000
42	74	1.000000
43	74	1.000000
46	74	1.000000
47	74	1.000000
50	74	1.000000
51	74	1.000000
53	74	1.000000
55	74	1.000000
56	74	1.000000
57	74	1.000000
58	74	1.000000
62	74	1.000000
64	74	1.000000
65	74	1.000000
66	74	1.000000
67	74	1.000000
68	74	1.000000
70	74	1.000000
2	75	1.000000
3	75	1.000000
4	75	1.000000
5	75	1.000000
7	75	1.000000
9	75	1.000000
10	75	1.000000
11	75	1.000000
12	75	1.000000
13	75	1.000000
14	75	1.000000
16	75	1.000000
17	75	1.000000
18	75	1.000000
21	75	1.000000
22	75	1.000000
24	75	1.000000
25	75	1.000000
26	75	1.000000
28	75	1.000000
32	75	1.000000
40	75	1.000000
43	75	1.000000
45	75	1.000000
46	75	1.000000
51	75	1.000000
52	75	1.000000
53	75	1.000000
54	75	1.000000
60	75	1.000000
64	75	1.000000
65	75	1.000000
66	75	1.000000
72	75	1.000000
74	75	1.000000
1	76	1.000000
3	76	1.000000
4	76	1.000000
5	76	1.000000
10	76	1.000000
11	76	1.000000
15	76	1.000000
16	76	1.000000
21	76	1.000000
23	76	1.000000
25	76	1.000000
27	76	1.000000
31	76	1.000000
33	76	1.000000
34	76	1.000000
36	76	1.000000
38	76	1.000000
39	76	1.000000
42	76	1.000000
43	76	1.000000
48	76	1.000000
49	76	1.000000
50	76	1.000000
52	76	1.000000
53	76	1.000000
56	76	1.000000
58	76	1.000000
60	76	1.000000
61	76	1.000000
65	76	1.000000
67	76	1.000000
68	76	1.000000
70	76	1.000000
3	77	1.000000
6	77	1.000000
8	77	1.000000
9	77	1.000000
10	77	1.000000
13	77	1.000000
14	77	1.000000
16	77	1.000000
19	77	1.000000
20	77	1.000000
22	77	1.000000
23	77	1.000000
24	77	1.000000
25	77	1.000000
26	77	1.000000
27	77	1.000000
31	77	1.000000
33	77	1.000000
36	77	1.000000
37	77	1.000000
40	77	1.000000
41	77	1.000000
42	77	1.000000
44	77	1.000000
45	77	1.000000
47	77	1.000000
48	77	1.000000
49	77	1.000000
51	77	1.000000
53	77	1.000000
54	77	1.000000
58	77	1.000000
59	77	1.000000
64	77	1.000000
65	77	1.000000
69	77	1.000000
71	77	1.000000
72	77	1.000000
74	77	1.000000
75	77	1.000000
2	78	1.000000
3	78	1.000000
4	78	1.000000
6	78	1.000000
7	78	1.000000
10	78	1.000000
11	78	1.000000
12	78	1.000000
13	78	1.000000
18	78	1.000000
19	78	1.000000
20	78	1.000000
21	78	1.000000
25	78	1.000000
27	78	1.000000
29	78	1.000000
32	78	1.000000
34	78	1.000000
35	78	1.000000
36	78	1.000000
42	78	1.000000
43	78	1.000000
45	78	1.000000
47	78	1.000000
48	78	1.000000
51	78	1.000000
52	78	1.000000
53	78	1.000000
55	78	1.000000
57	78	1.000000
59	78	1.000000
61	78	1.000000
62	78	1.000000
63	78	1.000000
64	78	1.000000
66	78	1.000000
68	78	1.000000
69	78	1.000000
71	78	1.000000
72	78	1.000000
76	78	1.000000
77	78	1.000000
2	79	1.000000
3	79	1.000000
6	79	1.000000
7	79	1.000000
11	79	1.000000
12	79	1.000000
13	79	1.000000
14	79	1.000000
16	79	1.000000
17	79	1.000000
18	79	1.000000
21	79	1.000000
23	79	1.000000
24	79	1.000000
25	79	1.000000
27	79	1.000000
28	79	1.000000
30	79	1.000000
32	79	1.000000
35	79	1.000000
39	79	1.000000
40	79	1.000000
41	79	1.000000
43	79	1.000000
44	79	1.000000
48	79	1.000000
49	79	1.000000
51	79	1.000000
52	79	1.000000
54	79	1.000000
55	79	1.000000
56	79	1.000000
57	79	1.000000
58	79	1.000000
59	79	1.000000
63	79	1.000000
64	79	1.000000
66	79	1.000000
67	79	1.000000
69	79	1.000000
70	79	1.000000
76	79	1.000000
77	79	1.000000
78	79	1.000000
5	80	1.000000
6	80	1.000000
7	80	1.000000
8	80	1.000000
9	80	1.000000
11	80	1.000000
12	80	1.000000
13	80	1.000000
14	80	1.000000
16	80	1.000000
17	80	1.000000
18	80	1.000000
19	80	1.000000
20	80	1.000000
21	80	1.000000
22	80	1.000000
24	80	1.000000
25	80	1.000000
26	80	1.000000
28	80	1.000000
30	80	1.000000
31	80	1.000000
32	80	1.000000
33	80	1.000000
36	80	1.000000
37	80	1.000000
38	80	1.000000
39	80	1.000000
41	80	1.000000
42	80	1.000000
43	80	1.000000
44	80	1.000000
47	80	1.000000
50	80	1.000000
53	80	1.000000
54	80	1.000000
59	80	1.000000
60	80	1.000000
61	80	1.000000
62	80	1.000000
63	80	1.000000
64	80	1.000000
65	80	1.000000
68	80	1.000000
72	80	1.000000
73	80	1.000000
74	80	1.000000
76	80	1.000000
77	80	1.000000
79	80	1.000000
2	81	1.000000
3	81	1.000000
6	81	1.000000
7	81	1.000000
9	81	1.000000
11	81	1.000000
15	81	1.000000
19	81	1.000000
20	81	1.000000
22	81	1.000000
23	81	1.000000
25	81	1.000000
26	81	1.000000
27	81	1.000000
30	81	1.000000
32	81	1.000000
34	81	1.000000
36	81	1.000000
37	81	1.000000
38	81	1.000000
40	81	1.000000
43	81	1.000000
44	81	1.000000
45	81	1.000000
47	81	1.000000
52	81	1.000000
53	81	1.000000
54	81	1.000000
59	81	1.000000
60	81	1.000000
61	81	1.000000
65	81	1.000000
67	81	1.000000
69	81	1.000000
70	81	1.000000
71	81	1.000000
73	81	1.000000
77	81	1.000000
80	81	1.000000
2	82	1.000000
4	82	1.000000
5	82	1.000000
6	82	1.000000
9	82	1.000000
11	82	1.000000
13	82	1.000000
14	82	1.000000
15	82	1.000000
17	82	1.000000
18	82	1.000000
20	82	1.000000
21	82	1.000000
23	82	1.000000
25	82	1.000000
26	82	1.000000
29	82	1.000000
33	82	1.000000
38	82	1.000000
39	82	1.000000
44	82	1.000000
46	82	1.000000
48	82	1.000000
49	82	1.000000
50	82	1.000000
51	82	1.000000
52	82	1.000000
55	82	1.000000
57	82	1.000000
59	82	1.000000
60	82	1.000000
61	82	1.000000
62	82	1.000000
65	82	1.000000
66	82	1.000000
69	82	1.000000
70	82	1.000000
71	82	1.000000
72	82	1.000000
73	82	1.000000
76	82	1.000000
77	82	1.000000
79	82	1.000000
2	83	1.000000
4	83	1.000000
8	83	1.000000
9	83	1.000000
11	83	1.000000
13	83	1.000000
15	83	1.000000
16	83	1.000000
17	83	1.000000
18	83	1.000000
21	83	1.000000
22	83	1.000000
23	83	1.000000
24	83	1.000000
26	83	1.000000
29	83	1.000000
30	83	1.000000
31	83	1.000000
34	83	1.000000
36	83	1.000000
38	83	1.000000
39	83	1.000000
40	83	1.000000
41	83	1.000000
42	83	1.000000
43	83	1.000000
45	83	1.000000
47	83	1.000000
48	83	1.000000
50	83	1.000000
52	83	1.000000
53	83	1.000000
55	83	1.000000
56	83	1.000000
57	83	1.000000
59	83	1.000000
60	83	1.000000
63	83	1.000000
65	83	1.000000
68	83	1.000000
69	83	1.000000
70	83	1.000000
72	83	1.000000
74	83	1.000000
75	83	1.000000
79	83	1.000000
81	83	1.000000
82	83	1.000000
3	84	1.000000
4	84	1.000000
5	84	1.000000
6	84	1.000000
7	84	1.000000
11	84	1.000000
14	84	1.000000
16	84	1.000000
17	84	1.000000
19	84	1.000000
20	84	1.000000
22	84	1.000000
26	84	1.000000
27	84	1.000000
28	84	1.000000
30	84	1.000000
33	84	1.000000
34	84	1.000000
35	84	1.000000
36	84	1.000000
38	84	1.000000
39	84	1.000000
40	84	1.000000
41	84	1.000000
45	84	1.000000
48	84	1.000000
50	84	1.000000
51	84	1.000000
52	84	1.000000
54	84	1.000000
58	84	1.000000
59	84	1.000000
60	84	1.000000
61	84	1.000000
63	84	1.000000
66	84	1.000000
69	84	1.000000
71	84	1.000000
73	84	1.000000
76	84	1.000000
78	84	1.000000
81	84	1.000000
82	84	1.000000
83	84	1.000000
2	85	1.000000
3	85	1.000000
5	85	1.000000
6	85	1.000000
7	85	1.000000
11	85	1.000000
12	85	1.000000
15	85	1.000000
16	85	1.000000
18	85	1.000000
20	85	1.000000
21	85	1.000000
22	85	1.000000
24	85	1.000000
25	85	1.000000
27	85	1.000000
29	85	1.000000
30	85	1.000000
35	85	1.000000
36	85	1.000000
37	85	1.000000
41	85	1.000000
44	85	1.000000
46	85	1.000000
48	85	1.000000
51	85	1.000000
53	85	1.000000
54	85	1.000000
55	85	1.000000
56	85	1.000000
57	85	1.000000
61	85	1.000000
62	85	1.000000
63	85	1.000000
66	85	1.000000
67	85	1.000000
69	85	1.000000
70	85	1.000000
73	85	1.000000
74	85	1.000000
76	85	1.000000
78	85	1.000000
79	85	1.000000
84	85	1.000000
2	86	1.000000
3	86	1.000000
4	86	1.000000
6	86	1.000000
8	86	1.000000
9	86	1.000000
12	86	1.000000
13	86	1.000000
15	86	1.000000
18	86	1.000000
21	86	1.000000
24	86	1.000000
25	86	1.000000
26	86	1.000000
29	86	1.000000
30	86	1.000000
32	86	1.000000
33	86	1.000000
34	86	1.000000
35	86	1.000000
39	86	1.000000
42	86	1.000000
44	86	1.000000
45	86	1.000000
46	86	1.000000
48	86	1.000000
49	86	1.000000
52	86	1.000000
56	86	1.000000
60	86	1.000000
65	86	1.000000
68	86	1.000000
72	86	1.000000
73	86	1.000000
75	86	1.000000
76	86	1.000000
1	87	1.000000
2	87	1.000000
8	87	1.000000
9	87	1.000000
11	87	1.000000
12	87	1.000000
13	87	1.000000
14	87	1.000000
17	87	1.000000
18	87	1.000000
20	87	1.000000
24	87	1.000000
26	87	1.000000
27	87	1.000000
30	87	1.000000
35	87	1.000000
37	87	1.000000
38	87	1.000000
39	87	1.000000
43	87	1.000000
46	87	1.000000
47	87	1.000000
49	87	1.000000
50	87	1.000000
52	87	1.000000
56	87	1.000000
57	87	1.000000
59	87	1.000000
60	87	1.000000
61	87	1.000000
64	87	1.000000
69	87	1.000000
73	87	1.000000
74	87	1.000000
76	87	1.000000
77	87	1.000000
78	87	1.000000
79	87	1.000000
80	87	1.000000
81	87	1.000000
83	87	1.000000
6	88	1.000000
8	88	1.000000
9	88	1.000000
14	88	1.000000
15	88	1.000000
17	88	1.000000
18	88	1.000000
19	88	1.000000
22	88	1.000000
23	88	1.000000
26	88	1.000000
27	88	1.000000
29	88	1.000000
32	88	1.000000
33	88	1.000000
34	88	1.000000
35	88	1.000000
36	88	1.000000
41	88	1.000000
42	88	1.000000
45	88	1.000000
46	88	1.000000
49	88	1.000000
50	88	1.000000
52	88	1.000000
56	88	1.000000
57	88	1.000000
59	88	1.000000
60	88	1.000000
64	88	1.000000
68	88	1.000000
69	88	1.000000
73	88	1.000000
74	88	1.000000
75	88	1.000000
77	88	1.000000
78	88	1.000000
80	88	1.000000
86	88	1.000000
1	89	1.000000
2	89	1.000000
11	89	1.000000
12	89	1.000000
15	89	1.000000
16	89	1.000000
17	89	1.000000
18	89	1.000000
21	89	1.000000
23	89	1.000000
26	89	1.000000
27	89	1.000000
29	89	1.000000
32	89	1.000000
34	89	1.000000
35	89	1.000000
36	89	1.000000
38	89	1.000000
39	89	1.000000
40	89	1.000000
42	89	1.000000
43	89	1.000000
46	89	1.000000
47	89	1.000000
49	89	1.000000
50	89	1.000000
51	89	1.000000
53	89	1.000000
54	89	1.000000
55	89	1.000000
56	89	1.000000
59	89	1.000000
61	89	1.000000
62	89	1.000000
64	89	1.000000
66	89	1.000000
67	89	1.000000
70	89	1.000000
71	89	1.000000
72	89	1.000000
73	89	1.000000
75	89	1.000000
76	89	1.000000
77	89	1.000000
79	89	1.000000
80	89	1.000000
81	89	1.000000
82	89	1.000000
83	89	1.000000
85	89	1.000000
86	89	1.000000
87	89	1.000000
88	89	1.000000
1	90	1.000000
2	90	1.000000
3	90	1.000000
5	90	1.000000
7	90	1.000000
13	90	1.000000
15	90	1.000000
18	90	1.000000
19	90	1.000000
21	90	1.000000
22	90	1.000000
23	90	1.000000
25	90	1.000000
26	90	1.000000
28	90	1.000000
30	90	1.000000
31	90	1.000000
33	90	1.000000
36	90	1.000000
37	90	1.000000
40	90	1.000000
41	90	1.000000
42	90	1.000000
44	90	1.000000
47	90	1.000000
53	90	1.000000
56	90	1.000000
57	90	1.000000
58	90	1.000000
60	90	1.000000
61	90	1.000000
62	90	1.000000
64	90	1.000000
65	90	1.000000
66	90	1.000000
67	90	1.000000
68	90	1.000000
70	90	1.000000
72	90	1.000000
73	90	1.000000
75	90	1.000000
77	90	1.000000
78	90	1.000000
79	90	1.000000
81	90	1.000000
83	90	1.000000
84	90	1.000000
85	90	1.000000
87	90	1.000000
89	90	1.000000
2	91	1.000000
6	91	1.000000
8	91	1.000000
12	91	1.000000
15	91	1.000000
17	91	1.000000
19	91	1.000000
20	91	1.000000
23	91	1.000000
24	91	1.000000
26	91	1.000000
27	91	1.000000
30	91	1.000000
33	91	1.000000
35	91	1.000000
37	91	1.000000
39	91	1.000000
40	91	1.000000
41	91	1.000000
44	91	1.000000
45	91	1.000000
47	91	1.000000
49	91	1.000000
50	91	1.000000
51	91	1.000000
55	91	1.000000
56	91	1.000000
58	91	1.000000
59	91	1.000000
60	91	1.000000
63	91	1.000000
64	91	1.000000
65	91	1.000000
68	91	1.000000
70	91	1.000000
71	91	1.000000
73	91	1.000000
77	91	1.000000
79	91	1.000000
80	91	1.000000
81	91	1.000000
82	91	1.000000
83	91	1.000000
84	91	1.000000
86	91	1.000000
2	92	1.000000
3	92	1.000000
4	92	1.000000
8	92	1.000000
9	92	1.000000
10	92	1.000000
11	92	1.000000
14	92	1.000000
15	92	1.000000
17	92	1.000000
21	92	1.000000
22	92	1.000000
26	92	1.000000
27	92	1.000000
28	92	1.000000
29	92	1.000000
31	92	1.000000
32	92	1.000000
34	92	1.000000
37	92	1.000000
39	92	1.000000
45	92	1.000000
47	92	1.000000
48	92	1.000000
49	92	1.000000
60	92	1.000000
61	92	1.000000
64	92	1.000000
65	92	1.000000
66	92	1.000000
70	92	1.000000
73	92	1.000000
74	92	1.000000
80	92	1.000000
83	92	1.000000
85	92	1.000000
87	92	1.000000
88	92	1.000000
4	93	1.000000
6	93	1.000000
7	93	1.000000
11	93	1.000000
12	93	1.000000
16	93	1.000000
17	93	1.000000
18	93	1.000000
19	93	1.000000
20	93	1.000000
21	93	1.000000
22	93	1.000000
23	93	1.000000
24	93	1.000000
26	93	1.000000
31	93	1.000000
32	93	1.000000
33	93	1.000000
34	93	1.000000
35	93	1.000000
36	93	1.000000
38	93	1.000000
39	93	1.000000
41	93	1.000000
43	93	1.000000
50	93	1.000000
54	93	1.000000
56	93	1.000000
57	93	1.000000
59	93	1.000000
60	93	1.000000
62	93	1.000000
66	93	1.000000
69	93	1.000000
70	93	1.000000
71	93	1.000000
75	93	1.000000
76	93	1.000000
77	93	1.000000
78	93	1.000000
79	93	1.000000
80	93	1.000000
85	93	1.000000
86	93	1.000000
88	93	1.000000
89	93	1.000000
91	93	1.000000
92	93	1.000000
1	94	1.000000
3	94	1.000000
4	94	1.000000
7	94	1.000000
8	94	1.000000
12	94	1.000000
13	94	1.000000
14	94	1.000000
15	94	1.000000
16	94	1.000000
18	94	1.000000
20	94	1.000000
21	94	1.000000
23	94	1.000000
24	94	1.000000
25	94	1.000000
31	94	1.000000
35	94	1.000000
36	94	1.000000
38	94	1.000000
43	94	1.000000
44	94	1.000000
45	94	1.000000
48	94	1.000000
49	94	1.000000
50	94	1.000000
51	94	1.000000
52	94	1.000000
53	94	1.000000
54	94	1.000000
55	94	1.000000
57	94	1.000000
58	94	1.000000
59	94	1.000000
64	94	1.000000
68	94	1.000000
69	94	1.000000
76	94	1.000000
77	94	1.000000
81	94	1.000000
84	94	1.000000
85	94	1.000000
86	94	1.000000
87	94	1.000000
88	94	1.000000
91	94	1.000000
92	94	1.000000
1	95	1.000000
5	95	1.000000
6	95	1.000000
7	95	1.000000
8	95	1.000000
11	95	1.000000
12	95	1.000000
13	95	1.000000
14	95	1.000000
15	95	1.000000
16	95	1.000000
18	95	1.000000
19	95	1.000000
22	95	1.000000
24	95	1.000000
28	95	1.000000
29	95	1.000000
31	95	1.000000
34	95	1.000000
35	95	1.000000
36	95	1.000000
37	95	1.000000
38	95	1.000000
39	95	1.000000
40	95	1.000000
42	95	1.000000
45	95	1.000000
48	95	1.000000
49	95	1.000000
50	95	1.000000
52	95	1.000000
53	95	1.000000
54	95	1.000000
56	95	1.000000
63	95	1.000000
64	95	1.000000
67	95	1.000000
68	95	1.000000
69	95	1.000000
71	95	1.000000
72	95	1.000000
75	95	1.000000
78	95	1.000000
80	95	1.000000
83	95	1.000000
90	95	1.000000
93	95	1.000000
94	95	1.000000
1	96	1.000000
2	96	1.000000
3	96	1.000000
4	96	1.000000
5	96	1.000000
6	96	1.000000
8	96	1.000000
9	96	1.000000
11	96	1.000000
13	96	1.000000
15	96	1.000000
18	96	1.000000
20	96	1.000000
22	96	1.000000
24	96	1.000000
25	96	1.000000
28	96	1.000000
30	96	1.000000
31	96	1.000000
32	96	1.000000
33	96	1.000000
34	96	1.000000
37	96	1.000000
38	96	1.000000
41	96	1.000000
42	96	1.000000
43	96	1.000000
45	96	1.000000
46	96	1.000000
47	96	1.000000
49	96	1.000000
51	96	1.000000
52	96	1.000000
53	96	1.000000
56	96	1.000000
57	96	1.000000
58	96	1.000000
63	96	1.000000
65	96	1.000000
68	96	1.000000
74	96	1.000000
76	96	1.000000
77	96	1.000000
79	96	1.000000
80	96	1.000000
81	96	1.000000
83	96	1.000000
84	96	1.000000
87	96	1.000000
89	96	1.000000
90	96	1.000000
91	96	1.000000
92	96	1.000000
94	96	1.000000
1	97	1.000000
2	97	1.000000
5	97	1.000000
6	97	1.000000
8	97	1.000000
10	97	1.000000
11	97	1.000000
13	97	1.000000
14	97	1.000000
15	97	1.000000
20	97	1.000000
21	97	1.000000
25	97	1.000000
28	97	1.000000
32	97	1.000000
34	97	1.000000
36	97	1.000000
39	97	1.000000
42	97	1.000000
46	97	1.000000
48	97	1.000000
49	97	1.000000
50	97	1.000000
51	97	1.000000
53	97	1.000000
57	97	1.000000
60	97	1.000000
61	97	1.000000
69	97	1.000000
72	97	1.000000
74	97	1.000000
76	97	1.000000
77	97	1.000000
78	97	1.000000
80	97	1.000000
81	97	1.000000
84	97	1.000000
86	97	1.000000
90	97	1.000000
94	97	1.000000
96	97	1.000000
4	98	1.000000
7	98	1.000000
9	98	1.000000
12	98	1.000000
13	98	1.000000
15	98	1.000000
16	98	1.000000
17	98	1.000000
19	98	1.000000
20	98	1.000000
21	98	1.000000
24	98	1.000000
32	98	1.000000
33	98	1.000000
36	98	1.000000
37	98	1.000000
38	98	1.000000
39	98	1.000000
42	98	1.000000
43	98	1.000000
46	98	1.000000
47	98	1.000000
48	98	1.000000
50	98	1.000000
51	98	1.000000
54	98	1.000000
55	98	1.000000
56	98	1.000000
59	98	1.000000
60	98	1.000000
62	98	1.000000
67	98	1.000000
69	98	1.000000
70	98	1.000000
72	98	1.000000
73	98	1.000000
74	98	1.000000
75	98	1.000000
76	98	1.000000
77	98	1.000000
79	98	1.000000
81	98	1.000000
83	98	1.000000
88	98	1.000000
89	98	1.000000
90	98	1.000000
92	98	1.000000
93	98	1.000000
96	98	1.000000
97	98	1.000000
1	99	1.000000
5	99	1.000000
6	99	1.000000
9	99	1.000000
12	99	1.000000
14	99	1.000000
15	99	1.000000
16	99	1.000000
18	99	1.000000
19	99	1.000000
20	99	1.000000
22	99	1.000000
24	99	1.000000
27	99	1.000000
29	99	1.000000
30	99	1.000000
32	99	1.000000
34	99	1.000000
35	99	1.000000
37	99	1.000000
38	99	1.000000
42	99	1.000000
43	99	1.000000
44	99	1.000000
47	99	1.000000
48	99	1.000000
50	99	1.000000
52	99	1.000000
56	99	1.000000
59	99	1.000000
60	99	1.000000
61	99	1.000000
63	99	1.000000
64	99	1.000000
66	99	1.000000
68	99	1.000000
70	99	1.000000
73	99	1.000000
79	99	1.000000
80	99	1.000000
81	99	1.000000
85	99	1.000000
86	99	1.000000
87	99	1.000000
88	99	1.000000
89	99	1.000000
90	99	1.000000
91	99	1.000000
93	99	1.000000
95	99	1.000000
96	99	1.000000
98	99	1.000000
1	100	1.000000
4	100	1.000000
7	100	1.000000
8	100	1.000000
9	100	1.000000
11	100	1.000000
12	100	1.000000
13	100	1.000000
14	100	1.000000
15	100	1.000000
16	100	1.000000
17	100	1.000000
18	100	1.000000
20	100	1.000000
26	100	1.000000
33	100	1.000000
35	100	1.000000
37	100	1.000000
40	100	1.000000
42	100	1.000000
43	100	1.000000
44	100	1.000000
46	100	1.000000
48	100	1.000000
49	100	1.000000
51	100	1.000000
52	100	1.000000
54	100	1.000000
55	100	1.000000
58	100	1.000000
59	100	1.000000
61	100	1.000000
66	100	1.000000
70	100	1.000000
71	100	1.000000
75	100	1.000000
76	100	1.000000
77	100	1.000000
78	100	1.000000
81	100	1.000000
82	100	1.000000
83	100	1.000000
85	100	1.000000
88	100	1.000000
92	100	1.000000
93	100	1.000000
94	100	1.000000
95	100	1.000000
98	100	1.000000
