100	2475
2	3	1.000000
1	4	1.000000
2	4	1.000000
3	4	1.000000
4	5	1.000000
1	6	1.000000
2	6	1.000000
3	6	1.000000
4	6	1.000000
5	6	1.000000
1	7	1.000000
2	7	1.000000
3	7	1.000000
4	7	1.000000
5	7	1.000000
1	8	1.000000
4	8	1.000000
5	8	1.000000
6	8	1.000000
7	8	1.000000
1	9	1.000000
2	9	1.000000
3	9	1.000000
5	9	1.000000
8	9	1.000000
2	10	1.000000
4	10	1.000000
5	10	1.000000
6	10	1.000000
8	10	1.000000
9	10	1.000000
2	11	1.000000
3	11	1.000000
4	11	1.000000
5	11	1.000000
7	11	1.000000
1	12	1.000000
3	12	1.000000
7	12	1.000000
8	12	1.000000
9	12	1.000000
10	12	1.000000
1	13	1.000000
2	13	1.000000
3	13	1.000000
4	13	1.000000
5	13	1.000000
7	13	1.000000
8	13	1.000000
10	13	1.000000
12	13	1.000000
1	14	1.000000
2	14	1.000000
3	14	1.000000
7	14	1.000000
8	14	1.000000
9	14	1.000000
11	14	1.000000
12	14	1.000000
2	15	1.000000
5	15	1.000000
6	15	1.000000
8	15	1.000000
9	15	1.000000
10	15	1.000000
12	15	1.000000
13	15	1.000000
14	15	1.000000
3	16	1.000000
4	16	1.000000
5	16	1.000000
6	16	1.000000
7	16	1.000000
8	16	1.000000
9	16	1.000000
11	16	1.000000
12	16	1.000000
13	16	1.000000
1	17	1.000000
2	17	1.000000
3	17	1.000000
6	17	1.000000
7	17	1.000000
8	17	1.000000
10	17	1.000000
12	17	1.000000
15	17	1.000000
2	18	1.000000
5	18	1.000000
6	18	1.000000
7	18	1.000000
9	18	1.000000
10	18	1.000000
15	18	1.000000
16	18	1.000000
17	18	1.000000
2	19	1.000000
7	19	1.000000
11	19	1.000000
13	19	1.000000
17	19	1.000000
2	20	1.000000
3	20	1.000000
4	20	1.000000
5	20	1.000000
9	20	1.000000
11	20	1.000000
12	20	1.000000
13	20	1.000000
17	20	1.000000
18	20	1.000000
19	20	1.000000
2	21	1.000000
6	21	1.000000
10	21	1.000000
12	21	1.000000
13	21	1.000000
15	21	1.000000
16	21	1.000000
17	21	1.000000
18	21	1.000000
19	21	1.000000
1	22	1.000000
2	22	1.000000
3	22	1.000000
4	22	1.000000
6	22	1.000000
8	22	1.000000
9	22	1.000000
11	22	1.000000
14	22	1.000000
16	22	1.000000
17	22	1.000000
18	22	1.000000
19	22	1.000000
20	22	1.000000
1	23	1.000000
2	23	1.000000
3	23	1.000000
6	23	1.000000
8	23	1.000000
13	23	1.000000
15	23	1.000000
17	23	1.000000
18	23	1.000000
22	23	1.000000
2	24	1.000000
5	24	1.000000
6	24	1.000000
8	24	1.000000
9	24	1.000000
10	24	1.000000
12	24	1.000000
13	24	1.000000
15	24	1.000000
16	24	1.000000
17	24	1.000000
19	24	1.000000
20	24	1.000000
23	24	1.000000
1	25	1.000000
2	25	1.000000
3	25	1.000000
6	25	1.000000
9	25	1.000000
10	25	1.000000
13	25	1.000000
17	25	1.000000
18	25	1.000000
23	25	1.000000
24	25	1.000000
1	26	1.000000
7	26	1.000000
9	26	1.000000
13	26	1.000000
17	26	1.000000
18	26	1.000000
19	26	1.000000
20	26	1.000000
22	26	1.000000
24	26	1.000000
25	26	1.000000
2	27	1.000000
6	27	1.000000
7	27	1.000000
9	27	1.000000
13	27	1.000000
14	27	1.000000
15	27	1.000000
17	27	1.000000
18	27	1.000000
26	27	1.000000
1	28	1.000000
2	28	1.000000
4	28	1.000000
5	28	1.000000
13	28	1.000000
14	28	1.000000
16	28	1.000000
17	28	1.000000
18	28	1.000000
19	28	1.000000
23	28	1.000000
24	28	1.000000
1	29	1.000000
2	29	1.000000
5	29	1.000000
7	29	1.000000
8	29	1.000000
9	29	1.000000
14	29	1.000000
18	29	1.000000
19	29	1.000000
22	29	1.000000
23	29	1.000000
2	30	1.000000
4	30	1.000000
5	30	1.000000
6	30	1.000000
7	30	1.000000
8	30	1.000000
12	30	1.000000
14	30	1.000000
17	30	1.000000
18	30	1.000000
19	30	1.000000
20	30	1.000000
27	30	1.000000
28	30	1.000000
1	31	1.000000
5	31	1.000000
7	31	1.000000
8	31	1.000000
11	31	1.000000
13	31	1.000000
14	31	1.000000
15	31	1.000000
18	31	1.000000
19	31	1.000000
20	31	1.000000
24	31	1.000000
25	31	1.000000
26	31	1.000000
27	31	1.000000
28	31	1.000000
30	31	1.000000
1	32	1.000000
2	32	1.000000
3	32	1.000000
4	32	1.000000
5	32	1.000000
9	32	1.000000
12	32	1.000000
13	32	1.000000
15	32	1.000000
16	32	1.000000
17	32	1.000000
20	32	1.000000
23	32	1.000000
26	32	1.000000
27	32	1.000000
2	33	1.000000
3	33	1.000000
9	33	1.000000
12	33	1.000000
14	33	1.000000
15	33	1.000000
16	33	1.000000
17	33	1.000000
21	33	1.000000
22	33	1.000000
24	33	1.000000
25	33	1.000000
27	33	1.000000
29	33	1.000000
31	33	1.000000
6	34	1.000000
9	34	1.000000
12	34	1.000000
13	34	1.000000
14	34	1.000000
15	34	1.000000
16	34	1.000000
18	34	1.000000
19	34	1.000000
21	34	1.000000
23	34	1.000000
25	34	1.000000
27	34	1.000000
1	35	1.000000
3	35	1.000000
4	35	1.000000
7	35	1.000000
8	35	1.000000
9	35	1.000000
10	35	1.000000
11	35	1.000000
14	35	1.000000
15	35	1.000000
19	35	1.000000
21	35	1.000000
22	35	1.000000
24	35	1.000000
27	35	1.000000
28	35	1.000000
30	35	1.000000
31	35	1.000000
33	35	1.000000
34	35	1.000000
2	36	1.000000
3	36	1.000000
5	36	1.000000
6	36	1.000000
7	36	1.000000
8	36	1.000000
10	36	1.000000
12	36	1.000000
14	36	1.000000
15	36	1.000000
17	36	1.000000
20	36	1.000000
21	36	1.000000
22	36	1.000000
23	36	1.000000
24	36	1.000000
25	36	1.000000
26	36	1.000000
27	36	1.000000
30	36	1.000000
31	36	1.000000
34	36	1.000000
2	37	1.000000
3	37	1.000000
6	37	1.000000
8	37	1.000000
9	37	1.000000
10	37	1.000000
12	37	1.000000
16	37	1.000000
18	37	1.000000
19	37	1.000000
20	37	1.000000
21	37	1.000000
25	37	1.000000
26	37	1.000000
28	37	1.000000
32	37	1.000000
35	37	1.000000
2	38	1.000000
5	38	1.000000
6	38	1.000000
10	38	1.000000
12	38	1.000000
13	38	1.000000
14	38	1.000000
16	38	1.000000
18	38	1.000000
22	38	1.000000
25	38	1.000000
29	38	1.000000
30	38	1.000000
31	38	1.000000
32	38	1.000000
1	39	1.000000
2	39	1.000000
6	39	1.000000
7	39	1.000000
9	39	1.000000
10	39	1.000000
12	39	1.000000
15	39	1.000000
17	39	1.000000
20	39	1.000000
22	39	1.000000
24	39	1.000000
26	39	1.000000
28	39	1.000000
30	39	1.000000
32	39	1.000000
34	39	1.000000
2	40	1.000000
3	40	1.000000
4	40	1.000000
5	40	1.000000
6	40	1.000000
9	40	1.000000
10	40	1.000000
12	40	1.000000
14	40	1.000000
16	40	1.000000
17	40	1.000000
20	40	1.000000
21	40	1.000000
22	40	1.000000
25	40	1.000000
29	40	1.000000
32	40	1.000000
34	40	1.000000
36	40	1.000000
6	41	1.000000
7	41	1.000000
8	41	1.000000
11	41	1.000000
15	41	1.000000
16	41	1.000000
17	41	1.000000
18	41	1.000000
21	41	1.000000
24	41	1.000000
26	41	1.000000
28	41	1.000000
32	41	1.000000
34	41	1.000000
35	41	1.000000
36	41	1.000000
37	41	1.000000
1	42	1.000000
3	42	1.000000
8	42	1.000000
9	42	1.000000
14	42	1.000000
15	42	1.000000
16	42	1.000000
17	42	1.000000
18	42	1.000000
19	42	1.000000
21	42	1.000000
24	42	1.000000
25	42	1.000000
26	42	1.000000
28	42	1.000000
29	42	1.000000
31	42	1.000000
34	42	1.000000
37	42	1.000000
41	42	1.000000
1	43	1.000000
4	43	1.000000
5	43	1.000000
7	43	1.000000
10	43	1.000000
11	43	1.000000
12	43	1.000000
14	43	1.000000
15	43	1.000000
16	43	1.000000
21	43	1.000000
22	43	1.000000
26	43	1.000000
29	43	1.000000
30	43	1.000000
31	43	1.000000
32	43	1.000000
34	43	1.000000
35	43	1.000000
36	43	1.000000
37	43	1.000000
39	43	1.000000
40	43	1.000000
3	44	1.000000
5	44	1.000000
6	44	1.000000
7	44	1.000000
8	44	1.000000
10	44	1.000000
11	44	1.000000
12	44	1.000000
14	44	1.000000
15	44	1.000000
16	44	1.000000
18	44	1.000000
20	44	1.000000
21	44	1.000000
23	44	1.000000
26	44	1.000000
28	44	1.000000
30	44	1.000000
36	44	1.000000
37	44	1.000000
38	44	1.000000
39	44	1.000000
3	45	1.000000
6	45	1.000000
7	45	1.000000
8	45	1.000000
9	45	1.000000
12	45	1.000000
13	45	1.000000
14	45	1.000000
15	45	1.000000
17	45	1.000000
24	45	1.000000
25	45	1.000000
27	45	1.000000
29	45	1.000000
30	45	1.000000
33	45	1.000000
35	45	1.000000
36	45	1.000000
40	45	1.000000
41	45	1.000000
42	45	1.000000
43	45	1.000000
44	45	1.000000
2	46	1.000000
3	46	1.000000
5	46	1.000000
6	46	1.000000
8	46	1.000000
11	46	1.000000
13	46	1.000000
14	46	1.000000
15	46	1.000000
18	46	1.000000
20	46	1.000000
22	46	1.000000
28	46	1.000000
30	46	1.000000
31	46	1.000000
32	46	1.000000
33	46	1.000000
34	46	1.000000
35	46	1.000000
37	46	1.000000
39	46	1.000000
40	46	1.000000
43	46	1.000000
45	46	1.000000
1	47	1.000000
3	47	1.000000
4	47	1.000000
5	47	1.000000
6	47	1.000000
7	47	1.000000
10	47	1.000000
12	47	1.000000
13	47	1.000000
16	47	1.000000
17	47	1.000000
22	47	1.000000
23	47	1.000000
24	47	1.000000
25	47	1.000000
28	47	1.000000
30	47	1.000000
31	47	1.000000
33	47	1.000000
42	47	1.000000
46	47	1.000000
3	48	1.000000
5	48	1.000000
13	48	1.000000
16	48	1.000000
18	48	1.000000
19	48	1.000000
21	48	1.000000
22	48	1.000000
23	48	1.000000
25	48	1.000000
26	48	1.000000
27	48	1.000000
28	48	1.000000
29	48	1.000000
34	48	1.000000
35	48	1.000000
36	48	1.000000
38	48	1.000000
41	48	1.000000
44	48	1.000000
46	48	1.000000
47	48	1.000000
1	49	1.000000
2	49	1.000000
4	49	1.000000
5	49	1.000000
7	49	1.000000
9	49	1.000000
11	49	1.000000
12	49	1.000000
13	49	1.000000
14	49	1.000000
19	49	1.000000
21	49	1.000000
23	49	1.000000
27	49	1.000000
32	49	1.000000
33	49	1.000000
39	49	1.000000
43	49	1.000000
48	49	1.000000
4	50	1.000000
5	50	1.000000
7	50	1.000000
8	50	1.000000
9	50	1.000000
10	50	1.000000
13	50	1.000000
14	50	1.000000
16	50	1.000000
17	50	1.000000
19	50	1.000000
20	50	1.000000
22	50	1.000000
24	50	1.000000
25	50	1.000000
26	50	1.000000
27	50	1.000000
28	50	1.000000
29	50	1.000000
30	50	1.000000
32	50	1.000000
34	50	1.000000
36	50	1.000000
39	50	1.000000
40	50	1.000000
43	50	1.000000
44	50	1.000000
48	50	1.000000
4	51	1.000000
5	51	1.000000
9	51	1.000000
10	51	1.000000
11	51	1.000000
15	51	1.000000
16	51	1.000000
20	51	1.000000
22	51	1.000000
23	51	1.000000
24	51	1.000000
26	51	1.000000
31	51	1.000000
34	51	1.000000
36	51	1.000000
39	51	1.000000
41	51	1.000000
42	51	1.000000
43	51	1.000000
44	51	1.000000
45	51	1.000000
46	51	1.000000
48	51	1.000000
3	52	1.000000
4	52	1.000000
7	52	1.000000
15	52	1.000000
17	52	1.000000
18	52	1.000000
19	52	1.000000
21	52	1.000000
22	52	1.000000
24	52	1.000000
25	52	1.000000
27	52	1.000000
28	52	1.000000
30	52	1.000000
31	52	1.000000
32	52	1.000000
33	52	1.000000
35	52	1.000000
37	52	1.000000
39	52	1.000000
40	52	1.000000
42	52	1.000000
43	52	1.000000
44	52	1.000000
45	52	1.000000
47	52	1.000000
48	52	1.000000
49	52	1.000000
50	52	1.000000
8	53	1.000000
10	53	1.000000
11	53	1.000000
16	53	1.000000
17	53	1.000000
18	53	1.000000
20	53	1.000000
21	53	1.000000
27	53	1.000000
28	53	1.000000
29	53	1.000000
30	53	1.000000
34	53	1.000000
35	53	1.000000
36	53	1.000000
39	53	1.000000
40	53	1.000000
43	53	1.000000
47	53	1.000000
52	53	1.000000
2	54	1.000000
3	54	1.000000
4	54	1.000000
5	54	1.000000
6	54	1.000000
7	54	1.000000
8	54	1.000000
9	54	1.000000
10	54	1.000000
11	54	1.000000
13	54	1.000000
15	54	1.000000
16	54	1.000000
20	54	1.000000
24	54	1.000000
25	54	1.000000
28	54	1.000000
31	54	1.000000
34	54	1.000000
35	54	1.000000
36	54	1.000000
38	54	1.000000
39	54	1.000000
42	54	1.000000
46	54	1.000000
47	54	1.000000
48	54	1.000000
49	54	1.000000
51	54	1.000000
53	54	1.000000
2	55	1.000000
4	55	1.000000
5	55	1.000000
6	55	1.000000
7	55	1.000000
9	55	1.000000
11	55	1.000000
12	55	1.000000
14	55	1.000000
16	55	1.000000
19	55	1.000000
20	55	1.000000
21	55	1.000000
22	55	1.000000
24	55	1.000000
25	55	1.000000
26	55	1.000000
27	55	1.000000
28	55	1.000000
29	55	1.000000
34	55	1.000000
37	55	1.000000
38	55	1.000000
39	55	1.000000
40	55	1.000000
42	55	1.000000
45	55	1.000000
46	55	1.000000
47	55	1.000000
50	55	1.000000
52	55	1.000000
53	55	1.000000
54	55	1.000000
3	56	1.000000
4	56	1.000000
9	56	1.000000
10	56	1.000000
12	56	1.000000
13	56	1.000000
20	56	1.000000
21	56	1.000000
22	56	1.000000
23	56	1.000000
24	56	1.000000
25	56	1.000000
26	56	1.000000
27	56	1.000000
30	56	1.000000
31	56	1.000000
33	56	1.000000
35	56	1.000000
39	56	1.000000
40	56	1.000000
41	56	1.000000
42	56	1.000000
44	56	1.000000
46	56	1.000000
49	56	1.000000
50	56	1.000000
53	56	1.000000
54	56	1.000000
55	56	1.000000
4	57	1.000000
7	57	1.000000
10	57	1.000000
13	57	1.000000
14	57	1.000000
16	57	1.000000
17	57	1.000000
19	57	1.000000
21	57	1.000000
24	57	1.000000
25	57	1.000000
26	57	1.000000
28	57	1.000000
30	57	1.000000
31	57	1.000000
32	57	1.000000
33	57	1.000000
38	57	1.000000
40	57	1.000000
41	57	1.000000
42	57	1.000000
46	57	1.000000
47	57	1.000000
49	57	1.000000
51	57	1.000000
52	57	1.000000
1	58	1.000000
3	58	1.000000
6	58	1.000000
7	58	1.000000
10	58	1.000000
11	58	1.000000
12	58	1.000000
14	58	1.000000
15	58	1.000000
18	58	1.000000
20	58	1.000000
21	58	1.000000
25	58	1.000000
27	58	1.000000
28	58	1.000000
32	58	1.000000
36	58	1.000000
38	58	1.000000
40	58	1.000000
41	58	1.000000
43	58	1.000000
45	58	1.000000
46	58	1.000000
47	58	1.000000
52	58	1.000000
57	58	1.000000
3	59	1.000000
7	59	1.000000
11	59	1.000000
12	59	1.000000
13	59	1.000000
14	59	1.000000
18	59	1.000000
21	59	1.000000
23	59	1.000000
25	59	1.000000
26	59	1.000000
30	59	1.000000
34	59	1.000000
37	59	1.000000
38	59	1.000000
40	59	1.000000
41	59	1.000000
44	59	1.000000
46	59	1.000000
47	59	1.000000
48	59	1.000000
53	59	1.000000
56	59	1.000000
57	59	1.000000
2	60	1.000000
10	60	1.000000
14	60	1.000000
15	60	1.000000
16	60	1.000000
17	60	1.000000
18	60	1.000000
20	60	1.000000
21	60	1.000000
22	60	1.000000
23	60	1.000000
24	60	1.000000
27	60	1.000000
30	60	1.000000
32	60	1.000000
33	60	1.000000
34	60	1.000000
36	60	1.000000
39	60	1.000000
41	60	1.000000
42	60	1.000000
45	60	1.000000
46	60	1.000000
47	60	1.000000
48	60	1.000000
49	60	1.000000
51	60	1.000000
53	60	1.000000
54	60	1.000000
58	60	1.000000
59	60	1.000000
3	61	1.000000
6	61	1.000000
9	61	1.000000
10	61	1.000000
11	61	1.000000
13	61	1.000000
15	61	1.000000
16	61	1.000000
18	61	1.000000
22	61	1.000000
24	61	1.000000
25	61	1.000000
27	61	1.000000
29	61	1.000000
30	61	1.000000
31	61	1.000000
32	61	1.000000
33	61	1.000000
34	61	1.000000
37	61	1.000000
38	61	1.000000
39	61	1.000000
41	61	1.000000
42	61	1.000000
45	61	1.000000
46	61	1.000000
47	61	1.000000
50	61	1.000000
51	61	1.000000
57	61	1.000000
6	62	1.000000
9	62	1.000000
11	62	1.000000
12	62	1.000000
14	62	1.000000
15	62	1.000000
16	62	1.000000
18	62	1.000000
20	62	1.000000
24	62	1.000000
25	62	1.000000
27	62	1.000000
29	62	1.000000
30	62	1.000000
31	62	1.000000
33	62	1.000000
37	62	1.000000
39	62	1.000000
40	62	1.000000
41	62	1.000000
42	62	1.000000
44	62	1.000000
45	62	1.000000
46	62	1.000000
47	62	1.000000
48	62	1.000000
49	62	1.000000
55	62	1.000000
56	62	1.000000
61	62	1.000000
6	63	1.000000
11	63	1.000000
14	63	1.000000
19	63	1.000000
20	63	1.000000
21	63	1.000000
22	63	1.000000
25	63	1.000000
28	63	1.000000
30	63	1.000000
33	63	1.000000
34	63	1.000000
37	63	1.000000
40	63	1.000000
41	63	1.000000
43	63	1.000000
44	63	1.000000
49	63	1.000000
50	63	1.000000
52	63	1.000000
53	63	1.000000
56	63	1.000000
59	63	1.000000
61	63	1.000000
62	63	1.000000
1	64	1.000000
3	64	1.000000
4	64	1.000000
8	64	1.000000
12	64	1.000000
15	64	1.000000
18	64	1.000000
19	64	1.000000
22	64	1.000000
26	64	1.000000
27	64	1.000000
28	64	1.000000
31	64	1.000000
35	64	1.000000
36	64	1.000000
39	64	1.000000
42	64	1.000000
45	64	1.000000
46	64	1.000000
50	64	1.000000
52	64	1.000000
53	64	1.000000
54	64	1.000000
56	64	1.000000
57	64	1.000000
59	64	1.000000
60	64	1.000000
61	64	1.000000
62	64	1.000000
1	65	1.000000
2	65	1.000000
3	65	1.000000
4	65	1.000000
8	65	1.000000
10	65	1.000000
12	65	1.000000
15	65	1.000000
21	65	1.000000
22	65	1.000000
23	65	1.000000
24	65	1.000000
27	65	1.000000
28	65	1.000000
30	65	1.000000
34	65	1.000000
35	65	1.000000
36	65	1.000000
37	65	1.000000
41	65	1.000000
43	65	1.000000
44	65	1.000000
45	65	1.000000
46	65	1.000000
47	65	1.000000
48	65	1.000000
51	65	1.000000
52	65	1.000000
54	65	1.000000
55	65	1.000000
57	65	1.000000
58	65	1.000000
59	65	1.000000
62	65	1.000000
1	66	1.000000
2	66	1.000000
3	66	1.000000
6	66	1.000000
7	66	1.000000
9	66	1.000000
11	66	1.000000
13	66	1.000000
15	66	1.000000
16	66	1.000000
17	66	1.000000
26	66	1.000000
28	66	1.000000
31	66	1.000000
32	66	1.000000
33	66	1.000000
34	66	1.000000
37	66	1.000000
38	66	1.000000
39	66	1.000000
42	66	1.000000
43	66	1.000000
45	66	1.000000
46	66	1.000000
50	66	1.000000
51	66	1.000000
54	66	1.000000
55	66	1.000000
60	66	1.000000
61	66	1.000000
63	66	1.000000
65	66	1.000000
2	67	1.000000
4	67	1.000000
11	67	1.000000
13	67	1.000000
17	67	1.000000
19	67	1.000000
20	67	1.000000
22	67	1.000000
24	67	1.000000
25	67	1.000000
28	67	1.000000
29	67	1.000000
32	67	1.000000
34	67	1.000000
36	67	1.000000
38	67	1.000000
39	67	1.000000
40	67	1.000000
41	67	1.000000
43	67	1.000000
44	67	1.000000
47	67	1.000000
48	67	1.000000
50	67	1.000000
53	67	1.000000
55	67	1.000000
56	67	1.000000
57	67	1.000000
58	67	1.000000
59	67	1.000000
60	67	1.000000
62	67	1.000000
63	67	1.000000
64	67	1.000000
1	68	1.000000
2	68	1.000000
3	68	1.000000
9	68	1.000000
10	68	1.000000
12	68	1.000000
15	68	1.000000
16	68	1.000000
18	68	1.000000
20	68	1.000000
24	68	1.000000
25	68	1.000000
26	68	1.000000
27	68	1.000000
28	68	1.000000
29	68	1.000000
30	68	1.000000
31	68	1.000000
32	68	1.000000
33	68	1.000000
34	68	1.000000
35	68	1.000000
36	68	1.000000
37	68	1.000000
38	68	1.000000
45	68	1.000000
46	68	1.000000
48	68	1.000000
50	68	1.000000
52	68	1.000000
54	68	1.000000
55	68	1.000000
56	68	1.000000
57	68	1.000000
60	68	1.000000
61	68	1.000000
63	68	1.000000
64	68	1.000000
65	68	1.000000
67	68	1.000000
2	69	1.000000
3	69	1.000000
4	69	1.000000
5	69	1.000000
7	69	1.000000
9	69	1.000000
14	69	1.000000
17	69	1.000000
18	69	1.000000
19	69	1.000000
20	69	1.000000
21	69	1.000000
24	69	1.000000
25	69	1.000000
31	69	1.000000
32	69	1.000000
34	69	1.000000
35	69	1.000000
36	69	1.000000
37	69	1.000000
40	69	1.000000
41	69	1.000000
46	69	1.000000
47	69	1.000000
48	69	1.000000
49	69	1.000000
50	69	1.000000
51	69	1.000000
53	69	1.000000
54	69	1.000000
56	69	1.000000
57	69	1.000000
58	69	1.000000
59	69	1.000000
60	69	1.000000
61	69	1.000000
62	69	1.000000
64	69	1.000000
65	69	1.000000
68	69	1.000000
2	70	1.000000
4	70	1.000000
5	70	1.000000
8	70	1.000000
9	70	1.000000
11	70	1.000000
12	70	1.000000
13	70	1.000000
14	70	1.000000
17	70	1.000000
23	70	1.000000
25	70	1.000000
26	70	1.000000
27	70	1.000000
29	70	1.000000
30	70	1.000000
31	70	1.000000
32	70	1.000000
33	70	1.000000
36	70	1.000000
39	70	1.000000
40	70	1.000000
44	70	1.000000
47	70	1.000000
50	70	1.000000
51	70	1.000000
54	70	1.000000
55	70	1.000000
57	70	1.000000
58	70	1.000000
62	70	1.000000
63	70	1.000000
64	70	1.000000
65	70	1.000000
66	70	1.000000
68	70	1.000000
3	71	1.000000
4	71	1.000000
5	71	1.000000
8	71	1.000000
9	71	1.000000
10	71	1.000000
11	71	1.000000
12	71	1.000000
13	71	1.000000
17	71	1.000000
21	71	1.000000
22	71	1.000000
23	71	1.000000
25	71	1.000000
26	71	1.000000
32	71	1.000000
38	71	1.000000
39	71	1.000000
40	71	1.000000
41	71	1.000000
46	71	1.000000
50	71	1.000000
53	71	1.000000
54	71	1.000000
55	71	1.000000
56	71	1.000000
57	71	1.000000
58	71	1.000000
60	71	1.000000
61	71	1.000000
62	71	1.000000
63	71	1.000000
64	71	1.000000
65	71	1.000000
66	71	1.000000
68	71	1.000000
70	71	1.000000
4	72	1.000000
5	72	1.000000
7	72	1.000000
9	72	1.000000
11	72	1.000000
18	72	1.000000
19	72	1.000000
20	72	1.000000
21	72	1.000000
23	72	1.000000
24	72	1.000000
25	72	1.000000
26	72	1.000000
29	72	1.000000
30	72	1.000000
35	72	1.000000
37	72	1.000000
39	72	1.000000
40	72	1.000000
44	72	1.000000
45	72	1.000000
46	72	1.000000
47	72	1.000000
49	72	1.000000
50	72	1.000000
52	72	1.000000
53	72	1.000000
54	72	1.000000
55	72	1.000000
57	72	1.000000
58	72	1.000000
64	72	1.000000
65	72	1.000000
69	72	1.000000
2	73	1.000000
3	73	1.000000
4	73	1.000000
6	73	1.000000
7	73	1.000000
15	73	1.000000
16	73	1.000000
18	73	1.000000
19	73	1.000000
21	73	1.000000
22	73	1.000000
23	73	1.000000
24	73	1.000000
25	73	1.000000
28	73	1.000000
31	73	1.000000
32	73	1.000000
34	73	1.000000
35	73	1.000000
37	73	1.000000
38	73	1.000000
40	73	1.000000
41	73	1.000000
45	73	1.000000
46	73	1.000000
50	73	1.000000
51	73	1.000000
52	73	1.000000
55	73	1.000000
56	73	1.000000
58	73	1.000000
59	73	1.000000
62	73	1.000000
64	73	1.000000
65	73	1.000000
66	73	1.000000
67	73	1.000000
68	73	1.000000
69	73	1.000000
72	73	1.000000
4	74	1.000000
5	74	1.000000
7	74	1.000000
10	74	1.000000
11	74	1.000000
12	74	1.000000
13	74	1.000000
17	74	1.000000
19	74	1.000000
20	74	1.000000
21	74	1.000000
23	74	1.000000
24	74	1.000000
25	74	1.000000
26	74	1.000000
31	74	1.000000
32	74	1.000000
36	74	1.000000
37	74	1.000000
38	74	1.000000
39	74	1.000000
42	74	1.000000
43	74	1.000000
45	74	1.000000
48	74	1.000000
49	74	1.000000
52	74	1.000000
55	74	1.000000
56	74	1.000000
59	74	1.000000
62	74	1.000000
63	74	1.000000
66	74	1.000000
69	74	1.000000
2	75	1.000000
3	75	1.000000
7	75	1.000000
8	75	1.000000
9	75	1.000000
11	75	1.000000
12	75	1.000000
14	75	1.000000
16	75	1.000000
18	75	1.000000
20	75	1.000000
23	75	1.000000
28	75	1.000000
30	75	1.000000
33	75	1.000000
34	75	1.000000
40	75	1.000000
43	75	1.000000
46	75	1.000000
47	75	1.000000
49	75	1.000000
50	75	1.000000
52	75	1.000000
54	75	1.000000
56	75	1.000000
59	75	1.000000
60	75	1.000000
62	75	1.000000
66	75	1.000000
70	75	1.000000
72	75	1.000000
73	75	1.000000
74	75	1.000000
2	76	1.000000
3	76	1.000000
9	76	1.000000
10	76	1.000000
13	76	1.000000
21	76	1.000000
22	76	1.000000
25	76	1.000000
26	76	1.000000
27	76	1.000000
28	76	1.000000
29	76	1.000000
30	76	1.000000
31	76	1.000000
32	76	1.000000
33	76	1.000000
35	76	1.000000
37	76	1.000000
38	76	1.000000
40	76	1.000000
41	76	1.000000
42	76	1.000000
43	76	1.000000
44	76	1.000000
45	76	1.000000
46	76	1.000000
50	76	1.000000
53	76	1.000000
55	76	1.000000
56	76	1.000000
57	76	1.000000
59	76	1.000000
66	76	1.000000
67	76	1.000000
68	76	1.000000
72	76	1.000000
73	76	1.000000
74	76	1.000000
2	77	1.000000
3	77	1.000000
6	77	1.000000
7	77	1.000000
9	77	1.000000
11	77	1.000000
12	77	1.000000
13	77	1.000000
14	77	1.000000
16	77	1.000000
18	77	1.000000
19	77	1.000000
21	77	1.000000
22	77	1.000000
28	77	1.000000
29	77	1.000000
32	77	1.000000
34	77	1.000000
36	77	1.000000
37	77	1.000000
39	77	1.000000
42	77	1.000000
43	77	1.000000
44	77	1.000000
45	77	1.000000
46	77	1.000000
47	77	1.000000
49	77	1.000000
50	77	1.000000
51	77	1.000000
52	77	1.000000
55	77	1.000000
56	77	1.000000
57	77	1.000000
58	77	1.000000
59	77	1.000000
60	77	1.000000
64	77	1.000000
67	77	1.000000
68	77	1.000000
69	77	1.000000
70	77	1.000000
71	77	1.000000
72	77	1.000000
74	77	1.000000
76	77	1.000000
2	78	1.000000
3	78	1.000000
4	78	1.000000
5	78	1.000000
6	78	1.000000
7	78	1.000000
9	78	1.000000
13	78	1.000000
15	78	1.000000
16	78	1.000000
18	78	1.000000
21	78	1.000000
22	78	1.000000
25	78	1.000000
26	78	1.000000
27	78	1.000000
28	78	1.000000
35	78	1.000000
39	78	1.000000
40	78	1.000000
45	78	1.000000
47	78	1.000000
50	78	1.000000
51	78	1.000000
54	78	1.000000
55	78	1.000000
56	78	1.000000
60	78	1.000000
62	78	1.000000
65	78	1.000000
69	78	1.000000
70	78	1.000000
71	78	1.000000
72	78	1.000000
75	78	1.000000
76	78	1.000000
7	79	1.000000
8	79	1.000000
9	79	1.000000
10	79	1.000000
18	79	1.000000
19	79	1.000000
21	79	1.000000
22	79	1.000000
25	79	1.000000
26	79	1.000000
29	79	1.000000
30	79	1.000000
33	79	1.000000
39	79	1.000000
40	79	1.000000
43	79	1.000000
48	79	1.000000
49	79	1.000000
55	79	1.000000
59	79	1.000000
60	79	1.000000
63	79	1.000000
64	79	1.000000
66	79	1.000000
67	79	1.000000
70	79	1.000000
71	79	1.000000
72	79	1.000000
1	80	1.000000
2	80	1.000000
4	80	1.000000
5	80	1.000000
6	80	1.000000
7	80	1.000000
8	80	1.000000
10	80	1.000000
13	80	1.000000
17	80	1.000000
18	80	1.000000
19	80	1.000000
21	80	1.000000
22	80	1.000000
24	80	1.000000
26	80	1.000000
28	80	1.000000
31	80	1.000000
33	80	1.000000
34	80	1.000000
36	80	1.000000
47	80	1.000000
51	80	1.000000
54	80	1.000000
56	80	1.000000
58	80	1.000000
60	80	1.000000
61	80	1.000000
62	80	1.000000
63	80	1.000000
65	80	1.000000
68	80	1.000000
70	80	1.000000
71	80	1.000000
78	80	1.000000
79	80	1.000000
1	81	1.000000
4	81	1.000000
6	81	1.000000
8	81	1.000000
9	81	1.000000
10	81	1.000000
11	81	1.000000
12	81	1.000000
13	81	1.000000
14	81	1.000000
15	81	1.000000
16	81	1.000000
19	81	1.000000
21	81	1.000000
23	81	1.000000
24	81	1.000000
25	81	1.000000
26	81	1.000000
28	81	1.000000
30	81	1.000000
31	81	1.000000
32	81	1.000000
33	81	1.000000
38	81	1.000000
40	81	1.000000
41	81	1.000000
48	81	1.000000
53	81	1.000000
54	81	1.000000
56	81	1.000000
57	81	1.000000
58	81	1.000000
59	81	1.000000
60	81	1.000000
61	81	1.000000
62	81	1.000000
64	81	1.000000
65	81	1.000000
66	81	1.000000
69	81	1.000000
71	81	1.000000
72	81	1.000000
74	81	1.000000
78	81	1.000000
80	81	1.000000
1	82	1.000000
5	82	1.000000
6	82	1.000000
9	82	1.000000
11	82	1.000000
12	82	1.000000
13	82	1.000000
14	82	1.000000
17	82	1.000000
20	82	1.000000
21	82	1.000000
22	82	1.000000
24	82	1.000000
25	82	1.000000
26	82	1.000000
28	82	1.000000
29	82	1.000000
31	82	1.000000
34	82	1.000000
38	82	1.000000
41	82	1.000000
43	82	1.000000
47	82	1.000000
48	82	1.000000
52	82	1.000000
53	82	1.000000
55	82	1.000000
57	82	1.000000
62	82	1.000000
63	82	1.000000
64	82	1.000000
66	82	1.000000
67	82	1.000000
68	82	1.000000
69	82	1.000000
73	82	1.000000
75	82	1.000000
76	82	1.000000
4	83	1.000000
5	83	1.000000
7	83	1.000000
8	83	1.000000
9	83	1.000000
10	83	1.000000
11	83	1.000000
12	83	1.000000
13	83	1.000000
15	83	1.000000
21	83	1.000000
23	83	1.000000
25	83	1.000000
27	83	1.000000
28	83	1.000000
29	83	1.000000
30	83	1.000000
32	83	1.000000
40	83	1.000000
41	83	1.000000
43	83	1.000000
45	83	1.000000
46	83	1.000000
47	83	1.000000
49	83	1.000000
51	83	1.000000
54	83	1.000000
57	83	1.000000
58	83	1.000000
59	83	1.000000
60	83	1.000000
61	83	1.000000
66	83	1.000000
70	83	1.000000
71	83	1.000000
72	83	1.000000
74	83	1.000000
78	83	1.000000
80	83	1.000000
2	84	1.000000
4	84	1.000000
8	84	1.000000
10	84	1.000000
16	84	1.000000
17	84	1.000000
18	84	1.000000
19	84	1.000000
20	84	1.000000
21	84	1.000000
22	84	1.000000
26	84	1.000000
28	84	1.000000
29	84	1.000000
30	84	1.000000
31	84	1.000000
34	84	1.000000
36	84	1.000000
39	84	1.000000
41	84	1.000000
43	84	1.000000
45	84	1.000000
46	84	1.000000
51	84	1.000000
52	84	1.000000
53	84	1.000000
55	84	1.000000
56	84	1.000000
63	84	1.000000
64	84	1.000000
65	84	1.000000
66	84	1.000000
67	84	1.000000
69	84	1.000000
70	84	1.000000
73	84	1.000000
74	84	1.000000
76	84	1.000000
77	84	1.000000
81	84	1.000000
82	84	1.000000
83	84	1.000000
2	85	1.000000
3	85	1.000000
4	85	1.000000
5	85	1.000000
6	85	1.000000
8	85	1.000000
9	85	1.000000
10	85	1.000000
11	85	1.000000
15	85	1.000000
19	85	1.000000
20	85	1.000000
24	85	1.000000
26	85	1.000000
29	85	1.000000
35	85	1.000000
37	85	1.000000
39	85	1.000000
44	85	1.000000
45	85	1.000000
46	85	1.000000
49	85	1.000000
50	85	1.000000
51	85	1.000000
53	85	1.000000
57	85	1.000000
59	85	1.000000
63	85	1.000000
64	85	1.000000
67	85	1.000000
68	85	1.000000
69	85	1.000000
74	85	1.000000
75	85	1.000000
76	85	1.000000
77	85	1.000000
78	85	1.000000
81	85	1.000000
82	85	1.000000
1	86	1.000000
4	86	1.000000
8	86	1.000000
11	86	1.000000
13	86	1.000000
14	86	1.000000
17	86	1.000000
18	86	1.000000
19	86	1.000000
20	86	1.000000
21	86	1.000000
22	86	1.000000
23	86	1.000000
24	86	1.000000
26	86	1.000000
28	86	1.000000
30	86	1.000000
33	86	1.000000
34	86	1.000000
35	86	1.000000
38	86	1.000000
39	86	1.000000
41	86	1.000000
42	86	1.000000
44	86	1.000000
46	86	1.000000
48	86	1.000000
49	86	1.000000
52	86	1.000000
54	86	1.000000
55	86	1.000000
57	86	1.000000
59	86	1.000000
60	86	1.000000
61	86	1.000000
63	86	1.000000
66	86	1.000000
70	86	1.000000
72	86	1.000000
73	86	1.000000
76	86	1.000000
79	86	1.000000
80	86	1.000000
82	86	1.000000
84	86	1.000000
85	86	1.000000
1	87	1.000000
3	87	1.000000
4	87	1.000000
5	87	1.000000
7	87	1.000000
8	87	1.000000
11	87	1.000000
13	87	1.000000
15	87	1.000000
16	87	1.000000
18	87	1.000000
21	87	1.000000
22	87	1.000000
23	87	1.000000
24	87	1.000000
27	87	1.000000
29	87	1.000000
30	87	1.000000
32	87	1.000000
34	87	1.000000
39	87	1.000000
40	87	1.000000
43	87	1.000000
45	87	1.000000
48	87	1.000000
55	87	1.000000
56	87	1.000000
57	87	1.000000
59	87	1.000000
62	87	1.000000
63	87	1.000000
64	87	1.000000
65	87	1.000000
66	87	1.000000
67	87	1.000000
68	87	1.000000
70	87	1.000000
73	87	1.000000
77	87	1.000000
78	87	1.000000
79	87	1.000000
82	87	1.000000
83	87	1.000000
84	87	1.000000
85	87	1.000000
86	87	1.000000
2	88	1.000000
3	88	1.000000
4	88	1.000000
5	88	1.000000
9	88	1.000000
10	88	1.000000
11	88	1.000000
12	88	1.000000
15	88	1.000000
17	88	1.000000
18	88	1.000000
19	88	1.000000
22	88	1.000000
24	88	1.000000
25	88	1.000000
28	88	1.000000
30	88	1.000000
31	88	1.000000
32	88	1.000000
34	88	1.000000
37	88	1.000000
41	88	1.000000
44	88	1.000000
46	88	1.000000
48	88	1.000000
49	88	1.000000
51	88	1.000000
55	88	1.000000
59	88	1.000000
60	88	1.000000
61	88	1.000000
64	88	1.000000
66	88	1.000000
67	88	1.000000
68	88	1.000000
70	88	1.000000
72	88	1.000000
76	88	1.000000
77	88	1.000000
80	88	1.000000
81	88	1.000000
84	88	1.000000
1	89	1.000000
7	89	1.000000
8	89	1.000000
10	89	1.000000
11	89	1.000000
12	89	1.000000
13	89	1.000000
14	89	1.000000
19	89	1.000000
20	89	1.000000
22	89	1.000000
26	89	1.000000
27	89	1.000000
28	89	1.000000
30	89	1.000000
31	89	1.000000
32	89	1.000000
33	89	1.000000
34	89	1.000000
44	89	1.000000
46	89	1.000000
49	89	1.000000
53	89	1.000000
54	89	1.000000
55	89	1.000000
58	89	1.000000
61	89	1.000000
63	89	1.000000
64	89	1.000000
66	89	1.000000
70	89	1.000000
72	89	1.000000
75	89	1.000000
77	89	1.000000
79	89	1.000000
80	89	1.000000
83	89	1.000000
84	89	1.000000
88	89	1.000000
1	90	1.000000
2	90	1.000000
3	90	1.000000
4	90	1.000000
11	90	1.000000
13	90	1.000000
15	90	1.000000
16	90	1.000000
17	90	1.000000
19	90	1.000000
20	90	1.000000
21	90	1.000000
23	90	1.000000
24	90	1.000000
26	90	1.000000
28	90	1.000000
29	90	1.000000
30	90	1.000000
32	90	1.000000
33	90	1.000000
35	90	1.000000
38	90	1.000000
40	90	1.000000
42	90	1.000000
43	90	1.000000
47	90	1.000000
48	90	1.000000
49	90	1.000000
51	90	1.000000
54	90	1.000000
55	90	1.000000
56	90	1.000000
60	90	1.000000
61	90	1.000000
63	90	1.000000
66	90	1.000000
67	90	1.000000
69	90	1.000000
72	90	1.000000
73	90	1.000000
80	90	1.000000
82	90	1.000000
83	90	1.000000
85	90	1.000000
86	90	1.000000
87	90	1.000000
88	90	1.000000
1	91	1.000000
4	91	1.000000
6	91	1.000000
9	91	1.000000
11	91	1.000000
12	91	1.000000
13	91	1.000000
14	91	1.000000
16	91	1.000000
17	91	1.000000
20	91	1.000000
21	91	1.000000
22	91	1.000000
24	91	1.000000
25	91	1.000000
30	91	1.000000
32	91	1.000000
33	91	1.000000
35	91	1.000000
39	91	1.000000
40	91	1.000000
41	91	1.000000
43	91	1.000000
44	91	1.000000
45	91	1.000000
47	91	1.000000
48	91	1.000000
49	91	1.000000
50	91	1.000000
52	91	1.000000
54	91	1.000000
58	91	1.000000
59	91	1.000000
60	91	1.000000
61	91	1.000000
63	91	1.000000
64	91	1.000000
65	91	1.000000
67	91	1.000000
71	91	1.000000
73	91	1.000000
74	91	1.000000
75	91	1.000000
76	91	1.000000
81	91	1.000000
84	91	1.000000
85	91	1.000000
86	91	1.000000
87	91	1.000000
88	91	1.000000
90	91	1.000000
1	92	1.000000
4	92	1.000000
5	92	1.000000
9	92	1.000000
10	92	1.000000
12	92	1.000000
14	92	1.000000
15	92	1.000000
18	92	1.000000
22	92	1.000000
24	92	1.000000
26	92	1.000000
27	92	1.000000
28	92	1.000000
29	92	1.000000
30	92	1.000000
31	92	1.000000
33	92	1.000000
34	92	1.000000
35	92	1.000000
36	92	1.000000
38	92	1.000000
39	92	1.000000
43	92	1.000000
44	92	1.000000
47	92	1.000000
48	92	1.000000
49	92	1.000000
50	92	1.000000
51	92	1.000000
52	92	1.000000
55	92	1.000000
56	92	1.000000
57	92	1.000000
58	92	1.000000
60	92	1.000000
61	92	1.000000
63	92	1.000000
64	92	1.000000
68	92	1.000000
70	92	1.000000
71	92	1.000000
72	92	1.000000
73	92	1.000000
74	92	1.000000
75	92	1.000000
76	92	1.000000
77	92	1.000000
79	92	1.000000
80	92	1.000000
81	92	1.000000
82	92	1.000000
86	92	1.000000
87	92	1.000000
88	92	1.000000
90	92	1.000000
91	92	1.000000
2	93	1.000000
5	93	1.000000
8	93	1.000000
9	93	1.000000
16	93	1.000000
17	93	1.000000
22	93	1.000000
24	93	1.000000
25	93	1.000000
26	93	1.000000
29	93	1.000000
30	93	1.000000
31	93	1.000000
33	93	1.000000
34	93	1.000000
36	93	1.000000
39	93	1.000000
41	93	1.000000
42	93	1.000000
44	93	1.000000
45	93	1.000000
50	93	1.000000
52	93	1.000000
53	93	1.000000
55	93	1.000000
59	93	1.000000
60	93	1.000000
62	93	1.000000
63	93	1.000000
65	93	1.000000
67	93	1.000000
70	93	1.000000
73	93	1.000000
75	93	1.000000
76	93	1.000000
77	93	1.000000
82	93	1.000000
83	93	1.000000
84	93	1.000000
85	93	1.000000
89	93	1.000000
90	93	1.000000
6	94	1.000000
12	94	1.000000
15	94	1.000000
16	94	1.000000
17	94	1.000000
18	94	1.000000
21	94	1.000000
23	94	1.000000
24	94	1.000000
26	94	1.000000
30	94	1.000000
31	94	1.000000
34	94	1.000000
37	94	1.000000
38	94	1.000000
41	94	1.000000
44	94	1.000000
45	94	1.000000
46	94	1.000000
48	94	1.000000
50	94	1.000000
55	94	1.000000
56	94	1.000000
58	94	1.000000
59	94	1.000000
60	94	1.000000
62	94	1.000000
63	94	1.000000
64	94	1.000000
65	94	1.000000
67	94	1.000000
68	94	1.000000
69	94	1.000000
71	94	1.000000
73	94	1.000000
78	94	1.000000
80	94	1.000000
81	94	1.000000
83	94	1.000000
84	94	1.000000
91	94	1.000000
1	95	1.000000
3	95	1.000000
4	95	1.000000
5	95	1.000000
6	95	1.000000
8	95	1.000000
9	95	1.000000
16	95	1.000000
17	95	1.000000
18	95	1.000000
22	95	1.000000
23	95	1.000000
25	95	1.000000
29	95	1.000000
31	95	1.000000
32	95	1.000000
33	95	1.000000
36	95	1.000000
38	95	1.000000
45	95	1.000000
46	95	1.000000
48	95	1.000000
49	95	1.000000
50	95	1.000000
51	95	1.000000
53	95	1.000000
55	95	1.000000
56	95	1.000000
59	95	1.000000
61	95	1.000000
65	95	1.000000
67	95	1.000000
68	95	1.000000
72	95	1.000000
73	95	1.000000
79	95	1.000000
81	95	1.000000
82	95	1.000000
85	95	1.000000
86	95	1.000000
88	95	1.000000
91	95	1.000000
92	95	1.000000
94	95	1.000000
1	96	1.000000
3	96	1.000000
4	96	1.000000
6	96	1.000000
11	96	1.000000
12	96	1.000000
13	96	1.000000
15	96	1.000000
16	96	1.000000
17	96	1.000000
18	96	1.000000
24	96	1.000000
26	96	1.000000
31	96	1.000000
33	96	1.000000
36	96	1.000000
39	96	1.000000
40	96	1.000000
43	96	1.000000
44	96	1.000000
45	96	1.000000
49	96	1.000000
50	96	1.000000
51	96	1.000000
52	96	1.000000
54	96	1.000000
55	96	1.000000
56	96	1.000000
57	96	1.000000
59	96	1.000000
60	96	1.000000
62	96	1.000000
65	96	1.000000
67	96	1.000000
69	96	1.000000
70	96	1.000000
72	96	1.000000
73	96	1.000000
74	96	1.000000
75	96	1.000000
76	96	1.000000
78	96	1.000000
79	96	1.000000
81	96	1.000000
82	96	1.000000
83	96	1.000000
84	96	1.000000
94	96	1.000000
95	96	1.000000
1	97	1.000000
4	97	1.000000
6	97	1.000000
13	97	1.000000
14	97	1.000000
21	97	1.000000
23	97	1.000000
25	97	1.000000
26	97	1.000000
28	97	1.000000
29	97	1.000000
31	97	1.000000
32	97	1.000000
33	97	1.000000
34	97	1.000000
36	97	1.000000
39	97	1.000000
40	97	1.000000
49	97	1.000000
51	97	1.000000
56	97	1.000000
58	97	1.000000
60	97	1.000000
66	97	1.000000
69	97	1.000000
72	97	1.000000
73	97	1.000000
74	97	1.000000
75	97	1.000000
78	97	1.000000
79	97	1.000000
80	97	1.000000
85	97	1.000000
86	97	1.000000
89	97	1.000000
91	97	1.000000
94	97	1.000000
96	97	1.000000
4	98	1.000000
6	98	1.000000
9	98	1.000000
13	98	1.000000
15	98	1.000000
16	98	1.000000
17	98	1.000000
18	98	1.000000
19	98	1.000000
20	98	1.000000
21	98	1.000000
22	98	1.000000
25	98	1.000000
27	98	1.000000
29	98	1.000000
32	98	1.000000
33	98	1.000000
37	98	1.000000
38	98	1.000000
39	98	1.000000
40	98	1.000000
41	98	1.000000
42	98	1.000000
44	98	1.000000
46	98	1.000000
48	98	1.000000
49	98	1.000000
51	98	1.000000
53	98	1.000000
54	98	1.000000
57	98	1.000000
60	98	1.000000
62	98	1.000000
63	98	1.000000
64	98	1.000000
67	98	1.000000
69	98	1.000000
71	98	1.000000
72	98	1.000000
73	98	1.000000
74	98	1.000000
75	98	1.000000
77	98	1.000000
78	98	1.000000
79	98	1.000000
80	98	1.000000
81	98	1.000000
85	98	1.000000
87	98	1.000000
88	98	1.000000
90	98	1.000000
91	98	1.000000
92	98	1.000000
93	98	1.000000
96	98	1.000000
97	98	1.000000
3	99	1.000000
4	99	1.000000
5	99	1.000000
7	99	1.000000
9	99	1.000000
10	99	1.000000
13	99	1.000000
14	99	1.000000
17	99	1.000000
18	99	1.000000
21	99	1.000000
22	99	1.000000
25	99	1.000000
29	99	1.000000
33	99	1.000000
34	99	1.000000
35	99	1.000000
38	99	1.000000
40	99	1.000000
43	99	1.000000
45	99	1.000000
47	99	1.000000
48	99	1.000000
49	99	1.000000
53	99	1.000000
54	99	1.000000
55	99	1.000000
58	99	1.000000
59	99	1.000000
60	99	1.000000
63	99	1.000000
66	99	1.000000
69	99	1.000000
70	99	1.000000
75	99	1.000000
76	99	1.000000
77	99	1.000000
78	99	1.000000
80	99	1.000000
82	99	1.000000
85	99	1.000000
87	99	1.000000
88	99	1.000000
92	99	1.000000
94	99	1.000000
96	99	1.000000
2	100	1.000000
3	100	1.000000
5	100	1.000000
7	100	1.000000
8	100	1.000000
11	100	1.000000
13	100	1.000000
14	100	1.000000
18	100	1.000000
21	100	1.000000
23	100	1.000000
27	100	1.000000
30	100	1.000000
31	100	1.000000
32	100	1.000000
33	100	1.000000
34	100	1.000000
36	100	1.000000
39	100	1.000000
40	100	1.000000
42	100	1.000000
45	100	1.000000
47	100	1.000000
51	100	1.000000
54	100	1.000000
57	100	1.000000
58	100	1.000000
60	100	1.000000
62	100	1.000000
66	100	1.000000
67	100	1.000000
68	100	1.000000
70	100	1.000000
72	100	1.000000
73	100	1.000000
74	100	1.000000
75	100	1.000000
76	100	1.000000
77	100	1.000000
78	100	1.000000
80	100	1.000000
81	100	1.000000
83	100	1.000000
85	100	1.000000
88	100	1.000000
94	100	1.000000
95	100	1.000000
