100	2475
1	5	1.000000
2	5	1.000000
3	5	1.000000
3	6	1.000000
4	6	1.000000
5	6	1.000000
2	7	1.000000
5	7	1.000000
6	7	1.000000
1	8	1.000000
4	8	1.000000
5	8	1.000000
6	8	1.000000
1	9	1.000000
2	9	1.000000
8	9	1.000000
1	10	1.000000
2	10	1.000000
3	10	1.000000
5	10	1.000000
7	10	1.000000
9	10	1.000000
1	11	1.000000
2	11	1.000000
6	11	1.000000
8	11	1.000000
10	11	1.000000
2	12	1.000000
3	12	1.000000
5	12	1.000000
9	12	1.000000
4	13	1.000000
5	13	1.000000
6	13	1.000000
8	13	1.000000
9	13	1.000000
10	13	1.000000
11	13	1.000000
12	13	1.000000
2	14	1.000000
3	14	1.000000
5	14	1.000000
10	14	1.000000
11	14	1.000000
13	14	1.000000
1	15	1.000000
3	15	1.000000
5	15	1.000000
6	15	1.000000
10	15	1.000000
13	15	1.000000
14	15	1.000000
4	16	1.000000
7	16	1.000000
10	16	1.000000
13	16	1.000000
2	17	1.000000
3	17	1.000000
6	17	1.000000
7	17	1.000000
9	17	1.000000
10	17	1.000000
13	17	1.000000
15	17	1.000000
1	18	1.000000
2	18	1.000000
4	18	1.000000
5	18	1.000000
6	18	1.000000
8	18	1.000000
11	18	1.000000
17	18	1.000000
1	19	1.000000
3	19	1.000000
4	19	1.000000
8	19	1.000000
9	19	1.000000
10	19	1.000000
11	19	1.000000
12	19	1.000000
13	19	1.000000
17	19	1.000000
18	19	1.000000
2	20	1.000000
3	20	1.000000
4	20	1.000000
5	20	1.000000
7	20	1.000000
8	20	1.000000
9	20	1.000000
12	20	1.000000
15	20	1.000000
18	20	1.000000
19	20	1.000000
3	21	1.000000
4	21	1.000000
7	21	1.000000
14	21	1.000000
15	21	1.000000
17	21	1.000000
19	21	1.000000
1	22	1.000000
4	22	1.000000
8	22	1.000000
10	22	1.000000
11	22	1.000000
14	22	1.000000
16	22	1.000000
18	22	1.000000
1	23	1.000000
4	23	1.000000
6	23	1.000000
7	23	1.000000
9	23	1.000000
11	23	1.000000
12	23	1.000000
17	23	1.000000
18	23	1.000000
19	23	1.000000
20	23	1.000000
21	23	1.000000
22	23	1.000000
2	24	1.000000
3	24	1.000000
4	24	1.000000
6	24	1.000000
13	24	1.000000
14	24	1.000000
15	24	1.000000
17	24	1.000000
18	24	1.000000
22	24	1.000000
2	25	1.000000
5	25	1.000000
8	25	1.000000
9	25	1.000000
11	25	1.000000
12	25	1.000000
16	25	1.000000
18	25	1.000000
20	25	1.000000
23	25	1.000000
24	25	1.000000
3	26	1.000000
6	26	1.000000
9	26	1.000000
11	26	1.000000
13	26	1.000000
14	26	1.000000
18	26	1.000000
22	26	1.000000
23	26	1.000000
2	27	1.000000
3	27	1.000000
4	27	1.000000
7	27	1.000000
8	27	1.000000
11	27	1.000000
13	27	1.000000
16	27	1.000000
17	27	1.000000
18	27	1.000000
22	27	1.000000
25	27	1.000000
1	28	1.000000
2	28	1.000000
4	28	1.000000
5	28	1.000000
6	28	1.000000
9	28	1.000000
10	28	1.000000
12	28	1.000000
14	28	1.000000
15	28	1.000000
16	28	1.000000
18	28	1.000000
23	28	1.000000
25	28	1.000000
27	28	1.000000
1	29	1.000000
3	29	1.000000
5	29	1.000000
11	29	1.000000
13	29	1.000000
16	29	1.000000
18	29	1.000000
19	29	1.000000
20	29	1.000000
21	29	1.000000
22	29	1.000000
24	29	1.000000
26	29	1.000000
27	29	1.000000
28	29	1.000000
3	30	1.000000
4	30	1.000000
6	30	1.000000
7	30	1.000000
8	30	1.000000
9	30	1.000000
10	30	1.000000
12	30	1.000000
14	30	1.000000
18	30	1.000000
19	30	1.000000
21	30	1.000000
22	30	1.000000
24	30	1.000000
25	30	1.000000
27	30	1.000000
29	30	1.000000
1	31	1.000000
2	31	1.000000
3	31	1.000000
8	31	1.000000
9	31	1.000000
14	31	1.000000
15	31	1.000000
16	31	1.000000
17	31	1.000000
19	31	1.000000
20	31	1.000000
21	31	1.000000
22	31	1.000000
24	31	1.000000
25	31	1.000000
28	31	1.000000
30	31	1.000000
2	32	1.000000
5	32	1.000000
6	32	1.000000
10	32	1.000000
12	32	1.000000
17	32	1.000000
18	32	1.000000
19	32	1.000000
20	32	1.000000
26	32	1.000000
27	32	1.000000
28	32	1.000000
29	32	1.000000
1	33	1.000000
2	33	1.000000
4	33	1.000000
5	33	1.000000
10	33	1.000000
11	33	1.000000
12	33	1.000000
13	33	1.000000
14	33	1.000000
16	33	1.000000
20	33	1.000000
22	33	1.000000
24	33	1.000000
25	33	1.000000
27	33	1.000000
28	33	1.000000
31	33	1.000000
5	34	1.000000
6	34	1.000000
8	34	1.000000
9	34	1.000000
10	34	1.000000
11	34	1.000000
14	34	1.000000
17	34	1.000000
19	34	1.000000
22	34	1.000000
25	34	1.000000
26	34	1.000000
28	34	1.000000
30	34	1.000000
31	34	1.000000
33	34	1.000000
3	35	1.000000
11	35	1.000000
14	35	1.000000
17	35	1.000000
21	35	1.000000
22	35	1.000000
24	35	1.000000
26	35	1.000000
29	35	1.000000
30	35	1.000000
31	35	1.000000
33	35	1.000000
34	35	1.000000
1	36	1.000000
2	36	1.000000
3	36	1.000000
4	36	1.000000
8	36	1.000000
10	36	1.000000
13	36	1.000000
16	36	1.000000
18	36	1.000000
19	36	1.000000
21	36	1.000000
22	36	1.000000
23	36	1.000000
25	36	1.000000
26	36	1.000000
30	36	1.000000
31	36	1.000000
32	36	1.000000
33	36	1.000000
34	36	1.000000
2	37	1.000000
3	37	1.000000
5	37	1.000000
6	37	1.000000
8	37	1.000000
12	37	1.000000
15	37	1.000000
16	37	1.000000
17	37	1.000000
18	37	1.000000
20	37	1.000000
21	37	1.000000
22	37	1.000000
24	37	1.000000
26	37	1.000000
31	37	1.000000
32	37	1.000000
2	38	1.000000
3	38	1.000000
4	38	1.000000
7	38	1.000000
9	38	1.000000
10	38	1.000000
11	38	1.000000
13	38	1.000000
14	38	1.000000
15	38	1.000000
17	38	1.000000
21	38	1.000000
22	38	1.000000
23	38	1.000000
25	38	1.000000
26	38	1.000000
27	38	1.000000
29	38	1.000000
30	38	1.000000
34	38	1.000000
35	38	1.000000
37	38	1.000000
1	39	1.000000
4	39	1.000000
6	39	1.000000
7	39	1.000000
9	39	1.000000
10	39	1.000000
11	39	1.000000
12	39	1.000000
13	39	1.000000
14	39	1.000000
17	39	1.000000
20	39	1.000000
21	39	1.000000
22	39	1.000000
25	39	1.000000
29	39	1.000000
30	39	1.000000
31	39	1.000000
32	39	1.000000
34	39	1.000000
37	39	1.000000
38	39	1.000000
1	40	1.000000
2	40	1.000000
7	40	1.000000
9	40	1.000000
11	40	1.000000
12	40	1.000000
13	40	1.000000
14	40	1.000000
16	40	1.000000
18	40	1.000000
20	40	1.000000
21	40	1.000000
22	40	1.000000
23	40	1.000000
25	40	1.000000
27	40	1.000000
30	40	1.000000
34	40	1.000000
35	40	1.000000
36	40	1.000000
1	41	1.000000
2	41	1.000000
3	41	1.000000
4	41	1.000000
5	41	1.000000
7	41	1.000000
12	41	1.000000
13	41	1.000000
17	41	1.000000
18	41	1.000000
20	41	1.000000
23	41	1.000000
24	41	1.000000
27	41	1.000000
28	41	1.000000
30	41	1.000000
31	41	1.000000
33	41	1.000000
35	41	1.000000
36	41	1.000000
37	41	1.000000
38	41	1.000000
3	42	1.000000
4	42	1.000000
8	42	1.000000
15	42	1.000000
16	42	1.000000
17	42	1.000000
18	42	1.000000
19	42	1.000000
21	42	1.000000
23	42	1.000000
31	42	1.000000
34	42	1.000000
38	42	1.000000
39	42	1.000000
40	42	1.000000
41	42	1.000000
1	43	1.000000
2	43	1.000000
3	43	1.000000
4	43	1.000000
6	43	1.000000
7	43	1.000000
9	43	1.000000
10	43	1.000000
16	43	1.000000
18	43	1.000000
20	43	1.000000
22	43	1.000000
23	43	1.000000
25	43	1.000000
29	43	1.000000
30	43	1.000000
33	43	1.000000
35	43	1.000000
37	43	1.000000
38	43	1.000000
39	43	1.000000
42	43	1.000000
4	44	1.000000
9	44	1.000000
14	44	1.000000
15	44	1.000000
16	44	1.000000
22	44	1.000000
23	44	1.000000
26	44	1.000000
27	44	1.000000
28	44	1.000000
30	44	1.000000
32	44	1.000000
33	44	1.000000
35	44	1.000000
36	44	1.000000
37	44	1.000000
39	44	1.000000
40	44	1.000000
41	44	1.000000
43	44	1.000000
1	45	1.000000
2	45	1.000000
3	45	1.000000
5	45	1.000000
6	45	1.000000
10	45	1.000000
11	45	1.000000
13	45	1.000000
24	45	1.000000
26	45	1.000000
31	45	1.000000
34	45	1.000000
35	45	1.000000
37	45	1.000000
39	45	1.000000
41	45	1.000000
43	45	1.000000
1	46	1.000000
3	46	1.000000
4	46	1.000000
5	46	1.000000
6	46	1.000000
7	46	1.000000
8	46	1.000000
9	46	1.000000
10	46	1.000000
13	46	1.000000
15	46	1.000000
17	46	1.000000
20	46	1.000000
21	46	1.000000
24	46	1.000000
26	46	1.000000
27	46	1.000000
29	46	1.000000
34	46	1.000000
35	46	1.000000
36	46	1.000000
39	46	1.000000
40	46	1.000000
41	46	1.000000
44	46	1.000000
1	47	1.000000
7	47	1.000000
8	47	1.000000
9	47	1.000000
10	47	1.000000
11	47	1.000000
14	47	1.000000
16	47	1.000000
19	47	1.000000
20	47	1.000000
21	47	1.000000
24	47	1.000000
25	47	1.000000
26	47	1.000000
27	47	1.000000
29	47	1.000000
30	47	1.000000
33	47	1.000000
34	47	1.000000
35	47	1.000000
36	47	1.000000
37	47	1.000000
39	47	1.000000
42	47	1.000000
43	47	1.000000
44	47	1.000000
45	47	1.000000
4	48	1.000000
5	48	1.000000
6	48	1.000000
8	48	1.000000
9	48	1.000000
10	48	1.000000
13	48	1.000000
14	48	1.000000
16	48	1.000000
17	48	1.000000
18	48	1.000000
19	48	1.000000
22	48	1.000000
23	48	1.000000
25	48	1.000000
27	48	1.000000
29	48	1.000000
30	48	1.000000
36	48	1.000000
37	48	1.000000
38	48	1.000000
40	48	1.000000
43	48	1.000000
45	48	1.000000
46	48	1.000000
2	49	1.000000
4	49	1.000000
7	49	1.000000
8	49	1.000000
9	49	1.000000
11	49	1.000000
12	49	1.000000
13	49	1.000000
14	49	1.000000
15	49	1.000000
16	49	1.000000
17	49	1.000000
18	49	1.000000
20	49	1.000000
21	49	1.000000
24	49	1.000000
25	49	1.000000
27	49	1.000000
28	49	1.000000
30	49	1.000000
31	49	1.000000
35	49	1.000000
37	49	1.000000
41	49	1.000000
42	49	1.000000
43	49	1.000000
44	49	1.000000
47	49	1.000000
48	49	1.000000
1	50	1.000000
4	50	1.000000
5	50	1.000000
9	50	1.000000
10	50	1.000000
11	50	1.000000
13	50	1.000000
15	50	1.000000
17	50	1.000000
19	50	1.000000
21	50	1.000000
24	50	1.000000
26	50	1.000000
28	50	1.000000
29	50	1.000000
30	50	1.000000
31	50	1.000000
32	50	1.000000
34	50	1.000000
35	50	1.000000
40	50	1.000000
42	50	1.000000
44	50	1.000000
46	50	1.000000
47	50	1.000000
49	50	1.000000
1	51	1.000000
3	51	1.000000
5	51	1.000000
7	51	1.000000
8	51	1.000000
10	51	1.000000
11	51	1.000000
13	51	1.000000
14	51	1.000000
16	51	1.000000
17	51	1.000000
23	51	1.000000
26	51	1.000000
27	51	1.000000
28	51	1.000000
30	51	1.000000
32	51	1.000000
33	51	1.000000
34	51	1.000000
37	51	1.000000
39	51	1.000000
41	51	1.000000
43	51	1.000000
45	51	1.000000
46	51	1.000000
47	51	1.000000
49	51	1.000000
50	51	1.000000
5	52	1.000000
7	52	1.000000
9	52	1.000000
11	52	1.000000
15	52	1.000000
16	52	1.000000
18	52	1.000000
19	52	1.000000
22	52	1.000000
28	52	1.000000
30	52	1.000000
32	52	1.000000
33	52	1.000000
35	52	1.000000
36	52	1.000000
37	52	1.000000
38	52	1.000000
39	52	1.000000
40	52	1.000000
45	52	1.000000
48	52	1.000000
50	52	1.000000
51	52	1.000000
1	53	1.000000
3	53	1.000000
5	53	1.000000
6	53	1.000000
8	53	1.000000
9	53	1.000000
11	53	1.000000
12	53	1.000000
14	53	1.000000
15	53	1.000000
16	53	1.000000
20	53	1.000000
21	53	1.000000
23	53	1.000000
27	53	1.000000
28	53	1.000000
29	53	1.000000
31	53	1.000000
35	53	1.000000
36	53	1.000000
40	53	1.000000
42	53	1.000000
45	53	1.000000
46	53	1.000000
48	53	1.000000
50	53	1.000000
51	53	1.000000
1	54	1.000000
2	54	1.000000
3	54	1.000000
6	54	1.000000
7	54	1.000000
8	54	1.000000
9	54	1.000000
11	54	1.000000
12	54	1.000000
13	54	1.000000
14	54	1.000000
20	54	1.000000
21	54	1.000000
22	54	1.000000
24	54	1.000000
25	54	1.000000
28	54	1.000000
29	54	1.000000
31	54	1.000000
34	54	1.000000
36	54	1.000000
41	54	1.000000
42	54	1.000000
46	54	1.000000
47	54	1.000000
51	54	1.000000
53	54	1.000000
1	55	1.000000
3	55	1.000000
5	55	1.000000
6	55	1.000000
8	55	1.000000
9	55	1.000000
10	55	1.000000
11	55	1.000000
12	55	1.000000
14	55	1.000000
17	55	1.000000
18	55	1.000000
20	55	1.000000
22	55	1.000000
24	55	1.000000
25	55	1.000000
27	55	1.000000
29	55	1.000000
31	55	1.000000
34	55	1.000000
36	55	1.000000
39	55	1.000000
40	55	1.000000
43	55	1.000000
46	55	1.000000
48	55	1.000000
50	55	1.000000
51	55	1.000000
52	55	1.000000
53	55	1.000000
4	56	1.000000
8	56	1.000000
10	56	1.000000
13	56	1.000000
14	56	1.000000
16	56	1.000000
18	56	1.000000
20	56	1.000000
23	56	1.000000
24	56	1.000000
26	56	1.000000
27	56	1.000000
28	56	1.000000
29	56	1.000000
30	56	1.000000
34	56	1.000000
37	56	1.000000
38	56	1.000000
39	56	1.000000
40	56	1.000000
42	56	1.000000
43	56	1.000000
44	56	1.000000
47	56	1.000000
48	56	1.000000
51	56	1.000000
55	56	1.000000
2	57	1.000000
4	57	1.000000
5	57	1.000000
9	57	1.000000
11	57	1.000000
13	57	1.000000
15	57	1.000000
21	57	1.000000
22	57	1.000000
23	57	1.000000
26	57	1.000000
28	57	1.000000
30	57	1.000000
34	57	1.000000
36	57	1.000000
38	57	1.000000
40	57	1.000000
41	57	1.000000
43	57	1.000000
50	57	1.000000
54	57	1.000000
10	58	1.000000
11	58	1.000000
12	58	1.000000
13	58	1.000000
14	58	1.000000
15	58	1.000000
16	58	1.000000
17	58	1.000000
18	58	1.000000
22	58	1.000000
24	58	1.000000
26	58	1.000000
29	58	1.000000
31	58	1.000000
32	58	1.000000
33	58	1.000000
34	58	1.000000
36	58	1.000000
37	58	1.000000
39	58	1.000000
43	58	1.000000
46	58	1.000000
49	58	1.000000
50	58	1.000000
54	58	1.000000
57	58	1.000000
1	59	1.000000
5	59	1.000000
8	59	1.000000
11	59	1.000000
13	59	1.000000
14	59	1.000000
16	59	1.000000
17	59	1.000000
23	59	1.000000
25	59	1.000000
28	59	1.000000
30	59	1.000000
31	59	1.000000
34	59	1.000000
35	59	1.000000
36	59	1.000000
37	59	1.000000
38	59	1.000000
39	59	1.000000
41	59	1.000000
43	59	1.000000
47	59	1.000000
49	59	1.000000
50	59	1.000000
53	59	1.000000
57	59	1.000000
1	60	1.000000
3	60	1.000000
4	60	1.000000
7	60	1.000000
8	60	1.000000
10	60	1.000000
11	60	1.000000
12	60	1.000000
13	60	1.000000
14	60	1.000000
16	60	1.000000
19	60	1.000000
20	60	1.000000
21	60	1.000000
22	60	1.000000
24	60	1.000000
25	60	1.000000
28	60	1.000000
29	60	1.000000
30	60	1.000000
31	60	1.000000
38	60	1.000000
39	60	1.000000
40	60	1.000000
42	60	1.000000
44	60	1.000000
45	60	1.000000
46	60	1.000000
53	60	1.000000
54	60	1.000000
57	60	1.000000
58	60	1.000000
59	60	1.000000
2	61	1.000000
3	61	1.000000
9	61	1.000000
12	61	1.000000
15	61	1.000000
16	61	1.000000
17	61	1.000000
19	61	1.000000
20	61	1.000000
24	61	1.000000
25	61	1.000000
26	61	1.000000
27	61	1.000000
32	61	1.000000
33	61	1.000000
34	61	1.000000
37	61	1.000000
41	61	1.000000
42	61	1.000000
43	61	1.000000
45	61	1.000000
48	61	1.000000
51	61	1.000000
53	61	1.000000
57	61	1.000000
58	61	1.000000
59	61	1.000000
1	62	1.000000
3	62	1.000000
5	62	1.000000
7	62	1.000000
9	62	1.000000
13	62	1.000000
15	62	1.000000
16	62	1.000000
17	62	1.000000
18	62	1.000000
20	62	1.000000
23	62	1.000000
26	62	1.000000
27	62	1.000000
31	62	1.000000
33	62	1.000000
35	62	1.000000
36	62	1.000000
39	62	1.000000
41	62	1.000000
43	62	1.000000
44	62	1.000000
48	62	1.000000
49	62	1.000000
51	62	1.000000
54	62	1.000000
56	62	1.000000
57	62	1.000000
58	62	1.000000
61	62	1.000000
1	63	1.000000
2	63	1.000000
4	63	1.000000
5	63	1.000000
8	63	1.000000
14	63	1.000000
15	63	1.000000
17	63	1.000000
18	63	1.000000
21	63	1.000000
26	63	1.000000
29	63	1.000000
34	63	1.000000
36	63	1.000000
37	63	1.000000
38	63	1.000000
44	63	1.000000
45	63	1.000000
48	63	1.000000
50	63	1.000000
53	63	1.000000
54	63	1.000000
56	63	1.000000
57	63	1.000000
58	63	1.000000
59	63	1.000000
62	63	1.000000
1	64	1.000000
5	64	1.000000
6	64	1.000000
7	64	1.000000
12	64	1.000000
13	64	1.000000
16	64	1.000000
17	64	1.000000
18	64	1.000000
19	64	1.000000
21	64	1.000000
23	64	1.000000
25	64	1.000000
27	64	1.000000
28	64	1.000000
30	64	1.000000
31	64	1.000000
35	64	1.000000
36	64	1.000000
38	64	1.000000
41	64	1.000000
42	64	1.000000
43	64	1.000000
44	64	1.000000
45	64	1.000000
46	64	1.000000
47	64	1.000000
48	64	1.000000
51	64	1.000000
53	64	1.000000
54	64	1.000000
56	64	1.000000
57	64	1.000000
58	64	1.000000
59	64	1.000000
60	64	1.000000
62	64	1.000000
2	65	1.000000
3	65	1.000000
4	65	1.000000
5	65	1.000000
6	65	1.000000
7	65	1.000000
8	65	1.000000
14	65	1.000000
15	65	1.000000
20	65	1.000000
21	65	1.000000
22	65	1.000000
23	65	1.000000
26	65	1.000000
28	65	1.000000
29	65	1.000000
31	65	1.000000
33	65	1.000000
34	65	1.000000
38	65	1.000000
39	65	1.000000
40	65	1.000000
41	65	1.000000
42	65	1.000000
44	65	1.000000
45	65	1.000000
47	65	1.000000
48	65	1.000000
50	65	1.000000
52	65	1.000000
54	65	1.000000
56	65	1.000000
59	65	1.000000
61	65	1.000000
63	65	1.000000
64	65	1.000000
2	66	1.000000
4	66	1.000000
6	66	1.000000
7	66	1.000000
8	66	1.000000
9	66	1.000000
10	66	1.000000
11	66	1.000000
17	66	1.000000
19	66	1.000000
21	66	1.000000
22	66	1.000000
23	66	1.000000
24	66	1.000000
26	66	1.000000
27	66	1.000000
28	66	1.000000
29	66	1.000000
33	66	1.000000
34	66	1.000000
42	66	1.000000
43	66	1.000000
45	66	1.000000
46	66	1.000000
50	66	1.000000
52	66	1.000000
55	66	1.000000
61	66	1.000000
62	66	1.000000
63	66	1.000000
65	66	1.000000
2	67	1.000000
3	67	1.000000
5	67	1.000000
6	67	1.000000
9	67	1.000000
12	67	1.000000
13	67	1.000000
14	67	1.000000
15	67	1.000000
17	67	1.000000
19	67	1.000000
21	67	1.000000
22	67	1.000000
23	67	1.000000
24	67	1.000000
27	67	1.000000
28	67	1.000000
29	67	1.000000
30	67	1.000000
33	67	1.000000
34	67	1.000000
36	67	1.000000
37	67	1.000000
38	67	1.000000
40	67	1.000000
41	67	1.000000
43	67	1.000000
44	67	1.000000
45	67	1.000000
46	67	1.000000
47	67	1.000000
48	67	1.000000
49	67	1.000000
52	67	1.000000
53	67	1.000000
55	67	1.000000
60	67	1.000000
61	67	1.000000
62	67	1.000000
63	67	1.000000
64	67	1.000000
66	67	1.000000
3	68	1.000000
4	68	1.000000
5	68	1.000000
7	68	1.000000
8	68	1.000000
9	68	1.000000
10	68	1.000000
11	68	1.000000
13	68	1.000000
14	68	1.000000
16	68	1.000000
20	68	1.000000
24	68	1.000000
25	68	1.000000
27	68	1.000000
28	68	1.000000
29	68	1.000000
30	68	1.000000
31	68	1.000000
35	68	1.000000
36	68	1.000000
38	68	1.000000
40	68	1.000000
42	68	1.000000
43	68	1.000000
45	68	1.000000
48	68	1.000000
49	68	1.000000
51	68	1.000000
52	68	1.000000
54	68	1.000000
56	68	1.000000
57	68	1.000000
59	68	1.000000
63	68	1.000000
64	68	1.000000
65	68	1.000000
66	68	1.000000
1	69	1.000000
3	69	1.000000
4	69	1.000000
8	69	1.000000
9	69	1.000000
13	69	1.000000
14	69	1.000000
16	69	1.000000
19	69	1.000000
20	69	1.000000
22	69	1.000000
24	69	1.000000
27	69	1.000000
31	69	1.000000
34	69	1.000000
35	69	1.000000
36	69	1.000000
38	69	1.000000
40	69	1.000000
46	69	1.000000
49	69	1.000000
51	69	1.000000
54	69	1.000000
55	69	1.000000
56	69	1.000000
58	69	1.000000
60	69	1.000000
61	69	1.000000
62	69	1.000000
63	69	1.000000
64	69	1.000000
65	69	1.000000
67	69	1.000000
2	70	1.000000
3	70	1.000000
5	70	1.000000
7	70	1.000000
9	70	1.000000
12	70	1.000000
13	70	1.000000
14	70	1.000000
15	70	1.000000
17	70	1.000000
25	70	1.000000
27	70	1.000000
28	70	1.000000
31	70	1.000000
34	70	1.000000
35	70	1.000000
37	70	1.000000
40	70	1.000000
41	70	1.000000
43	70	1.000000
45	70	1.000000
52	70	1.000000
54	70	1.000000
55	70	1.000000
56	70	1.000000
60	70	1.000000
63	70	1.000000
64	70	1.000000
65	70	1.000000
66	70	1.000000
68	70	1.000000
69	70	1.000000
1	71	1.000000
2	71	1.000000
6	71	1.000000
13	71	1.000000
17	71	1.000000
18	71	1.000000
20	71	1.000000
21	71	1.000000
25	71	1.000000
27	71	1.000000
30	71	1.000000
32	71	1.000000
35	71	1.000000
36	71	1.000000
41	71	1.000000
42	71	1.000000
43	71	1.000000
44	71	1.000000
45	71	1.000000
46	71	1.000000
48	71	1.000000
50	71	1.000000
51	71	1.000000
52	71	1.000000
53	71	1.000000
54	71	1.000000
55	71	1.000000
56	71	1.000000
58	71	1.000000
64	71	1.000000
65	71	1.000000
70	71	1.000000
2	72	1.000000
5	72	1.000000
6	72	1.000000
7	72	1.000000
8	72	1.000000
9	72	1.000000
10	72	1.000000
11	72	1.000000
13	72	1.000000
15	72	1.000000
16	72	1.000000
18	72	1.000000
20	72	1.000000
26	72	1.000000
27	72	1.000000
28	72	1.000000
33	72	1.000000
38	72	1.000000
41	72	1.000000
43	72	1.000000
44	72	1.000000
45	72	1.000000
46	72	1.000000
47	72	1.000000
48	72	1.000000
49	72	1.000000
50	72	1.000000
51	72	1.000000
55	72	1.000000
57	72	1.000000
58	72	1.000000
59	72	1.000000
60	72	1.000000
61	72	1.000000
66	72	1.000000
68	72	1.000000
69	72	1.000000
1	73	1.000000
8	73	1.000000
11	73	1.000000
12	73	1.000000
14	73	1.000000
15	73	1.000000
16	73	1.000000
17	73	1.000000
21	73	1.000000
22	73	1.000000
23	73	1.000000
24	73	1.000000
25	73	1.000000
29	73	1.000000
31	73	1.000000
33	73	1.000000
35	73	1.000000
39	73	1.000000
43	73	1.000000
44	73	1.000000
45	73	1.000000
46	73	1.000000
48	73	1.000000
50	73	1.000000
51	73	1.000000
52	73	1.000000
53	73	1.000000
54	73	1.000000
55	73	1.000000
59	73	1.000000
60	73	1.000000
62	73	1.000000
63	73	1.000000
64	73	1.000000
65	73	1.000000
69	73	1.000000
70	73	1.000000
2	74	1.000000
3	74	1.000000
7	74	1.000000
15	74	1.000000
17	74	1.000000
18	74	1.000000
20	74	1.000000
22	74	1.000000
25	74	1.000000
26	74	1.000000
29	74	1.000000
30	74	1.000000
33	74	1.000000
35	74	1.000000
36	74	1.000000
37	74	1.000000
38	74	1.000000
39	74	1.000000
41	74	1.000000
42	74	1.000000
43	74	1.000000
45	74	1.000000
47	74	1.000000
48	74	1.000000
49	74	1.000000
50	74	1.000000
53	74	1.000000
57	74	1.000000
58	74	1.000000
63	74	1.000000
64	74	1.000000
69	74	1.000000
1	75	1.000000
2	75	1.000000
3	75	1.000000
5	75	1.000000
6	75	1.000000
7	75	1.000000
8	75	1.000000
13	75	1.000000
15	75	1.000000
16	75	1.000000
17	75	1.000000
18	75	1.000000
25	75	1.000000
26	75	1.000000
29	75	1.000000
30	75	1.000000
32	75	1.000000
33	75	1.000000
34	75	1.000000
36	75	1.000000
37	75	1.000000
38	75	1.000000
41	75	1.000000
43	75	1.000000
46	75	1.000000
48	75	1.000000
52	75	1.000000
53	75	1.000000
57	75	1.000000
58	75	1.000000
59	75	1.000000
60	75	1.000000
61	75	1.000000
62	75	1.000000
63	75	1.000000
64	75	1.000000
66	75	1.000000
67	75	1.000000
68	75	1.000000
69	75	1.000000
70	75	1.000000
72	75	1.000000
73	75	1.000000
74	75	1.000000
1	76	1.000000
3	76	1.000000
8	76	1.000000
9	76	1.000000
11	76	1.000000
12	76	1.000000
13	76	1.000000
16	76	1.000000
19	76	1.000000
21	76	1.000000
22	76	1.000000
23	76	1.000000
24	76	1.000000
25	76	1.000000
27	76	1.000000
28	76	1.000000
30	76	1.000000
32	76	1.000000
33	76	1.000000
35	76	1.000000
36	76	1.000000
38	76	1.000000
40	76	1.000000
43	76	1.000000
44	76	1.000000
45	76	1.000000
46	76	1.000000
47	76	1.000000
48	76	1.000000
49	76	1.000000
50	76	1.000000
52	76	1.000000
53	76	1.000000
54	76	1.000000
55	76	1.000000
57	76	1.000000
63	76	1.000000
66	76	1.000000
69	76	1.000000
70	76	1.000000
73	76	1.000000
74	76	1.000000
75	76	1.000000
1	77	1.000000
3	77	1.000000
5	77	1.000000
6	77	1.000000
12	77	1.000000
13	77	1.000000
14	77	1.000000
15	77	1.000000
16	77	1.000000
18	77	1.000000
20	77	1.000000
21	77	1.000000
22	77	1.000000
27	77	1.000000
28	77	1.000000
29	77	1.000000
30	77	1.000000
31	77	1.000000
33	77	1.000000
34	77	1.000000
41	77	1.000000
42	77	1.000000
43	77	1.000000
45	77	1.000000
47	77	1.000000
48	77	1.000000
49	77	1.000000
51	77	1.000000
52	77	1.000000
56	77	1.000000
58	77	1.000000
60	77	1.000000
64	77	1.000000
66	77	1.000000
69	77	1.000000
71	77	1.000000
73	77	1.000000
76	77	1.000000
1	78	1.000000
8	78	1.000000
16	78	1.000000
17	78	1.000000
18	78	1.000000
20	78	1.000000
21	78	1.000000
22	78	1.000000
25	78	1.000000
32	78	1.000000
34	78	1.000000
36	78	1.000000
38	78	1.000000
41	78	1.000000
42	78	1.000000
44	78	1.000000
45	78	1.000000
46	78	1.000000
47	78	1.000000
49	78	1.000000
50	78	1.000000
52	78	1.000000
53	78	1.000000
55	78	1.000000
57	78	1.000000
59	78	1.000000
60	78	1.000000
64	78	1.000000
65	78	1.000000
66	78	1.000000
68	78	1.000000
69	78	1.000000
70	78	1.000000
72	78	1.000000
73	78	1.000000
75	78	1.000000
76	78	1.000000
77	78	1.000000
1	79	1.000000
2	79	1.000000
3	79	1.000000
4	79	1.000000
6	79	1.000000
9	79	1.000000
10	79	1.000000
13	79	1.000000
14	79	1.000000
15	79	1.000000
17	79	1.000000
18	79	1.000000
24	79	1.000000
25	79	1.000000
27	79	1.000000
30	79	1.000000
31	79	1.000000
32	79	1.000000
34	79	1.000000
35	79	1.000000
38	79	1.000000
40	79	1.000000
44	79	1.000000
45	79	1.000000
46	79	1.000000
48	79	1.000000
49	79	1.000000
50	79	1.000000
55	79	1.000000
57	79	1.000000
60	79	1.000000
63	79	1.000000
65	79	1.000000
68	79	1.000000
69	79	1.000000
70	79	1.000000
72	79	1.000000
75	79	1.000000
77	79	1.000000
1	80	1.000000
3	80	1.000000
6	80	1.000000
10	80	1.000000
11	80	1.000000
15	80	1.000000
19	80	1.000000
22	80	1.000000
23	80	1.000000
27	80	1.000000
31	80	1.000000
34	80	1.000000
35	80	1.000000
37	80	1.000000
38	80	1.000000
42	80	1.000000
52	80	1.000000
53	80	1.000000
56	80	1.000000
58	80	1.000000
60	80	1.000000
62	80	1.000000
63	80	1.000000
65	80	1.000000
67	80	1.000000
68	80	1.000000
71	80	1.000000
76	80	1.000000
77	80	1.000000
78	80	1.000000
1	81	1.000000
2	81	1.000000
4	81	1.000000
6	81	1.000000
8	81	1.000000
9	81	1.000000
10	81	1.000000
11	81	1.000000
14	81	1.000000
15	81	1.000000
18	81	1.000000
20	81	1.000000
21	81	1.000000
23	81	1.000000
24	81	1.000000
25	81	1.000000
26	81	1.000000
27	81	1.000000
28	81	1.000000
29	81	1.000000
30	81	1.000000
32	81	1.000000
41	81	1.000000
42	81	1.000000
43	81	1.000000
46	81	1.000000
47	81	1.000000
48	81	1.000000
51	81	1.000000
52	81	1.000000
55	81	1.000000
57	81	1.000000
58	81	1.000000
60	81	1.000000
65	81	1.000000
67	81	1.000000
69	81	1.000000
76	81	1.000000
77	81	1.000000
79	81	1.000000
80	81	1.000000
2	82	1.000000
4	82	1.000000
6	82	1.000000
7	82	1.000000
8	82	1.000000
9	82	1.000000
11	82	1.000000
13	82	1.000000
14	82	1.000000
15	82	1.000000
16	82	1.000000
18	82	1.000000
21	82	1.000000
23	82	1.000000
24	82	1.000000
28	82	1.000000
32	82	1.000000
35	82	1.000000
36	82	1.000000
38	82	1.000000
39	82	1.000000
41	82	1.000000
43	82	1.000000
44	82	1.000000
47	82	1.000000
48	82	1.000000
52	82	1.000000
53	82	1.000000
57	82	1.000000
60	82	1.000000
61	82	1.000000
64	82	1.000000
65	82	1.000000
68	82	1.000000
72	82	1.000000
77	82	1.000000
78	82	1.000000
79	82	1.000000
80	82	1.000000
1	83	1.000000
5	83	1.000000
6	83	1.000000
7	83	1.000000
8	83	1.000000
11	83	1.000000
13	83	1.000000
14	83	1.000000
17	83	1.000000
20	83	1.000000
22	83	1.000000
23	83	1.000000
24	83	1.000000
26	83	1.000000
29	83	1.000000
31	83	1.000000
32	83	1.000000
33	83	1.000000
35	83	1.000000
36	83	1.000000
38	83	1.000000
39	83	1.000000
41	83	1.000000
44	83	1.000000
45	83	1.000000
46	83	1.000000
47	83	1.000000
50	83	1.000000
52	83	1.000000
53	83	1.000000
55	83	1.000000
57	83	1.000000
60	83	1.000000
61	83	1.000000
65	83	1.000000
66	83	1.000000
67	83	1.000000
68	83	1.000000
69	83	1.000000
70	83	1.000000
71	83	1.000000
73	83	1.000000
76	83	1.000000
77	83	1.000000
79	83	1.000000
80	83	1.000000
1	84	1.000000
2	84	1.000000
5	84	1.000000
12	84	1.000000
16	84	1.000000
17	84	1.000000
19	84	1.000000
20	84	1.000000
22	84	1.000000
25	84	1.000000
27	84	1.000000
29	84	1.000000
30	84	1.000000
32	84	1.000000
34	84	1.000000
36	84	1.000000
37	84	1.000000
41	84	1.000000
42	84	1.000000
44	84	1.000000
45	84	1.000000
46	84	1.000000
47	84	1.000000
50	84	1.000000
51	84	1.000000
52	84	1.000000
53	84	1.000000
58	84	1.000000
59	84	1.000000
63	84	1.000000
65	84	1.000000
71	84	1.000000
75	84	1.000000
77	84	1.000000
78	84	1.000000
79	84	1.000000
80	84	1.000000
81	84	1.000000
2	85	1.000000
8	85	1.000000
10	85	1.000000
14	85	1.000000
16	85	1.000000
17	85	1.000000
21	85	1.000000
22	85	1.000000
23	85	1.000000
25	85	1.000000
26	85	1.000000
27	85	1.000000
28	85	1.000000
31	85	1.000000
34	85	1.000000
35	85	1.000000
40	85	1.000000
42	85	1.000000
44	85	1.000000
45	85	1.000000
46	85	1.000000
47	85	1.000000
50	85	1.000000
53	85	1.000000
54	85	1.000000
55	85	1.000000
59	85	1.000000
61	85	1.000000
63	85	1.000000
64	85	1.000000
65	85	1.000000
66	85	1.000000
68	85	1.000000
69	85	1.000000
72	85	1.000000
74	85	1.000000
78	85	1.000000
82	85	1.000000
83	85	1.000000
3	86	1.000000
6	86	1.000000
10	86	1.000000
11	86	1.000000
12	86	1.000000
13	86	1.000000
20	86	1.000000
25	86	1.000000
27	86	1.000000
28	86	1.000000
29	86	1.000000
30	86	1.000000
33	86	1.000000
42	86	1.000000
43	86	1.000000
44	86	1.000000
45	86	1.000000
47	86	1.000000
48	86	1.000000
49	86	1.000000
51	86	1.000000
53	86	1.000000
54	86	1.000000
56	86	1.000000
57	86	1.000000
59	86	1.000000
61	86	1.000000
62	86	1.000000
64	86	1.000000
66	86	1.000000
67	86	1.000000
68	86	1.000000
69	86	1.000000
71	86	1.000000
74	86	1.000000
76	86	1.000000
78	86	1.000000
84	86	1.000000
1	87	1.000000
2	87	1.000000
4	87	1.000000
5	87	1.000000
6	87	1.000000
7	87	1.000000
14	87	1.000000
16	87	1.000000
18	87	1.000000
19	87	1.000000
20	87	1.000000
21	87	1.000000
23	87	1.000000
26	87	1.000000
27	87	1.000000
32	87	1.000000
33	87	1.000000
34	87	1.000000
35	87	1.000000
36	87	1.000000
37	87	1.000000
43	87	1.000000
44	87	1.000000
46	87	1.000000
51	87	1.000000
52	87	1.000000
57	87	1.000000
59	87	1.000000
62	87	1.000000
63	87	1.000000
66	87	1.000000
67	87	1.000000
69	87	1.000000
70	87	1.000000
76	87	1.000000
77	87	1.000000
79	87	1.000000
81	87	1.000000
82	87	1.000000
83	87	1.000000
84	87	1.000000
85	87	1.000000
86	87	1.000000
1	88	1.000000
3	88	1.000000
4	88	1.000000
5	88	1.000000
7	88	1.000000
8	88	1.000000
10	88	1.000000
11	88	1.000000
12	88	1.000000
14	88	1.000000
16	88	1.000000
18	88	1.000000
20	88	1.000000
21	88	1.000000
22	88	1.000000
23	88	1.000000
29	88	1.000000
30	88	1.000000
31	88	1.000000
32	88	1.000000
33	88	1.000000
34	88	1.000000
35	88	1.000000
38	88	1.000000
48	88	1.000000
49	88	1.000000
50	88	1.000000
51	88	1.000000
61	88	1.000000
64	88	1.000000
65	88	1.000000
66	88	1.000000
67	88	1.000000
73	88	1.000000
74	88	1.000000
75	88	1.000000
76	88	1.000000
79	88	1.000000
81	88	1.000000
83	88	1.000000
84	88	1.000000
85	88	1.000000
2	89	1.000000
4	89	1.000000
5	89	1.000000
6	89	1.000000
8	89	1.000000
9	89	1.000000
11	89	1.000000
12	89	1.000000
13	89	1.000000
16	89	1.000000
17	89	1.000000
21	89	1.000000
24	89	1.000000
25	89	1.000000
28	89	1.000000
31	89	1.000000
32	89	1.000000
36	89	1.000000
38	89	1.000000
41	89	1.000000
44	89	1.000000
45	89	1.000000
50	89	1.000000
53	89	1.000000
54	89	1.000000
56	89	1.000000
60	89	1.000000
64	89	1.000000
65	89	1.000000
66	89	1.000000
69	89	1.000000
70	89	1.000000
71	89	1.000000
74	89	1.000000
75	89	1.000000
76	89	1.000000
77	89	1.000000
78	89	1.000000
79	89	1.000000
80	89	1.000000
82	89	1.000000
83	89	1.000000
86	89	1.000000
1	90	1.000000
2	90	1.000000
5	90	1.000000
8	90	1.000000
9	90	1.000000
11	90	1.000000
13	90	1.000000
15	90	1.000000
24	90	1.000000
26	90	1.000000
27	90	1.000000
29	90	1.000000
31	90	1.000000
34	90	1.000000
37	90	1.000000
39	90	1.000000
42	90	1.000000
45	90	1.000000
46	90	1.000000
48	90	1.000000
49	90	1.000000
50	90	1.000000
54	90	1.000000
55	90	1.000000
56	90	1.000000
57	90	1.000000
59	90	1.000000
60	90	1.000000
66	90	1.000000
67	90	1.000000
68	90	1.000000
72	90	1.000000
73	90	1.000000
76	90	1.000000
77	90	1.000000
78	90	1.000000
79	90	1.000000
81	90	1.000000
82	90	1.000000
83	90	1.000000
84	90	1.000000
88	90	1.000000
2	91	1.000000
12	91	1.000000
14	91	1.000000
17	91	1.000000
18	91	1.000000
19	91	1.000000
20	91	1.000000
21	91	1.000000
23	91	1.000000
24	91	1.000000
25	91	1.000000
26	91	1.000000
27	91	1.000000
28	91	1.000000
33	91	1.000000
36	91	1.000000
38	91	1.000000
39	91	1.000000
43	91	1.000000
45	91	1.000000
46	91	1.000000
50	91	1.000000
54	91	1.000000
55	91	1.000000
57	91	1.000000
59	91	1.000000
63	91	1.000000
64	91	1.000000
68	91	1.000000
69	91	1.000000
70	91	1.000000
71	91	1.000000
75	91	1.000000
78	91	1.000000
79	91	1.000000
80	91	1.000000
81	91	1.000000
84	91	1.000000
85	91	1.000000
86	91	1.000000
90	91	1.000000
5	92	1.000000
7	92	1.000000
10	92	1.000000
12	92	1.000000
14	92	1.000000
15	92	1.000000
17	92	1.000000
18	92	1.000000
19	92	1.000000
20	92	1.000000
21	92	1.000000
22	92	1.000000
23	92	1.000000
24	92	1.000000
26	92	1.000000
32	92	1.000000
40	92	1.000000
43	92	1.000000
44	92	1.000000
45	92	1.000000
46	92	1.000000
50	92	1.000000
52	92	1.000000
54	92	1.000000
55	92	1.000000
56	92	1.000000
62	92	1.000000
64	92	1.000000
66	92	1.000000
67	92	1.000000
69	92	1.000000
71	92	1.000000
74	92	1.000000
75	92	1.000000
77	92	1.000000
80	92	1.000000
81	92	1.000000
82	92	1.000000
83	92	1.000000
86	92	1.000000
87	92	1.000000
88	92	1.000000
90	92	1.000000
3	93	1.000000
4	93	1.000000
5	93	1.000000
6	93	1.000000
7	93	1.000000
10	93	1.000000
12	93	1.000000
15	93	1.000000
17	93	1.000000
18	93	1.000000
19	93	1.000000
20	93	1.000000
21	93	1.000000
25	93	1.000000
26	93	1.000000
31	93	1.000000
32	93	1.000000
33	93	1.000000
36	93	1.000000
37	93	1.000000
43	93	1.000000
45	93	1.000000
46	93	1.000000
48	93	1.000000
49	93	1.000000
50	93	1.000000
51	93	1.000000
53	93	1.000000
54	93	1.000000
58	93	1.000000
60	93	1.000000
61	93	1.000000
65	93	1.000000
68	93	1.000000
71	93	1.000000
74	93	1.000000
76	93	1.000000
77	93	1.000000
78	93	1.000000
79	93	1.000000
80	93	1.000000
82	93	1.000000
85	93	1.000000
1	94	1.000000
2	94	1.000000
4	94	1.000000
6	94	1.000000
8	94	1.000000
11	94	1.000000
13	94	1.000000
16	94	1.000000
17	94	1.000000
19	94	1.000000
21	94	1.000000
23	94	1.000000
24	94	1.000000
25	94	1.000000
26	94	1.000000
28	94	1.000000
31	94	1.000000
34	94	1.000000
36	94	1.000000
37	94	1.000000
38	94	1.000000
40	94	1.000000
41	94	1.000000
42	94	1.000000
44	94	1.000000
46	94	1.000000
47	94	1.000000
48	94	1.000000
54	94	1.000000
55	94	1.000000
56	94	1.000000
57	94	1.000000
59	94	1.000000
61	94	1.000000
62	94	1.000000
63	94	1.000000
65	94	1.000000
66	94	1.000000
67	94	1.000000
68	94	1.000000
70	94	1.000000
71	94	1.000000
72	94	1.000000
79	94	1.000000
80	94	1.000000
81	94	1.000000
82	94	1.000000
83	94	1.000000
86	94	1.000000
87	94	1.000000
92	94	1.000000
1	95	1.000000
4	95	1.000000
5	95	1.000000
8	95	1.000000
11	95	1.000000
12	95	1.000000
13	95	1.000000
17	95	1.000000
19	95	1.000000
23	95	1.000000
24	95	1.000000
31	95	1.000000
32	95	1.000000
34	95	1.000000
37	95	1.000000
39	95	1.000000
42	95	1.000000
43	95	1.000000
45	95	1.000000
53	95	1.000000
54	95	1.000000
55	95	1.000000
56	95	1.000000
58	95	1.000000
60	95	1.000000
62	95	1.000000
63	95	1.000000
64	95	1.000000
67	95	1.000000
69	95	1.000000
71	95	1.000000
72	95	1.000000
74	95	1.000000
75	95	1.000000
76	95	1.000000
77	95	1.000000
78	95	1.000000
79	95	1.000000
82	95	1.000000
83	95	1.000000
84	95	1.000000
86	95	1.000000
87	95	1.000000
88	95	1.000000
90	95	1.000000
91	95	1.000000
93	95	1.000000
94	95	1.000000
2	96	1.000000
5	96	1.000000
13	96	1.000000
14	96	1.000000
15	96	1.000000
18	96	1.000000
21	96	1.000000
23	96	1.000000
24	96	1.000000
25	96	1.000000
30	96	1.000000
31	96	1.000000
32	96	1.000000
33	96	1.000000
35	96	1.000000
36	96	1.000000
37	96	1.000000
40	96	1.000000
41	96	1.000000
42	96	1.000000
44	96	1.000000
48	96	1.000000
49	96	1.000000
50	96	1.000000
52	96	1.000000
53	96	1.000000
54	96	1.000000
55	96	1.000000
59	96	1.000000
60	96	1.000000
62	96	1.000000
64	96	1.000000
65	96	1.000000
66	96	1.000000
67	96	1.000000
69	96	1.000000
72	96	1.000000
80	96	1.000000
81	96	1.000000
82	96	1.000000
83	96	1.000000
84	96	1.000000
87	96	1.000000
88	96	1.000000
90	96	1.000000
92	96	1.000000
94	96	1.000000
1	97	1.000000
4	97	1.000000
5	97	1.000000
7	97	1.000000
8	97	1.000000
9	97	1.000000
13	97	1.000000
16	97	1.000000
18	97	1.000000
19	97	1.000000
22	97	1.000000
23	97	1.000000
24	97	1.000000
26	97	1.000000
27	97	1.000000
30	97	1.000000
31	97	1.000000
32	97	1.000000
34	97	1.000000
35	97	1.000000
36	97	1.000000
43	97	1.000000
46	97	1.000000
48	97	1.000000
50	97	1.000000
51	97	1.000000
52	97	1.000000
53	97	1.000000
54	97	1.000000
56	97	1.000000
57	97	1.000000
59	97	1.000000
60	97	1.000000
66	97	1.000000
67	97	1.000000
69	97	1.000000
70	97	1.000000
71	97	1.000000
73	97	1.000000
75	97	1.000000
79	97	1.000000
80	97	1.000000
85	97	1.000000
86	97	1.000000
87	97	1.000000
89	97	1.000000
90	97	1.000000
91	97	1.000000
93	97	1.000000
94	97	1.000000
96	97	1.000000
1	98	1.000000
4	98	1.000000
5	98	1.000000
7	98	1.000000
8	98	1.000000
10	98	1.000000
12	98	1.000000
13	98	1.000000
16	98	1.000000
19	98	1.000000
20	98	1.000000
21	98	1.000000
23	98	1.000000
24	98	1.000000
25	98	1.000000
26	98	1.000000
35	98	1.000000
36	98	1.000000
37	98	1.000000
38	98	1.000000
39	98	1.000000
40	98	1.000000
41	98	1.000000
43	98	1.000000
46	98	1.000000
51	98	1.000000
52	98	1.000000
53	98	1.000000
54	98	1.000000
59	98	1.000000
60	98	1.000000
61	98	1.000000
68	98	1.000000
70	98	1.000000
72	98	1.000000
73	98	1.000000
76	98	1.000000
77	98	1.000000
79	98	1.000000
80	98	1.000000
82	98	1.000000
85	98	1.000000
87	98	1.000000
89	98	1.000000
90	98	1.000000
91	98	1.000000
92	98	1.000000
95	98	1.000000
97	98	1.000000
1	99	1.000000
3	99	1.000000
5	99	1.000000
6	99	1.000000
7	99	1.000000
8	99	1.000000
11	99	1.000000
12	99	1.000000
23	99	1.000000
25	99	1.000000
26	99	1.000000
27	99	1.000000
28	99	1.000000
30	99	1.000000
33	99	1.000000
36	99	1.000000
38	99	1.000000
39	99	1.000000
41	99	1.000000
44	99	1.000000
45	99	1.000000
52	99	1.000000
53	99	1.000000
54	99	1.000000
55	99	1.000000
56	99	1.000000
58	99	1.000000
59	99	1.000000
63	99	1.000000
65	99	1.000000
66	99	1.000000
67	99	1.000000
68	99	1.000000
74	99	1.000000
75	99	1.000000
76	99	1.000000
77	99	1.000000
79	99	1.000000
80	99	1.000000
83	99	1.000000
85	99	1.000000
86	99	1.000000
88	99	1.000000
89	99	1.000000
92	99	1.000000
95	99	1.000000
96	99	1.000000
97	99	1.000000
98	99	1.000000
1	100	1.000000
3	100	1.000000
4	100	1.000000
6	100	1.000000
7	100	1.000000
9	100	1.000000
10	100	1.000000
11	100	1.000000
14	100	1.000000
17	100	1.000000
23	100	1.000000
26	100	1.000000
27	100	1.000000
29	100	1.000000
30	100	1.000000
34	100	1.000000
35	100	1.000000
36	100	1.000000
38	100	1.000000
43	100	1.000000
45	100	1.000000
47	100	1.000000
48	100	1.000000
51	100	1.000000
52	100	1.000000
53	100	1.000000
54	100	1.000000
55	100	1.000000
56	100	1.000000
58	100	1.000000
59	100	1.000000
60	100	1.000000
61	100	1.000000
62	100	1.000000
65	100	1.000000
66	100	1.000000
67	100	1.000000
68	100	1.000000
69	100	1.000000
70	100	1.000000
71	100	1.000000
75	100	1.000000
81	100	1.000000
84	100	1.000000
85	100	1.000000
86	100	1.000000
87	100	1.000000
88	100	1.000000
89	100	1.000000
92	100	1.000000
93	100	1.000000
95	100	1.000000
96	100	1.000000
99	100	1.000000
