100	2475
1	2	1.000000
2	3	1.000000
2	4	1.000000
3	4	1.000000
2	5	1.000000
1	6	1.000000
3	6	1.000000
4	6	1.000000
1	7	1.000000
6	7	1.000000
1	8	1.000000
6	8	1.000000
7	8	1.000000
1	9	1.000000
2	9	1.000000
6	9	1.000000
1	10	1.000000
2	10	1.000000
5	10	1.000000
8	10	1.000000
4	11	1.000000
5	11	1.000000
6	11	1.000000
2	12	1.000000
4	12	1.000000
7	12	1.000000
8	12	1.000000
9	12	1.000000
5	13	1.000000
6	13	1.000000
8	13	1.000000
9	13	1.000000
10	13	1.000000
11	13	1.000000
2	14	1.000000
4	14	1.000000
5	14	1.000000
6	14	1.000000
8	14	1.000000
10	14	1.000000
11	14	1.000000
1	15	1.000000
4	15	1.000000
5	15	1.000000
6	15	1.000000
7	15	1.000000
2	16	1.000000
3	16	1.000000
4	16	1.000000
6	16	1.000000
9	16	1.000000
12	16	1.000000
14	16	1.000000
2	17	1.000000
4	17	1.000000
5	17	1.000000
8	17	1.000000
9	17	1.000000
10	17	1.000000
12	17	1.000000
13	17	1.000000
15	17	1.000000
16	17	1.000000
3	18	1.000000
5	18	1.000000
6	18	1.000000
7	18	1.000000
8	18	1.000000
9	18	1.000000
11	18	1.000000
15	18	1.000000
16	18	1.000000
1	19	1.000000
2	19	1.000000
3	19	1.000000
4	19	1.000000
5	19	1.000000
8	19	1.000000
9	19	1.000000
10	19	1.000000
11	19	1.000000
14	19	1.000000
15	19	1.000000
16	19	1.000000
18	19	1.000000
2	20	1.000000
10	20	1.000000
12	20	1.000000
13	20	1.000000
14	20	1.000000
15	20	1.000000
16	20	1.000000
17	20	1.000000
18	20	1.000000
19	20	1.000000
3	21	1.000000
5	21	1.000000
7	21	1.000000
10	21	1.000000
12	21	1.000000
13	21	1.000000
14	21	1.000000
15	21	1.000000
19	21	1.000000
20	21	1.000000
1	22	1.000000
7	22	1.000000
14	22	1.000000
15	22	1.000000
16	22	1.000000
19	22	1.000000
20	22	1.000000
1	23	1.000000
3	23	1.000000
7	23	1.000000
8	23	1.000000
13	23	1.000000
22	23	1.000000
5	24	1.000000
7	24	1.000000
8	24	1.000000
9	24	1.000000
10	24	1.000000
11	24	1.000000
15	24	1.000000
19	24	1.000000
21	24	1.000000
23	24	1.000000
2	25	1.000000
4	25	1.000000
7	25	1.000000
8	25	1.000000
12	25	1.000000
14	25	1.000000
15	25	1.000000
17	25	1.000000
21	25	1.000000
24	25	1.000000
7	26	1.000000
10	26	1.000000
14	26	1.000000
15	26	1.000000
16	26	1.000000
17	26	1.000000
18	26	1.000000
19	26	1.000000
23	26	1.000000
25	26	1.000000
1	27	1.000000
2	27	1.000000
4	27	1.000000
5	27	1.000000
6	27	1.000000
8	27	1.000000
9	27	1.000000
13	27	1.000000
14	27	1.000000
15	27	1.000000
16	27	1.000000
17	27	1.000000
19	27	1.000000
22	27	1.000000
24	27	1.000000
25	27	1.000000
1	28	1.000000
5	28	1.000000
10	28	1.000000
15	28	1.000000
19	28	1.000000
20	28	1.000000
21	28	1.000000
22	28	1.000000
24	28	1.000000
25	28	1.000000
1	29	1.000000
3	29	1.000000
4	29	1.000000
6	29	1.000000
7	29	1.000000
8	29	1.000000
9	29	1.000000
14	29	1.000000
15	29	1.000000
17	29	1.000000
18	29	1.000000
20	29	1.000000
21	29	1.000000
24	29	1.000000
25	29	1.000000
1	30	1.000000
3	30	1.000000
4	30	1.000000
6	30	1.000000
7	30	1.000000
8	30	1.000000
9	30	1.000000
10	30	1.000000
11	30	1.000000
12	30	1.000000
13	30	1.000000
15	30	1.000000
19	30	1.000000
20	30	1.000000
25	30	1.000000
26	30	1.000000
29	30	1.000000
1	31	1.000000
2	31	1.000000
5	31	1.000000
7	31	1.000000
8	31	1.000000
12	31	1.000000
20	31	1.000000
27	31	1.000000
28	31	1.000000
29	31	1.000000
30	31	1.000000
1	32	1.000000
3	32	1.000000
5	32	1.000000
6	32	1.000000
7	32	1.000000
9	32	1.000000
11	32	1.000000
12	32	1.000000
13	32	1.000000
14	32	1.000000
18	32	1.000000
20	32	1.000000
23	32	1.000000
24	32	1.000000
25	32	1.000000
26	32	1.000000
27	32	1.000000
28	32	1.000000
31	32	1.000000
2	33	1.000000
3	33	1.000000
6	33	1.000000
7	33	1.000000
9	33	1.000000
11	33	1.000000
14	33	1.000000
15	33	1.000000
17	33	1.000000
18	33	1.000000
20	33	1.000000
23	33	1.000000
25	33	1.000000
26	33	1.000000
28	33	1.000000
29	33	1.000000
32	33	1.000000
2	34	1.000000
4	34	1.000000
6	34	1.000000
8	34	1.000000
10	34	1.000000
12	34	1.000000
15	34	1.000000
16	34	1.000000
17	34	1.000000
21	34	1.000000
22	34	1.000000
26	34	1.000000
29	34	1.000000
32	34	1.000000
33	34	1.000000
1	35	1.000000
2	35	1.000000
3	35	1.000000
5	35	1.000000
6	35	1.000000
13	35	1.000000
14	35	1.000000
16	35	1.000000
20	35	1.000000
24	35	1.000000
26	35	1.000000
27	35	1.000000
31	35	1.000000
34	35	1.000000
1	36	1.000000
2	36	1.000000
3	36	1.000000
4	36	1.000000
5	36	1.000000
6	36	1.000000
8	36	1.000000
9	36	1.000000
12	36	1.000000
14	36	1.000000
18	36	1.000000
19	36	1.000000
20	36	1.000000
21	36	1.000000
25	36	1.000000
26	36	1.000000
28	36	1.000000
29	36	1.000000
31	36	1.000000
32	36	1.000000
33	36	1.000000
34	36	1.000000
1	37	1.000000
3	37	1.000000
5	37	1.000000
6	37	1.000000
10	37	1.000000
11	37	1.000000
13	37	1.000000
18	37	1.000000
21	37	1.000000
22	37	1.000000
23	37	1.000000
25	37	1.000000
27	37	1.000000
28	37	1.000000
30	37	1.000000
34	37	1.000000
36	37	1.000000
2	38	1.000000
3	38	1.000000
7	38	1.000000
9	38	1.000000
11	38	1.000000
12	38	1.000000
13	38	1.000000
14	38	1.000000
15	38	1.000000
17	38	1.000000
20	38	1.000000
24	38	1.000000
25	38	1.000000
26	38	1.000000
29	38	1.000000
31	38	1.000000
32	38	1.000000
3	39	1.000000
5	39	1.000000
7	39	1.000000
8	39	1.000000
10	39	1.000000
11	39	1.000000
12	39	1.000000
14	39	1.000000
15	39	1.000000
17	39	1.000000
18	39	1.000000
19	39	1.000000
21	39	1.000000
22	39	1.000000
23	39	1.000000
24	39	1.000000
25	39	1.000000
26	39	1.000000
27	39	1.000000
32	39	1.000000
33	39	1.000000
34	39	1.000000
35	39	1.000000
38	39	1.000000
1	40	1.000000
4	40	1.000000
5	40	1.000000
6	40	1.000000
7	40	1.000000
8	40	1.000000
12	40	1.000000
15	40	1.000000
22	40	1.000000
23	40	1.000000
28	40	1.000000
29	40	1.000000
30	40	1.000000
31	40	1.000000
32	40	1.000000
33	40	1.000000
1	41	1.000000
2	41	1.000000
3	41	1.000000
4	41	1.000000
5	41	1.000000
7	41	1.000000
10	41	1.000000
11	41	1.000000
13	41	1.000000
14	41	1.000000
16	41	1.000000
17	41	1.000000
19	41	1.000000
21	41	1.000000
22	41	1.000000
23	41	1.000000
24	41	1.000000
29	41	1.000000
30	41	1.000000
32	41	1.000000
33	41	1.000000
37	41	1.000000
39	41	1.000000
1	42	1.000000
3	42	1.000000
5	42	1.000000
6	42	1.000000
7	42	1.000000
9	42	1.000000
10	42	1.000000
12	42	1.000000
15	42	1.000000
17	42	1.000000
18	42	1.000000
19	42	1.000000
22	42	1.000000
23	42	1.000000
25	42	1.000000
26	42	1.000000
31	42	1.000000
34	42	1.000000
35	42	1.000000
37	42	1.000000
2	43	1.000000
4	43	1.000000
5	43	1.000000
7	43	1.000000
11	43	1.000000
14	43	1.000000
15	43	1.000000
16	43	1.000000
18	43	1.000000
27	43	1.000000
29	43	1.000000
30	43	1.000000
32	43	1.000000
33	43	1.000000
35	43	1.000000
36	43	1.000000
37	43	1.000000
38	43	1.000000
42	43	1.000000
1	44	1.000000
3	44	1.000000
5	44	1.000000
6	44	1.000000
8	44	1.000000
9	44	1.000000
10	44	1.000000
11	44	1.000000
14	44	1.000000
15	44	1.000000
17	44	1.000000
18	44	1.000000
20	44	1.000000
21	44	1.000000
23	44	1.000000
24	44	1.000000
27	44	1.000000
29	44	1.000000
32	44	1.000000
35	44	1.000000
36	44	1.000000
37	44	1.000000
38	44	1.000000
39	44	1.000000
41	44	1.000000
42	44	1.000000
4	45	1.000000
5	45	1.000000
13	45	1.000000
14	45	1.000000
15	45	1.000000
18	45	1.000000
19	45	1.000000
21	45	1.000000
23	45	1.000000
24	45	1.000000
27	45	1.000000
28	45	1.000000
31	45	1.000000
33	45	1.000000
34	45	1.000000
37	45	1.000000
39	45	1.000000
40	45	1.000000
41	45	1.000000
42	45	1.000000
2	46	1.000000
4	46	1.000000
5	46	1.000000
6	46	1.000000
7	46	1.000000
8	46	1.000000
10	46	1.000000
11	46	1.000000
13	46	1.000000
14	46	1.000000
17	46	1.000000
18	46	1.000000
19	46	1.000000
20	46	1.000000
25	46	1.000000
28	46	1.000000
29	46	1.000000
31	46	1.000000
32	46	1.000000
33	46	1.000000
35	46	1.000000
36	46	1.000000
38	46	1.000000
41	46	1.000000
43	46	1.000000
3	47	1.000000
6	47	1.000000
7	47	1.000000
8	47	1.000000
10	47	1.000000
12	47	1.000000
13	47	1.000000
15	47	1.000000
18	47	1.000000
19	47	1.000000
20	47	1.000000
21	47	1.000000
22	47	1.000000
23	47	1.000000
25	47	1.000000
28	47	1.000000
29	47	1.000000
31	47	1.000000
33	47	1.000000
35	47	1.000000
37	47	1.000000
40	47	1.000000
41	47	1.000000
43	47	1.000000
44	47	1.000000
1	48	1.000000
3	48	1.000000
4	48	1.000000
5	48	1.000000
6	48	1.000000
7	48	1.000000
12	48	1.000000
13	48	1.000000
14	48	1.000000
15	48	1.000000
17	48	1.000000
18	48	1.000000
20	48	1.000000
23	48	1.000000
25	48	1.000000
27	48	1.000000
30	48	1.000000
37	48	1.000000
40	48	1.000000
42	48	1.000000
44	48	1.000000
45	48	1.000000
46	48	1.000000
1	49	1.000000
4	49	1.000000
5	49	1.000000
6	49	1.000000
7	49	1.000000
8	49	1.000000
9	49	1.000000
10	49	1.000000
11	49	1.000000
15	49	1.000000
16	49	1.000000
18	49	1.000000
19	49	1.000000
20	49	1.000000
21	49	1.000000
22	49	1.000000
28	49	1.000000
29	49	1.000000
30	49	1.000000
32	49	1.000000
34	49	1.000000
36	49	1.000000
40	49	1.000000
41	49	1.000000
43	49	1.000000
44	49	1.000000
45	49	1.000000
46	49	1.000000
47	49	1.000000
1	50	1.000000
4	50	1.000000
5	50	1.000000
7	50	1.000000
8	50	1.000000
10	50	1.000000
11	50	1.000000
16	50	1.000000
18	50	1.000000
20	50	1.000000
21	50	1.000000
22	50	1.000000
31	50	1.000000
32	50	1.000000
33	50	1.000000
36	50	1.000000
38	50	1.000000
42	50	1.000000
44	50	1.000000
45	50	1.000000
48	50	1.000000
1	51	1.000000
2	51	1.000000
4	51	1.000000
7	51	1.000000
9	51	1.000000
13	51	1.000000
18	51	1.000000
19	51	1.000000
20	51	1.000000
22	51	1.000000
23	51	1.000000
25	51	1.000000
26	51	1.000000
34	51	1.000000
35	51	1.000000
36	51	1.000000
37	51	1.000000
38	51	1.000000
40	51	1.000000
42	51	1.000000
44	51	1.000000
46	51	1.000000
47	51	1.000000
50	51	1.000000
1	52	1.000000
2	52	1.000000
4	52	1.000000
6	52	1.000000
7	52	1.000000
9	52	1.000000
10	52	1.000000
12	52	1.000000
13	52	1.000000
15	52	1.000000
16	52	1.000000
17	52	1.000000
18	52	1.000000
19	52	1.000000
20	52	1.000000
24	52	1.000000
25	52	1.000000
26	52	1.000000
27	52	1.000000
28	52	1.000000
29	52	1.000000
30	52	1.000000
31	52	1.000000
32	52	1.000000
34	52	1.000000
35	52	1.000000
38	52	1.000000
39	52	1.000000
42	52	1.000000
46	52	1.000000
48	52	1.000000
51	52	1.000000
2	53	1.000000
5	53	1.000000
7	53	1.000000
9	53	1.000000
11	53	1.000000
12	53	1.000000
15	53	1.000000
21	53	1.000000
22	53	1.000000
26	53	1.000000
28	53	1.000000
29	53	1.000000
30	53	1.000000
31	53	1.000000
32	53	1.000000
33	53	1.000000
38	53	1.000000
40	53	1.000000
41	53	1.000000
42	53	1.000000
46	53	1.000000
52	53	1.000000
4	54	1.000000
6	54	1.000000
7	54	1.000000
8	54	1.000000
10	54	1.000000
11	54	1.000000
12	54	1.000000
13	54	1.000000
14	54	1.000000
16	54	1.000000
18	54	1.000000
22	54	1.000000
23	54	1.000000
24	54	1.000000
25	54	1.000000
28	54	1.000000
29	54	1.000000
30	54	1.000000
31	54	1.000000
32	54	1.000000
33	54	1.000000
34	54	1.000000
37	54	1.000000
38	54	1.000000
39	54	1.000000
41	54	1.000000
43	54	1.000000
47	54	1.000000
50	54	1.000000
52	54	1.000000
53	54	1.000000
2	55	1.000000
3	55	1.000000
4	55	1.000000
6	55	1.000000
8	55	1.000000
11	55	1.000000
12	55	1.000000
13	55	1.000000
16	55	1.000000
17	55	1.000000
18	55	1.000000
20	55	1.000000
21	55	1.000000
23	55	1.000000
24	55	1.000000
25	55	1.000000
29	55	1.000000
31	55	1.000000
36	55	1.000000
37	55	1.000000
39	55	1.000000
40	55	1.000000
42	55	1.000000
43	55	1.000000
44	55	1.000000
48	55	1.000000
49	55	1.000000
50	55	1.000000
51	55	1.000000
52	55	1.000000
53	55	1.000000
54	55	1.000000
2	56	1.000000
3	56	1.000000
4	56	1.000000
7	56	1.000000
8	56	1.000000
9	56	1.000000
10	56	1.000000
14	56	1.000000
19	56	1.000000
20	56	1.000000
21	56	1.000000
23	56	1.000000
24	56	1.000000
28	56	1.000000
31	56	1.000000
32	56	1.000000
33	56	1.000000
37	56	1.000000
42	56	1.000000
47	56	1.000000
48	56	1.000000
49	56	1.000000
51	56	1.000000
54	56	1.000000
55	56	1.000000
1	57	1.000000
2	57	1.000000
3	57	1.000000
5	57	1.000000
6	57	1.000000
7	57	1.000000
9	57	1.000000
12	57	1.000000
13	57	1.000000
14	57	1.000000
15	57	1.000000
16	57	1.000000
17	57	1.000000
19	57	1.000000
21	57	1.000000
22	57	1.000000
24	57	1.000000
26	57	1.000000
27	57	1.000000
28	57	1.000000
30	57	1.000000
31	57	1.000000
32	57	1.000000
33	57	1.000000
37	57	1.000000
38	57	1.000000
46	57	1.000000
50	57	1.000000
52	57	1.000000
53	57	1.000000
56	57	1.000000
1	58	1.000000
5	58	1.000000
7	58	1.000000
8	58	1.000000
10	58	1.000000
15	58	1.000000
16	58	1.000000
18	58	1.000000
19	58	1.000000
21	58	1.000000
24	58	1.000000
25	58	1.000000
26	58	1.000000
27	58	1.000000
29	58	1.000000
30	58	1.000000
32	58	1.000000
35	58	1.000000
36	58	1.000000
37	58	1.000000
44	58	1.000000
45	58	1.000000
48	58	1.000000
51	58	1.000000
52	58	1.000000
56	58	1.000000
1	59	1.000000
3	59	1.000000
7	59	1.000000
9	59	1.000000
12	59	1.000000
13	59	1.000000
15	59	1.000000
16	59	1.000000
17	59	1.000000
19	59	1.000000
22	59	1.000000
23	59	1.000000
24	59	1.000000
25	59	1.000000
27	59	1.000000
28	59	1.000000
29	59	1.000000
31	59	1.000000
33	59	1.000000
34	59	1.000000
41	59	1.000000
43	59	1.000000
45	59	1.000000
46	59	1.000000
47	59	1.000000
49	59	1.000000
50	59	1.000000
51	59	1.000000
52	59	1.000000
55	59	1.000000
57	59	1.000000
6	60	1.000000
9	60	1.000000
12	60	1.000000
13	60	1.000000
14	60	1.000000
16	60	1.000000
18	60	1.000000
21	60	1.000000
22	60	1.000000
24	60	1.000000
26	60	1.000000
27	60	1.000000
28	60	1.000000
36	60	1.000000
40	60	1.000000
41	60	1.000000
42	60	1.000000
44	60	1.000000
46	60	1.000000
47	60	1.000000
53	60	1.000000
54	60	1.000000
58	60	1.000000
59	60	1.000000
1	61	1.000000
4	61	1.000000
6	61	1.000000
8	61	1.000000
9	61	1.000000
12	61	1.000000
13	61	1.000000
16	61	1.000000
17	61	1.000000
18	61	1.000000
19	61	1.000000
22	61	1.000000
23	61	1.000000
26	61	1.000000
28	61	1.000000
29	61	1.000000
30	61	1.000000
33	61	1.000000
36	61	1.000000
37	61	1.000000
38	61	1.000000
39	61	1.000000
40	61	1.000000
41	61	1.000000
42	61	1.000000
46	61	1.000000
47	61	1.000000
49	61	1.000000
51	61	1.000000
53	61	1.000000
54	61	1.000000
56	61	1.000000
59	61	1.000000
60	61	1.000000
3	62	1.000000
4	62	1.000000
5	62	1.000000
7	62	1.000000
10	62	1.000000
12	62	1.000000
13	62	1.000000
14	62	1.000000
17	62	1.000000
19	62	1.000000
20	62	1.000000
21	62	1.000000
23	62	1.000000
25	62	1.000000
27	62	1.000000
28	62	1.000000
31	62	1.000000
32	62	1.000000
34	62	1.000000
35	62	1.000000
38	62	1.000000
39	62	1.000000
40	62	1.000000
41	62	1.000000
42	62	1.000000
45	62	1.000000
47	62	1.000000
49	62	1.000000
50	62	1.000000
51	62	1.000000
53	62	1.000000
54	62	1.000000
56	62	1.000000
57	62	1.000000
61	62	1.000000
1	63	1.000000
2	63	1.000000
3	63	1.000000
4	63	1.000000
7	63	1.000000
8	63	1.000000
9	63	1.000000
15	63	1.000000
16	63	1.000000
17	63	1.000000
18	63	1.000000
19	63	1.000000
22	63	1.000000
24	63	1.000000
26	63	1.000000
27	63	1.000000
28	63	1.000000
30	63	1.000000
33	63	1.000000
35	63	1.000000
36	63	1.000000
37	63	1.000000
40	63	1.000000
43	63	1.000000
44	63	1.000000
48	63	1.000000
51	63	1.000000
53	63	1.000000
55	63	1.000000
57	63	1.000000
59	63	1.000000
60	63	1.000000
61	63	1.000000
62	63	1.000000
1	64	1.000000
2	64	1.000000
4	64	1.000000
5	64	1.000000
6	64	1.000000
7	64	1.000000
9	64	1.000000
10	64	1.000000
11	64	1.000000
12	64	1.000000
13	64	1.000000
14	64	1.000000
18	64	1.000000
20	64	1.000000
22	64	1.000000
23	64	1.000000
25	64	1.000000
26	64	1.000000
27	64	1.000000
30	64	1.000000
32	64	1.000000
33	64	1.000000
38	64	1.000000
41	64	1.000000
42	64	1.000000
44	64	1.000000
47	64	1.000000
49	64	1.000000
50	64	1.000000
51	64	1.000000
53	64	1.000000
54	64	1.000000
55	64	1.000000
57	64	1.000000
59	64	1.000000
4	65	1.000000
9	65	1.000000
11	65	1.000000
13	65	1.000000
15	65	1.000000
17	65	1.000000
18	65	1.000000
19	65	1.000000
20	65	1.000000
21	65	1.000000
22	65	1.000000
23	65	1.000000
24	65	1.000000
25	65	1.000000
27	65	1.000000
33	65	1.000000
38	65	1.000000
39	65	1.000000
43	65	1.000000
46	65	1.000000
47	65	1.000000
49	65	1.000000
51	65	1.000000
56	65	1.000000
58	65	1.000000
60	65	1.000000
2	66	1.000000
3	66	1.000000
5	66	1.000000
6	66	1.000000
7	66	1.000000
8	66	1.000000
11	66	1.000000
12	66	1.000000
13	66	1.000000
14	66	1.000000
15	66	1.000000
16	66	1.000000
17	66	1.000000
18	66	1.000000
19	66	1.000000
20	66	1.000000
21	66	1.000000
24	66	1.000000
29	66	1.000000
31	66	1.000000
32	66	1.000000
33	66	1.000000
34	66	1.000000
36	66	1.000000
37	66	1.000000
39	66	1.000000
45	66	1.000000
46	66	1.000000
47	66	1.000000
48	66	1.000000
51	66	1.000000
52	66	1.000000
54	66	1.000000
55	66	1.000000
57	66	1.000000
59	66	1.000000
61	66	1.000000
62	66	1.000000
1	67	1.000000
3	67	1.000000
6	67	1.000000
8	67	1.000000
12	67	1.000000
13	67	1.000000
15	67	1.000000
16	67	1.000000
18	67	1.000000
23	67	1.000000
24	67	1.000000
26	67	1.000000
28	67	1.000000
30	67	1.000000
31	67	1.000000
32	67	1.000000
33	67	1.000000
36	67	1.000000
39	67	1.000000
42	67	1.000000
44	67	1.000000
45	67	1.000000
46	67	1.000000
48	67	1.000000
49	67	1.000000
50	67	1.000000
51	67	1.000000
53	67	1.000000
54	67	1.000000
55	67	1.000000
56	67	1.000000
57	67	1.000000
59	67	1.000000
61	67	1.000000
62	67	1.000000
64	67	1.000000
2	68	1.000000
3	68	1.000000
4	68	1.000000
6	68	1.000000
7	68	1.000000
11	68	1.000000
16	68	1.000000
19	68	1.000000
21	68	1.000000
22	68	1.000000
24	68	1.000000
25	68	1.000000
27	68	1.000000
28	68	1.000000
29	68	1.000000
30	68	1.000000
31	68	1.000000
32	68	1.000000
34	68	1.000000
35	68	1.000000
37	68	1.000000
40	68	1.000000
45	68	1.000000
48	68	1.000000
52	68	1.000000
53	68	1.000000
55	68	1.000000
56	68	1.000000
58	68	1.000000
60	68	1.000000
61	68	1.000000
62	68	1.000000
1	69	1.000000
6	69	1.000000
7	69	1.000000
11	69	1.000000
12	69	1.000000
13	69	1.000000
14	69	1.000000
15	69	1.000000
16	69	1.000000
17	69	1.000000
20	69	1.000000
21	69	1.000000
28	69	1.000000
35	69	1.000000
38	69	1.000000
41	69	1.000000
42	69	1.000000
45	69	1.000000
46	69	1.000000
48	69	1.000000
51	69	1.000000
54	69	1.000000
56	69	1.000000
57	69	1.000000
58	69	1.000000
61	69	1.000000
63	69	1.000000
1	70	1.000000
3	70	1.000000
6	70	1.000000
8	70	1.000000
9	70	1.000000
12	70	1.000000
13	70	1.000000
14	70	1.000000
15	70	1.000000
18	70	1.000000
19	70	1.000000
20	70	1.000000
21	70	1.000000
27	70	1.000000
30	70	1.000000
32	70	1.000000
33	70	1.000000
34	70	1.000000
38	70	1.000000
40	70	1.000000
41	70	1.000000
43	70	1.000000
47	70	1.000000
48	70	1.000000
50	70	1.000000
51	70	1.000000
52	70	1.000000
53	70	1.000000
55	70	1.000000
59	70	1.000000
60	70	1.000000
62	70	1.000000
64	70	1.000000
66	70	1.000000
68	70	1.000000
69	70	1.000000
1	71	1.000000
3	71	1.000000
11	71	1.000000
14	71	1.000000
16	71	1.000000
17	71	1.000000
19	71	1.000000
21	71	1.000000
22	71	1.000000
23	71	1.000000
24	71	1.000000
25	71	1.000000
26	71	1.000000
28	71	1.000000
29	71	1.000000
30	71	1.000000
31	71	1.000000
35	71	1.000000
38	71	1.000000
40	71	1.000000
41	71	1.000000
42	71	1.000000
48	71	1.000000
51	71	1.000000
52	71	1.000000
54	71	1.000000
55	71	1.000000
58	71	1.000000
62	71	1.000000
64	71	1.000000
65	71	1.000000
67	71	1.000000
69	71	1.000000
70	71	1.000000
3	72	1.000000
4	72	1.000000
6	72	1.000000
7	72	1.000000
8	72	1.000000
10	72	1.000000
12	72	1.000000
13	72	1.000000
17	72	1.000000
20	72	1.000000
22	72	1.000000
23	72	1.000000
24	72	1.000000
25	72	1.000000
26	72	1.000000
27	72	1.000000
30	72	1.000000
31	72	1.000000
32	72	1.000000
33	72	1.000000
34	72	1.000000
36	72	1.000000
39	72	1.000000
40	72	1.000000
41	72	1.000000
42	72	1.000000
43	72	1.000000
44	72	1.000000
50	72	1.000000
53	72	1.000000
54	72	1.000000
58	72	1.000000
63	72	1.000000
64	72	1.000000
65	72	1.000000
68	72	1.000000
71	72	1.000000
1	73	1.000000
6	73	1.000000
7	73	1.000000
11	73	1.000000
13	73	1.000000
15	73	1.000000
16	73	1.000000
17	73	1.000000
19	73	1.000000
20	73	1.000000
29	73	1.000000
33	73	1.000000
34	73	1.000000
35	73	1.000000
39	73	1.000000
40	73	1.000000
43	73	1.000000
45	73	1.000000
46	73	1.000000
47	73	1.000000
48	73	1.000000
55	73	1.000000
57	73	1.000000
58	73	1.000000
59	73	1.000000
60	73	1.000000
61	73	1.000000
62	73	1.000000
64	73	1.000000
67	73	1.000000
68	73	1.000000
71	73	1.000000
4	74	1.000000
5	74	1.000000
6	74	1.000000
7	74	1.000000
10	74	1.000000
11	74	1.000000
12	74	1.000000
13	74	1.000000
14	74	1.000000
15	74	1.000000
16	74	1.000000
17	74	1.000000
18	74	1.000000
22	74	1.000000
23	74	1.000000
24	74	1.000000
25	74	1.000000
27	74	1.000000
28	74	1.000000
29	74	1.000000
34	74	1.000000
39	74	1.000000
45	74	1.000000
49	74	1.000000
50	74	1.000000
52	74	1.000000
53	74	1.000000
56	74	1.000000
57	74	1.000000
58	74	1.000000
65	74	1.000000
67	74	1.000000
68	74	1.000000
70	74	1.000000
71	74	1.000000
72	74	1.000000
73	74	1.000000
1	75	1.000000
3	75	1.000000
4	75	1.000000
5	75	1.000000
6	75	1.000000
7	75	1.000000
9	75	1.000000
10	75	1.000000
12	75	1.000000
13	75	1.000000
14	75	1.000000
18	75	1.000000
21	75	1.000000
30	75	1.000000
32	75	1.000000
37	75	1.000000
38	75	1.000000
39	75	1.000000
43	75	1.000000
50	75	1.000000
51	75	1.000000
54	75	1.000000
55	75	1.000000
58	75	1.000000
61	75	1.000000
64	75	1.000000
65	75	1.000000
67	75	1.000000
68	75	1.000000
70	75	1.000000
1	76	1.000000
2	76	1.000000
3	76	1.000000
5	76	1.000000
7	76	1.000000
8	76	1.000000
9	76	1.000000
10	76	1.000000
11	76	1.000000
13	76	1.000000
14	76	1.000000
17	76	1.000000
18	76	1.000000
23	76	1.000000
24	76	1.000000
25	76	1.000000
28	76	1.000000
29	76	1.000000
32	76	1.000000
33	76	1.000000
35	76	1.000000
39	76	1.000000
40	76	1.000000
41	76	1.000000
42	76	1.000000
48	76	1.000000
49	76	1.000000
55	76	1.000000
56	76	1.000000
57	76	1.000000
61	76	1.000000
63	76	1.000000
64	76	1.000000
68	76	1.000000
69	76	1.000000
71	76	1.000000
73	76	1.000000
1	77	1.000000
2	77	1.000000
3	77	1.000000
4	77	1.000000
5	77	1.000000
7	77	1.000000
9	77	1.000000
11	77	1.000000
12	77	1.000000
13	77	1.000000
18	77	1.000000
19	77	1.000000
23	77	1.000000
25	77	1.000000
27	77	1.000000
33	77	1.000000
34	77	1.000000
35	77	1.000000
36	77	1.000000
39	77	1.000000
47	77	1.000000
49	77	1.000000
50	77	1.000000
54	77	1.000000
55	77	1.000000
56	77	1.000000
58	77	1.000000
59	77	1.000000
60	77	1.000000
62	77	1.000000
64	77	1.000000
65	77	1.000000
66	77	1.000000
69	77	1.000000
75	77	1.000000
1	78	1.000000
2	78	1.000000
4	78	1.000000
5	78	1.000000
6	78	1.000000
7	78	1.000000
11	78	1.000000
13	78	1.000000
14	78	1.000000
16	78	1.000000
18	78	1.000000
21	78	1.000000
23	78	1.000000
25	78	1.000000
26	78	1.000000
27	78	1.000000
28	78	1.000000
29	78	1.000000
30	78	1.000000
32	78	1.000000
34	78	1.000000
35	78	1.000000
36	78	1.000000
39	78	1.000000
42	78	1.000000
45	78	1.000000
46	78	1.000000
48	78	1.000000
49	78	1.000000
50	78	1.000000
52	78	1.000000
56	78	1.000000
58	78	1.000000
63	78	1.000000
67	78	1.000000
68	78	1.000000
70	78	1.000000
71	78	1.000000
76	78	1.000000
2	79	1.000000
3	79	1.000000
4	79	1.000000
5	79	1.000000
7	79	1.000000
14	79	1.000000
20	79	1.000000
21	79	1.000000
22	79	1.000000
23	79	1.000000
27	79	1.000000
28	79	1.000000
29	79	1.000000
32	79	1.000000
33	79	1.000000
34	79	1.000000
35	79	1.000000
36	79	1.000000
37	79	1.000000
38	79	1.000000
39	79	1.000000
42	79	1.000000
43	79	1.000000
44	79	1.000000
48	79	1.000000
49	79	1.000000
51	79	1.000000
52	79	1.000000
54	79	1.000000
56	79	1.000000
57	79	1.000000
58	79	1.000000
59	79	1.000000
60	79	1.000000
62	79	1.000000
63	79	1.000000
64	79	1.000000
65	79	1.000000
69	79	1.000000
71	79	1.000000
72	79	1.000000
73	79	1.000000
74	79	1.000000
1	80	1.000000
2	80	1.000000
8	80	1.000000
9	80	1.000000
10	80	1.000000
11	80	1.000000
12	80	1.000000
15	80	1.000000
17	80	1.000000
19	80	1.000000
20	80	1.000000
21	80	1.000000
22	80	1.000000
25	80	1.000000
26	80	1.000000
27	80	1.000000
28	80	1.000000
30	80	1.000000
31	80	1.000000
32	80	1.000000
34	80	1.000000
35	80	1.000000
38	80	1.000000
39	80	1.000000
46	80	1.000000
50	80	1.000000
52	80	1.000000
53	80	1.000000
58	80	1.000000
61	80	1.000000
63	80	1.000000
64	80	1.000000
66	80	1.000000
68	80	1.000000
71	80	1.000000
72	80	1.000000
73	80	1.000000
77	80	1.000000
7	81	1.000000
8	81	1.000000
11	81	1.000000
13	81	1.000000
14	81	1.000000
15	81	1.000000
16	81	1.000000
17	81	1.000000
19	81	1.000000
20	81	1.000000
24	81	1.000000
27	81	1.000000
28	81	1.000000
29	81	1.000000
30	81	1.000000
34	81	1.000000
35	81	1.000000
36	81	1.000000
37	81	1.000000
40	81	1.000000
43	81	1.000000
44	81	1.000000
45	81	1.000000
47	81	1.000000
53	81	1.000000
54	81	1.000000
56	81	1.000000
57	81	1.000000
59	81	1.000000
61	81	1.000000
65	81	1.000000
69	81	1.000000
71	81	1.000000
73	81	1.000000
76	81	1.000000
77	81	1.000000
79	81	1.000000
4	82	1.000000
6	82	1.000000
7	82	1.000000
8	82	1.000000
10	82	1.000000
11	82	1.000000
13	82	1.000000
14	82	1.000000
16	82	1.000000
17	82	1.000000
19	82	1.000000
21	82	1.000000
22	82	1.000000
24	82	1.000000
26	82	1.000000
27	82	1.000000
32	82	1.000000
34	82	1.000000
35	82	1.000000
38	82	1.000000
42	82	1.000000
43	82	1.000000
44	82	1.000000
47	82	1.000000
49	82	1.000000
50	82	1.000000
60	82	1.000000
69	82	1.000000
70	82	1.000000
71	82	1.000000
74	82	1.000000
76	82	1.000000
80	82	1.000000
81	82	1.000000
2	83	1.000000
6	83	1.000000
7	83	1.000000
13	83	1.000000
16	83	1.000000
17	83	1.000000
19	83	1.000000
20	83	1.000000
21	83	1.000000
25	83	1.000000
29	83	1.000000
30	83	1.000000
34	83	1.000000
37	83	1.000000
38	83	1.000000
39	83	1.000000
40	83	1.000000
41	83	1.000000
42	83	1.000000
46	83	1.000000
47	83	1.000000
50	83	1.000000
51	83	1.000000
53	83	1.000000
54	83	1.000000
56	83	1.000000
59	83	1.000000
62	83	1.000000
66	83	1.000000
67	83	1.000000
69	83	1.000000
72	83	1.000000
74	83	1.000000
76	83	1.000000
77	83	1.000000
78	83	1.000000
81	83	1.000000
4	84	1.000000
5	84	1.000000
8	84	1.000000
9	84	1.000000
10	84	1.000000
11	84	1.000000
12	84	1.000000
14	84	1.000000
15	84	1.000000
17	84	1.000000
20	84	1.000000
23	84	1.000000
24	84	1.000000
26	84	1.000000
28	84	1.000000
29	84	1.000000
30	84	1.000000
31	84	1.000000
33	84	1.000000
35	84	1.000000
40	84	1.000000
41	84	1.000000
42	84	1.000000
44	84	1.000000
47	84	1.000000
48	84	1.000000
49	84	1.000000
50	84	1.000000
52	84	1.000000
55	84	1.000000
56	84	1.000000
57	84	1.000000
58	84	1.000000
61	84	1.000000
63	84	1.000000
70	84	1.000000
75	84	1.000000
76	84	1.000000
79	84	1.000000
81	84	1.000000
82	84	1.000000
1	85	1.000000
2	85	1.000000
3	85	1.000000
4	85	1.000000
7	85	1.000000
11	85	1.000000
13	85	1.000000
15	85	1.000000
21	85	1.000000
22	85	1.000000
24	85	1.000000
25	85	1.000000
27	85	1.000000
28	85	1.000000
29	85	1.000000
32	85	1.000000
34	85	1.000000
38	85	1.000000
41	85	1.000000
42	85	1.000000
44	85	1.000000
45	85	1.000000
47	85	1.000000
48	85	1.000000
51	85	1.000000
53	85	1.000000
54	85	1.000000
55	85	1.000000
57	85	1.000000
63	85	1.000000
65	85	1.000000
66	85	1.000000
68	85	1.000000
69	85	1.000000
72	85	1.000000
76	85	1.000000
78	85	1.000000
79	85	1.000000
81	85	1.000000
82	85	1.000000
84	85	1.000000
1	86	1.000000
3	86	1.000000
4	86	1.000000
6	86	1.000000
7	86	1.000000
8	86	1.000000
11	86	1.000000
13	86	1.000000
16	86	1.000000
18	86	1.000000
19	86	1.000000
24	86	1.000000
27	86	1.000000
30	86	1.000000
32	86	1.000000
33	86	1.000000
34	86	1.000000
37	86	1.000000
39	86	1.000000
41	86	1.000000
43	86	1.000000
45	86	1.000000
47	86	1.000000
51	86	1.000000
53	86	1.000000
55	86	1.000000
56	86	1.000000
57	86	1.000000
59	86	1.000000
60	86	1.000000
61	86	1.000000
62	86	1.000000
63	86	1.000000
64	86	1.000000
65	86	1.000000
69	86	1.000000
71	86	1.000000
73	86	1.000000
74	86	1.000000
76	86	1.000000
78	86	1.000000
81	86	1.000000
83	86	1.000000
1	87	1.000000
3	87	1.000000
5	87	1.000000
6	87	1.000000
7	87	1.000000
8	87	1.000000
9	87	1.000000
11	87	1.000000
13	87	1.000000
14	87	1.000000
15	87	1.000000
19	87	1.000000
20	87	1.000000
22	87	1.000000
24	87	1.000000
25	87	1.000000
29	87	1.000000
31	87	1.000000
32	87	1.000000
36	87	1.000000
38	87	1.000000
43	87	1.000000
45	87	1.000000
46	87	1.000000
49	87	1.000000
52	87	1.000000
54	87	1.000000
55	87	1.000000
58	87	1.000000
61	87	1.000000
62	87	1.000000
64	87	1.000000
67	87	1.000000
70	87	1.000000
75	87	1.000000
76	87	1.000000
78	87	1.000000
80	87	1.000000
82	87	1.000000
83	87	1.000000
84	87	1.000000
85	87	1.000000
1	88	1.000000
2	88	1.000000
3	88	1.000000
4	88	1.000000
6	88	1.000000
10	88	1.000000
11	88	1.000000
14	88	1.000000
17	88	1.000000
22	88	1.000000
23	88	1.000000
24	88	1.000000
27	88	1.000000
28	88	1.000000
29	88	1.000000
31	88	1.000000
32	88	1.000000
33	88	1.000000
35	88	1.000000
36	88	1.000000
44	88	1.000000
48	88	1.000000
49	88	1.000000
50	88	1.000000
51	88	1.000000
52	88	1.000000
54	88	1.000000
55	88	1.000000
58	88	1.000000
59	88	1.000000
60	88	1.000000
61	88	1.000000
62	88	1.000000
64	88	1.000000
65	88	1.000000
69	88	1.000000
71	88	1.000000
72	88	1.000000
73	88	1.000000
82	88	1.000000
83	88	1.000000
84	88	1.000000
85	88	1.000000
86	88	1.000000
87	88	1.000000
4	89	1.000000
6	89	1.000000
8	89	1.000000
9	89	1.000000
13	89	1.000000
14	89	1.000000
16	89	1.000000
17	89	1.000000
18	89	1.000000
20	89	1.000000
23	89	1.000000
24	89	1.000000
25	89	1.000000
31	89	1.000000
32	89	1.000000
33	89	1.000000
34	89	1.000000
35	89	1.000000
37	89	1.000000
39	89	1.000000
40	89	1.000000
46	89	1.000000
47	89	1.000000
53	89	1.000000
54	89	1.000000
55	89	1.000000
57	89	1.000000
58	89	1.000000
63	89	1.000000
67	89	1.000000
68	89	1.000000
70	89	1.000000
71	89	1.000000
72	89	1.000000
75	89	1.000000
77	89	1.000000
79	89	1.000000
81	89	1.000000
84	89	1.000000
86	89	1.000000
1	90	1.000000
5	90	1.000000
6	90	1.000000
7	90	1.000000
8	90	1.000000
9	90	1.000000
10	90	1.000000
12	90	1.000000
16	90	1.000000
17	90	1.000000
18	90	1.000000
21	90	1.000000
22	90	1.000000
23	90	1.000000
24	90	1.000000
26	90	1.000000
31	90	1.000000
32	90	1.000000
34	90	1.000000
35	90	1.000000
38	90	1.000000
43	90	1.000000
44	90	1.000000
45	90	1.000000
47	90	1.000000
48	90	1.000000
49	90	1.000000
53	90	1.000000
54	90	1.000000
55	90	1.000000
57	90	1.000000
59	90	1.000000
60	90	1.000000
62	90	1.000000
65	90	1.000000
66	90	1.000000
67	90	1.000000
68	90	1.000000
69	90	1.000000
70	90	1.000000
71	90	1.000000
74	90	1.000000
76	90	1.000000
77	90	1.000000
79	90	1.000000
80	90	1.000000
82	90	1.000000
83	90	1.000000
87	90	1.000000
88	90	1.000000
89	90	1.000000
4	91	1.000000
5	91	1.000000
6	91	1.000000
10	91	1.000000
11	91	1.000000
12	91	1.000000
13	91	1.000000
15	91	1.000000
16	91	1.000000
17	91	1.000000
18	91	1.000000
19	91	1.000000
21	91	1.000000
23	91	1.000000
24	91	1.000000
26	91	1.000000
28	91	1.000000
29	91	1.000000
33	91	1.000000
37	91	1.000000
38	91	1.000000
39	91	1.000000
40	91	1.000000
42	91	1.000000
44	91	1.000000
45	91	1.000000
46	91	1.000000
49	91	1.000000
52	91	1.000000
54	91	1.000000
57	91	1.000000
59	91	1.000000
61	91	1.000000
62	91	1.000000
63	91	1.000000
67	91	1.000000
68	91	1.000000
69	91	1.000000
70	91	1.000000
71	91	1.000000
72	91	1.000000
73	91	1.000000
77	91	1.000000
79	91	1.000000
82	91	1.000000
83	91	1.000000
84	91	1.000000
85	91	1.000000
88	91	1.000000
90	91	1.000000
2	92	1.000000
4	92	1.000000
5	92	1.000000
10	92	1.000000
13	92	1.000000
15	92	1.000000
19	92	1.000000
22	92	1.000000
24	92	1.000000
26	92	1.000000
27	92	1.000000
29	92	1.000000
31	92	1.000000
33	92	1.000000
34	92	1.000000
36	92	1.000000
39	92	1.000000
41	92	1.000000
43	92	1.000000
44	92	1.000000
45	92	1.000000
46	92	1.000000
47	92	1.000000
49	92	1.000000
53	92	1.000000
55	92	1.000000
56	92	1.000000
57	92	1.000000
60	92	1.000000
61	92	1.000000
66	92	1.000000
68	92	1.000000
75	92	1.000000
77	92	1.000000
78	92	1.000000
80	92	1.000000
82	92	1.000000
83	92	1.000000
84	92	1.000000
90	92	1.000000
91	92	1.000000
2	93	1.000000
3	93	1.000000
4	93	1.000000
6	93	1.000000
7	93	1.000000
9	93	1.000000
11	93	1.000000
12	93	1.000000
14	93	1.000000
16	93	1.000000
19	93	1.000000
22	93	1.000000
24	93	1.000000
25	93	1.000000
26	93	1.000000
27	93	1.000000
28	93	1.000000
31	93	1.000000
36	93	1.000000
37	93	1.000000
38	93	1.000000
41	93	1.000000
44	93	1.000000
46	93	1.000000
50	93	1.000000
51	93	1.000000
52	93	1.000000
56	93	1.000000
57	93	1.000000
59	93	1.000000
61	93	1.000000
62	93	1.000000
64	93	1.000000
65	93	1.000000
67	93	1.000000
69	93	1.000000
70	93	1.000000
72	93	1.000000
74	93	1.000000
78	93	1.000000
79	93	1.000000
83	93	1.000000
84	93	1.000000
85	93	1.000000
87	93	1.000000
88	93	1.000000
90	93	1.000000
91	93	1.000000
92	93	1.000000
1	94	1.000000
2	94	1.000000
4	94	1.000000
6	94	1.000000
7	94	1.000000
8	94	1.000000
10	94	1.000000
13	94	1.000000
14	94	1.000000
15	94	1.000000
17	94	1.000000
18	94	1.000000
21	94	1.000000
25	94	1.000000
26	94	1.000000
27	94	1.000000
28	94	1.000000
31	94	1.000000
33	94	1.000000
34	94	1.000000
35	94	1.000000
37	94	1.000000
38	94	1.000000
39	94	1.000000
40	94	1.000000
41	94	1.000000
42	94	1.000000
46	94	1.000000
47	94	1.000000
48	94	1.000000
49	94	1.000000
50	94	1.000000
55	94	1.000000
57	94	1.000000
64	94	1.000000
65	94	1.000000
67	94	1.000000
68	94	1.000000
70	94	1.000000
72	94	1.000000
73	94	1.000000
74	94	1.000000
75	94	1.000000
76	94	1.000000
83	94	1.000000
84	94	1.000000
87	94	1.000000
88	94	1.000000
92	94	1.000000
1	95	1.000000
3	95	1.000000
6	95	1.000000
7	95	1.000000
9	95	1.000000
10	95	1.000000
12	95	1.000000
13	95	1.000000
14	95	1.000000
15	95	1.000000
16	95	1.000000
17	95	1.000000
18	95	1.000000
21	95	1.000000
23	95	1.000000
25	95	1.000000
26	95	1.000000
27	95	1.000000
28	95	1.000000
30	95	1.000000
32	95	1.000000
33	95	1.000000
34	95	1.000000
35	95	1.000000
36	95	1.000000
37	95	1.000000
38	95	1.000000
42	95	1.000000
43	95	1.000000
44	95	1.000000
45	95	1.000000
48	95	1.000000
50	95	1.000000
52	95	1.000000
53	95	1.000000
56	95	1.000000
57	95	1.000000
58	95	1.000000
59	95	1.000000
60	95	1.000000
62	95	1.000000
64	95	1.000000
65	95	1.000000
67	95	1.000000
72	95	1.000000
73	95	1.000000
75	95	1.000000
77	95	1.000000
78	95	1.000000
79	95	1.000000
83	95	1.000000
84	95	1.000000
87	95	1.000000
88	95	1.000000
89	95	1.000000
90	95	1.000000
91	95	1.000000
92	95	1.000000
93	95	1.000000
1	96	1.000000
2	96	1.000000
3	96	1.000000
6	96	1.000000
7	96	1.000000
8	96	1.000000
10	96	1.000000
11	96	1.000000
12	96	1.000000
14	96	1.000000
16	96	1.000000
18	96	1.000000
20	96	1.000000
22	96	1.000000
27	96	1.000000
28	96	1.000000
29	96	1.000000
30	96	1.000000
31	96	1.000000
32	96	1.000000
36	96	1.000000
37	96	1.000000
38	96	1.000000
39	96	1.000000
40	96	1.000000
42	96	1.000000
43	96	1.000000
44	96	1.000000
48	96	1.000000
50	96	1.000000
51	96	1.000000
52	96	1.000000
56	96	1.000000
58	96	1.000000
60	96	1.000000
61	96	1.000000
62	96	1.000000
63	96	1.000000
65	96	1.000000
66	96	1.000000
68	96	1.000000
70	96	1.000000
71	96	1.000000
73	96	1.000000
74	96	1.000000
76	96	1.000000
78	96	1.000000
82	96	1.000000
83	96	1.000000
85	96	1.000000
92	96	1.000000
93	96	1.000000
95	96	1.000000
4	97	1.000000
10	97	1.000000
12	97	1.000000
15	97	1.000000
16	97	1.000000
17	97	1.000000
19	97	1.000000
22	97	1.000000
24	97	1.000000
27	97	1.000000
28	97	1.000000
30	97	1.000000
31	97	1.000000
32	97	1.000000
33	97	1.000000
36	97	1.000000
38	97	1.000000
42	97	1.000000
43	97	1.000000
44	97	1.000000
46	97	1.000000
48	97	1.000000
49	97	1.000000
51	97	1.000000
52	97	1.000000
53	97	1.000000
54	97	1.000000
55	97	1.000000
59	97	1.000000
61	97	1.000000
65	97	1.000000
67	97	1.000000
69	97	1.000000
70	97	1.000000
73	97	1.000000
76	97	1.000000
81	97	1.000000
82	97	1.000000
85	97	1.000000
86	97	1.000000
87	97	1.000000
91	97	1.000000
92	97	1.000000
94	97	1.000000
1	98	1.000000
4	98	1.000000
5	98	1.000000
6	98	1.000000
8	98	1.000000
9	98	1.000000
11	98	1.000000
12	98	1.000000
14	98	1.000000
18	98	1.000000
22	98	1.000000
25	98	1.000000
29	98	1.000000
35	98	1.000000
43	98	1.000000
48	98	1.000000
50	98	1.000000
51	98	1.000000
54	98	1.000000
56	98	1.000000
60	98	1.000000
63	98	1.000000
65	98	1.000000
66	98	1.000000
69	98	1.000000
72	98	1.000000
73	98	1.000000
74	98	1.000000
75	98	1.000000
76	98	1.000000
78	98	1.000000
79	98	1.000000
81	98	1.000000
82	98	1.000000
84	98	1.000000
85	98	1.000000
87	98	1.000000
92	98	1.000000
93	98	1.000000
95	98	1.000000
96	98	1.000000
97	98	1.000000
1	99	1.000000
2	99	1.000000
4	99	1.000000
8	99	1.000000
14	99	1.000000
17	99	1.000000
18	99	1.000000
20	99	1.000000
23	99	1.000000
24	99	1.000000
25	99	1.000000
26	99	1.000000
30	99	1.000000
31	99	1.000000
32	99	1.000000
33	99	1.000000
35	99	1.000000
41	99	1.000000
44	99	1.000000
46	99	1.000000
47	99	1.000000
48	99	1.000000
51	99	1.000000
53	99	1.000000
56	99	1.000000
57	99	1.000000
58	99	1.000000
59	99	1.000000
61	99	1.000000
62	99	1.000000
67	99	1.000000
68	99	1.000000
70	99	1.000000
72	99	1.000000
74	99	1.000000
82	99	1.000000
83	99	1.000000
84	99	1.000000
85	99	1.000000
88	99	1.000000
89	99	1.000000
91	99	1.000000
92	99	1.000000
93	99	1.000000
95	99	1.000000
97	99	1.000000
1	100	1.000000
2	100	1.000000
4	100	1.000000
6	100	1.000000
11	100	1.000000
12	100	1.000000
13	100	1.000000
14	100	1.000000
17	100	1.000000
19	100	1.000000
20	100	1.000000
27	100	1.000000
28	100	1.000000
34	100	1.000000
35	100	1.000000
37	100	1.000000
38	100	1.000000
39	100	1.000000
40	100	1.000000
45	100	1.000000
52	100	1.000000
54	100	1.000000
55	100	1.000000
57	100	1.000000
58	100	1.000000
59	100	1.000000
60	100	1.000000
61	100	1.000000
62	100	1.000000
63	100	1.000000
66	100	1.000000
71	100	1.000000
72	100	1.000000
74	100	1.000000
75	100	1.000000
78	100	1.000000
80	100	1.000000
81	100	1.000000
83	100	1.000000
84	100	1.000000
85	100	1.000000
87	100	1.000000
91	100	1.000000
93	100	1.000000
94	100	1.000000
95	100	1.000000
96	100	1.000000
98	100	1.000000
99	100	1.000000
