100	2475
1	3	1.000000
2	3	1.000000
1	5	1.000000
4	5	1.000000
3	6	1.000000
1	7	1.000000
4	7	1.000000
5	7	1.000000
6	7	1.000000
1	8	1.000000
3	8	1.000000
5	8	1.000000
7	8	1.000000
1	9	1.000000
3	9	1.000000
4	9	1.000000
6	9	1.000000
7	9	1.000000
1	10	1.000000
5	10	1.000000
6	10	1.000000
8	10	1.000000
6	11	1.000000
9	11	1.000000
10	11	1.000000
1	12	1.000000
5	12	1.000000
7	12	1.000000
9	12	1.000000
11	12	1.000000
1	13	1.000000
5	13	1.000000
7	13	1.000000
9	13	1.000000
11	13	1.000000
1	14	1.000000
2	14	1.000000
3	14	1.000000
5	14	1.000000
6	14	1.000000
7	14	1.000000
8	14	1.000000
10	14	1.000000
11	14	1.000000
13	14	1.000000
1	15	1.000000
2	15	1.000000
3	15	1.000000
4	15	1.000000
8	15	1.000000
13	15	1.000000
1	16	1.000000
2	16	1.000000
3	16	1.000000
4	16	1.000000
5	16	1.000000
6	16	1.000000
9	16	1.000000
13	16	1.000000
15	16	1.000000
1	17	1.000000
2	17	1.000000
3	17	1.000000
4	17	1.000000
8	17	1.000000
9	17	1.000000
10	17	1.000000
13	17	1.000000
14	17	1.000000
15	17	1.000000
16	17	1.000000
2	18	1.000000
3	18	1.000000
5	18	1.000000
7	18	1.000000
8	18	1.000000
12	18	1.000000
14	18	1.000000
15	18	1.000000
3	19	1.000000
8	19	1.000000
10	19	1.000000
12	19	1.000000
15	19	1.000000
2	20	1.000000
3	20	1.000000
6	20	1.000000
8	20	1.000000
19	20	1.000000
2	21	1.000000
5	21	1.000000
8	21	1.000000
9	21	1.000000
10	21	1.000000
11	21	1.000000
12	21	1.000000
16	21	1.000000
18	21	1.000000
19	21	1.000000
2	22	1.000000
3	22	1.000000
4	22	1.000000
6	22	1.000000
7	22	1.000000
8	22	1.000000
9	22	1.000000
11	22	1.000000
12	22	1.000000
15	22	1.000000
16	22	1.000000
17	22	1.000000
21	22	1.000000
1	23	1.000000
3	23	1.000000
5	23	1.000000
7	23	1.000000
8	23	1.000000
9	23	1.000000
12	23	1.000000
13	23	1.000000
15	23	1.000000
16	23	1.000000
19	23	1.000000
20	23	1.000000
3	24	1.000000
4	24	1.000000
5	24	1.000000
6	24	1.000000
8	24	1.000000
9	24	1.000000
14	24	1.000000
15	24	1.000000
18	24	1.000000
19	24	1.000000
20	24	1.000000
21	24	1.000000
3	25	1.000000
9	25	1.000000
10	25	1.000000
11	25	1.000000
12	25	1.000000
14	25	1.000000
17	25	1.000000
19	25	1.000000
22	25	1.000000
24	25	1.000000
2	26	1.000000
3	26	1.000000
6	26	1.000000
12	26	1.000000
17	26	1.000000
18	26	1.000000
19	26	1.000000
20	26	1.000000
21	26	1.000000
22	26	1.000000
23	26	1.000000
24	26	1.000000
2	27	1.000000
3	27	1.000000
4	27	1.000000
5	27	1.000000
6	27	1.000000
7	27	1.000000
12	27	1.000000
15	27	1.000000
16	27	1.000000
17	27	1.000000
18	27	1.000000
19	27	1.000000
21	27	1.000000
24	27	1.000000
4	28	1.000000
5	28	1.000000
7	28	1.000000
10	28	1.000000
11	28	1.000000
12	28	1.000000
13	28	1.000000
14	28	1.000000
15	28	1.000000
16	28	1.000000
18	28	1.000000
19	28	1.000000
25	28	1.000000
26	28	1.000000
3	29	1.000000
5	29	1.000000
11	29	1.000000
12	29	1.000000
16	29	1.000000
19	29	1.000000
20	29	1.000000
21	29	1.000000
25	29	1.000000
27	29	1.000000
1	30	1.000000
3	30	1.000000
5	30	1.000000
7	30	1.000000
11	30	1.000000
14	30	1.000000
17	30	1.000000
19	30	1.000000
20	30	1.000000
22	30	1.000000
25	30	1.000000
27	30	1.000000
28	30	1.000000
1	31	1.000000
4	31	1.000000
5	31	1.000000
6	31	1.000000
7	31	1.000000
11	31	1.000000
14	31	1.000000
15	31	1.000000
20	31	1.000000
28	31	1.000000
29	31	1.000000
30	31	1.000000
2	32	1.000000
5	32	1.000000
11	32	1.000000
12	32	1.000000
13	32	1.000000
14	32	1.000000
18	32	1.000000
19	32	1.000000
21	32	1.000000
22	32	1.000000
23	32	1.000000
25	32	1.000000
28	32	1.000000
31	32	1.000000
2	33	1.000000
3	33	1.000000
4	33	1.000000
6	33	1.000000
7	33	1.000000
13	33	1.000000
14	33	1.000000
15	33	1.000000
16	33	1.000000
17	33	1.000000
18	33	1.000000
19	33	1.000000
21	33	1.000000
24	33	1.000000
26	33	1.000000
28	33	1.000000
29	33	1.000000
31	33	1.000000
4	34	1.000000
5	34	1.000000
6	34	1.000000
8	34	1.000000
9	34	1.000000
11	34	1.000000
13	34	1.000000
14	34	1.000000
15	34	1.000000
17	34	1.000000
18	34	1.000000
21	34	1.000000
23	34	1.000000
24	34	1.000000
25	34	1.000000
32	34	1.000000
33	34	1.000000
3	35	1.000000
4	35	1.000000
5	35	1.000000
6	35	1.000000
7	35	1.000000
8	35	1.000000
9	35	1.000000
10	35	1.000000
13	35	1.000000
14	35	1.000000
15	35	1.000000
16	35	1.000000
17	35	1.000000
19	35	1.000000
23	35	1.000000
24	35	1.000000
26	35	1.000000
27	35	1.000000
29	35	1.000000
31	35	1.000000
33	35	1.000000
1	36	1.000000
3	36	1.000000
4	36	1.000000
7	36	1.000000
8	36	1.000000
10	36	1.000000
18	36	1.000000
21	36	1.000000
22	36	1.000000
23	36	1.000000
24	36	1.000000
27	36	1.000000
29	36	1.000000
31	36	1.000000
33	36	1.000000
34	36	1.000000
2	37	1.000000
5	37	1.000000
6	37	1.000000
7	37	1.000000
10	37	1.000000
12	37	1.000000
15	37	1.000000
17	37	1.000000
18	37	1.000000
21	37	1.000000
24	37	1.000000
26	37	1.000000
30	37	1.000000
32	37	1.000000
34	37	1.000000
2	38	1.000000
3	38	1.000000
4	38	1.000000
6	38	1.000000
7	38	1.000000
9	38	1.000000
11	38	1.000000
16	38	1.000000
18	38	1.000000
25	38	1.000000
27	38	1.000000
29	38	1.000000
30	38	1.000000
31	38	1.000000
32	38	1.000000
33	38	1.000000
35	38	1.000000
36	38	1.000000
37	38	1.000000
5	39	1.000000
6	39	1.000000
8	39	1.000000
10	39	1.000000
15	39	1.000000
17	39	1.000000
18	39	1.000000
20	39	1.000000
21	39	1.000000
22	39	1.000000
24	39	1.000000
25	39	1.000000
26	39	1.000000
29	39	1.000000
30	39	1.000000
31	39	1.000000
32	39	1.000000
34	39	1.000000
35	39	1.000000
36	39	1.000000
37	39	1.000000
6	40	1.000000
8	40	1.000000
9	40	1.000000
10	40	1.000000
12	40	1.000000
14	40	1.000000
15	40	1.000000
21	40	1.000000
22	40	1.000000
24	40	1.000000
28	40	1.000000
30	40	1.000000
33	40	1.000000
1	41	1.000000
2	41	1.000000
3	41	1.000000
6	41	1.000000
9	41	1.000000
10	41	1.000000
12	41	1.000000
13	41	1.000000
23	41	1.000000
25	41	1.000000
26	41	1.000000
28	41	1.000000
30	41	1.000000
31	41	1.000000
32	41	1.000000
34	41	1.000000
35	41	1.000000
5	42	1.000000
8	42	1.000000
11	42	1.000000
14	42	1.000000
15	42	1.000000
16	42	1.000000
17	42	1.000000
23	42	1.000000
24	42	1.000000
27	42	1.000000
29	42	1.000000
30	42	1.000000
32	42	1.000000
33	42	1.000000
34	42	1.000000
35	42	1.000000
38	42	1.000000
40	42	1.000000
41	42	1.000000
7	43	1.000000
8	43	1.000000
9	43	1.000000
12	43	1.000000
16	43	1.000000
19	43	1.000000
21	43	1.000000
22	43	1.000000
27	43	1.000000
28	43	1.000000
29	43	1.000000
30	43	1.000000
31	43	1.000000
32	43	1.000000
33	43	1.000000
34	43	1.000000
36	43	1.000000
37	43	1.000000
38	43	1.000000
40	43	1.000000
42	43	1.000000
4	44	1.000000
10	44	1.000000
11	44	1.000000
14	44	1.000000
20	44	1.000000
21	44	1.000000
22	44	1.000000
26	44	1.000000
27	44	1.000000
28	44	1.000000
29	44	1.000000
30	44	1.000000
33	44	1.000000
34	44	1.000000
36	44	1.000000
37	44	1.000000
39	44	1.000000
41	44	1.000000
43	44	1.000000
2	45	1.000000
3	45	1.000000
6	45	1.000000
7	45	1.000000
12	45	1.000000
15	45	1.000000
19	45	1.000000
21	45	1.000000
22	45	1.000000
27	45	1.000000
28	45	1.000000
31	45	1.000000
36	45	1.000000
38	45	1.000000
39	45	1.000000
42	45	1.000000
1	46	1.000000
2	46	1.000000
4	46	1.000000
7	46	1.000000
9	46	1.000000
12	46	1.000000
13	46	1.000000
16	46	1.000000
18	46	1.000000
19	46	1.000000
25	46	1.000000
26	46	1.000000
28	46	1.000000
29	46	1.000000
31	46	1.000000
32	46	1.000000
33	46	1.000000
35	46	1.000000
36	46	1.000000
38	46	1.000000
41	46	1.000000
42	46	1.000000
43	46	1.000000
44	46	1.000000
1	47	1.000000
3	47	1.000000
6	47	1.000000
7	47	1.000000
8	47	1.000000
17	47	1.000000
19	47	1.000000
20	47	1.000000
22	47	1.000000
24	47	1.000000
25	47	1.000000
27	47	1.000000
33	47	1.000000
34	47	1.000000
37	47	1.000000
43	47	1.000000
1	48	1.000000
3	48	1.000000
4	48	1.000000
7	48	1.000000
8	48	1.000000
14	48	1.000000
15	48	1.000000
16	48	1.000000
17	48	1.000000
18	48	1.000000
19	48	1.000000
21	48	1.000000
23	48	1.000000
24	48	1.000000
26	48	1.000000
33	48	1.000000
37	48	1.000000
38	48	1.000000
40	48	1.000000
41	48	1.000000
42	48	1.000000
45	48	1.000000
47	48	1.000000
3	49	1.000000
8	49	1.000000
9	49	1.000000
10	49	1.000000
11	49	1.000000
12	49	1.000000
13	49	1.000000
14	49	1.000000
18	49	1.000000
20	49	1.000000
22	49	1.000000
24	49	1.000000
26	49	1.000000
27	49	1.000000
33	49	1.000000
34	49	1.000000
35	49	1.000000
36	49	1.000000
37	49	1.000000
38	49	1.000000
40	49	1.000000
42	49	1.000000
43	49	1.000000
46	49	1.000000
1	50	1.000000
2	50	1.000000
3	50	1.000000
4	50	1.000000
6	50	1.000000
10	50	1.000000
11	50	1.000000
12	50	1.000000
13	50	1.000000
15	50	1.000000
16	50	1.000000
18	50	1.000000
19	50	1.000000
24	50	1.000000
26	50	1.000000
27	50	1.000000
30	50	1.000000
32	50	1.000000
35	50	1.000000
36	50	1.000000
37	50	1.000000
39	50	1.000000
40	50	1.000000
41	50	1.000000
42	50	1.000000
44	50	1.000000
45	50	1.000000
46	50	1.000000
48	50	1.000000
49	50	1.000000
1	51	1.000000
2	51	1.000000
3	51	1.000000
6	51	1.000000
14	51	1.000000
15	51	1.000000
17	51	1.000000
18	51	1.000000
28	51	1.000000
29	51	1.000000
30	51	1.000000
32	51	1.000000
34	51	1.000000
38	51	1.000000
39	51	1.000000
40	51	1.000000
41	51	1.000000
43	51	1.000000
47	51	1.000000
49	51	1.000000
1	52	1.000000
3	52	1.000000
5	52	1.000000
7	52	1.000000
9	52	1.000000
10	52	1.000000
11	52	1.000000
13	52	1.000000
14	52	1.000000
16	52	1.000000
18	52	1.000000
21	52	1.000000
26	52	1.000000
27	52	1.000000
28	52	1.000000
32	52	1.000000
33	52	1.000000
34	52	1.000000
35	52	1.000000
36	52	1.000000
39	52	1.000000
45	52	1.000000
46	52	1.000000
47	52	1.000000
48	52	1.000000
49	52	1.000000
1	53	1.000000
2	53	1.000000
3	53	1.000000
4	53	1.000000
5	53	1.000000
6	53	1.000000
7	53	1.000000
10	53	1.000000
11	53	1.000000
12	53	1.000000
14	53	1.000000
15	53	1.000000
16	53	1.000000
17	53	1.000000
18	53	1.000000
19	53	1.000000
24	53	1.000000
25	53	1.000000
26	53	1.000000
30	53	1.000000
32	53	1.000000
33	53	1.000000
34	53	1.000000
37	53	1.000000
38	53	1.000000
39	53	1.000000
43	53	1.000000
46	53	1.000000
47	53	1.000000
48	53	1.000000
50	53	1.000000
52	53	1.000000
2	54	1.000000
4	54	1.000000
6	54	1.000000
7	54	1.000000
11	54	1.000000
12	54	1.000000
16	54	1.000000
20	54	1.000000
23	54	1.000000
27	54	1.000000
28	54	1.000000
29	54	1.000000
30	54	1.000000
31	54	1.000000
33	54	1.000000
34	54	1.000000
37	54	1.000000
38	54	1.000000
39	54	1.000000
43	54	1.000000
44	54	1.000000
45	54	1.000000
47	54	1.000000
50	54	1.000000
51	54	1.000000
53	54	1.000000
1	55	1.000000
2	55	1.000000
3	55	1.000000
4	55	1.000000
5	55	1.000000
6	55	1.000000
7	55	1.000000
9	55	1.000000
11	55	1.000000
13	55	1.000000
17	55	1.000000
20	55	1.000000
21	55	1.000000
22	55	1.000000
24	55	1.000000
27	55	1.000000
30	55	1.000000
32	55	1.000000
33	55	1.000000
34	55	1.000000
36	55	1.000000
37	55	1.000000
40	55	1.000000
41	55	1.000000
43	55	1.000000
47	55	1.000000
48	55	1.000000
53	55	1.000000
54	55	1.000000
3	56	1.000000
5	56	1.000000
7	56	1.000000
8	56	1.000000
9	56	1.000000
10	56	1.000000
11	56	1.000000
12	56	1.000000
13	56	1.000000
15	56	1.000000
16	56	1.000000
19	56	1.000000
20	56	1.000000
21	56	1.000000
24	56	1.000000
25	56	1.000000
26	56	1.000000
27	56	1.000000
30	56	1.000000
31	56	1.000000
32	56	1.000000
34	56	1.000000
35	56	1.000000
36	56	1.000000
39	56	1.000000
40	56	1.000000
46	56	1.000000
48	56	1.000000
49	56	1.000000
53	56	1.000000
5	57	1.000000
6	57	1.000000
13	57	1.000000
14	57	1.000000
17	57	1.000000
20	57	1.000000
21	57	1.000000
22	57	1.000000
25	57	1.000000
31	57	1.000000
34	57	1.000000
35	57	1.000000
37	57	1.000000
38	57	1.000000
39	57	1.000000
43	57	1.000000
44	57	1.000000
48	57	1.000000
49	57	1.000000
51	57	1.000000
52	57	1.000000
53	57	1.000000
1	58	1.000000
4	58	1.000000
5	58	1.000000
9	58	1.000000
11	58	1.000000
12	58	1.000000
13	58	1.000000
14	58	1.000000
17	58	1.000000
20	58	1.000000
21	58	1.000000
22	58	1.000000
25	58	1.000000
26	58	1.000000
28	58	1.000000
33	58	1.000000
34	58	1.000000
36	58	1.000000
38	58	1.000000
39	58	1.000000
40	58	1.000000
42	58	1.000000
45	58	1.000000
48	58	1.000000
50	58	1.000000
52	58	1.000000
53	58	1.000000
54	58	1.000000
57	58	1.000000
2	59	1.000000
7	59	1.000000
13	59	1.000000
15	59	1.000000
19	59	1.000000
21	59	1.000000
22	59	1.000000
25	59	1.000000
26	59	1.000000
29	59	1.000000
30	59	1.000000
34	59	1.000000
35	59	1.000000
38	59	1.000000
39	59	1.000000
41	59	1.000000
44	59	1.000000
45	59	1.000000
46	59	1.000000
49	59	1.000000
50	59	1.000000
51	59	1.000000
52	59	1.000000
56	59	1.000000
58	59	1.000000
4	60	1.000000
5	60	1.000000
6	60	1.000000
7	60	1.000000
8	60	1.000000
10	60	1.000000
11	60	1.000000
12	60	1.000000
13	60	1.000000
14	60	1.000000
15	60	1.000000
16	60	1.000000
17	60	1.000000
22	60	1.000000
25	60	1.000000
26	60	1.000000
28	60	1.000000
33	60	1.000000
35	60	1.000000
38	60	1.000000
40	60	1.000000
41	60	1.000000
42	60	1.000000
43	60	1.000000
51	60	1.000000
54	60	1.000000
56	60	1.000000
57	60	1.000000
59	60	1.000000
1	61	1.000000
3	61	1.000000
5	61	1.000000
6	61	1.000000
12	61	1.000000
13	61	1.000000
14	61	1.000000
15	61	1.000000
17	61	1.000000
18	61	1.000000
22	61	1.000000
23	61	1.000000
24	61	1.000000
25	61	1.000000
27	61	1.000000
28	61	1.000000
30	61	1.000000
34	61	1.000000
35	61	1.000000
36	61	1.000000
39	61	1.000000
40	61	1.000000
41	61	1.000000
44	61	1.000000
47	61	1.000000
51	61	1.000000
52	61	1.000000
53	61	1.000000
54	61	1.000000
55	61	1.000000
56	61	1.000000
57	61	1.000000
58	61	1.000000
1	62	1.000000
2	62	1.000000
4	62	1.000000
5	62	1.000000
7	62	1.000000
10	62	1.000000
11	62	1.000000
13	62	1.000000
15	62	1.000000
16	62	1.000000
18	62	1.000000
20	62	1.000000
23	62	1.000000
24	62	1.000000
25	62	1.000000
26	62	1.000000
27	62	1.000000
28	62	1.000000
29	62	1.000000
32	62	1.000000
34	62	1.000000
35	62	1.000000
36	62	1.000000
37	62	1.000000
39	62	1.000000
42	62	1.000000
43	62	1.000000
45	62	1.000000
46	62	1.000000
48	62	1.000000
50	62	1.000000
52	62	1.000000
55	62	1.000000
57	62	1.000000
59	62	1.000000
60	62	1.000000
1	63	1.000000
5	63	1.000000
7	63	1.000000
8	63	1.000000
10	63	1.000000
11	63	1.000000
12	63	1.000000
16	63	1.000000
18	63	1.000000
19	63	1.000000
22	63	1.000000
23	63	1.000000
24	63	1.000000
25	63	1.000000
26	63	1.000000
29	63	1.000000
31	63	1.000000
32	63	1.000000
33	63	1.000000
38	63	1.000000
41	63	1.000000
44	63	1.000000
47	63	1.000000
49	63	1.000000
51	63	1.000000
55	63	1.000000
56	63	1.000000
58	63	1.000000
61	63	1.000000
62	63	1.000000
2	64	1.000000
3	64	1.000000
5	64	1.000000
7	64	1.000000
8	64	1.000000
11	64	1.000000
12	64	1.000000
13	64	1.000000
16	64	1.000000
18	64	1.000000
19	64	1.000000
20	64	1.000000
24	64	1.000000
25	64	1.000000
26	64	1.000000
27	64	1.000000
28	64	1.000000
31	64	1.000000
33	64	1.000000
34	64	1.000000
35	64	1.000000
36	64	1.000000
37	64	1.000000
40	64	1.000000
43	64	1.000000
46	64	1.000000
47	64	1.000000
50	64	1.000000
52	64	1.000000
54	64	1.000000
55	64	1.000000
56	64	1.000000
1	65	1.000000
3	65	1.000000
7	65	1.000000
8	65	1.000000
10	65	1.000000
12	65	1.000000
13	65	1.000000
17	65	1.000000
19	65	1.000000
22	65	1.000000
23	65	1.000000
25	65	1.000000
26	65	1.000000
29	65	1.000000
35	65	1.000000
37	65	1.000000
40	65	1.000000
43	65	1.000000
45	65	1.000000
46	65	1.000000
49	65	1.000000
52	65	1.000000
54	65	1.000000
55	65	1.000000
59	65	1.000000
60	65	1.000000
62	65	1.000000
63	65	1.000000
64	65	1.000000
1	66	1.000000
2	66	1.000000
4	66	1.000000
6	66	1.000000
8	66	1.000000
12	66	1.000000
15	66	1.000000
17	66	1.000000
18	66	1.000000
20	66	1.000000
21	66	1.000000
23	66	1.000000
24	66	1.000000
26	66	1.000000
29	66	1.000000
30	66	1.000000
31	66	1.000000
32	66	1.000000
34	66	1.000000
37	66	1.000000
41	66	1.000000
42	66	1.000000
43	66	1.000000
47	66	1.000000
48	66	1.000000
53	66	1.000000
54	66	1.000000
57	66	1.000000
58	66	1.000000
59	66	1.000000
61	66	1.000000
63	66	1.000000
4	67	1.000000
8	67	1.000000
9	67	1.000000
11	67	1.000000
13	67	1.000000
14	67	1.000000
15	67	1.000000
19	67	1.000000
20	67	1.000000
21	67	1.000000
22	67	1.000000
23	67	1.000000
25	67	1.000000
26	67	1.000000
27	67	1.000000
29	67	1.000000
30	67	1.000000
31	67	1.000000
32	67	1.000000
35	67	1.000000
37	67	1.000000
38	67	1.000000
39	67	1.000000
42	67	1.000000
46	67	1.000000
47	67	1.000000
49	67	1.000000
52	67	1.000000
53	67	1.000000
55	67	1.000000
57	67	1.000000
59	67	1.000000
60	67	1.000000
61	67	1.000000
62	67	1.000000
63	67	1.000000
1	68	1.000000
2	68	1.000000
3	68	1.000000
6	68	1.000000
9	68	1.000000
11	68	1.000000
16	68	1.000000
17	68	1.000000
19	68	1.000000
29	68	1.000000
33	68	1.000000
36	68	1.000000
37	68	1.000000
40	68	1.000000
41	68	1.000000
42	68	1.000000
44	68	1.000000
46	68	1.000000
47	68	1.000000
50	68	1.000000
51	68	1.000000
55	68	1.000000
57	68	1.000000
58	68	1.000000
61	68	1.000000
62	68	1.000000
63	68	1.000000
65	68	1.000000
2	69	1.000000
5	69	1.000000
6	69	1.000000
8	69	1.000000
10	69	1.000000
12	69	1.000000
14	69	1.000000
15	69	1.000000
16	69	1.000000
18	69	1.000000
19	69	1.000000
20	69	1.000000
21	69	1.000000
26	69	1.000000
27	69	1.000000
31	69	1.000000
33	69	1.000000
36	69	1.000000
38	69	1.000000
39	69	1.000000
42	69	1.000000
47	69	1.000000
49	69	1.000000
51	69	1.000000
55	69	1.000000
57	69	1.000000
60	69	1.000000
62	69	1.000000
63	69	1.000000
64	69	1.000000
66	69	1.000000
67	69	1.000000
68	69	1.000000
1	70	1.000000
3	70	1.000000
4	70	1.000000
5	70	1.000000
8	70	1.000000
9	70	1.000000
10	70	1.000000
12	70	1.000000
13	70	1.000000
17	70	1.000000
18	70	1.000000
21	70	1.000000
24	70	1.000000
25	70	1.000000
29	70	1.000000
30	70	1.000000
32	70	1.000000
33	70	1.000000
34	70	1.000000
35	70	1.000000
38	70	1.000000
39	70	1.000000
44	70	1.000000
46	70	1.000000
49	70	1.000000
51	70	1.000000
54	70	1.000000
56	70	1.000000
58	70	1.000000
60	70	1.000000
61	70	1.000000
62	70	1.000000
65	70	1.000000
66	70	1.000000
1	71	1.000000
2	71	1.000000
4	71	1.000000
7	71	1.000000
10	71	1.000000
16	71	1.000000
19	71	1.000000
20	71	1.000000
21	71	1.000000
22	71	1.000000
23	71	1.000000
26	71	1.000000
30	71	1.000000
31	71	1.000000
34	71	1.000000
38	71	1.000000
45	71	1.000000
46	71	1.000000
47	71	1.000000
48	71	1.000000
49	71	1.000000
50	71	1.000000
54	71	1.000000
58	71	1.000000
60	71	1.000000
66	71	1.000000
69	71	1.000000
1	72	1.000000
4	72	1.000000
7	72	1.000000
9	72	1.000000
12	72	1.000000
13	72	1.000000
14	72	1.000000
16	72	1.000000
17	72	1.000000
19	72	1.000000
20	72	1.000000
21	72	1.000000
25	72	1.000000
26	72	1.000000
32	72	1.000000
37	72	1.000000
40	72	1.000000
41	72	1.000000
42	72	1.000000
43	72	1.000000
44	72	1.000000
45	72	1.000000
47	72	1.000000
49	72	1.000000
50	72	1.000000
54	72	1.000000
55	72	1.000000
57	72	1.000000
58	72	1.000000
61	72	1.000000
63	72	1.000000
64	72	1.000000
3	73	1.000000
4	73	1.000000
6	73	1.000000
7	73	1.000000
8	73	1.000000
12	73	1.000000
13	73	1.000000
14	73	1.000000
17	73	1.000000
18	73	1.000000
19	73	1.000000
21	73	1.000000
22	73	1.000000
25	73	1.000000
27	73	1.000000
30	73	1.000000
32	73	1.000000
36	73	1.000000
38	73	1.000000
39	73	1.000000
40	73	1.000000
44	73	1.000000
45	73	1.000000
46	73	1.000000
48	73	1.000000
49	73	1.000000
52	73	1.000000
55	73	1.000000
57	73	1.000000
58	73	1.000000
61	73	1.000000
64	73	1.000000
66	73	1.000000
67	73	1.000000
68	73	1.000000
69	73	1.000000
70	73	1.000000
71	73	1.000000
4	74	1.000000
5	74	1.000000
6	74	1.000000
11	74	1.000000
14	74	1.000000
15	74	1.000000
18	74	1.000000
19	74	1.000000
21	74	1.000000
23	74	1.000000
27	74	1.000000
28	74	1.000000
30	74	1.000000
33	74	1.000000
34	74	1.000000
37	74	1.000000
38	74	1.000000
40	74	1.000000
41	74	1.000000
42	74	1.000000
45	74	1.000000
46	74	1.000000
47	74	1.000000
48	74	1.000000
49	74	1.000000
50	74	1.000000
52	74	1.000000
53	74	1.000000
55	74	1.000000
57	74	1.000000
58	74	1.000000
59	74	1.000000
60	74	1.000000
62	74	1.000000
63	74	1.000000
64	74	1.000000
65	74	1.000000
68	74	1.000000
69	74	1.000000
71	74	1.000000
72	74	1.000000
73	74	1.000000
2	75	1.000000
3	75	1.000000
4	75	1.000000
7	75	1.000000
10	75	1.000000
12	75	1.000000
14	75	1.000000
16	75	1.000000
17	75	1.000000
21	75	1.000000
22	75	1.000000
23	75	1.000000
25	75	1.000000
26	75	1.000000
30	75	1.000000
31	75	1.000000
33	75	1.000000
34	75	1.000000
35	75	1.000000
37	75	1.000000
38	75	1.000000
39	75	1.000000
40	75	1.000000
41	75	1.000000
43	75	1.000000
44	75	1.000000
47	75	1.000000
48	75	1.000000
51	75	1.000000
52	75	1.000000
57	75	1.000000
59	75	1.000000
61	75	1.000000
62	75	1.000000
64	75	1.000000
65	75	1.000000
67	75	1.000000
68	75	1.000000
69	75	1.000000
71	75	1.000000
72	75	1.000000
73	75	1.000000
74	75	1.000000
1	76	1.000000
2	76	1.000000
3	76	1.000000
4	76	1.000000
5	76	1.000000
6	76	1.000000
7	76	1.000000
9	76	1.000000
16	76	1.000000
19	76	1.000000
20	76	1.000000
22	76	1.000000
26	76	1.000000
28	76	1.000000
29	76	1.000000
30	76	1.000000
33	76	1.000000
35	76	1.000000
38	76	1.000000
39	76	1.000000
41	76	1.000000
42	76	1.000000
46	76	1.000000
47	76	1.000000
48	76	1.000000
50	76	1.000000
54	76	1.000000
55	76	1.000000
56	76	1.000000
59	76	1.000000
61	76	1.000000
65	76	1.000000
66	76	1.000000
69	76	1.000000
72	76	1.000000
73	76	1.000000
74	76	1.000000
75	76	1.000000
1	77	1.000000
2	77	1.000000
3	77	1.000000
4	77	1.000000
6	77	1.000000
8	77	1.000000
9	77	1.000000
11	77	1.000000
12	77	1.000000
13	77	1.000000
14	77	1.000000
17	77	1.000000
19	77	1.000000
21	77	1.000000
23	77	1.000000
24	77	1.000000
27	77	1.000000
28	77	1.000000
30	77	1.000000
32	77	1.000000
34	77	1.000000
35	77	1.000000
36	77	1.000000
37	77	1.000000
38	77	1.000000
39	77	1.000000
41	77	1.000000
43	77	1.000000
44	77	1.000000
45	77	1.000000
47	77	1.000000
49	77	1.000000
50	77	1.000000
51	77	1.000000
53	77	1.000000
54	77	1.000000
55	77	1.000000
56	77	1.000000
59	77	1.000000
61	77	1.000000
66	77	1.000000
67	77	1.000000
68	77	1.000000
70	77	1.000000
72	77	1.000000
73	77	1.000000
74	77	1.000000
76	77	1.000000
1	78	1.000000
3	78	1.000000
5	78	1.000000
9	78	1.000000
10	78	1.000000
13	78	1.000000
14	78	1.000000
15	78	1.000000
17	78	1.000000
19	78	1.000000
20	78	1.000000
24	78	1.000000
25	78	1.000000
28	78	1.000000
29	78	1.000000
30	78	1.000000
31	78	1.000000
34	78	1.000000
35	78	1.000000
36	78	1.000000
37	78	1.000000
39	78	1.000000
40	78	1.000000
42	78	1.000000
43	78	1.000000
44	78	1.000000
45	78	1.000000
46	78	1.000000
48	78	1.000000
51	78	1.000000
53	78	1.000000
56	78	1.000000
57	78	1.000000
58	78	1.000000
59	78	1.000000
60	78	1.000000
61	78	1.000000
62	78	1.000000
63	78	1.000000
67	78	1.000000
70	78	1.000000
74	78	1.000000
76	78	1.000000
2	79	1.000000
4	79	1.000000
6	79	1.000000
8	79	1.000000
11	79	1.000000
12	79	1.000000
14	79	1.000000
16	79	1.000000
19	79	1.000000
20	79	1.000000
21	79	1.000000
22	79	1.000000
23	79	1.000000
25	79	1.000000
28	79	1.000000
30	79	1.000000
33	79	1.000000
35	79	1.000000
37	79	1.000000
39	79	1.000000
40	79	1.000000
42	79	1.000000
45	79	1.000000
46	79	1.000000
50	79	1.000000
51	79	1.000000
52	79	1.000000
53	79	1.000000
54	79	1.000000
55	79	1.000000
56	79	1.000000
59	79	1.000000
61	79	1.000000
62	79	1.000000
63	79	1.000000
64	79	1.000000
65	79	1.000000
67	79	1.000000
69	79	1.000000
71	79	1.000000
74	79	1.000000
77	79	1.000000
2	80	1.000000
4	80	1.000000
7	80	1.000000
9	80	1.000000
10	80	1.000000
11	80	1.000000
12	80	1.000000
13	80	1.000000
15	80	1.000000
16	80	1.000000
17	80	1.000000
18	80	1.000000
19	80	1.000000
22	80	1.000000
24	80	1.000000
26	80	1.000000
31	80	1.000000
32	80	1.000000
33	80	1.000000
36	80	1.000000
37	80	1.000000
39	80	1.000000
42	80	1.000000
43	80	1.000000
44	80	1.000000
45	80	1.000000
48	80	1.000000
50	80	1.000000
52	80	1.000000
53	80	1.000000
54	80	1.000000
57	80	1.000000
59	80	1.000000
61	80	1.000000
62	80	1.000000
64	80	1.000000
69	80	1.000000
71	80	1.000000
73	80	1.000000
77	80	1.000000
2	81	1.000000
3	81	1.000000
5	81	1.000000
6	81	1.000000
7	81	1.000000
10	81	1.000000
11	81	1.000000
12	81	1.000000
13	81	1.000000
14	81	1.000000
16	81	1.000000
19	81	1.000000
20	81	1.000000
23	81	1.000000
24	81	1.000000
25	81	1.000000
30	81	1.000000
31	81	1.000000
32	81	1.000000
34	81	1.000000
36	81	1.000000
38	81	1.000000
39	81	1.000000
40	81	1.000000
41	81	1.000000
46	81	1.000000
47	81	1.000000
49	81	1.000000
50	81	1.000000
51	81	1.000000
52	81	1.000000
53	81	1.000000
54	81	1.000000
55	81	1.000000
56	81	1.000000
59	81	1.000000
62	81	1.000000
63	81	1.000000
64	81	1.000000
68	81	1.000000
69	81	1.000000
71	81	1.000000
72	81	1.000000
73	81	1.000000
74	81	1.000000
76	81	1.000000
79	81	1.000000
80	81	1.000000
1	82	1.000000
3	82	1.000000
6	82	1.000000
7	82	1.000000
8	82	1.000000
9	82	1.000000
11	82	1.000000
16	82	1.000000
17	82	1.000000
18	82	1.000000
22	82	1.000000
23	82	1.000000
25	82	1.000000
29	82	1.000000
32	82	1.000000
33	82	1.000000
37	82	1.000000
42	82	1.000000
47	82	1.000000
48	82	1.000000
50	82	1.000000
52	82	1.000000
53	82	1.000000
54	82	1.000000
55	82	1.000000
59	82	1.000000
60	82	1.000000
61	82	1.000000
62	82	1.000000
63	82	1.000000
67	82	1.000000
70	82	1.000000
72	82	1.000000
75	82	1.000000
77	82	1.000000
78	82	1.000000
79	82	1.000000
80	82	1.000000
81	82	1.000000
2	83	1.000000
3	83	1.000000
4	83	1.000000
5	83	1.000000
7	83	1.000000
10	83	1.000000
11	83	1.000000
13	83	1.000000
14	83	1.000000
17	83	1.000000
18	83	1.000000
19	83	1.000000
27	83	1.000000
30	83	1.000000
31	83	1.000000
32	83	1.000000
35	83	1.000000
38	83	1.000000
40	83	1.000000
42	83	1.000000
45	83	1.000000
46	83	1.000000
47	83	1.000000
49	83	1.000000
53	83	1.000000
54	83	1.000000
55	83	1.000000
56	83	1.000000
58	83	1.000000
61	83	1.000000
62	83	1.000000
63	83	1.000000
64	83	1.000000
69	83	1.000000
70	83	1.000000
71	83	1.000000
73	83	1.000000
74	83	1.000000
75	83	1.000000
76	83	1.000000
78	83	1.000000
81	83	1.000000
82	83	1.000000
2	84	1.000000
3	84	1.000000
5	84	1.000000
13	84	1.000000
16	84	1.000000
17	84	1.000000
18	84	1.000000
23	84	1.000000
24	84	1.000000
25	84	1.000000
26	84	1.000000
27	84	1.000000
31	84	1.000000
32	84	1.000000
33	84	1.000000
36	84	1.000000
41	84	1.000000
49	84	1.000000
50	84	1.000000
52	84	1.000000
56	84	1.000000
57	84	1.000000
59	84	1.000000
64	84	1.000000
65	84	1.000000
68	84	1.000000
71	84	1.000000
72	84	1.000000
73	84	1.000000
74	84	1.000000
78	84	1.000000
79	84	1.000000
81	84	1.000000
83	84	1.000000
1	85	1.000000
2	85	1.000000
5	85	1.000000
8	85	1.000000
11	85	1.000000
13	85	1.000000
14	85	1.000000
15	85	1.000000
20	85	1.000000
21	85	1.000000
22	85	1.000000
23	85	1.000000
25	85	1.000000
28	85	1.000000
29	85	1.000000
30	85	1.000000
32	85	1.000000
33	85	1.000000
35	85	1.000000
38	85	1.000000
43	85	1.000000
44	85	1.000000
45	85	1.000000
47	85	1.000000
48	85	1.000000
50	85	1.000000
52	85	1.000000
54	85	1.000000
55	85	1.000000
56	85	1.000000
58	85	1.000000
60	85	1.000000
61	85	1.000000
65	85	1.000000
68	85	1.000000
71	85	1.000000
76	85	1.000000
79	85	1.000000
80	85	1.000000
81	85	1.000000
82	85	1.000000
1	86	1.000000
4	86	1.000000
5	86	1.000000
6	86	1.000000
11	86	1.000000
12	86	1.000000
15	86	1.000000
16	86	1.000000
17	86	1.000000
18	86	1.000000
19	86	1.000000
20	86	1.000000
23	86	1.000000
24	86	1.000000
30	86	1.000000
33	86	1.000000
34	86	1.000000
35	86	1.000000
36	86	1.000000
40	86	1.000000
42	86	1.000000
43	86	1.000000
44	86	1.000000
45	86	1.000000
47	86	1.000000
48	86	1.000000
49	86	1.000000
50	86	1.000000
51	86	1.000000
53	86	1.000000
54	86	1.000000
55	86	1.000000
56	86	1.000000
57	86	1.000000
60	86	1.000000
64	86	1.000000
65	86	1.000000
67	86	1.000000
75	86	1.000000
77	86	1.000000
78	86	1.000000
79	86	1.000000
80	86	1.000000
82	86	1.000000
84	86	1.000000
1	87	1.000000
2	87	1.000000
4	87	1.000000
6	87	1.000000
7	87	1.000000
9	87	1.000000
10	87	1.000000
11	87	1.000000
12	87	1.000000
13	87	1.000000
15	87	1.000000
18	87	1.000000
19	87	1.000000
23	87	1.000000
24	87	1.000000
30	87	1.000000
34	87	1.000000
35	87	1.000000
36	87	1.000000
38	87	1.000000
39	87	1.000000
42	87	1.000000
46	87	1.000000
47	87	1.000000
48	87	1.000000
49	87	1.000000
51	87	1.000000
52	87	1.000000
53	87	1.000000
54	87	1.000000
55	87	1.000000
57	87	1.000000
58	87	1.000000
59	87	1.000000
60	87	1.000000
61	87	1.000000
62	87	1.000000
63	87	1.000000
65	87	1.000000
66	87	1.000000
69	87	1.000000
70	87	1.000000
72	87	1.000000
73	87	1.000000
74	87	1.000000
76	87	1.000000
78	87	1.000000
79	87	1.000000
82	87	1.000000
84	87	1.000000
86	87	1.000000
2	88	1.000000
9	88	1.000000
12	88	1.000000
13	88	1.000000
19	88	1.000000
21	88	1.000000
23	88	1.000000
28	88	1.000000
29	88	1.000000
31	88	1.000000
32	88	1.000000
33	88	1.000000
34	88	1.000000
37	88	1.000000
45	88	1.000000
46	88	1.000000
47	88	1.000000
51	88	1.000000
55	88	1.000000
56	88	1.000000
58	88	1.000000
59	88	1.000000
61	88	1.000000
63	88	1.000000
64	88	1.000000
65	88	1.000000
68	88	1.000000
70	88	1.000000
71	88	1.000000
72	88	1.000000
74	88	1.000000
75	88	1.000000
77	88	1.000000
78	88	1.000000
79	88	1.000000
80	88	1.000000
81	88	1.000000
82	88	1.000000
86	88	1.000000
87	88	1.000000
1	89	1.000000
3	89	1.000000
4	89	1.000000
5	89	1.000000
6	89	1.000000
7	89	1.000000
9	89	1.000000
10	89	1.000000
11	89	1.000000
12	89	1.000000
19	89	1.000000
20	89	1.000000
21	89	1.000000
23	89	1.000000
25	89	1.000000
28	89	1.000000
31	89	1.000000
32	89	1.000000
33	89	1.000000
36	89	1.000000
37	89	1.000000
38	89	1.000000
40	89	1.000000
43	89	1.000000
45	89	1.000000
48	89	1.000000
52	89	1.000000
53	89	1.000000
54	89	1.000000
55	89	1.000000
56	89	1.000000
57	89	1.000000
58	89	1.000000
59	89	1.000000
60	89	1.000000
62	89	1.000000
64	89	1.000000
67	89	1.000000
68	89	1.000000
69	89	1.000000
70	89	1.000000
71	89	1.000000
72	89	1.000000
73	89	1.000000
74	89	1.000000
77	89	1.000000
79	89	1.000000
80	89	1.000000
83	89	1.000000
86	89	1.000000
87	89	1.000000
1	90	1.000000
3	90	1.000000
5	90	1.000000
7	90	1.000000
8	90	1.000000
10	90	1.000000
11	90	1.000000
12	90	1.000000
14	90	1.000000
15	90	1.000000
17	90	1.000000
21	90	1.000000
22	90	1.000000
23	90	1.000000
25	90	1.000000
26	90	1.000000
28	90	1.000000
29	90	1.000000
32	90	1.000000
33	90	1.000000
34	90	1.000000
35	90	1.000000
37	90	1.000000
39	90	1.000000
40	90	1.000000
41	90	1.000000
42	90	1.000000
43	90	1.000000
44	90	1.000000
45	90	1.000000
46	90	1.000000
47	90	1.000000
52	90	1.000000
57	90	1.000000
58	90	1.000000
59	90	1.000000
62	90	1.000000
64	90	1.000000
65	90	1.000000
67	90	1.000000
68	90	1.000000
72	90	1.000000
74	90	1.000000
75	90	1.000000
77	90	1.000000
78	90	1.000000
79	90	1.000000
80	90	1.000000
82	90	1.000000
84	90	1.000000
89	90	1.000000
3	91	1.000000
5	91	1.000000
8	91	1.000000
10	91	1.000000
11	91	1.000000
12	91	1.000000
15	91	1.000000
17	91	1.000000
18	91	1.000000
19	91	1.000000
20	91	1.000000
21	91	1.000000
22	91	1.000000
23	91	1.000000
24	91	1.000000
32	91	1.000000
33	91	1.000000
34	91	1.000000
35	91	1.000000
39	91	1.000000
43	91	1.000000
44	91	1.000000
47	91	1.000000
48	91	1.000000
49	91	1.000000
52	91	1.000000
53	91	1.000000
55	91	1.000000
56	91	1.000000
57	91	1.000000
59	91	1.000000
63	91	1.000000
64	91	1.000000
65	91	1.000000
69	91	1.000000
70	91	1.000000
71	91	1.000000
74	91	1.000000
75	91	1.000000
76	91	1.000000
78	91	1.000000
81	91	1.000000
85	91	1.000000
86	91	1.000000
87	91	1.000000
88	91	1.000000
89	91	1.000000
90	91	1.000000
1	92	1.000000
7	92	1.000000
8	92	1.000000
14	92	1.000000
15	92	1.000000
18	92	1.000000
19	92	1.000000
20	92	1.000000
22	92	1.000000
27	92	1.000000
28	92	1.000000
29	92	1.000000
32	92	1.000000
33	92	1.000000
36	92	1.000000
37	92	1.000000
41	92	1.000000
42	92	1.000000
43	92	1.000000
44	92	1.000000
48	92	1.000000
50	92	1.000000
56	92	1.000000
57	92	1.000000
58	92	1.000000
59	92	1.000000
60	92	1.000000
63	92	1.000000
65	92	1.000000
66	92	1.000000
67	92	1.000000
68	92	1.000000
69	92	1.000000
71	92	1.000000
72	92	1.000000
73	92	1.000000
74	92	1.000000
77	92	1.000000
80	92	1.000000
82	92	1.000000
84	92	1.000000
86	92	1.000000
2	93	1.000000
3	93	1.000000
4	93	1.000000
5	93	1.000000
6	93	1.000000
8	93	1.000000
9	93	1.000000
10	93	1.000000
13	93	1.000000
14	93	1.000000
15	93	1.000000
16	93	1.000000
17	93	1.000000
18	93	1.000000
20	93	1.000000
23	93	1.000000
24	93	1.000000
26	93	1.000000
27	93	1.000000
28	93	1.000000
29	93	1.000000
32	93	1.000000
36	93	1.000000
37	93	1.000000
43	93	1.000000
44	93	1.000000
45	93	1.000000
47	93	1.000000
49	93	1.000000
50	93	1.000000
51	93	1.000000
52	93	1.000000
53	93	1.000000
55	93	1.000000
56	93	1.000000
57	93	1.000000
58	93	1.000000
61	93	1.000000
62	93	1.000000
69	93	1.000000
70	93	1.000000
73	93	1.000000
74	93	1.000000
77	93	1.000000
79	93	1.000000
81	93	1.000000
82	93	1.000000
84	93	1.000000
87	93	1.000000
89	93	1.000000
92	93	1.000000
1	94	1.000000
4	94	1.000000
5	94	1.000000
8	94	1.000000
9	94	1.000000
10	94	1.000000
13	94	1.000000
14	94	1.000000
18	94	1.000000
20	94	1.000000
26	94	1.000000
29	94	1.000000
30	94	1.000000
31	94	1.000000
32	94	1.000000
34	94	1.000000
35	94	1.000000
36	94	1.000000
40	94	1.000000
41	94	1.000000
42	94	1.000000
47	94	1.000000
50	94	1.000000
53	94	1.000000
59	94	1.000000
61	94	1.000000
62	94	1.000000
65	94	1.000000
67	94	1.000000
68	94	1.000000
71	94	1.000000
75	94	1.000000
76	94	1.000000
83	94	1.000000
85	94	1.000000
86	94	1.000000
89	94	1.000000
90	94	1.000000
91	94	1.000000
92	94	1.000000
1	95	1.000000
3	95	1.000000
5	95	1.000000
6	95	1.000000
7	95	1.000000
9	95	1.000000
10	95	1.000000
11	95	1.000000
12	95	1.000000
14	95	1.000000
17	95	1.000000
19	95	1.000000
21	95	1.000000
26	95	1.000000
27	95	1.000000
30	95	1.000000
37	95	1.000000
38	95	1.000000
43	95	1.000000
45	95	1.000000
47	95	1.000000
48	95	1.000000
49	95	1.000000
51	95	1.000000
52	95	1.000000
54	95	1.000000
55	95	1.000000
59	95	1.000000
62	95	1.000000
64	95	1.000000
65	95	1.000000
69	95	1.000000
73	95	1.000000
77	95	1.000000
78	95	1.000000
80	95	1.000000
81	95	1.000000
82	95	1.000000
85	95	1.000000
87	95	1.000000
88	95	1.000000
89	95	1.000000
92	95	1.000000
93	95	1.000000
7	96	1.000000
11	96	1.000000
12	96	1.000000
13	96	1.000000
14	96	1.000000
15	96	1.000000
16	96	1.000000
20	96	1.000000
21	96	1.000000
22	96	1.000000
23	96	1.000000
24	96	1.000000
25	96	1.000000
26	96	1.000000
29	96	1.000000
30	96	1.000000
31	96	1.000000
32	96	1.000000
35	96	1.000000
41	96	1.000000
42	96	1.000000
45	96	1.000000
47	96	1.000000
48	96	1.000000
50	96	1.000000
51	96	1.000000
54	96	1.000000
55	96	1.000000
57	96	1.000000
59	96	1.000000
64	96	1.000000
69	96	1.000000
70	96	1.000000
71	96	1.000000
73	96	1.000000
74	96	1.000000
75	96	1.000000
77	96	1.000000
79	96	1.000000
83	96	1.000000
84	96	1.000000
85	96	1.000000
87	96	1.000000
91	96	1.000000
3	97	1.000000
4	97	1.000000
6	97	1.000000
7	97	1.000000
8	97	1.000000
9	97	1.000000
13	97	1.000000
21	97	1.000000
25	97	1.000000
26	97	1.000000
27	97	1.000000
29	97	1.000000
36	97	1.000000
38	97	1.000000
40	97	1.000000
41	97	1.000000
42	97	1.000000
44	97	1.000000
45	97	1.000000
46	97	1.000000
47	97	1.000000
52	97	1.000000
55	97	1.000000
56	97	1.000000
57	97	1.000000
58	97	1.000000
60	97	1.000000
63	97	1.000000
64	97	1.000000
67	97	1.000000
69	97	1.000000
70	97	1.000000
73	97	1.000000
76	97	1.000000
77	97	1.000000
79	97	1.000000
81	97	1.000000
83	97	1.000000
89	97	1.000000
90	97	1.000000
92	97	1.000000
93	97	1.000000
94	97	1.000000
95	97	1.000000
2	98	1.000000
3	98	1.000000
4	98	1.000000
6	98	1.000000
7	98	1.000000
9	98	1.000000
10	98	1.000000
12	98	1.000000
13	98	1.000000
14	98	1.000000
17	98	1.000000
18	98	1.000000
21	98	1.000000
23	98	1.000000
25	98	1.000000
26	98	1.000000
30	98	1.000000
34	98	1.000000
36	98	1.000000
37	98	1.000000
39	98	1.000000
40	98	1.000000
43	98	1.000000
44	98	1.000000
48	98	1.000000
50	98	1.000000
51	98	1.000000
55	98	1.000000
57	98	1.000000
59	98	1.000000
61	98	1.000000
62	98	1.000000
64	98	1.000000
67	98	1.000000
68	98	1.000000
69	98	1.000000
72	98	1.000000
73	98	1.000000
75	98	1.000000
76	98	1.000000
78	98	1.000000
79	98	1.000000
80	98	1.000000
81	98	1.000000
85	98	1.000000
87	98	1.000000
88	98	1.000000
89	98	1.000000
90	98	1.000000
91	98	1.000000
94	98	1.000000
2	99	1.000000
3	99	1.000000
4	99	1.000000
5	99	1.000000
7	99	1.000000
8	99	1.000000
10	99	1.000000
11	99	1.000000
13	99	1.000000
14	99	1.000000
15	99	1.000000
16	99	1.000000
17	99	1.000000
19	99	1.000000
24	99	1.000000
25	99	1.000000
28	99	1.000000
30	99	1.000000
31	99	1.000000
32	99	1.000000
35	99	1.000000
36	99	1.000000
38	99	1.000000
39	99	1.000000
41	99	1.000000
43	99	1.000000
44	99	1.000000
45	99	1.000000
48	99	1.000000
49	99	1.000000
52	99	1.000000
54	99	1.000000
55	99	1.000000
59	99	1.000000
60	99	1.000000
63	99	1.000000
64	99	1.000000
67	99	1.000000
69	99	1.000000
70	99	1.000000
71	99	1.000000
72	99	1.000000
74	99	1.000000
76	99	1.000000
77	99	1.000000
78	99	1.000000
79	99	1.000000
82	99	1.000000
83	99	1.000000
86	99	1.000000
87	99	1.000000
88	99	1.000000
90	99	1.000000
92	99	1.000000
93	99	1.000000
97	99	1.000000
98	99	1.000000
2	100	1.000000
3	100	1.000000
5	100	1.000000
6	100	1.000000
7	100	1.000000
9	100	1.000000
10	100	1.000000
12	100	1.000000
13	100	1.000000
14	100	1.000000
15	100	1.000000
16	100	1.000000
19	100	1.000000
22	100	1.000000
25	100	1.000000
28	100	1.000000
29	100	1.000000
30	100	1.000000
32	100	1.000000
33	100	1.000000
38	100	1.000000
40	100	1.000000
41	100	1.000000
44	100	1.000000
45	100	1.000000
49	100	1.000000
53	100	1.000000
54	100	1.000000
57	100	1.000000
58	100	1.000000
64	100	1.000000
65	100	1.000000
69	100	1.000000
71	100	1.000000
73	100	1.000000
74	100	1.000000
75	100	1.000000
77	100	1.000000
79	100	1.000000
86	100	1.000000
88	100	1.000000
95	100	1.000000
98	100	1.000000
