100	2475
2	4	1.000000
3	4	1.000000
1	5	1.000000
1	6	1.000000
2	6	1.000000
4	6	1.000000
5	6	1.000000
2	7	1.000000
3	7	1.000000
4	7	1.000000
2	8	1.000000
3	8	1.000000
5	8	1.000000
6	8	1.000000
1	9	1.000000
2	9	1.000000
4	9	1.000000
6	9	1.000000
2	10	1.000000
3	10	1.000000
4	10	1.000000
5	10	1.000000
7	10	1.000000
1	11	1.000000
2	11	1.000000
4	11	1.000000
7	11	1.000000
8	11	1.000000
2	12	1.000000
3	12	1.000000
5	12	1.000000
7	12	1.000000
4	13	1.000000
5	13	1.000000
9	13	1.000000
11	13	1.000000
3	14	1.000000
4	14	1.000000
6	14	1.000000
7	14	1.000000
12	14	1.000000
1	15	1.000000
4	15	1.000000
7	15	1.000000
8	15	1.000000
11	15	1.000000
12	15	1.000000
14	15	1.000000
1	16	1.000000
3	16	1.000000
5	16	1.000000
6	16	1.000000
12	16	1.000000
13	16	1.000000
14	16	1.000000
15	16	1.000000
1	17	1.000000
2	17	1.000000
9	17	1.000000
11	17	1.000000
13	17	1.000000
15	17	1.000000
16	17	1.000000
3	18	1.000000
4	18	1.000000
9	18	1.000000
10	18	1.000000
11	18	1.000000
13	18	1.000000
14	18	1.000000
17	18	1.000000
1	19	1.000000
2	19	1.000000
3	19	1.000000
4	19	1.000000
5	19	1.000000
6	19	1.000000
7	19	1.000000
9	19	1.000000
10	19	1.000000
14	19	1.000000
1	20	1.000000
2	20	1.000000
3	20	1.000000
4	20	1.000000
5	20	1.000000
6	20	1.000000
7	20	1.000000
8	20	1.000000
9	20	1.000000
11	20	1.000000
12	20	1.000000
13	20	1.000000
14	20	1.000000
15	20	1.000000
16	20	1.000000
18	20	1.000000
1	21	1.000000
2	21	1.000000
7	21	1.000000
10	21	1.000000
11	21	1.000000
12	21	1.000000
15	21	1.000000
16	21	1.000000
20	21	1.000000
1	22	1.000000
2	22	1.000000
3	22	1.000000
5	22	1.000000
7	22	1.000000
8	22	1.000000
14	22	1.000000
15	22	1.000000
3	23	1.000000
4	23	1.000000
6	23	1.000000
10	23	1.000000
15	23	1.000000
17	23	1.000000
20	23	1.000000
21	23	1.000000
22	23	1.000000
3	24	1.000000
6	24	1.000000
8	24	1.000000
10	24	1.000000
13	24	1.000000
14	24	1.000000
15	24	1.000000
19	24	1.000000
20	24	1.000000
22	24	1.000000
23	24	1.000000
2	25	1.000000
4	25	1.000000
5	25	1.000000
6	25	1.000000
7	25	1.000000
8	25	1.000000
11	25	1.000000
12	25	1.000000
14	25	1.000000
16	25	1.000000
18	25	1.000000
4	26	1.000000
5	26	1.000000
7	26	1.000000
8	26	1.000000
10	26	1.000000
12	26	1.000000
13	26	1.000000
18	26	1.000000
19	26	1.000000
21	26	1.000000
22	26	1.000000
1	27	1.000000
3	27	1.000000
7	27	1.000000
9	27	1.000000
10	27	1.000000
14	27	1.000000
17	27	1.000000
18	27	1.000000
19	27	1.000000
25	27	1.000000
2	28	1.000000
8	28	1.000000
9	28	1.000000
10	28	1.000000
14	28	1.000000
17	28	1.000000
20	28	1.000000
25	28	1.000000
26	28	1.000000
27	28	1.000000
1	29	1.000000
3	29	1.000000
5	29	1.000000
6	29	1.000000
8	29	1.000000
9	29	1.000000
10	29	1.000000
11	29	1.000000
16	29	1.000000
17	29	1.000000
19	29	1.000000
20	29	1.000000
22	29	1.000000
23	29	1.000000
24	29	1.000000
25	29	1.000000
26	29	1.000000
27	29	1.000000
28	29	1.000000
1	30	1.000000
2	30	1.000000
7	30	1.000000
10	30	1.000000
11	30	1.000000
13	30	1.000000
14	30	1.000000
17	30	1.000000
21	30	1.000000
22	30	1.000000
23	30	1.000000
24	30	1.000000
26	30	1.000000
27	30	1.000000
28	30	1.000000
1	31	1.000000
3	31	1.000000
5	31	1.000000
6	31	1.000000
14	31	1.000000
16	31	1.000000
20	31	1.000000
21	31	1.000000
22	31	1.000000
30	31	1.000000
1	32	1.000000
2	32	1.000000
3	32	1.000000
5	32	1.000000
6	32	1.000000
10	32	1.000000
11	32	1.000000
12	32	1.000000
16	32	1.000000
18	32	1.000000
19	32	1.000000
20	32	1.000000
21	32	1.000000
22	32	1.000000
23	32	1.000000
25	32	1.000000
28	32	1.000000
29	32	1.000000
31	32	1.000000
5	33	1.000000
6	33	1.000000
8	33	1.000000
9	33	1.000000
10	33	1.000000
11	33	1.000000
12	33	1.000000
16	33	1.000000
18	33	1.000000
20	33	1.000000
21	33	1.000000
23	33	1.000000
3	34	1.000000
4	34	1.000000
6	34	1.000000
7	34	1.000000
10	34	1.000000
11	34	1.000000
13	34	1.000000
14	34	1.000000
15	34	1.000000
17	34	1.000000
20	34	1.000000
21	34	1.000000
22	34	1.000000
26	34	1.000000
28	34	1.000000
30	34	1.000000
33	34	1.000000
2	35	1.000000
3	35	1.000000
4	35	1.000000
5	35	1.000000
7	35	1.000000
10	35	1.000000
11	35	1.000000
13	35	1.000000
14	35	1.000000
18	35	1.000000
19	35	1.000000
26	35	1.000000
27	35	1.000000
28	35	1.000000
29	35	1.000000
30	35	1.000000
1	36	1.000000
2	36	1.000000
3	36	1.000000
4	36	1.000000
5	36	1.000000
10	36	1.000000
12	36	1.000000
21	36	1.000000
24	36	1.000000
27	36	1.000000
29	36	1.000000
31	36	1.000000
32	36	1.000000
34	36	1.000000
35	36	1.000000
1	37	1.000000
2	37	1.000000
4	37	1.000000
5	37	1.000000
6	37	1.000000
10	37	1.000000
11	37	1.000000
17	37	1.000000
22	37	1.000000
26	37	1.000000
27	37	1.000000
28	37	1.000000
29	37	1.000000
30	37	1.000000
32	37	1.000000
33	37	1.000000
35	37	1.000000
1	38	1.000000
2	38	1.000000
3	38	1.000000
7	38	1.000000
8	38	1.000000
10	38	1.000000
11	38	1.000000
12	38	1.000000
14	38	1.000000
16	38	1.000000
18	38	1.000000
19	38	1.000000
20	38	1.000000
22	38	1.000000
25	38	1.000000
27	38	1.000000
28	38	1.000000
29	38	1.000000
30	38	1.000000
31	38	1.000000
37	38	1.000000
2	39	1.000000
5	39	1.000000
8	39	1.000000
9	39	1.000000
11	39	1.000000
13	39	1.000000
14	39	1.000000
16	39	1.000000
20	39	1.000000
21	39	1.000000
23	39	1.000000
24	39	1.000000
27	39	1.000000
33	39	1.000000
34	39	1.000000
35	39	1.000000
37	39	1.000000
2	40	1.000000
4	40	1.000000
7	40	1.000000
9	40	1.000000
10	40	1.000000
11	40	1.000000
12	40	1.000000
13	40	1.000000
15	40	1.000000
16	40	1.000000
19	40	1.000000
20	40	1.000000
23	40	1.000000
24	40	1.000000
26	40	1.000000
28	40	1.000000
32	40	1.000000
39	40	1.000000
1	41	1.000000
3	41	1.000000
6	41	1.000000
10	41	1.000000
13	41	1.000000
14	41	1.000000
19	41	1.000000
23	41	1.000000
25	41	1.000000
26	41	1.000000
28	41	1.000000
31	41	1.000000
32	41	1.000000
34	41	1.000000
35	41	1.000000
37	41	1.000000
40	41	1.000000
1	42	1.000000
2	42	1.000000
4	42	1.000000
6	42	1.000000
7	42	1.000000
8	42	1.000000
10	42	1.000000
12	42	1.000000
14	42	1.000000
17	42	1.000000
20	42	1.000000
21	42	1.000000
22	42	1.000000
23	42	1.000000
26	42	1.000000
29	42	1.000000
32	42	1.000000
34	42	1.000000
35	42	1.000000
36	42	1.000000
37	42	1.000000
39	42	1.000000
40	42	1.000000
41	42	1.000000
1	43	1.000000
3	43	1.000000
4	43	1.000000
5	43	1.000000
8	43	1.000000
9	43	1.000000
11	43	1.000000
12	43	1.000000
13	43	1.000000
14	43	1.000000
16	43	1.000000
19	43	1.000000
20	43	1.000000
21	43	1.000000
22	43	1.000000
23	43	1.000000
24	43	1.000000
27	43	1.000000
29	43	1.000000
32	43	1.000000
36	43	1.000000
2	44	1.000000
4	44	1.000000
7	44	1.000000
9	44	1.000000
10	44	1.000000
11	44	1.000000
12	44	1.000000
15	44	1.000000
16	44	1.000000
18	44	1.000000
25	44	1.000000
27	44	1.000000
28	44	1.000000
29	44	1.000000
30	44	1.000000
32	44	1.000000
33	44	1.000000
34	44	1.000000
38	44	1.000000
40	44	1.000000
43	44	1.000000
3	45	1.000000
4	45	1.000000
5	45	1.000000
7	45	1.000000
8	45	1.000000
12	45	1.000000
13	45	1.000000
15	45	1.000000
17	45	1.000000
18	45	1.000000
19	45	1.000000
20	45	1.000000
24	45	1.000000
25	45	1.000000
27	45	1.000000
28	45	1.000000
29	45	1.000000
30	45	1.000000
31	45	1.000000
33	45	1.000000
37	45	1.000000
38	45	1.000000
39	45	1.000000
40	45	1.000000
41	45	1.000000
42	45	1.000000
43	45	1.000000
44	45	1.000000
6	46	1.000000
8	46	1.000000
9	46	1.000000
10	46	1.000000
12	46	1.000000
14	46	1.000000
17	46	1.000000
20	46	1.000000
22	46	1.000000
23	46	1.000000
27	46	1.000000
29	46	1.000000
30	46	1.000000
31	46	1.000000
32	46	1.000000
36	46	1.000000
38	46	1.000000
39	46	1.000000
41	46	1.000000
42	46	1.000000
44	46	1.000000
45	46	1.000000
1	47	1.000000
6	47	1.000000
9	47	1.000000
11	47	1.000000
13	47	1.000000
15	47	1.000000
16	47	1.000000
17	47	1.000000
18	47	1.000000
19	47	1.000000
20	47	1.000000
21	47	1.000000
22	47	1.000000
23	47	1.000000
24	47	1.000000
26	47	1.000000
27	47	1.000000
28	47	1.000000
29	47	1.000000
30	47	1.000000
32	47	1.000000
33	47	1.000000
34	47	1.000000
35	47	1.000000
36	47	1.000000
37	47	1.000000
38	47	1.000000
39	47	1.000000
41	47	1.000000
44	47	1.000000
1	48	1.000000
2	48	1.000000
3	48	1.000000
5	48	1.000000
8	48	1.000000
9	48	1.000000
10	48	1.000000
14	48	1.000000
15	48	1.000000
17	48	1.000000
18	48	1.000000
19	48	1.000000
20	48	1.000000
26	48	1.000000
27	48	1.000000
28	48	1.000000
29	48	1.000000
32	48	1.000000
34	48	1.000000
38	48	1.000000
40	48	1.000000
41	48	1.000000
42	48	1.000000
47	48	1.000000
1	49	1.000000
2	49	1.000000
7	49	1.000000
12	49	1.000000
14	49	1.000000
15	49	1.000000
16	49	1.000000
17	49	1.000000
18	49	1.000000
19	49	1.000000
21	49	1.000000
22	49	1.000000
25	49	1.000000
26	49	1.000000
27	49	1.000000
29	49	1.000000
32	49	1.000000
33	49	1.000000
36	49	1.000000
37	49	1.000000
38	49	1.000000
39	49	1.000000
40	49	1.000000
47	49	1.000000
2	50	1.000000
7	50	1.000000
8	50	1.000000
9	50	1.000000
10	50	1.000000
12	50	1.000000
13	50	1.000000
18	50	1.000000
20	50	1.000000
21	50	1.000000
22	50	1.000000
24	50	1.000000
26	50	1.000000
27	50	1.000000
28	50	1.000000
29	50	1.000000
32	50	1.000000
35	50	1.000000
38	50	1.000000
44	50	1.000000
46	50	1.000000
47	50	1.000000
49	50	1.000000
1	51	1.000000
5	51	1.000000
7	51	1.000000
8	51	1.000000
9	51	1.000000
10	51	1.000000
14	51	1.000000
16	51	1.000000
19	51	1.000000
24	51	1.000000
28	51	1.000000
30	51	1.000000
31	51	1.000000
32	51	1.000000
33	51	1.000000
36	51	1.000000
37	51	1.000000
38	51	1.000000
39	51	1.000000
40	51	1.000000
43	51	1.000000
44	51	1.000000
48	51	1.000000
49	51	1.000000
50	51	1.000000
1	52	1.000000
3	52	1.000000
4	52	1.000000
6	52	1.000000
8	52	1.000000
9	52	1.000000
15	52	1.000000
16	52	1.000000
18	52	1.000000
24	52	1.000000
25	52	1.000000
26	52	1.000000
27	52	1.000000
28	52	1.000000
30	52	1.000000
31	52	1.000000
32	52	1.000000
34	52	1.000000
35	52	1.000000
36	52	1.000000
42	52	1.000000
43	52	1.000000
44	52	1.000000
49	52	1.000000
50	52	1.000000
7	53	1.000000
12	53	1.000000
15	53	1.000000
19	53	1.000000
20	53	1.000000
23	53	1.000000
28	53	1.000000
29	53	1.000000
38	53	1.000000
39	53	1.000000
43	53	1.000000
46	53	1.000000
48	53	1.000000
49	53	1.000000
50	53	1.000000
51	53	1.000000
52	53	1.000000
2	54	1.000000
5	54	1.000000
6	54	1.000000
7	54	1.000000
9	54	1.000000
11	54	1.000000
14	54	1.000000
15	54	1.000000
18	54	1.000000
19	54	1.000000
21	54	1.000000
23	54	1.000000
25	54	1.000000
26	54	1.000000
27	54	1.000000
28	54	1.000000
30	54	1.000000
33	54	1.000000
34	54	1.000000
36	54	1.000000
38	54	1.000000
39	54	1.000000
40	54	1.000000
45	54	1.000000
47	54	1.000000
51	54	1.000000
52	54	1.000000
53	54	1.000000
1	55	1.000000
3	55	1.000000
7	55	1.000000
8	55	1.000000
9	55	1.000000
12	55	1.000000
13	55	1.000000
14	55	1.000000
18	55	1.000000
19	55	1.000000
22	55	1.000000
23	55	1.000000
24	55	1.000000
26	55	1.000000
34	55	1.000000
35	55	1.000000
36	55	1.000000
40	55	1.000000
47	55	1.000000
48	55	1.000000
49	55	1.000000
50	55	1.000000
54	55	1.000000
1	56	1.000000
2	56	1.000000
3	56	1.000000
5	56	1.000000
6	56	1.000000
8	56	1.000000
9	56	1.000000
11	56	1.000000
13	56	1.000000
14	56	1.000000
15	56	1.000000
16	56	1.000000
18	56	1.000000
20	56	1.000000
22	56	1.000000
23	56	1.000000
24	56	1.000000
30	56	1.000000
33	56	1.000000
34	56	1.000000
35	56	1.000000
38	56	1.000000
39	56	1.000000
40	56	1.000000
42	56	1.000000
44	56	1.000000
46	56	1.000000
47	56	1.000000
48	56	1.000000
49	56	1.000000
50	56	1.000000
51	56	1.000000
52	56	1.000000
53	56	1.000000
54	56	1.000000
55	56	1.000000
3	57	1.000000
4	57	1.000000
9	57	1.000000
14	57	1.000000
16	57	1.000000
17	57	1.000000
20	57	1.000000
22	57	1.000000
23	57	1.000000
24	57	1.000000
26	57	1.000000
30	57	1.000000
33	57	1.000000
34	57	1.000000
35	57	1.000000
36	57	1.000000
37	57	1.000000
38	57	1.000000
41	57	1.000000
43	57	1.000000
50	57	1.000000
51	57	1.000000
53	57	1.000000
56	57	1.000000
1	58	1.000000
6	58	1.000000
11	58	1.000000
19	58	1.000000
22	58	1.000000
23	58	1.000000
24	58	1.000000
26	58	1.000000
28	58	1.000000
29	58	1.000000
31	58	1.000000
32	58	1.000000
35	58	1.000000
36	58	1.000000
38	58	1.000000
41	58	1.000000
42	58	1.000000
43	58	1.000000
44	58	1.000000
45	58	1.000000
46	58	1.000000
49	58	1.000000
51	58	1.000000
52	58	1.000000
53	58	1.000000
54	58	1.000000
55	58	1.000000
4	59	1.000000
5	59	1.000000
8	59	1.000000
10	59	1.000000
11	59	1.000000
12	59	1.000000
14	59	1.000000
15	59	1.000000
17	59	1.000000
18	59	1.000000
19	59	1.000000
22	59	1.000000
23	59	1.000000
24	59	1.000000
26	59	1.000000
27	59	1.000000
28	59	1.000000
29	59	1.000000
31	59	1.000000
32	59	1.000000
33	59	1.000000
36	59	1.000000
37	59	1.000000
41	59	1.000000
42	59	1.000000
43	59	1.000000
44	59	1.000000
46	59	1.000000
49	59	1.000000
50	59	1.000000
54	59	1.000000
55	59	1.000000
56	59	1.000000
58	59	1.000000
1	60	1.000000
3	60	1.000000
6	60	1.000000
12	60	1.000000
14	60	1.000000
17	60	1.000000
18	60	1.000000
21	60	1.000000
26	60	1.000000
27	60	1.000000
30	60	1.000000
31	60	1.000000
33	60	1.000000
34	60	1.000000
35	60	1.000000
40	60	1.000000
44	60	1.000000
45	60	1.000000
46	60	1.000000
50	60	1.000000
52	60	1.000000
53	60	1.000000
54	60	1.000000
55	60	1.000000
59	60	1.000000
1	61	1.000000
5	61	1.000000
7	61	1.000000
10	61	1.000000
14	61	1.000000
19	61	1.000000
20	61	1.000000
24	61	1.000000
28	61	1.000000
30	61	1.000000
31	61	1.000000
32	61	1.000000
36	61	1.000000
37	61	1.000000
38	61	1.000000
40	61	1.000000
44	61	1.000000
45	61	1.000000
47	61	1.000000
48	61	1.000000
50	61	1.000000
55	61	1.000000
56	61	1.000000
59	61	1.000000
3	62	1.000000
4	62	1.000000
5	62	1.000000
6	62	1.000000
7	62	1.000000
10	62	1.000000
14	62	1.000000
16	62	1.000000
18	62	1.000000
19	62	1.000000
22	62	1.000000
24	62	1.000000
25	62	1.000000
28	62	1.000000
29	62	1.000000
30	62	1.000000
35	62	1.000000
36	62	1.000000
37	62	1.000000
38	62	1.000000
40	62	1.000000
45	62	1.000000
47	62	1.000000
48	62	1.000000
49	62	1.000000
51	62	1.000000
52	62	1.000000
53	62	1.000000
54	62	1.000000
57	62	1.000000
1	63	1.000000
2	63	1.000000
6	63	1.000000
7	63	1.000000
8	63	1.000000
9	63	1.000000
10	63	1.000000
11	63	1.000000
12	63	1.000000
14	63	1.000000
17	63	1.000000
19	63	1.000000
20	63	1.000000
21	63	1.000000
22	63	1.000000
24	63	1.000000
34	63	1.000000
40	63	1.000000
44	63	1.000000
45	63	1.000000
46	63	1.000000
49	63	1.000000
51	63	1.000000
54	63	1.000000
58	63	1.000000
60	63	1.000000
61	63	1.000000
7	64	1.000000
9	64	1.000000
12	64	1.000000
15	64	1.000000
17	64	1.000000
18	64	1.000000
20	64	1.000000
23	64	1.000000
25	64	1.000000
28	64	1.000000
29	64	1.000000
30	64	1.000000
31	64	1.000000
32	64	1.000000
35	64	1.000000
38	64	1.000000
39	64	1.000000
40	64	1.000000
43	64	1.000000
44	64	1.000000
46	64	1.000000
47	64	1.000000
48	64	1.000000
50	64	1.000000
51	64	1.000000
53	64	1.000000
54	64	1.000000
56	64	1.000000
3	65	1.000000
4	65	1.000000
5	65	1.000000
8	65	1.000000
9	65	1.000000
10	65	1.000000
13	65	1.000000
15	65	1.000000
16	65	1.000000
17	65	1.000000
18	65	1.000000
19	65	1.000000
20	65	1.000000
22	65	1.000000
24	65	1.000000
25	65	1.000000
26	65	1.000000
27	65	1.000000
29	65	1.000000
31	65	1.000000
33	65	1.000000
35	65	1.000000
37	65	1.000000
42	65	1.000000
46	65	1.000000
50	65	1.000000
51	65	1.000000
53	65	1.000000
54	65	1.000000
55	65	1.000000
59	65	1.000000
61	65	1.000000
62	65	1.000000
64	65	1.000000
1	66	1.000000
2	66	1.000000
3	66	1.000000
5	66	1.000000
9	66	1.000000
12	66	1.000000
13	66	1.000000
15	66	1.000000
16	66	1.000000
18	66	1.000000
19	66	1.000000
21	66	1.000000
24	66	1.000000
27	66	1.000000
29	66	1.000000
30	66	1.000000
33	66	1.000000
35	66	1.000000
36	66	1.000000
37	66	1.000000
38	66	1.000000
39	66	1.000000
41	66	1.000000
42	66	1.000000
43	66	1.000000
44	66	1.000000
45	66	1.000000
46	66	1.000000
47	66	1.000000
48	66	1.000000
49	66	1.000000
50	66	1.000000
51	66	1.000000
53	66	1.000000
59	66	1.000000
62	66	1.000000
64	66	1.000000
5	67	1.000000
8	67	1.000000
13	67	1.000000
15	67	1.000000
16	67	1.000000
18	67	1.000000
20	67	1.000000
21	67	1.000000
28	67	1.000000
29	67	1.000000
30	67	1.000000
32	67	1.000000
33	67	1.000000
34	67	1.000000
37	67	1.000000
38	67	1.000000
39	67	1.000000
40	67	1.000000
41	67	1.000000
43	67	1.000000
45	67	1.000000
46	67	1.000000
48	67	1.000000
50	67	1.000000
54	67	1.000000
55	67	1.000000
56	67	1.000000
58	67	1.000000
59	67	1.000000
63	67	1.000000
65	67	1.000000
3	68	1.000000
4	68	1.000000
5	68	1.000000
7	68	1.000000
8	68	1.000000
9	68	1.000000
10	68	1.000000
11	68	1.000000
12	68	1.000000
18	68	1.000000
19	68	1.000000
20	68	1.000000
22	68	1.000000
23	68	1.000000
25	68	1.000000
26	68	1.000000
27	68	1.000000
28	68	1.000000
29	68	1.000000
31	68	1.000000
33	68	1.000000
34	68	1.000000
36	68	1.000000
38	68	1.000000
39	68	1.000000
41	68	1.000000
42	68	1.000000
43	68	1.000000
45	68	1.000000
46	68	1.000000
48	68	1.000000
51	68	1.000000
52	68	1.000000
53	68	1.000000
54	68	1.000000
55	68	1.000000
56	68	1.000000
57	68	1.000000
58	68	1.000000
59	68	1.000000
60	68	1.000000
62	68	1.000000
65	68	1.000000
66	68	1.000000
1	69	1.000000
3	69	1.000000
5	69	1.000000
8	69	1.000000
9	69	1.000000
11	69	1.000000
12	69	1.000000
15	69	1.000000
16	69	1.000000
17	69	1.000000
19	69	1.000000
20	69	1.000000
21	69	1.000000
22	69	1.000000
27	69	1.000000
28	69	1.000000
29	69	1.000000
30	69	1.000000
32	69	1.000000
35	69	1.000000
38	69	1.000000
39	69	1.000000
42	69	1.000000
47	69	1.000000
48	69	1.000000
49	69	1.000000
52	69	1.000000
53	69	1.000000
55	69	1.000000
56	69	1.000000
58	69	1.000000
60	69	1.000000
62	69	1.000000
63	69	1.000000
65	69	1.000000
66	69	1.000000
68	69	1.000000
2	70	1.000000
6	70	1.000000
7	70	1.000000
8	70	1.000000
10	70	1.000000
13	70	1.000000
14	70	1.000000
17	70	1.000000
20	70	1.000000
23	70	1.000000
25	70	1.000000
26	70	1.000000
27	70	1.000000
31	70	1.000000
33	70	1.000000
38	70	1.000000
41	70	1.000000
42	70	1.000000
44	70	1.000000
49	70	1.000000
50	70	1.000000
52	70	1.000000
53	70	1.000000
54	70	1.000000
58	70	1.000000
60	70	1.000000
61	70	1.000000
62	70	1.000000
63	70	1.000000
64	70	1.000000
67	70	1.000000
68	70	1.000000
2	71	1.000000
3	71	1.000000
4	71	1.000000
5	71	1.000000
9	71	1.000000
11	71	1.000000
12	71	1.000000
16	71	1.000000
18	71	1.000000
19	71	1.000000
22	71	1.000000
23	71	1.000000
27	71	1.000000
28	71	1.000000
29	71	1.000000
30	71	1.000000
31	71	1.000000
32	71	1.000000
34	71	1.000000
35	71	1.000000
36	71	1.000000
37	71	1.000000
39	71	1.000000
42	71	1.000000
43	71	1.000000
45	71	1.000000
46	71	1.000000
47	71	1.000000
48	71	1.000000
50	71	1.000000
52	71	1.000000
54	71	1.000000
55	71	1.000000
58	71	1.000000
62	71	1.000000
64	71	1.000000
67	71	1.000000
68	71	1.000000
70	71	1.000000
1	72	1.000000
2	72	1.000000
3	72	1.000000
4	72	1.000000
5	72	1.000000
6	72	1.000000
9	72	1.000000
10	72	1.000000
16	72	1.000000
17	72	1.000000
20	72	1.000000
27	72	1.000000
30	72	1.000000
33	72	1.000000
34	72	1.000000
36	72	1.000000
37	72	1.000000
38	72	1.000000
39	72	1.000000
40	72	1.000000
41	72	1.000000
44	72	1.000000
45	72	1.000000
46	72	1.000000
47	72	1.000000
48	72	1.000000
50	72	1.000000
51	72	1.000000
52	72	1.000000
54	72	1.000000
57	72	1.000000
59	72	1.000000
61	72	1.000000
62	72	1.000000
64	72	1.000000
65	72	1.000000
70	72	1.000000
4	73	1.000000
8	73	1.000000
9	73	1.000000
11	73	1.000000
12	73	1.000000
16	73	1.000000
21	73	1.000000
22	73	1.000000
23	73	1.000000
25	73	1.000000
32	73	1.000000
34	73	1.000000
35	73	1.000000
38	73	1.000000
46	73	1.000000
47	73	1.000000
48	73	1.000000
53	73	1.000000
54	73	1.000000
57	73	1.000000
63	73	1.000000
64	73	1.000000
65	73	1.000000
68	73	1.000000
69	73	1.000000
2	74	1.000000
3	74	1.000000
5	74	1.000000
6	74	1.000000
8	74	1.000000
9	74	1.000000
13	74	1.000000
14	74	1.000000
16	74	1.000000
17	74	1.000000
22	74	1.000000
24	74	1.000000
30	74	1.000000
32	74	1.000000
33	74	1.000000
34	74	1.000000
35	74	1.000000
37	74	1.000000
38	74	1.000000
41	74	1.000000
44	74	1.000000
47	74	1.000000
48	74	1.000000
54	74	1.000000
55	74	1.000000
59	74	1.000000
64	74	1.000000
66	74	1.000000
67	74	1.000000
68	74	1.000000
69	74	1.000000
70	74	1.000000
71	74	1.000000
73	74	1.000000
5	75	1.000000
7	75	1.000000
8	75	1.000000
11	75	1.000000
12	75	1.000000
13	75	1.000000
14	75	1.000000
15	75	1.000000
16	75	1.000000
17	75	1.000000
18	75	1.000000
20	75	1.000000
21	75	1.000000
25	75	1.000000
28	75	1.000000
29	75	1.000000
30	75	1.000000
31	75	1.000000
33	75	1.000000
35	75	1.000000
37	75	1.000000
38	75	1.000000
40	75	1.000000
42	75	1.000000
43	75	1.000000
44	75	1.000000
46	75	1.000000
47	75	1.000000
50	75	1.000000
53	75	1.000000
55	75	1.000000
57	75	1.000000
59	75	1.000000
60	75	1.000000
61	75	1.000000
64	75	1.000000
67	75	1.000000
72	75	1.000000
73	75	1.000000
5	76	1.000000
7	76	1.000000
11	76	1.000000
12	76	1.000000
15	76	1.000000
16	76	1.000000
17	76	1.000000
20	76	1.000000
21	76	1.000000
23	76	1.000000
24	76	1.000000
25	76	1.000000
26	76	1.000000
32	76	1.000000
34	76	1.000000
37	76	1.000000
38	76	1.000000
41	76	1.000000
42	76	1.000000
44	76	1.000000
46	76	1.000000
47	76	1.000000
49	76	1.000000
51	76	1.000000
53	76	1.000000
54	76	1.000000
58	76	1.000000
60	76	1.000000
61	76	1.000000
63	76	1.000000
64	76	1.000000
65	76	1.000000
66	76	1.000000
67	76	1.000000
68	76	1.000000
69	76	1.000000
70	76	1.000000
74	76	1.000000
75	76	1.000000
1	77	1.000000
2	77	1.000000
4	77	1.000000
5	77	1.000000
7	77	1.000000
11	77	1.000000
18	77	1.000000
20	77	1.000000
25	77	1.000000
27	77	1.000000
29	77	1.000000
31	77	1.000000
32	77	1.000000
33	77	1.000000
34	77	1.000000
35	77	1.000000
37	77	1.000000
38	77	1.000000
40	77	1.000000
41	77	1.000000
42	77	1.000000
43	77	1.000000
44	77	1.000000
45	77	1.000000
46	77	1.000000
47	77	1.000000
52	77	1.000000
53	77	1.000000
56	77	1.000000
58	77	1.000000
59	77	1.000000
62	77	1.000000
63	77	1.000000
64	77	1.000000
66	77	1.000000
71	77	1.000000
72	77	1.000000
73	77	1.000000
75	77	1.000000
76	77	1.000000
3	78	1.000000
4	78	1.000000
5	78	1.000000
6	78	1.000000
8	78	1.000000
10	78	1.000000
13	78	1.000000
14	78	1.000000
15	78	1.000000
17	78	1.000000
20	78	1.000000
23	78	1.000000
24	78	1.000000
26	78	1.000000
28	78	1.000000
29	78	1.000000
30	78	1.000000
32	78	1.000000
33	78	1.000000
37	78	1.000000
40	78	1.000000
44	78	1.000000
45	78	1.000000
50	78	1.000000
51	78	1.000000
52	78	1.000000
55	78	1.000000
57	78	1.000000
59	78	1.000000
63	78	1.000000
64	78	1.000000
67	78	1.000000
69	78	1.000000
72	78	1.000000
73	78	1.000000
74	78	1.000000
75	78	1.000000
76	78	1.000000
77	78	1.000000
1	79	1.000000
2	79	1.000000
3	79	1.000000
5	79	1.000000
8	79	1.000000
9	79	1.000000
10	79	1.000000
11	79	1.000000
13	79	1.000000
15	79	1.000000
16	79	1.000000
19	79	1.000000
20	79	1.000000
21	79	1.000000
22	79	1.000000
25	79	1.000000
26	79	1.000000
27	79	1.000000
28	79	1.000000
33	79	1.000000
38	79	1.000000
43	79	1.000000
44	79	1.000000
49	79	1.000000
50	79	1.000000
51	79	1.000000
52	79	1.000000
54	79	1.000000
57	79	1.000000
58	79	1.000000
67	79	1.000000
69	79	1.000000
70	79	1.000000
71	79	1.000000
72	79	1.000000
74	79	1.000000
2	80	1.000000
4	80	1.000000
7	80	1.000000
9	80	1.000000
14	80	1.000000
16	80	1.000000
17	80	1.000000
19	80	1.000000
20	80	1.000000
21	80	1.000000
22	80	1.000000
25	80	1.000000
29	80	1.000000
30	80	1.000000
33	80	1.000000
34	80	1.000000
35	80	1.000000
36	80	1.000000
37	80	1.000000
39	80	1.000000
40	80	1.000000
41	80	1.000000
42	80	1.000000
44	80	1.000000
45	80	1.000000
46	80	1.000000
52	80	1.000000
56	80	1.000000
62	80	1.000000
63	80	1.000000
65	80	1.000000
67	80	1.000000
69	80	1.000000
73	80	1.000000
74	80	1.000000
75	80	1.000000
77	80	1.000000
79	80	1.000000
1	81	1.000000
4	81	1.000000
5	81	1.000000
6	81	1.000000
7	81	1.000000
11	81	1.000000
14	81	1.000000
15	81	1.000000
19	81	1.000000
21	81	1.000000
24	81	1.000000
25	81	1.000000
32	81	1.000000
33	81	1.000000
39	81	1.000000
42	81	1.000000
43	81	1.000000
44	81	1.000000
45	81	1.000000
46	81	1.000000
50	81	1.000000
53	81	1.000000
55	81	1.000000
59	81	1.000000
60	81	1.000000
61	81	1.000000
62	81	1.000000
63	81	1.000000
64	81	1.000000
65	81	1.000000
66	81	1.000000
67	81	1.000000
69	81	1.000000
71	81	1.000000
72	81	1.000000
74	81	1.000000
75	81	1.000000
76	81	1.000000
77	81	1.000000
78	81	1.000000
79	81	1.000000
1	82	1.000000
2	82	1.000000
3	82	1.000000
5	82	1.000000
6	82	1.000000
7	82	1.000000
8	82	1.000000
9	82	1.000000
13	82	1.000000
14	82	1.000000
15	82	1.000000
16	82	1.000000
21	82	1.000000
22	82	1.000000
25	82	1.000000
26	82	1.000000
28	82	1.000000
32	82	1.000000
33	82	1.000000
35	82	1.000000
36	82	1.000000
37	82	1.000000
40	82	1.000000
42	82	1.000000
43	82	1.000000
44	82	1.000000
49	82	1.000000
52	82	1.000000
53	82	1.000000
55	82	1.000000
60	82	1.000000
62	82	1.000000
63	82	1.000000
64	82	1.000000
65	82	1.000000
66	82	1.000000
67	82	1.000000
68	82	1.000000
69	82	1.000000
70	82	1.000000
72	82	1.000000
73	82	1.000000
78	82	1.000000
79	82	1.000000
1	83	1.000000
4	83	1.000000
6	83	1.000000
7	83	1.000000
8	83	1.000000
9	83	1.000000
11	83	1.000000
12	83	1.000000
14	83	1.000000
15	83	1.000000
16	83	1.000000
22	83	1.000000
26	83	1.000000
30	83	1.000000
31	83	1.000000
33	83	1.000000
34	83	1.000000
35	83	1.000000
38	83	1.000000
40	83	1.000000
42	83	1.000000
44	83	1.000000
45	83	1.000000
48	83	1.000000
49	83	1.000000
51	83	1.000000
52	83	1.000000
53	83	1.000000
54	83	1.000000
55	83	1.000000
56	83	1.000000
58	83	1.000000
59	83	1.000000
60	83	1.000000
62	83	1.000000
63	83	1.000000
64	83	1.000000
67	83	1.000000
73	83	1.000000
74	83	1.000000
77	83	1.000000
78	83	1.000000
80	83	1.000000
1	84	1.000000
2	84	1.000000
3	84	1.000000
7	84	1.000000
10	84	1.000000
11	84	1.000000
13	84	1.000000
14	84	1.000000
15	84	1.000000
20	84	1.000000
21	84	1.000000
22	84	1.000000
24	84	1.000000
26	84	1.000000
27	84	1.000000
28	84	1.000000
32	84	1.000000
34	84	1.000000
36	84	1.000000
37	84	1.000000
40	84	1.000000
41	84	1.000000
42	84	1.000000
43	84	1.000000
44	84	1.000000
47	84	1.000000
48	84	1.000000
49	84	1.000000
50	84	1.000000
51	84	1.000000
52	84	1.000000
57	84	1.000000
58	84	1.000000
59	84	1.000000
60	84	1.000000
61	84	1.000000
65	84	1.000000
66	84	1.000000
67	84	1.000000
68	84	1.000000
70	84	1.000000
74	84	1.000000
76	84	1.000000
78	84	1.000000
79	84	1.000000
80	84	1.000000
82	84	1.000000
83	84	1.000000
1	85	1.000000
5	85	1.000000
9	85	1.000000
10	85	1.000000
12	85	1.000000
16	85	1.000000
17	85	1.000000
18	85	1.000000
19	85	1.000000
22	85	1.000000
24	85	1.000000
25	85	1.000000
27	85	1.000000
28	85	1.000000
30	85	1.000000
33	85	1.000000
34	85	1.000000
35	85	1.000000
36	85	1.000000
38	85	1.000000
39	85	1.000000
43	85	1.000000
44	85	1.000000
46	85	1.000000
51	85	1.000000
52	85	1.000000
55	85	1.000000
58	85	1.000000
61	85	1.000000
63	85	1.000000
67	85	1.000000
68	85	1.000000
71	85	1.000000
72	85	1.000000
73	85	1.000000
74	85	1.000000
75	85	1.000000
76	85	1.000000
84	85	1.000000
1	86	1.000000
3	86	1.000000
5	86	1.000000
6	86	1.000000
7	86	1.000000
9	86	1.000000
10	86	1.000000
11	86	1.000000
15	86	1.000000
16	86	1.000000
17	86	1.000000
19	86	1.000000
20	86	1.000000
22	86	1.000000
23	86	1.000000
24	86	1.000000
26	86	1.000000
29	86	1.000000
35	86	1.000000
38	86	1.000000
39	86	1.000000
40	86	1.000000
42	86	1.000000
43	86	1.000000
45	86	1.000000
46	86	1.000000
47	86	1.000000
49	86	1.000000
53	86	1.000000
54	86	1.000000
55	86	1.000000
58	86	1.000000
60	86	1.000000
70	86	1.000000
72	86	1.000000
73	86	1.000000
75	86	1.000000
76	86	1.000000
77	86	1.000000
79	86	1.000000
82	86	1.000000
84	86	1.000000
1	87	1.000000
3	87	1.000000
6	87	1.000000
11	87	1.000000
14	87	1.000000
16	87	1.000000
18	87	1.000000
19	87	1.000000
20	87	1.000000
21	87	1.000000
23	87	1.000000
27	87	1.000000
30	87	1.000000
33	87	1.000000
34	87	1.000000
41	87	1.000000
42	87	1.000000
48	87	1.000000
49	87	1.000000
50	87	1.000000
52	87	1.000000
54	87	1.000000
55	87	1.000000
56	87	1.000000
58	87	1.000000
59	87	1.000000
60	87	1.000000
62	87	1.000000
64	87	1.000000
65	87	1.000000
66	87	1.000000
68	87	1.000000
73	87	1.000000
75	87	1.000000
76	87	1.000000
77	87	1.000000
78	87	1.000000
82	87	1.000000
86	87	1.000000
1	88	1.000000
4	88	1.000000
9	88	1.000000
12	88	1.000000
15	88	1.000000
16	88	1.000000
17	88	1.000000
18	88	1.000000
19	88	1.000000
20	88	1.000000
21	88	1.000000
22	88	1.000000
24	88	1.000000
26	88	1.000000
27	88	1.000000
30	88	1.000000
35	88	1.000000
36	88	1.000000
37	88	1.000000
39	88	1.000000
40	88	1.000000
44	88	1.000000
45	88	1.000000
47	88	1.000000
48	88	1.000000
50	88	1.000000
51	88	1.000000
52	88	1.000000
53	88	1.000000
54	88	1.000000
56	88	1.000000
57	88	1.000000
59	88	1.000000
61	88	1.000000
62	88	1.000000
65	88	1.000000
66	88	1.000000
67	88	1.000000
69	88	1.000000
74	88	1.000000
75	88	1.000000
78	88	1.000000
84	88	1.000000
2	89	1.000000
7	89	1.000000
8	89	1.000000
9	89	1.000000
11	89	1.000000
12	89	1.000000
13	89	1.000000
16	89	1.000000
17	89	1.000000
20	89	1.000000
21	89	1.000000
22	89	1.000000
23	89	1.000000
24	89	1.000000
26	89	1.000000
28	89	1.000000
30	89	1.000000
32	89	1.000000
33	89	1.000000
34	89	1.000000
35	89	1.000000
36	89	1.000000
38	89	1.000000
39	89	1.000000
41	89	1.000000
42	89	1.000000
44	89	1.000000
45	89	1.000000
47	89	1.000000
49	89	1.000000
50	89	1.000000
53	89	1.000000
56	89	1.000000
57	89	1.000000
58	89	1.000000
59	89	1.000000
63	89	1.000000
64	89	1.000000
65	89	1.000000
66	89	1.000000
68	89	1.000000
72	89	1.000000
74	89	1.000000
77	89	1.000000
80	89	1.000000
81	89	1.000000
82	89	1.000000
84	89	1.000000
85	89	1.000000
86	89	1.000000
87	89	1.000000
88	89	1.000000
4	90	1.000000
9	90	1.000000
10	90	1.000000
11	90	1.000000
15	90	1.000000
20	90	1.000000
22	90	1.000000
23	90	1.000000
24	90	1.000000
27	90	1.000000
32	90	1.000000
34	90	1.000000
35	90	1.000000
37	90	1.000000
39	90	1.000000
42	90	1.000000
44	90	1.000000
46	90	1.000000
50	90	1.000000
51	90	1.000000
52	90	1.000000
55	90	1.000000
57	90	1.000000
58	90	1.000000
59	90	1.000000
63	90	1.000000
64	90	1.000000
65	90	1.000000
67	90	1.000000
69	90	1.000000
70	90	1.000000
71	90	1.000000
73	90	1.000000
74	90	1.000000
76	90	1.000000
77	90	1.000000
81	90	1.000000
87	90	1.000000
88	90	1.000000
2	91	1.000000
4	91	1.000000
8	91	1.000000
10	91	1.000000
11	91	1.000000
12	91	1.000000
13	91	1.000000
16	91	1.000000
17	91	1.000000
18	91	1.000000
22	91	1.000000
23	91	1.000000
25	91	1.000000
27	91	1.000000
29	91	1.000000
32	91	1.000000
33	91	1.000000
34	91	1.000000
36	91	1.000000
38	91	1.000000
39	91	1.000000
40	91	1.000000
41	91	1.000000
43	91	1.000000
46	91	1.000000
47	91	1.000000
48	91	1.000000
49	91	1.000000
51	91	1.000000
53	91	1.000000
55	91	1.000000
57	91	1.000000
58	91	1.000000
59	91	1.000000
60	91	1.000000
61	91	1.000000
65	91	1.000000
66	91	1.000000
70	91	1.000000
73	91	1.000000
75	91	1.000000
79	91	1.000000
81	91	1.000000
83	91	1.000000
85	91	1.000000
86	91	1.000000
87	91	1.000000
88	91	1.000000
89	91	1.000000
1	92	1.000000
3	92	1.000000
5	92	1.000000
6	92	1.000000
7	92	1.000000
8	92	1.000000
11	92	1.000000
12	92	1.000000
13	92	1.000000
14	92	1.000000
15	92	1.000000
20	92	1.000000
21	92	1.000000
24	92	1.000000
25	92	1.000000
27	92	1.000000
31	92	1.000000
32	92	1.000000
33	92	1.000000
39	92	1.000000
41	92	1.000000
42	92	1.000000
44	92	1.000000
45	92	1.000000
48	92	1.000000
49	92	1.000000
51	92	1.000000
54	92	1.000000
56	92	1.000000
57	92	1.000000
58	92	1.000000
59	92	1.000000
61	92	1.000000
63	92	1.000000
66	92	1.000000
69	92	1.000000
72	92	1.000000
76	92	1.000000
79	92	1.000000
81	92	1.000000
88	92	1.000000
90	92	1.000000
91	92	1.000000
9	93	1.000000
10	93	1.000000
11	93	1.000000
12	93	1.000000
13	93	1.000000
14	93	1.000000
16	93	1.000000
18	93	1.000000
19	93	1.000000
21	93	1.000000
24	93	1.000000
27	93	1.000000
28	93	1.000000
30	93	1.000000
32	93	1.000000
33	93	1.000000
34	93	1.000000
36	93	1.000000
37	93	1.000000
39	93	1.000000
40	93	1.000000
41	93	1.000000
43	93	1.000000
46	93	1.000000
48	93	1.000000
49	93	1.000000
50	93	1.000000
53	93	1.000000
54	93	1.000000
55	93	1.000000
57	93	1.000000
59	93	1.000000
61	93	1.000000
62	93	1.000000
63	93	1.000000
65	93	1.000000
66	93	1.000000
68	93	1.000000
73	93	1.000000
74	93	1.000000
75	93	1.000000
76	93	1.000000
78	93	1.000000
79	93	1.000000
81	93	1.000000
83	93	1.000000
84	93	1.000000
86	93	1.000000
88	93	1.000000
89	93	1.000000
92	93	1.000000
1	94	1.000000
2	94	1.000000
5	94	1.000000
6	94	1.000000
10	94	1.000000
12	94	1.000000
13	94	1.000000
15	94	1.000000
17	94	1.000000
18	94	1.000000
19	94	1.000000
20	94	1.000000
23	94	1.000000
25	94	1.000000
26	94	1.000000
27	94	1.000000
29	94	1.000000
30	94	1.000000
31	94	1.000000
34	94	1.000000
37	94	1.000000
38	94	1.000000
41	94	1.000000
42	94	1.000000
43	94	1.000000
47	94	1.000000
48	94	1.000000
49	94	1.000000
50	94	1.000000
51	94	1.000000
54	94	1.000000
55	94	1.000000
58	94	1.000000
59	94	1.000000
60	94	1.000000
61	94	1.000000
68	94	1.000000
69	94	1.000000
70	94	1.000000
71	94	1.000000
72	94	1.000000
73	94	1.000000
74	94	1.000000
75	94	1.000000
76	94	1.000000
79	94	1.000000
82	94	1.000000
84	94	1.000000
87	94	1.000000
89	94	1.000000
90	94	1.000000
92	94	1.000000
3	95	1.000000
5	95	1.000000
6	95	1.000000
7	95	1.000000
8	95	1.000000
10	95	1.000000
12	95	1.000000
13	95	1.000000
14	95	1.000000
15	95	1.000000
18	95	1.000000
20	95	1.000000
21	95	1.000000
22	95	1.000000
23	95	1.000000
25	95	1.000000
27	95	1.000000
29	95	1.000000
32	95	1.000000
33	95	1.000000
39	95	1.000000
45	95	1.000000
47	95	1.000000
49	95	1.000000
50	95	1.000000
52	95	1.000000
54	95	1.000000
55	95	1.000000
56	95	1.000000
57	95	1.000000
59	95	1.000000
61	95	1.000000
62	95	1.000000
63	95	1.000000
64	95	1.000000
65	95	1.000000
66	95	1.000000
73	95	1.000000
74	95	1.000000
75	95	1.000000
77	95	1.000000
79	95	1.000000
81	95	1.000000
82	95	1.000000
84	95	1.000000
85	95	1.000000
86	95	1.000000
90	95	1.000000
92	95	1.000000
2	96	1.000000
6	96	1.000000
7	96	1.000000
9	96	1.000000
13	96	1.000000
14	96	1.000000
16	96	1.000000
17	96	1.000000
19	96	1.000000
21	96	1.000000
24	96	1.000000
25	96	1.000000
29	96	1.000000
32	96	1.000000
34	96	1.000000
35	96	1.000000
36	96	1.000000
38	96	1.000000
39	96	1.000000
46	96	1.000000
47	96	1.000000
48	96	1.000000
51	96	1.000000
52	96	1.000000
55	96	1.000000
56	96	1.000000
57	96	1.000000
62	96	1.000000
64	96	1.000000
66	96	1.000000
67	96	1.000000
72	96	1.000000
74	96	1.000000
76	96	1.000000
81	96	1.000000
84	96	1.000000
86	96	1.000000
91	96	1.000000
94	96	1.000000
2	97	1.000000
3	97	1.000000
5	97	1.000000
9	97	1.000000
13	97	1.000000
14	97	1.000000
15	97	1.000000
19	97	1.000000
20	97	1.000000
21	97	1.000000
25	97	1.000000
29	97	1.000000
31	97	1.000000
32	97	1.000000
33	97	1.000000
35	97	1.000000
36	97	1.000000
37	97	1.000000
38	97	1.000000
39	97	1.000000
42	97	1.000000
43	97	1.000000
45	97	1.000000
46	97	1.000000
47	97	1.000000
50	97	1.000000
51	97	1.000000
52	97	1.000000
53	97	1.000000
54	97	1.000000
58	97	1.000000
61	97	1.000000
62	97	1.000000
63	97	1.000000
64	97	1.000000
67	97	1.000000
75	97	1.000000
77	97	1.000000
79	97	1.000000
81	97	1.000000
82	97	1.000000
83	97	1.000000
85	97	1.000000
87	97	1.000000
90	97	1.000000
91	97	1.000000
93	97	1.000000
94	97	1.000000
96	97	1.000000
3	98	1.000000
7	98	1.000000
9	98	1.000000
12	98	1.000000
16	98	1.000000
17	98	1.000000
19	98	1.000000
20	98	1.000000
21	98	1.000000
27	98	1.000000
28	98	1.000000
29	98	1.000000
30	98	1.000000
31	98	1.000000
34	98	1.000000
35	98	1.000000
37	98	1.000000
38	98	1.000000
39	98	1.000000
40	98	1.000000
41	98	1.000000
43	98	1.000000
45	98	1.000000
46	98	1.000000
47	98	1.000000
48	98	1.000000
49	98	1.000000
50	98	1.000000
53	98	1.000000
54	98	1.000000
56	98	1.000000
59	98	1.000000
60	98	1.000000
61	98	1.000000
65	98	1.000000
66	98	1.000000
67	98	1.000000
70	98	1.000000
74	98	1.000000
75	98	1.000000
80	98	1.000000
82	98	1.000000
84	98	1.000000
85	98	1.000000
86	98	1.000000
89	98	1.000000
90	98	1.000000
91	98	1.000000
93	98	1.000000
94	98	1.000000
96	98	1.000000
1	99	1.000000
2	99	1.000000
4	99	1.000000
5	99	1.000000
8	99	1.000000
9	99	1.000000
11	99	1.000000
17	99	1.000000
20	99	1.000000
23	99	1.000000
26	99	1.000000
30	99	1.000000
33	99	1.000000
36	99	1.000000
39	99	1.000000
41	99	1.000000
43	99	1.000000
44	99	1.000000
48	99	1.000000
49	99	1.000000
50	99	1.000000
51	99	1.000000
55	99	1.000000
56	99	1.000000
58	99	1.000000
60	99	1.000000
62	99	1.000000
65	99	1.000000
67	99	1.000000
68	99	1.000000
73	99	1.000000
75	99	1.000000
77	99	1.000000
79	99	1.000000
81	99	1.000000
82	99	1.000000
85	99	1.000000
87	99	1.000000
90	99	1.000000
91	99	1.000000
92	99	1.000000
93	99	1.000000
96	99	1.000000
98	99	1.000000
1	100	1.000000
3	100	1.000000
5	100	1.000000
6	100	1.000000
8	100	1.000000
9	100	1.000000
11	100	1.000000
14	100	1.000000
16	100	1.000000
18	100	1.000000
19	100	1.000000
20	100	1.000000
22	100	1.000000
23	100	1.000000
26	100	1.000000
27	100	1.000000
30	100	1.000000
32	100	1.000000
33	100	1.000000
34	100	1.000000
35	100	1.000000
36	100	1.000000
37	100	1.000000
38	100	1.000000
40	100	1.000000
41	100	1.000000
43	100	1.000000
45	100	1.000000
46	100	1.000000
47	100	1.000000
49	100	1.000000
50	100	1.000000
51	100	1.000000
54	100	1.000000
55	100	1.000000
57	100	1.000000
58	100	1.000000
59	100	1.000000
63	100	1.000000
66	100	1.000000
67	100	1.000000
68	100	1.000000
70	100	1.000000
72	100	1.000000
74	100	1.000000
76	100	1.000000
79	100	1.000000
80	100	1.000000
82	100	1.000000
83	100	1.000000
84	100	1.000000
86	100	1.000000
88	100	1.000000
89	100	1.000000
92	100	1.000000
93	100	1.000000
94	100	1.000000
98	100	1.000000
