100	2475
1	2	1.000000
1	3	1.000000
1	4	1.000000
2	4	1.000000
1	6	1.000000
3	6	1.000000
5	6	1.000000
1	7	1.000000
4	7	1.000000
5	7	1.000000
3	8	1.000000
6	8	1.000000
1	9	1.000000
5	9	1.000000
6	9	1.000000
3	10	1.000000
6	10	1.000000
9	10	1.000000
4	11	1.000000
5	11	1.000000
8	11	1.000000
9	11	1.000000
1	12	1.000000
2	12	1.000000
3	12	1.000000
4	12	1.000000
6	12	1.000000
9	12	1.000000
4	13	1.000000
6	13	1.000000
8	13	1.000000
9	13	1.000000
11	13	1.000000
2	14	1.000000
4	14	1.000000
6	14	1.000000
8	14	1.000000
9	14	1.000000
10	14	1.000000
11	14	1.000000
13	14	1.000000
1	15	1.000000
2	15	1.000000
4	15	1.000000
9	15	1.000000
10	15	1.000000
11	15	1.000000
12	15	1.000000
2	16	1.000000
3	16	1.000000
4	16	1.000000
5	16	1.000000
8	16	1.000000
9	16	1.000000
13	16	1.000000
14	16	1.000000
2	17	1.000000
5	17	1.000000
15	17	1.000000
16	17	1.000000
2	18	1.000000
6	18	1.000000
9	18	1.000000
10	18	1.000000
11	18	1.000000
12	18	1.000000
15	18	1.000000
17	18	1.000000
1	19	1.000000
3	19	1.000000
5	19	1.000000
7	19	1.000000
9	19	1.000000
12	19	1.000000
14	19	1.000000
15	19	1.000000
17	19	1.000000
18	19	1.000000
2	20	1.000000
3	20	1.000000
4	20	1.000000
5	20	1.000000
7	20	1.000000
8	20	1.000000
9	20	1.000000
11	20	1.000000
12	20	1.000000
13	20	1.000000
14	20	1.000000
15	20	1.000000
17	20	1.000000
18	20	1.000000
7	21	1.000000
8	21	1.000000
9	21	1.000000
11	21	1.000000
13	21	1.000000
14	21	1.000000
15	21	1.000000
17	21	1.000000
18	21	1.000000
19	21	1.000000
20	21	1.000000
1	22	1.000000
3	22	1.000000
4	22	1.000000
5	22	1.000000
8	22	1.000000
10	22	1.000000
11	22	1.000000
12	22	1.000000
14	22	1.000000
15	22	1.000000
18	22	1.000000
19	22	1.000000
20	22	1.000000
1	23	1.000000
5	23	1.000000
7	23	1.000000
8	23	1.000000
12	23	1.000000
16	23	1.000000
18	23	1.000000
20	23	1.000000
21	23	1.000000
22	23	1.000000
4	24	1.000000
5	24	1.000000
6	24	1.000000
7	24	1.000000
8	24	1.000000
11	24	1.000000
12	24	1.000000
13	24	1.000000
14	24	1.000000
15	24	1.000000
16	24	1.000000
18	24	1.000000
20	24	1.000000
22	24	1.000000
1	25	1.000000
2	25	1.000000
3	25	1.000000
5	25	1.000000
6	25	1.000000
9	25	1.000000
13	25	1.000000
15	25	1.000000
2	26	1.000000
3	26	1.000000
4	26	1.000000
10	26	1.000000
11	26	1.000000
12	26	1.000000
15	26	1.000000
18	26	1.000000
21	26	1.000000
22	26	1.000000
24	26	1.000000
25	26	1.000000
1	27	1.000000
4	27	1.000000
5	27	1.000000
8	27	1.000000
9	27	1.000000
10	27	1.000000
14	27	1.000000
17	27	1.000000
18	27	1.000000
21	27	1.000000
22	27	1.000000
23	27	1.000000
25	27	1.000000
1	28	1.000000
3	28	1.000000
4	28	1.000000
5	28	1.000000
9	28	1.000000
12	28	1.000000
13	28	1.000000
15	28	1.000000
16	28	1.000000
17	28	1.000000
18	28	1.000000
20	28	1.000000
22	28	1.000000
25	28	1.000000
2	29	1.000000
3	29	1.000000
4	29	1.000000
5	29	1.000000
6	29	1.000000
9	29	1.000000
10	29	1.000000
11	29	1.000000
14	29	1.000000
16	29	1.000000
18	29	1.000000
19	29	1.000000
21	29	1.000000
22	29	1.000000
23	29	1.000000
25	29	1.000000
28	29	1.000000
1	30	1.000000
2	30	1.000000
5	30	1.000000
6	30	1.000000
12	30	1.000000
14	30	1.000000
15	30	1.000000
17	30	1.000000
22	30	1.000000
25	30	1.000000
26	30	1.000000
27	30	1.000000
28	30	1.000000
29	30	1.000000
3	31	1.000000
6	31	1.000000
7	31	1.000000
8	31	1.000000
15	31	1.000000
17	31	1.000000
19	31	1.000000
20	31	1.000000
21	31	1.000000
22	31	1.000000
27	31	1.000000
30	31	1.000000
2	32	1.000000
6	32	1.000000
7	32	1.000000
8	32	1.000000
10	32	1.000000
13	32	1.000000
14	32	1.000000
16	32	1.000000
17	32	1.000000
18	32	1.000000
19	32	1.000000
22	32	1.000000
23	32	1.000000
26	32	1.000000
27	32	1.000000
28	32	1.000000
29	32	1.000000
30	32	1.000000
5	33	1.000000
7	33	1.000000
10	33	1.000000
11	33	1.000000
14	33	1.000000
15	33	1.000000
16	33	1.000000
17	33	1.000000
18	33	1.000000
20	33	1.000000
22	33	1.000000
24	33	1.000000
25	33	1.000000
26	33	1.000000
28	33	1.000000
29	33	1.000000
30	33	1.000000
1	34	1.000000
2	34	1.000000
6	34	1.000000
8	34	1.000000
11	34	1.000000
12	34	1.000000
13	34	1.000000
14	34	1.000000
17	34	1.000000
18	34	1.000000
20	34	1.000000
21	34	1.000000
22	34	1.000000
24	34	1.000000
25	34	1.000000
26	34	1.000000
27	34	1.000000
28	34	1.000000
29	34	1.000000
8	35	1.000000
9	35	1.000000
10	35	1.000000
11	35	1.000000
14	35	1.000000
15	35	1.000000
16	35	1.000000
17	35	1.000000
19	35	1.000000
20	35	1.000000
21	35	1.000000
24	35	1.000000
27	35	1.000000
30	35	1.000000
31	35	1.000000
2	36	1.000000
3	36	1.000000
5	36	1.000000
8	36	1.000000
10	36	1.000000
11	36	1.000000
13	36	1.000000
14	36	1.000000
15	36	1.000000
16	36	1.000000
17	36	1.000000
18	36	1.000000
22	36	1.000000
27	36	1.000000
28	36	1.000000
31	36	1.000000
33	36	1.000000
35	36	1.000000
1	37	1.000000
2	37	1.000000
5	37	1.000000
6	37	1.000000
10	37	1.000000
11	37	1.000000
13	37	1.000000
16	37	1.000000
19	37	1.000000
20	37	1.000000
24	37	1.000000
25	37	1.000000
26	37	1.000000
27	37	1.000000
29	37	1.000000
31	37	1.000000
32	37	1.000000
33	37	1.000000
34	37	1.000000
36	37	1.000000
1	38	1.000000
2	38	1.000000
3	38	1.000000
7	38	1.000000
8	38	1.000000
9	38	1.000000
14	38	1.000000
17	38	1.000000
18	38	1.000000
21	38	1.000000
24	38	1.000000
25	38	1.000000
29	38	1.000000
30	38	1.000000
32	38	1.000000
36	38	1.000000
1	39	1.000000
2	39	1.000000
4	39	1.000000
7	39	1.000000
8	39	1.000000
10	39	1.000000
11	39	1.000000
12	39	1.000000
15	39	1.000000
17	39	1.000000
19	39	1.000000
20	39	1.000000
21	39	1.000000
26	39	1.000000
27	39	1.000000
28	39	1.000000
30	39	1.000000
32	39	1.000000
33	39	1.000000
36	39	1.000000
37	39	1.000000
38	39	1.000000
2	40	1.000000
6	40	1.000000
12	40	1.000000
17	40	1.000000
18	40	1.000000
20	40	1.000000
22	40	1.000000
23	40	1.000000
25	40	1.000000
26	40	1.000000
29	40	1.000000
31	40	1.000000
35	40	1.000000
37	40	1.000000
38	40	1.000000
39	40	1.000000
1	41	1.000000
2	41	1.000000
3	41	1.000000
5	41	1.000000
6	41	1.000000
7	41	1.000000
8	41	1.000000
9	41	1.000000
11	41	1.000000
16	41	1.000000
17	41	1.000000
19	41	1.000000
20	41	1.000000
22	41	1.000000
23	41	1.000000
25	41	1.000000
28	41	1.000000
29	41	1.000000
31	41	1.000000
32	41	1.000000
34	41	1.000000
36	41	1.000000
37	41	1.000000
39	41	1.000000
40	41	1.000000
3	42	1.000000
4	42	1.000000
5	42	1.000000
7	42	1.000000
10	42	1.000000
11	42	1.000000
14	42	1.000000
16	42	1.000000
17	42	1.000000
19	42	1.000000
20	42	1.000000
25	42	1.000000
26	42	1.000000
34	42	1.000000
35	42	1.000000
38	42	1.000000
41	42	1.000000
1	43	1.000000
3	43	1.000000
4	43	1.000000
6	43	1.000000
11	43	1.000000
13	43	1.000000
17	43	1.000000
18	43	1.000000
19	43	1.000000
21	43	1.000000
23	43	1.000000
26	43	1.000000
27	43	1.000000
28	43	1.000000
29	43	1.000000
31	43	1.000000
37	43	1.000000
42	43	1.000000
1	44	1.000000
7	44	1.000000
10	44	1.000000
12	44	1.000000
17	44	1.000000
18	44	1.000000
20	44	1.000000
21	44	1.000000
25	44	1.000000
28	44	1.000000
29	44	1.000000
33	44	1.000000
34	44	1.000000
38	44	1.000000
40	44	1.000000
41	44	1.000000
42	44	1.000000
43	44	1.000000
1	45	1.000000
3	45	1.000000
6	45	1.000000
13	45	1.000000
14	45	1.000000
15	45	1.000000
16	45	1.000000
19	45	1.000000
20	45	1.000000
22	45	1.000000
23	45	1.000000
24	45	1.000000
26	45	1.000000
27	45	1.000000
30	45	1.000000
31	45	1.000000
32	45	1.000000
34	45	1.000000
35	45	1.000000
37	45	1.000000
41	45	1.000000
44	45	1.000000
2	46	1.000000
4	46	1.000000
5	46	1.000000
6	46	1.000000
7	46	1.000000
8	46	1.000000
10	46	1.000000
11	46	1.000000
12	46	1.000000
18	46	1.000000
19	46	1.000000
20	46	1.000000
21	46	1.000000
22	46	1.000000
23	46	1.000000
24	46	1.000000
27	46	1.000000
28	46	1.000000
29	46	1.000000
30	46	1.000000
32	46	1.000000
33	46	1.000000
35	46	1.000000
42	46	1.000000
44	46	1.000000
1	47	1.000000
3	47	1.000000
5	47	1.000000
8	47	1.000000
10	47	1.000000
11	47	1.000000
12	47	1.000000
14	47	1.000000
16	47	1.000000
17	47	1.000000
18	47	1.000000
20	47	1.000000
22	47	1.000000
23	47	1.000000
24	47	1.000000
25	47	1.000000
30	47	1.000000
31	47	1.000000
35	47	1.000000
36	47	1.000000
37	47	1.000000
38	47	1.000000
43	47	1.000000
45	47	1.000000
2	48	1.000000
3	48	1.000000
4	48	1.000000
11	48	1.000000
13	48	1.000000
14	48	1.000000
15	48	1.000000
19	48	1.000000
20	48	1.000000
21	48	1.000000
22	48	1.000000
24	48	1.000000
28	48	1.000000
30	48	1.000000
34	48	1.000000
36	48	1.000000
37	48	1.000000
38	48	1.000000
39	48	1.000000
42	48	1.000000
44	48	1.000000
46	48	1.000000
1	49	1.000000
2	49	1.000000
5	49	1.000000
6	49	1.000000
7	49	1.000000
10	49	1.000000
14	49	1.000000
15	49	1.000000
16	49	1.000000
17	49	1.000000
19	49	1.000000
21	49	1.000000
22	49	1.000000
23	49	1.000000
25	49	1.000000
27	49	1.000000
32	49	1.000000
35	49	1.000000
37	49	1.000000
38	49	1.000000
39	49	1.000000
40	49	1.000000
41	49	1.000000
42	49	1.000000
44	49	1.000000
46	49	1.000000
47	49	1.000000
3	50	1.000000
4	50	1.000000
5	50	1.000000
9	50	1.000000
10	50	1.000000
11	50	1.000000
12	50	1.000000
17	50	1.000000
20	50	1.000000
22	50	1.000000
26	50	1.000000
28	50	1.000000
29	50	1.000000
30	50	1.000000
32	50	1.000000
33	50	1.000000
36	50	1.000000
38	50	1.000000
39	50	1.000000
40	50	1.000000
41	50	1.000000
44	50	1.000000
45	50	1.000000
48	50	1.000000
6	51	1.000000
9	51	1.000000
11	51	1.000000
12	51	1.000000
17	51	1.000000
18	51	1.000000
19	51	1.000000
20	51	1.000000
21	51	1.000000
23	51	1.000000
25	51	1.000000
27	51	1.000000
29	51	1.000000
31	51	1.000000
32	51	1.000000
33	51	1.000000
34	51	1.000000
38	51	1.000000
39	51	1.000000
40	51	1.000000
42	51	1.000000
43	51	1.000000
47	51	1.000000
48	51	1.000000
50	51	1.000000
2	52	1.000000
3	52	1.000000
4	52	1.000000
6	52	1.000000
7	52	1.000000
9	52	1.000000
14	52	1.000000
15	52	1.000000
16	52	1.000000
17	52	1.000000
18	52	1.000000
19	52	1.000000
20	52	1.000000
22	52	1.000000
27	52	1.000000
29	52	1.000000
30	52	1.000000
33	52	1.000000
34	52	1.000000
35	52	1.000000
36	52	1.000000
37	52	1.000000
38	52	1.000000
44	52	1.000000
47	52	1.000000
48	52	1.000000
1	53	1.000000
3	53	1.000000
4	53	1.000000
8	53	1.000000
13	53	1.000000
14	53	1.000000
15	53	1.000000
16	53	1.000000
17	53	1.000000
18	53	1.000000
22	53	1.000000
23	53	1.000000
24	53	1.000000
26	53	1.000000
27	53	1.000000
28	53	1.000000
29	53	1.000000
33	53	1.000000
34	53	1.000000
35	53	1.000000
37	53	1.000000
39	53	1.000000
40	53	1.000000
41	53	1.000000
50	53	1.000000
51	53	1.000000
52	53	1.000000
2	54	1.000000
3	54	1.000000
5	54	1.000000
6	54	1.000000
7	54	1.000000
8	54	1.000000
9	54	1.000000
10	54	1.000000
12	54	1.000000
13	54	1.000000
17	54	1.000000
18	54	1.000000
20	54	1.000000
21	54	1.000000
22	54	1.000000
23	54	1.000000
24	54	1.000000
26	54	1.000000
28	54	1.000000
29	54	1.000000
31	54	1.000000
34	54	1.000000
41	54	1.000000
42	54	1.000000
43	54	1.000000
45	54	1.000000
48	54	1.000000
49	54	1.000000
50	54	1.000000
51	54	1.000000
2	55	1.000000
3	55	1.000000
11	55	1.000000
12	55	1.000000
18	55	1.000000
20	55	1.000000
24	55	1.000000
27	55	1.000000
28	55	1.000000
29	55	1.000000
32	55	1.000000
33	55	1.000000
36	55	1.000000
37	55	1.000000
38	55	1.000000
39	55	1.000000
42	55	1.000000
43	55	1.000000
48	55	1.000000
52	55	1.000000
53	55	1.000000
2	56	1.000000
5	56	1.000000
6	56	1.000000
7	56	1.000000
8	56	1.000000
9	56	1.000000
10	56	1.000000
11	56	1.000000
12	56	1.000000
15	56	1.000000
16	56	1.000000
19	56	1.000000
22	56	1.000000
23	56	1.000000
27	56	1.000000
28	56	1.000000
31	56	1.000000
36	56	1.000000
37	56	1.000000
40	56	1.000000
42	56	1.000000
47	56	1.000000
48	56	1.000000
50	56	1.000000
51	56	1.000000
52	56	1.000000
54	56	1.000000
55	56	1.000000
1	57	1.000000
2	57	1.000000
3	57	1.000000
4	57	1.000000
6	57	1.000000
8	57	1.000000
9	57	1.000000
10	57	1.000000
13	57	1.000000
14	57	1.000000
15	57	1.000000
18	57	1.000000
19	57	1.000000
23	57	1.000000
26	57	1.000000
27	57	1.000000
28	57	1.000000
31	57	1.000000
32	57	1.000000
34	57	1.000000
37	57	1.000000
39	57	1.000000
41	57	1.000000
43	57	1.000000
44	57	1.000000
46	57	1.000000
48	57	1.000000
51	57	1.000000
52	57	1.000000
53	57	1.000000
1	58	1.000000
3	58	1.000000
7	58	1.000000
8	58	1.000000
10	58	1.000000
11	58	1.000000
12	58	1.000000
15	58	1.000000
17	58	1.000000
19	58	1.000000
21	58	1.000000
23	58	1.000000
24	58	1.000000
26	58	1.000000
27	58	1.000000
29	58	1.000000
30	58	1.000000
33	58	1.000000
34	58	1.000000
38	58	1.000000
39	58	1.000000
40	58	1.000000
43	58	1.000000
45	58	1.000000
46	58	1.000000
49	58	1.000000
51	58	1.000000
55	58	1.000000
2	59	1.000000
4	59	1.000000
6	59	1.000000
7	59	1.000000
12	59	1.000000
16	59	1.000000
18	59	1.000000
20	59	1.000000
26	59	1.000000
27	59	1.000000
29	59	1.000000
32	59	1.000000
35	59	1.000000
37	59	1.000000
38	59	1.000000
39	59	1.000000
42	59	1.000000
44	59	1.000000
46	59	1.000000
47	59	1.000000
48	59	1.000000
49	59	1.000000
50	59	1.000000
53	59	1.000000
55	59	1.000000
57	59	1.000000
2	60	1.000000
3	60	1.000000
5	60	1.000000
6	60	1.000000
7	60	1.000000
9	60	1.000000
10	60	1.000000
11	60	1.000000
14	60	1.000000
16	60	1.000000
17	60	1.000000
18	60	1.000000
19	60	1.000000
21	60	1.000000
26	60	1.000000
28	60	1.000000
29	60	1.000000
31	60	1.000000
32	60	1.000000
34	60	1.000000
35	60	1.000000
39	60	1.000000
41	60	1.000000
42	60	1.000000
44	60	1.000000
45	60	1.000000
46	60	1.000000
47	60	1.000000
48	60	1.000000
51	60	1.000000
56	60	1.000000
57	60	1.000000
3	61	1.000000
9	61	1.000000
15	61	1.000000
18	61	1.000000
19	61	1.000000
21	61	1.000000
24	61	1.000000
27	61	1.000000
29	61	1.000000
30	61	1.000000
31	61	1.000000
34	61	1.000000
37	61	1.000000
39	61	1.000000
40	61	1.000000
42	61	1.000000
43	61	1.000000
44	61	1.000000
45	61	1.000000
48	61	1.000000
49	61	1.000000
50	61	1.000000
52	61	1.000000
53	61	1.000000
58	61	1.000000
59	61	1.000000
1	62	1.000000
3	62	1.000000
6	62	1.000000
7	62	1.000000
8	62	1.000000
11	62	1.000000
13	62	1.000000
16	62	1.000000
18	62	1.000000
21	62	1.000000
25	62	1.000000
26	62	1.000000
29	62	1.000000
30	62	1.000000
34	62	1.000000
35	62	1.000000
44	62	1.000000
45	62	1.000000
46	62	1.000000
47	62	1.000000
50	62	1.000000
51	62	1.000000
52	62	1.000000
56	62	1.000000
57	62	1.000000
58	62	1.000000
59	62	1.000000
60	62	1.000000
61	62	1.000000
3	63	1.000000
5	63	1.000000
7	63	1.000000
17	63	1.000000
19	63	1.000000
20	63	1.000000
21	63	1.000000
22	63	1.000000
25	63	1.000000
27	63	1.000000
29	63	1.000000
32	63	1.000000
35	63	1.000000
39	63	1.000000
40	63	1.000000
41	63	1.000000
42	63	1.000000
44	63	1.000000
47	63	1.000000
48	63	1.000000
49	63	1.000000
50	63	1.000000
51	63	1.000000
52	63	1.000000
56	63	1.000000
60	63	1.000000
61	63	1.000000
4	64	1.000000
5	64	1.000000
6	64	1.000000
9	64	1.000000
10	64	1.000000
11	64	1.000000
13	64	1.000000
14	64	1.000000
17	64	1.000000
18	64	1.000000
21	64	1.000000
24	64	1.000000
30	64	1.000000
31	64	1.000000
34	64	1.000000
36	64	1.000000
37	64	1.000000
39	64	1.000000
41	64	1.000000
44	64	1.000000
49	64	1.000000
53	64	1.000000
54	64	1.000000
55	64	1.000000
56	64	1.000000
58	64	1.000000
59	64	1.000000
60	64	1.000000
1	65	1.000000
2	65	1.000000
3	65	1.000000
4	65	1.000000
5	65	1.000000
6	65	1.000000
8	65	1.000000
9	65	1.000000
10	65	1.000000
11	65	1.000000
12	65	1.000000
14	65	1.000000
15	65	1.000000
16	65	1.000000
21	65	1.000000
25	65	1.000000
28	65	1.000000
29	65	1.000000
33	65	1.000000
36	65	1.000000
39	65	1.000000
41	65	1.000000
42	65	1.000000
43	65	1.000000
45	65	1.000000
48	65	1.000000
49	65	1.000000
51	65	1.000000
57	65	1.000000
58	65	1.000000
59	65	1.000000
63	65	1.000000
2	66	1.000000
3	66	1.000000
5	66	1.000000
6	66	1.000000
8	66	1.000000
10	66	1.000000
12	66	1.000000
13	66	1.000000
14	66	1.000000
15	66	1.000000
19	66	1.000000
23	66	1.000000
24	66	1.000000
25	66	1.000000
26	66	1.000000
29	66	1.000000
31	66	1.000000
32	66	1.000000
33	66	1.000000
37	66	1.000000
38	66	1.000000
40	66	1.000000
43	66	1.000000
44	66	1.000000
46	66	1.000000
47	66	1.000000
52	66	1.000000
53	66	1.000000
54	66	1.000000
55	66	1.000000
57	66	1.000000
61	66	1.000000
62	66	1.000000
63	66	1.000000
1	67	1.000000
2	67	1.000000
8	67	1.000000
9	67	1.000000
14	67	1.000000
15	67	1.000000
17	67	1.000000
20	67	1.000000
23	67	1.000000
24	67	1.000000
25	67	1.000000
30	67	1.000000
31	67	1.000000
34	67	1.000000
36	67	1.000000
38	67	1.000000
41	67	1.000000
42	67	1.000000
46	67	1.000000
48	67	1.000000
54	67	1.000000
55	67	1.000000
57	67	1.000000
58	67	1.000000
59	67	1.000000
60	67	1.000000
61	67	1.000000
2	68	1.000000
3	68	1.000000
5	68	1.000000
6	68	1.000000
7	68	1.000000
8	68	1.000000
9	68	1.000000
10	68	1.000000
11	68	1.000000
12	68	1.000000
14	68	1.000000
16	68	1.000000
17	68	1.000000
18	68	1.000000
20	68	1.000000
21	68	1.000000
24	68	1.000000
26	68	1.000000
27	68	1.000000
30	68	1.000000
32	68	1.000000
33	68	1.000000
34	68	1.000000
35	68	1.000000
37	68	1.000000
40	68	1.000000
47	68	1.000000
49	68	1.000000
52	68	1.000000
54	68	1.000000
58	68	1.000000
59	68	1.000000
60	68	1.000000
62	68	1.000000
63	68	1.000000
64	68	1.000000
65	68	1.000000
3	69	1.000000
4	69	1.000000
5	69	1.000000
6	69	1.000000
7	69	1.000000
9	69	1.000000
11	69	1.000000
14	69	1.000000
16	69	1.000000
18	69	1.000000
21	69	1.000000
22	69	1.000000
26	69	1.000000
29	69	1.000000
30	69	1.000000
33	69	1.000000
38	69	1.000000
39	69	1.000000
42	69	1.000000
43	69	1.000000
44	69	1.000000
46	69	1.000000
48	69	1.000000
49	69	1.000000
50	69	1.000000
54	69	1.000000
56	69	1.000000
59	69	1.000000
60	69	1.000000
61	69	1.000000
62	69	1.000000
63	69	1.000000
64	69	1.000000
67	69	1.000000
3	70	1.000000
6	70	1.000000
8	70	1.000000
9	70	1.000000
10	70	1.000000
13	70	1.000000
15	70	1.000000
16	70	1.000000
19	70	1.000000
20	70	1.000000
22	70	1.000000
24	70	1.000000
26	70	1.000000
29	70	1.000000
32	70	1.000000
37	70	1.000000
39	70	1.000000
40	70	1.000000
41	70	1.000000
51	70	1.000000
52	70	1.000000
53	70	1.000000
54	70	1.000000
56	70	1.000000
57	70	1.000000
58	70	1.000000
62	70	1.000000
63	70	1.000000
64	70	1.000000
1	71	1.000000
4	71	1.000000
5	71	1.000000
9	71	1.000000
11	71	1.000000
12	71	1.000000
13	71	1.000000
14	71	1.000000
16	71	1.000000
19	71	1.000000
20	71	1.000000
21	71	1.000000
25	71	1.000000
27	71	1.000000
32	71	1.000000
33	71	1.000000
34	71	1.000000
35	71	1.000000
39	71	1.000000
40	71	1.000000
41	71	1.000000
44	71	1.000000
45	71	1.000000
46	71	1.000000
47	71	1.000000
49	71	1.000000
50	71	1.000000
52	71	1.000000
55	71	1.000000
56	71	1.000000
58	71	1.000000
59	71	1.000000
64	71	1.000000
66	71	1.000000
67	71	1.000000
70	71	1.000000
3	72	1.000000
4	72	1.000000
5	72	1.000000
12	72	1.000000
13	72	1.000000
15	72	1.000000
16	72	1.000000
20	72	1.000000
24	72	1.000000
27	72	1.000000
28	72	1.000000
30	72	1.000000
34	72	1.000000
35	72	1.000000
36	72	1.000000
37	72	1.000000
38	72	1.000000
40	72	1.000000
41	72	1.000000
45	72	1.000000
46	72	1.000000
47	72	1.000000
51	72	1.000000
55	72	1.000000
57	72	1.000000
58	72	1.000000
63	72	1.000000
65	72	1.000000
66	72	1.000000
2	73	1.000000
3	73	1.000000
6	73	1.000000
7	73	1.000000
9	73	1.000000
13	73	1.000000
16	73	1.000000
17	73	1.000000
19	73	1.000000
20	73	1.000000
21	73	1.000000
24	73	1.000000
25	73	1.000000
27	73	1.000000
29	73	1.000000
31	73	1.000000
32	73	1.000000
36	73	1.000000
37	73	1.000000
38	73	1.000000
39	73	1.000000
42	73	1.000000
45	73	1.000000
46	73	1.000000
47	73	1.000000
49	73	1.000000
50	73	1.000000
51	73	1.000000
53	73	1.000000
54	73	1.000000
55	73	1.000000
56	73	1.000000
58	73	1.000000
59	73	1.000000
61	73	1.000000
62	73	1.000000
63	73	1.000000
64	73	1.000000
68	73	1.000000
69	73	1.000000
70	73	1.000000
4	74	1.000000
6	74	1.000000
7	74	1.000000
10	74	1.000000
11	74	1.000000
14	74	1.000000
16	74	1.000000
19	74	1.000000
20	74	1.000000
21	74	1.000000
24	74	1.000000
25	74	1.000000
30	74	1.000000
32	74	1.000000
36	74	1.000000
37	74	1.000000
40	74	1.000000
41	74	1.000000
46	74	1.000000
47	74	1.000000
48	74	1.000000
52	74	1.000000
53	74	1.000000
56	74	1.000000
61	74	1.000000
66	74	1.000000
67	74	1.000000
68	74	1.000000
69	74	1.000000
73	74	1.000000
5	75	1.000000
6	75	1.000000
7	75	1.000000
11	75	1.000000
12	75	1.000000
16	75	1.000000
19	75	1.000000
24	75	1.000000
25	75	1.000000
26	75	1.000000
27	75	1.000000
28	75	1.000000
29	75	1.000000
30	75	1.000000
31	75	1.000000
32	75	1.000000
35	75	1.000000
36	75	1.000000
38	75	1.000000
41	75	1.000000
46	75	1.000000
50	75	1.000000
51	75	1.000000
53	75	1.000000
55	75	1.000000
56	75	1.000000
57	75	1.000000
59	75	1.000000
60	75	1.000000
61	75	1.000000
68	75	1.000000
69	75	1.000000
71	75	1.000000
4	76	1.000000
5	76	1.000000
6	76	1.000000
9	76	1.000000
10	76	1.000000
15	76	1.000000
16	76	1.000000
17	76	1.000000
18	76	1.000000
19	76	1.000000
20	76	1.000000
23	76	1.000000
25	76	1.000000
26	76	1.000000
27	76	1.000000
29	76	1.000000
32	76	1.000000
35	76	1.000000
36	76	1.000000
40	76	1.000000
42	76	1.000000
48	76	1.000000
49	76	1.000000
50	76	1.000000
51	76	1.000000
52	76	1.000000
53	76	1.000000
57	76	1.000000
61	76	1.000000
62	76	1.000000
63	76	1.000000
64	76	1.000000
67	76	1.000000
68	76	1.000000
70	76	1.000000
71	76	1.000000
72	76	1.000000
73	76	1.000000
2	77	1.000000
3	77	1.000000
10	77	1.000000
11	77	1.000000
14	77	1.000000
15	77	1.000000
16	77	1.000000
18	77	1.000000
19	77	1.000000
22	77	1.000000
27	77	1.000000
29	77	1.000000
32	77	1.000000
33	77	1.000000
34	77	1.000000
35	77	1.000000
36	77	1.000000
37	77	1.000000
38	77	1.000000
39	77	1.000000
40	77	1.000000
41	77	1.000000
43	77	1.000000
44	77	1.000000
45	77	1.000000
47	77	1.000000
48	77	1.000000
49	77	1.000000
54	77	1.000000
55	77	1.000000
57	77	1.000000
58	77	1.000000
59	77	1.000000
60	77	1.000000
61	77	1.000000
62	77	1.000000
66	77	1.000000
68	77	1.000000
69	77	1.000000
70	77	1.000000
73	77	1.000000
75	77	1.000000
76	77	1.000000
1	78	1.000000
4	78	1.000000
5	78	1.000000
6	78	1.000000
8	78	1.000000
9	78	1.000000
12	78	1.000000
14	78	1.000000
15	78	1.000000
16	78	1.000000
17	78	1.000000
18	78	1.000000
20	78	1.000000
21	78	1.000000
22	78	1.000000
23	78	1.000000
28	78	1.000000
31	78	1.000000
32	78	1.000000
34	78	1.000000
37	78	1.000000
38	78	1.000000
41	78	1.000000
42	78	1.000000
43	78	1.000000
45	78	1.000000
47	78	1.000000
48	78	1.000000
51	78	1.000000
54	78	1.000000
55	78	1.000000
57	78	1.000000
59	78	1.000000
64	78	1.000000
65	78	1.000000
67	78	1.000000
68	78	1.000000
70	78	1.000000
73	78	1.000000
74	78	1.000000
75	78	1.000000
77	78	1.000000
1	79	1.000000
3	79	1.000000
4	79	1.000000
6	79	1.000000
7	79	1.000000
9	79	1.000000
11	79	1.000000
12	79	1.000000
16	79	1.000000
20	79	1.000000
21	79	1.000000
23	79	1.000000
24	79	1.000000
25	79	1.000000
27	79	1.000000
28	79	1.000000
30	79	1.000000
31	79	1.000000
34	79	1.000000
35	79	1.000000
36	79	1.000000
37	79	1.000000
39	79	1.000000
40	79	1.000000
41	79	1.000000
42	79	1.000000
43	79	1.000000
44	79	1.000000
45	79	1.000000
47	79	1.000000
48	79	1.000000
51	79	1.000000
55	79	1.000000
56	79	1.000000
58	79	1.000000
62	79	1.000000
64	79	1.000000
70	79	1.000000
71	79	1.000000
73	79	1.000000
1	80	1.000000
3	80	1.000000
13	80	1.000000
15	80	1.000000
17	80	1.000000
19	80	1.000000
20	80	1.000000
21	80	1.000000
22	80	1.000000
25	80	1.000000
26	80	1.000000
29	80	1.000000
34	80	1.000000
38	80	1.000000
41	80	1.000000
42	80	1.000000
43	80	1.000000
44	80	1.000000
45	80	1.000000
46	80	1.000000
47	80	1.000000
48	80	1.000000
49	80	1.000000
51	80	1.000000
52	80	1.000000
59	80	1.000000
62	80	1.000000
63	80	1.000000
64	80	1.000000
67	80	1.000000
69	80	1.000000
70	80	1.000000
74	80	1.000000
77	80	1.000000
78	80	1.000000
79	80	1.000000
2	81	1.000000
3	81	1.000000
4	81	1.000000
5	81	1.000000
8	81	1.000000
12	81	1.000000
14	81	1.000000
15	81	1.000000
19	81	1.000000
22	81	1.000000
23	81	1.000000
24	81	1.000000
25	81	1.000000
26	81	1.000000
28	81	1.000000
29	81	1.000000
32	81	1.000000
33	81	1.000000
35	81	1.000000
40	81	1.000000
41	81	1.000000
42	81	1.000000
43	81	1.000000
45	81	1.000000
48	81	1.000000
50	81	1.000000
51	81	1.000000
52	81	1.000000
53	81	1.000000
56	81	1.000000
57	81	1.000000
60	81	1.000000
61	81	1.000000
62	81	1.000000
67	81	1.000000
69	81	1.000000
70	81	1.000000
71	81	1.000000
72	81	1.000000
73	81	1.000000
77	81	1.000000
78	81	1.000000
80	81	1.000000
4	82	1.000000
9	82	1.000000
10	82	1.000000
11	82	1.000000
13	82	1.000000
14	82	1.000000
15	82	1.000000
16	82	1.000000
18	82	1.000000
19	82	1.000000
22	82	1.000000
26	82	1.000000
27	82	1.000000
29	82	1.000000
32	82	1.000000
33	82	1.000000
34	82	1.000000
36	82	1.000000
37	82	1.000000
39	82	1.000000
40	82	1.000000
41	82	1.000000
42	82	1.000000
43	82	1.000000
46	82	1.000000
47	82	1.000000
48	82	1.000000
52	82	1.000000
54	82	1.000000
55	82	1.000000
56	82	1.000000
57	82	1.000000
63	82	1.000000
68	82	1.000000
69	82	1.000000
71	82	1.000000
72	82	1.000000
73	82	1.000000
76	82	1.000000
78	82	1.000000
81	82	1.000000
4	83	1.000000
5	83	1.000000
6	83	1.000000
8	83	1.000000
9	83	1.000000
13	83	1.000000
14	83	1.000000
20	83	1.000000
21	83	1.000000
24	83	1.000000
25	83	1.000000
26	83	1.000000
28	83	1.000000
29	83	1.000000
31	83	1.000000
33	83	1.000000
34	83	1.000000
39	83	1.000000
40	83	1.000000
46	83	1.000000
48	83	1.000000
49	83	1.000000
50	83	1.000000
51	83	1.000000
53	83	1.000000
55	83	1.000000
56	83	1.000000
57	83	1.000000
59	83	1.000000
61	83	1.000000
62	83	1.000000
63	83	1.000000
64	83	1.000000
66	83	1.000000
68	83	1.000000
75	83	1.000000
78	83	1.000000
81	83	1.000000
82	83	1.000000
2	84	1.000000
6	84	1.000000
8	84	1.000000
11	84	1.000000
12	84	1.000000
13	84	1.000000
14	84	1.000000
16	84	1.000000
17	84	1.000000
18	84	1.000000
19	84	1.000000
21	84	1.000000
23	84	1.000000
24	84	1.000000
26	84	1.000000
28	84	1.000000
29	84	1.000000
30	84	1.000000
36	84	1.000000
38	84	1.000000
40	84	1.000000
45	84	1.000000
46	84	1.000000
47	84	1.000000
48	84	1.000000
49	84	1.000000
51	84	1.000000
52	84	1.000000
54	84	1.000000
55	84	1.000000
57	84	1.000000
62	84	1.000000
66	84	1.000000
67	84	1.000000
70	84	1.000000
76	84	1.000000
77	84	1.000000
78	84	1.000000
80	84	1.000000
81	84	1.000000
1	85	1.000000
4	85	1.000000
6	85	1.000000
7	85	1.000000
9	85	1.000000
11	85	1.000000
12	85	1.000000
15	85	1.000000
16	85	1.000000
19	85	1.000000
20	85	1.000000
22	85	1.000000
24	85	1.000000
25	85	1.000000
26	85	1.000000
31	85	1.000000
33	85	1.000000
34	85	1.000000
35	85	1.000000
37	85	1.000000
40	85	1.000000
41	85	1.000000
44	85	1.000000
45	85	1.000000
48	85	1.000000
49	85	1.000000
53	85	1.000000
55	85	1.000000
58	85	1.000000
59	85	1.000000
60	85	1.000000
61	85	1.000000
63	85	1.000000
65	85	1.000000
66	85	1.000000
68	85	1.000000
69	85	1.000000
70	85	1.000000
71	85	1.000000
74	85	1.000000
78	85	1.000000
79	85	1.000000
2	86	1.000000
4	86	1.000000
6	86	1.000000
7	86	1.000000
9	86	1.000000
10	86	1.000000
11	86	1.000000
13	86	1.000000
16	86	1.000000
17	86	1.000000
21	86	1.000000
22	86	1.000000
23	86	1.000000
25	86	1.000000
27	86	1.000000
28	86	1.000000
30	86	1.000000
33	86	1.000000
35	86	1.000000
37	86	1.000000
39	86	1.000000
40	86	1.000000
41	86	1.000000
45	86	1.000000
47	86	1.000000
48	86	1.000000
50	86	1.000000
51	86	1.000000
52	86	1.000000
54	86	1.000000
55	86	1.000000
58	86	1.000000
59	86	1.000000
63	86	1.000000
64	86	1.000000
67	86	1.000000
68	86	1.000000
73	86	1.000000
81	86	1.000000
82	86	1.000000
83	86	1.000000
84	86	1.000000
1	87	1.000000
2	87	1.000000
5	87	1.000000
6	87	1.000000
8	87	1.000000
9	87	1.000000
10	87	1.000000
11	87	1.000000
12	87	1.000000
15	87	1.000000
16	87	1.000000
17	87	1.000000
19	87	1.000000
23	87	1.000000
26	87	1.000000
28	87	1.000000
29	87	1.000000
30	87	1.000000
31	87	1.000000
35	87	1.000000
37	87	1.000000
41	87	1.000000
43	87	1.000000
46	87	1.000000
47	87	1.000000
48	87	1.000000
51	87	1.000000
52	87	1.000000
53	87	1.000000
54	87	1.000000
55	87	1.000000
56	87	1.000000
57	87	1.000000
59	87	1.000000
60	87	1.000000
62	87	1.000000
65	87	1.000000
66	87	1.000000
67	87	1.000000
68	87	1.000000
70	87	1.000000
71	87	1.000000
72	87	1.000000
75	87	1.000000
76	87	1.000000
77	87	1.000000
82	87	1.000000
83	87	1.000000
86	87	1.000000
1	88	1.000000
2	88	1.000000
7	88	1.000000
11	88	1.000000
13	88	1.000000
14	88	1.000000
15	88	1.000000
16	88	1.000000
17	88	1.000000
18	88	1.000000
27	88	1.000000
28	88	1.000000
29	88	1.000000
32	88	1.000000
33	88	1.000000
34	88	1.000000
35	88	1.000000
38	88	1.000000
39	88	1.000000
40	88	1.000000
41	88	1.000000
43	88	1.000000
45	88	1.000000
48	88	1.000000
50	88	1.000000
51	88	1.000000
53	88	1.000000
54	88	1.000000
57	88	1.000000
62	88	1.000000
64	88	1.000000
65	88	1.000000
70	88	1.000000
72	88	1.000000
73	88	1.000000
75	88	1.000000
76	88	1.000000
77	88	1.000000
78	88	1.000000
80	88	1.000000
84	88	1.000000
85	88	1.000000
87	88	1.000000
1	89	1.000000
3	89	1.000000
6	89	1.000000
8	89	1.000000
9	89	1.000000
10	89	1.000000
11	89	1.000000
13	89	1.000000
14	89	1.000000
15	89	1.000000
16	89	1.000000
17	89	1.000000
18	89	1.000000
19	89	1.000000
20	89	1.000000
21	89	1.000000
22	89	1.000000
23	89	1.000000
28	89	1.000000
30	89	1.000000
31	89	1.000000
32	89	1.000000
34	89	1.000000
35	89	1.000000
36	89	1.000000
38	89	1.000000
39	89	1.000000
40	89	1.000000
42	89	1.000000
43	89	1.000000
45	89	1.000000
46	89	1.000000
47	89	1.000000
48	89	1.000000
50	89	1.000000
53	89	1.000000
54	89	1.000000
55	89	1.000000
57	89	1.000000
58	89	1.000000
61	89	1.000000
62	89	1.000000
63	89	1.000000
64	89	1.000000
65	89	1.000000
67	89	1.000000
68	89	1.000000
69	89	1.000000
71	89	1.000000
73	89	1.000000
74	89	1.000000
75	89	1.000000
76	89	1.000000
78	89	1.000000
79	89	1.000000
80	89	1.000000
84	89	1.000000
88	89	1.000000
3	90	1.000000
4	90	1.000000
7	90	1.000000
8	90	1.000000
11	90	1.000000
13	90	1.000000
14	90	1.000000
16	90	1.000000
17	90	1.000000
22	90	1.000000
24	90	1.000000
25	90	1.000000
26	90	1.000000
28	90	1.000000
29	90	1.000000
30	90	1.000000
31	90	1.000000
32	90	1.000000
33	90	1.000000
38	90	1.000000
42	90	1.000000
46	90	1.000000
47	90	1.000000
50	90	1.000000
52	90	1.000000
54	90	1.000000
55	90	1.000000
56	90	1.000000
59	90	1.000000
61	90	1.000000
62	90	1.000000
64	90	1.000000
65	90	1.000000
69	90	1.000000
70	90	1.000000
73	90	1.000000
74	90	1.000000
76	90	1.000000
77	90	1.000000
78	90	1.000000
79	90	1.000000
80	90	1.000000
82	90	1.000000
86	90	1.000000
1	91	1.000000
2	91	1.000000
6	91	1.000000
9	91	1.000000
11	91	1.000000
19	91	1.000000
23	91	1.000000
24	91	1.000000
26	91	1.000000
27	91	1.000000
32	91	1.000000
33	91	1.000000
34	91	1.000000
36	91	1.000000
37	91	1.000000
40	91	1.000000
43	91	1.000000
45	91	1.000000
46	91	1.000000
48	91	1.000000
49	91	1.000000
51	91	1.000000
52	91	1.000000
53	91	1.000000
54	91	1.000000
61	91	1.000000
63	91	1.000000
72	91	1.000000
79	91	1.000000
82	91	1.000000
83	91	1.000000
84	91	1.000000
86	91	1.000000
87	91	1.000000
1	92	1.000000
2	92	1.000000
5	92	1.000000
6	92	1.000000
7	92	1.000000
8	92	1.000000
10	92	1.000000
11	92	1.000000
13	92	1.000000
14	92	1.000000
16	92	1.000000
17	92	1.000000
24	92	1.000000
26	92	1.000000
28	92	1.000000
30	92	1.000000
31	92	1.000000
32	92	1.000000
33	92	1.000000
36	92	1.000000
38	92	1.000000
42	92	1.000000
43	92	1.000000
45	92	1.000000
48	92	1.000000
49	92	1.000000
50	92	1.000000
53	92	1.000000
56	92	1.000000
57	92	1.000000
58	92	1.000000
59	92	1.000000
63	92	1.000000
65	92	1.000000
66	92	1.000000
67	92	1.000000
69	92	1.000000
72	92	1.000000
74	92	1.000000
75	92	1.000000
77	92	1.000000
78	92	1.000000
80	92	1.000000
82	92	1.000000
83	92	1.000000
86	92	1.000000
90	92	1.000000
91	92	1.000000
1	93	1.000000
2	93	1.000000
7	93	1.000000
9	93	1.000000
12	93	1.000000
13	93	1.000000
17	93	1.000000
19	93	1.000000
22	93	1.000000
23	93	1.000000
24	93	1.000000
25	93	1.000000
31	93	1.000000
37	93	1.000000
40	93	1.000000
43	93	1.000000
44	93	1.000000
45	93	1.000000
49	93	1.000000
53	93	1.000000
54	93	1.000000
56	93	1.000000
59	93	1.000000
60	93	1.000000
61	93	1.000000
62	93	1.000000
63	93	1.000000
65	93	1.000000
66	93	1.000000
67	93	1.000000
68	93	1.000000
69	93	1.000000
70	93	1.000000
71	93	1.000000
72	93	1.000000
75	93	1.000000
77	93	1.000000
78	93	1.000000
81	93	1.000000
83	93	1.000000
86	93	1.000000
87	93	1.000000
89	93	1.000000
90	93	1.000000
91	93	1.000000
3	94	1.000000
5	94	1.000000
6	94	1.000000
8	94	1.000000
9	94	1.000000
11	94	1.000000
14	94	1.000000
15	94	1.000000
17	94	1.000000
21	94	1.000000
22	94	1.000000
25	94	1.000000
26	94	1.000000
27	94	1.000000
28	94	1.000000
31	94	1.000000
32	94	1.000000
34	94	1.000000
39	94	1.000000
44	94	1.000000
45	94	1.000000
47	94	1.000000
49	94	1.000000
53	94	1.000000
54	94	1.000000
56	94	1.000000
58	94	1.000000
62	94	1.000000
64	94	1.000000
66	94	1.000000
72	94	1.000000
73	94	1.000000
76	94	1.000000
77	94	1.000000
79	94	1.000000
81	94	1.000000
85	94	1.000000
86	94	1.000000
87	94	1.000000
90	94	1.000000
91	94	1.000000
92	94	1.000000
1	95	1.000000
2	95	1.000000
3	95	1.000000
4	95	1.000000
8	95	1.000000
11	95	1.000000
13	95	1.000000
14	95	1.000000
19	95	1.000000
20	95	1.000000
22	95	1.000000
25	95	1.000000
26	95	1.000000
27	95	1.000000
32	95	1.000000
33	95	1.000000
34	95	1.000000
36	95	1.000000
39	95	1.000000
40	95	1.000000
43	95	1.000000
47	95	1.000000
48	95	1.000000
51	95	1.000000
52	95	1.000000
53	95	1.000000
54	95	1.000000
55	95	1.000000
56	95	1.000000
57	95	1.000000
59	95	1.000000
60	95	1.000000
62	95	1.000000
64	95	1.000000
65	95	1.000000
67	95	1.000000
68	95	1.000000
71	95	1.000000
73	95	1.000000
75	95	1.000000
77	95	1.000000
78	95	1.000000
82	95	1.000000
83	95	1.000000
84	95	1.000000
85	95	1.000000
86	95	1.000000
87	95	1.000000
89	95	1.000000
90	95	1.000000
91	95	1.000000
92	95	1.000000
93	95	1.000000
3	96	1.000000
5	96	1.000000
6	96	1.000000
7	96	1.000000
10	96	1.000000
11	96	1.000000
14	96	1.000000
17	96	1.000000
20	96	1.000000
21	96	1.000000
23	96	1.000000
25	96	1.000000
28	96	1.000000
30	96	1.000000
32	96	1.000000
34	96	1.000000
35	96	1.000000
36	96	1.000000
37	96	1.000000
40	96	1.000000
41	96	1.000000
43	96	1.000000
45	96	1.000000
48	96	1.000000
49	96	1.000000
50	96	1.000000
52	96	1.000000
54	96	1.000000
56	96	1.000000
58	96	1.000000
60	96	1.000000
62	96	1.000000
63	96	1.000000
65	96	1.000000
66	96	1.000000
70	96	1.000000
71	96	1.000000
75	96	1.000000
77	96	1.000000
79	96	1.000000
80	96	1.000000
81	96	1.000000
82	96	1.000000
83	96	1.000000
84	96	1.000000
85	96	1.000000
88	96	1.000000
89	96	1.000000
90	96	1.000000
91	96	1.000000
92	96	1.000000
93	96	1.000000
95	96	1.000000
2	97	1.000000
4	97	1.000000
5	97	1.000000
6	97	1.000000
9	97	1.000000
10	97	1.000000
13	97	1.000000
16	97	1.000000
18	97	1.000000
19	97	1.000000
21	97	1.000000
22	97	1.000000
25	97	1.000000
27	97	1.000000
28	97	1.000000
30	97	1.000000
32	97	1.000000
33	97	1.000000
35	97	1.000000
36	97	1.000000
38	97	1.000000
39	97	1.000000
40	97	1.000000
42	97	1.000000
47	97	1.000000
48	97	1.000000
50	97	1.000000
53	97	1.000000
55	97	1.000000
57	97	1.000000
58	97	1.000000
59	97	1.000000
61	97	1.000000
65	97	1.000000
66	97	1.000000
67	97	1.000000
68	97	1.000000
69	97	1.000000
71	97	1.000000
73	97	1.000000
75	97	1.000000
76	97	1.000000
78	97	1.000000
80	97	1.000000
82	97	1.000000
83	97	1.000000
85	97	1.000000
95	97	1.000000
96	97	1.000000
3	98	1.000000
4	98	1.000000
5	98	1.000000
6	98	1.000000
10	98	1.000000
11	98	1.000000
12	98	1.000000
13	98	1.000000
14	98	1.000000
15	98	1.000000
17	98	1.000000
19	98	1.000000
21	98	1.000000
23	98	1.000000
27	98	1.000000
29	98	1.000000
30	98	1.000000
31	98	1.000000
34	98	1.000000
36	98	1.000000
37	98	1.000000
39	98	1.000000
44	98	1.000000
45	98	1.000000
47	98	1.000000
48	98	1.000000
49	98	1.000000
52	98	1.000000
56	98	1.000000
60	98	1.000000
62	98	1.000000
63	98	1.000000
64	98	1.000000
65	98	1.000000
67	98	1.000000
68	98	1.000000
70	98	1.000000
71	98	1.000000
72	98	1.000000
74	98	1.000000
75	98	1.000000
76	98	1.000000
81	98	1.000000
82	98	1.000000
83	98	1.000000
86	98	1.000000
88	98	1.000000
90	98	1.000000
91	98	1.000000
93	98	1.000000
94	98	1.000000
96	98	1.000000
97	98	1.000000
1	99	1.000000
3	99	1.000000
4	99	1.000000
5	99	1.000000
7	99	1.000000
10	99	1.000000
11	99	1.000000
13	99	1.000000
15	99	1.000000
16	99	1.000000
19	99	1.000000
20	99	1.000000
24	99	1.000000
25	99	1.000000
29	99	1.000000
30	99	1.000000
32	99	1.000000
34	99	1.000000
35	99	1.000000
38	99	1.000000
39	99	1.000000
40	99	1.000000
42	99	1.000000
46	99	1.000000
49	99	1.000000
50	99	1.000000
51	99	1.000000
55	99	1.000000
57	99	1.000000
58	99	1.000000
61	99	1.000000
62	99	1.000000
64	99	1.000000
65	99	1.000000
67	99	1.000000
69	99	1.000000
70	99	1.000000
71	99	1.000000
72	99	1.000000
74	99	1.000000
76	99	1.000000
77	99	1.000000
78	99	1.000000
79	99	1.000000
81	99	1.000000
82	99	1.000000
85	99	1.000000
89	99	1.000000
93	99	1.000000
97	99	1.000000
98	99	1.000000
2	100	1.000000
4	100	1.000000
5	100	1.000000
7	100	1.000000
8	100	1.000000
12	100	1.000000
13	100	1.000000
15	100	1.000000
16	100	1.000000
17	100	1.000000
18	100	1.000000
19	100	1.000000
26	100	1.000000
27	100	1.000000
32	100	1.000000
35	100	1.000000
39	100	1.000000
41	100	1.000000
43	100	1.000000
45	100	1.000000
47	100	1.000000
48	100	1.000000
49	100	1.000000
51	100	1.000000
52	100	1.000000
55	100	1.000000
58	100	1.000000
59	100	1.000000
60	100	1.000000
61	100	1.000000
62	100	1.000000
65	100	1.000000
67	100	1.000000
68	100	1.000000
69	100	1.000000
71	100	1.000000
74	100	1.000000
75	100	1.000000
76	100	1.000000
78	100	1.000000
81	100	1.000000
84	100	1.000000
86	100	1.000000
88	100	1.000000
92	100	1.000000
93	100	1.000000
94	100	1.000000
95	100	1.000000
97	100	1.000000
