110	5995	0
1	2	1
1	3	0
1	4	1
1	5	0
1	6	1
1	7	0
1	8	1
1	9	1
1	10	0
1	11	0
1	12	0
1	13	1
1	14	0
1	15	1
1	16	1
1	17	1
1	18	1
1	19	0
1	20	1
1	21	1
1	22	1
1	23	0
1	24	0
1	25	0
1	26	1
1	27	0
1	28	1
1	29	1
1	30	0
1	31	1
1	32	1
1	33	0
1	34	0
1	35	0
1	36	0
1	37	0
1	38	0
1	39	1
1	40	0
1	41	1
1	42	1
1	43	0
1	44	0
1	45	1
1	46	0
1	47	1
1	48	1
1	49	1
1	50	0
1	51	0
1	52	1
1	53	0
1	54	1
1	55	0
1	56	0
1	57	0
1	58	1
1	59	1
1	60	1
1	61	0
1	62	1
1	63	1
1	64	1
1	65	1
1	66	0
1	67	1
1	68	0
1	69	0
1	70	1
1	71	0
1	72	1
1	73	1
1	74	0
1	75	1
1	76	1
1	77	0
1	78	0
1	79	1
1	80	1
1	81	0
1	82	0
1	83	0
1	84	1
1	85	0
1	86	0
1	87	0
1	88	1
1	89	1
1	90	1
1	91	1
1	92	0
1	93	0
1	94	1
1	95	0
1	96	0
1	97	0
1	98	0
1	99	0
1	100	1
1	101	0
1	102	0
1	103	0
1	104	0
1	105	0
1	106	0
1	107	1
1	108	0
1	109	0
1	110	0
2	3	0
2	4	1
2	5	1
2	6	1
2	7	1
2	8	0
2	9	1
2	10	1
2	11	0
2	12	0
2	13	0
2	14	1
2	15	1
2	16	0
2	17	1
2	18	0
2	19	0
2	20	1
2	21	1
2	22	0
2	23	1
2	24	0
2	25	1
2	26	0
2	27	1
2	28	1
2	29	1
2	30	1
2	31	1
2	32	1
2	33	1
2	34	1
2	35	1
2	36	1
2	37	1
2	38	1
2	39	0
2	40	1
2	41	0
2	42	1
2	43	0
2	44	1
2	45	0
2	46	0
2	47	0
2	48	1
2	49	0
2	50	0
2	51	0
2	52	1
2	53	0
2	54	1
2	55	1
2	56	0
2	57	1
2	58	1
2	59	1
2	60	1
2	61	0
2	62	0
2	63	1
2	64	1
2	65	0
2	66	1
2	67	1
2	68	0
2	69	0
2	70	0
2	71	1
2	72	1
2	73	1
2	74	1
2	75	0
2	76	1
2	77	0
2	78	0
2	79	0
2	80	0
2	81	0
2	82	0
2	83	1
2	84	0
2	85	0
2	86	1
2	87	0
2	88	0
2	89	0
2	90	1
2	91	1
2	92	1
2	93	0
2	94	0
2	95	1
2	96	0
2	97	1
2	98	1
2	99	1
2	100	0
2	101	1
2	102	1
2	103	1
2	104	0
2	105	0
2	106	0
2	107	0
2	108	0
2	109	1
2	110	1
3	4	1
3	5	0
3	6	1
3	7	0
3	8	0
3	9	0
3	10	0
3	11	0
3	12	0
3	13	0
3	14	1
3	15	0
3	16	0
3	17	0
3	18	1
3	19	0
3	20	0
3	21	0
3	22	0
3	23	0
3	24	0
3	25	0
3	26	0
3	27	1
3	28	0
3	29	0
3	30	0
3	31	0
3	32	1
3	33	1
3	34	1
3	35	0
3	36	0
3	37	0
3	38	1
3	39	1
3	40	1
3	41	1
3	42	0
3	43	0
3	44	1
3	45	0
3	46	1
3	47	0
3	48	1
3	49	0
3	50	0
3	51	0
3	52	0
3	53	1
3	54	0
3	55	0
3	56	1
3	57	1
3	58	0
3	59	1
3	60	1
3	61	0
3	62	0
3	63	0
3	64	0
3	65	1
3	66	0
3	67	1
3	68	0
3	69	1
3	70	0
3	71	0
3	72	1
3	73	1
3	74	0
3	75	1
3	76	1
3	77	0
3	78	0
3	79	1
3	80	0
3	81	0
3	82	0
3	83	0
3	84	1
3	85	1
3	86	0
3	87	1
3	88	0
3	89	0
3	90	1
3	91	1
3	92	0
3	93	1
3	94	1
3	95	0
3	96	1
3	97	1
3	98	1
3	99	1
3	100	1
3	101	1
3	102	0
3	103	1
3	104	1
3	105	1
3	106	1
3	107	0
3	108	1
3	109	0
3	110	1
4	5	1
4	6	0
4	7	1
4	8	1
4	9	1
4	10	1
4	11	0
4	12	0
4	13	0
4	14	1
4	15	0
4	16	1
4	17	1
4	18	1
4	19	0
4	20	1
4	21	1
4	22	1
4	23	1
4	24	0
4	25	0
4	26	0
4	27	1
4	28	1
4	29	1
4	30	0
4	31	1
4	32	0
4	33	0
4	34	1
4	35	1
4	36	1
4	37	1
4	38	0
4	39	0
4	40	1
4	41	0
4	42	1
4	43	0
4	44	0
4	45	0
4	46	1
4	47	1
4	48	0
4	49	0
4	50	0
4	51	0
4	52	1
4	53	1
4	54	0
4	55	1
4	56	0
4	57	0
4	58	1
4	59	0
4	60	0
4	61	0
4	62	0
4	63	0
4	64	0
4	65	1
4	66	0
4	67	1
4	68	0
4	69	0
4	70	1
4	71	0
4	72	0
4	73	1
4	74	1
4	75	0
4	76	0
4	77	0
4	78	1
4	79	1
4	80	0
4	81	0
4	82	0
4	83	0
4	84	1
4	85	0
4	86	0
4	87	1
4	88	1
4	89	1
4	90	0
4	91	1
4	92	1
4	93	1
4	94	1
4	95	0
4	96	1
4	97	0
4	98	1
4	99	0
4	100	1
4	101	1
4	102	0
4	103	0
4	104	1
4	105	1
4	106	0
4	107	0
4	108	1
4	109	0
4	110	1
5	6	1
5	7	0
5	8	1
5	9	1
5	10	1
5	11	1
5	12	0
5	13	0
5	14	0
5	15	1
5	16	0
5	17	0
5	18	1
5	19	1
5	20	0
5	21	1
5	22	1
5	23	0
5	24	1
5	25	0
5	26	0
5	27	1
5	28	0
5	29	1
5	30	1
5	31	0
5	32	1
5	33	1
5	34	0
5	35	1
5	36	1
5	37	0
5	38	0
5	39	0
5	40	1
5	41	0
5	42	0
5	43	0
5	44	0
5	45	0
5	46	1
5	47	0
5	48	0
5	49	0
5	50	1
5	51	1
5	52	0
5	53	1
5	54	0
5	55	0
5	56	0
5	57	0
5	58	1
5	59	0
5	60	1
5	61	1
5	62	1
5	63	0
5	64	1
5	65	1
5	66	1
5	67	0
5	68	1
5	69	0
5	70	0
5	71	0
5	72	1
5	73	1
5	74	0
5	75	0
5	76	0
5	77	1
5	78	0
5	79	0
5	80	1
5	81	0
5	82	1
5	83	1
5	84	0
5	85	0
5	86	0
5	87	1
5	88	1
5	89	1
5	90	1
5	91	0
5	92	0
5	93	0
5	94	0
5	95	1
5	96	1
5	97	0
5	98	1
5	99	0
5	100	0
5	101	0
5	102	1
5	103	1
5	104	1
5	105	1
5	106	1
5	107	1
5	108	1
5	109	0
5	110	1
6	7	1
6	8	0
6	9	1
6	10	1
6	11	1
6	12	1
6	13	0
6	14	1
6	15	0
6	16	0
6	17	0
6	18	0
6	19	0
6	20	1
6	21	1
6	22	0
6	23	1
6	24	0
6	25	1
6	26	0
6	27	0
6	28	0
6	29	0
6	30	1
6	31	0
6	32	1
6	33	1
6	34	0
6	35	0
6	36	0
6	37	1
6	38	1
6	39	1
6	40	1
6	41	1
6	42	1
6	43	0
6	44	1
6	45	0
6	46	1
6	47	1
6	48	1
6	49	1
6	50	1
6	51	0
6	52	1
6	53	1
6	54	0
6	55	0
6	56	0
6	57	1
6	58	1
6	59	1
6	60	1
6	61	0
6	62	0
6	63	0
6	64	0
6	65	0
6	66	0
6	67	0
6	68	0
6	69	1
6	70	0
6	71	0
6	72	1
6	73	1
6	74	0
6	75	0
6	76	1
6	77	1
6	78	1
6	79	0
6	80	1
6	81	0
6	82	0
6	83	0
6	84	0
6	85	1
6	86	1
6	87	1
6	88	0
6	89	0
6	90	1
6	91	1
6	92	1
6	93	0
6	94	0
6	95	0
6	96	1
6	97	0
6	98	0
6	99	1
6	100	1
6	101	0
6	102	1
6	103	1
6	104	0
6	105	0
6	106	0
6	107	1
6	108	1
6	109	1
6	110	1
7	8	1
7	9	0
7	10	1
7	11	1
7	12	0
7	13	0
7	14	1
7	15	1
7	16	0
7	17	1
7	18	1
7	19	1
7	20	0
7	21	1
7	22	0
7	23	1
7	24	0
7	25	0
7	26	1
7	27	0
7	28	0
7	29	1
7	30	1
7	31	1
7	32	1
7	33	1
7	34	0
7	35	0
7	36	0
7	37	0
7	38	0
7	39	1
7	40	0
7	41	0
7	42	1
7	43	0
7	44	1
7	45	1
7	46	1
7	47	0
7	48	1
7	49	1
7	50	1
7	51	0
7	52	1
7	53	0
7	54	1
7	55	0
7	56	1
7	57	1
7	58	1
7	59	0
7	60	0
7	61	0
7	62	0
7	63	0
7	64	1
7	65	0
7	66	0
7	67	1
7	68	1
7	69	0
7	70	1
7	71	1
7	72	1
7	73	1
7	74	1
7	75	1
7	76	1
7	77	1
7	78	0
7	79	0
7	80	1
7	81	0
7	82	1
7	83	0
7	84	1
7	85	0
7	86	1
7	87	1
7	88	0
7	89	1
7	90	0
7	91	0
7	92	1
7	93	0
7	94	1
7	95	0
7	96	0
7	97	0
7	98	0
7	99	0
7	100	0
7	101	0
7	102	1
7	103	1
7	104	0
7	105	1
7	106	0
7	107	0
7	108	0
7	109	0
7	110	1
8	9	0
8	10	0
8	11	0
8	12	0
8	13	0
8	14	1
8	15	0
8	16	1
8	17	0
8	18	1
8	19	1
8	20	0
8	21	0
8	22	1
8	23	0
8	24	1
8	25	1
8	26	1
8	27	0
8	28	0
8	29	1
8	30	0
8	31	0
8	32	0
8	33	0
8	34	1
8	35	0
8	36	0
8	37	1
8	38	0
8	39	0
8	40	0
8	41	0
8	42	0
8	43	0
8	44	1
8	45	0
8	46	0
8	47	1
8	48	0
8	49	0
8	50	0
8	51	0
8	52	0
8	53	0
8	54	0
8	55	1
8	56	1
8	57	1
8	58	1
8	59	0
8	60	1
8	61	1
8	62	0
8	63	0
8	64	0
8	65	0
8	66	0
8	67	1
8	68	0
8	69	0
8	70	0
8	71	1
8	72	1
8	73	0
8	74	0
8	75	1
8	76	0
8	77	1
8	78	1
8	79	1
8	80	0
8	81	1
8	82	1
8	83	0
8	84	1
8	85	1
8	86	1
8	87	0
8	88	1
8	89	0
8	90	0
8	91	1
8	92	0
8	93	1
8	94	0
8	95	0
8	96	1
8	97	1
8	98	1
8	99	0
8	100	0
8	101	0
8	102	0
8	103	1
8	104	1
8	105	0
8	106	0
8	107	1
8	108	0
8	109	0
8	110	0
9	10	0
9	11	1
9	12	0
9	13	0
9	14	1
9	15	0
9	16	1
9	17	0
9	18	1
9	19	1
9	20	0
9	21	1
9	22	0
9	23	0
9	24	0
9	25	1
9	26	1
9	27	0
9	28	0
9	29	1
9	30	1
9	31	0
9	32	0
9	33	0
9	34	0
9	35	0
9	36	1
9	37	0
9	38	1
9	39	1
9	40	1
9	41	0
9	42	1
9	43	0
9	44	1
9	45	0
9	46	1
9	47	1
9	48	0
9	49	1
9	50	0
9	51	1
9	52	0
9	53	0
9	54	0
9	55	0
9	56	0
9	57	1
9	58	0
9	59	0
9	60	0
9	61	1
9	62	1
9	63	0
9	64	0
9	65	0
9	66	0
9	67	0
9	68	0
9	69	0
9	70	0
9	71	0
9	72	1
9	73	0
9	74	0
9	75	1
9	76	1
9	77	1
9	78	1
9	79	0
9	80	1
9	81	0
9	82	1
9	83	0
9	84	1
9	85	0
9	86	1
9	87	0
9	88	0
9	89	0
9	90	0
9	91	0
9	92	0
9	93	0
9	94	0
9	95	1
9	96	0
9	97	1
9	98	0
9	99	0
9	100	0
9	101	0
9	102	0
9	103	0
9	104	1
9	105	0
9	106	0
9	107	1
9	108	0
9	109	0
9	110	0
10	11	0
10	12	0
10	13	1
10	14	0
10	15	1
10	16	0
10	17	1
10	18	0
10	19	0
10	20	0
10	21	1
10	22	0
10	23	0
10	24	0
10	25	0
10	26	0
10	27	0
10	28	0
10	29	0
10	30	0
10	31	1
10	32	1
10	33	0
10	34	0
10	35	1
10	36	0
10	37	0
10	38	0
10	39	1
10	40	0
10	41	1
10	42	0
10	43	1
10	44	1
10	45	0
10	46	0
10	47	1
10	48	1
10	49	0
10	50	0
10	51	0
10	52	0
10	53	0
10	54	1
10	55	1
10	56	1
10	57	0
10	58	0
10	59	0
10	60	0
10	61	0
10	62	1
10	63	1
10	64	0
10	65	0
10	66	0
10	67	0
10	68	1
10	69	1
10	70	0
10	71	1
10	72	0
10	73	0
10	74	0
10	75	0
10	76	0
10	77	0
10	78	1
10	79	1
10	80	1
10	81	1
10	82	1
10	83	1
10	84	1
10	85	0
10	86	1
10	87	0
10	88	1
10	89	0
10	90	0
10	91	1
10	92	1
10	93	0
10	94	0
10	95	1
10	96	1
10	97	1
10	98	0
10	99	0
10	100	0
10	101	1
10	102	0
10	103	1
10	104	0
10	105	1
10	106	0
10	107	1
10	108	0
10	109	0
10	110	0
11	12	0
11	13	1
11	14	0
11	15	0
11	16	1
11	17	0
11	18	1
11	19	0
11	20	0
11	21	1
11	22	1
11	23	0
11	24	1
11	25	0
11	26	0
11	27	1
11	28	1
11	29	0
11	30	1
11	31	0
11	32	1
11	33	0
11	34	0
11	35	1
11	36	1
11	37	1
11	38	1
11	39	1
11	40	1
11	41	1
11	42	1
11	43	0
11	44	0
11	45	0
11	46	0
11	47	1
11	48	1
11	49	1
11	50	0
11	51	0
11	52	0
11	53	1
11	54	1
11	55	1
11	56	0
11	57	1
11	58	0
11	59	1
11	60	0
11	61	1
11	62	1
11	63	0
11	64	0
11	65	0
11	66	1
11	67	1
11	68	0
11	69	1
11	70	1
11	71	0
11	72	0
11	73	1
11	74	1
11	75	1
11	76	1
11	77	0
11	78	0
11	79	0
11	80	1
11	81	1
11	82	0
11	83	0
11	84	1
11	85	1
11	86	1
11	87	0
11	88	0
11	89	0
11	90	0
11	91	0
11	92	1
11	93	1
11	94	0
11	95	1
11	96	0
11	97	0
11	98	0
11	99	1
11	100	0
11	101	0
11	102	1
11	103	0
11	104	1
11	105	0
11	106	1
11	107	0
11	108	0
11	109	0
11	110	0
12	13	0
12	14	0
12	15	0
12	16	1
12	17	0
12	18	1
12	19	1
12	20	1
12	21	1
12	22	0
12	23	0
12	24	1
12	25	0
12	26	0
12	27	1
12	28	1
12	29	0
12	30	1
12	31	0
12	32	0
12	33	0
12	34	0
12	35	0
12	36	0
12	37	0
12	38	0
12	39	0
12	40	0
12	41	1
12	42	0
12	43	1
12	44	1
12	45	1
12	46	0
12	47	0
12	48	1
12	49	1
12	50	1
12	51	1
12	52	1
12	53	1
12	54	0
12	55	1
12	56	0
12	57	0
12	58	1
12	59	0
12	60	1
12	61	0
12	62	0
12	63	1
12	64	0
12	65	0
12	66	1
12	67	0
12	68	1
12	69	1
12	70	1
12	71	0
12	72	1
12	73	1
12	74	0
12	75	1
12	76	0
12	77	1
12	78	0
12	79	0
12	80	0
12	81	1
12	82	1
12	83	1
12	84	1
12	85	1
12	86	0
12	87	0
12	88	0
12	89	1
12	90	1
12	91	0
12	92	1
12	93	0
12	94	0
12	95	0
12	96	0
12	97	1
12	98	1
12	99	1
12	100	1
12	101	0
12	102	1
12	103	1
12	104	1
12	105	0
12	106	1
12	107	0
12	108	0
12	109	0
12	110	1
13	14	1
13	15	1
13	16	1
13	17	0
13	18	0
13	19	0
13	20	1
13	21	1
13	22	0
13	23	0
13	24	0
13	25	0
13	26	0
13	27	0
13	28	0
13	29	0
13	30	0
13	31	0
13	32	1
13	33	1
13	34	1
13	35	1
13	36	0
13	37	1
13	38	1
13	39	0
13	40	1
13	41	1
13	42	1
13	43	0
13	44	0
13	45	0
13	46	1
13	47	0
13	48	0
13	49	0
13	50	0
13	51	0
13	52	1
13	53	1
13	54	0
13	55	0
13	56	0
13	57	0
13	58	0
13	59	0
13	60	0
13	61	0
13	62	0
13	63	1
13	64	1
13	65	1
13	66	0
13	67	0
13	68	1
13	69	0
13	70	1
13	71	1
13	72	0
13	73	1
13	74	0
13	75	0
13	76	1
13	77	0
13	78	1
13	79	0
13	80	1
13	81	0
13	82	0
13	83	0
13	84	0
13	85	0
13	86	1
13	87	1
13	88	0
13	89	0
13	90	1
13	91	1
13	92	1
13	93	0
13	94	0
13	95	0
13	96	1
13	97	0
13	98	0
13	99	0
13	100	1
13	101	0
13	102	1
13	103	1
13	104	1
13	105	0
13	106	0
13	107	0
13	108	0
13	109	0
13	110	1
14	15	1
14	16	0
14	17	0
14	18	1
14	19	1
14	20	1
14	21	1
14	22	0
14	23	1
14	24	1
14	25	1
14	26	1
14	27	0
14	28	1
14	29	1
14	30	1
14	31	0
14	32	1
14	33	0
14	34	1
14	35	1
14	36	0
14	37	1
14	38	0
14	39	1
14	40	0
14	41	1
14	42	1
14	43	1
14	44	0
14	45	0
14	46	0
14	47	0
14	48	1
14	49	0
14	50	0
14	51	1
14	52	0
14	53	0
14	54	0
14	55	1
14	56	1
14	57	0
14	58	1
14	59	0
14	60	0
14	61	1
14	62	1
14	63	0
14	64	0
14	65	1
14	66	0
14	67	1
14	68	1
14	69	0
14	70	1
14	71	1
14	72	1
14	73	1
14	74	1
14	75	0
14	76	0
14	77	1
14	78	0
14	79	1
14	80	1
14	81	1
14	82	0
14	83	1
14	84	0
14	85	1
14	86	1
14	87	0
14	88	1
14	89	1
14	90	0
14	91	1
14	92	0
14	93	1
14	94	1
14	95	0
14	96	0
14	97	1
14	98	1
14	99	1
14	100	0
14	101	0
14	102	0
14	103	1
14	104	0
14	105	0
14	106	1
14	107	1
14	108	0
14	109	0
14	110	1
15	16	1
15	17	0
15	18	1
15	19	1
15	20	0
15	21	1
15	22	1
15	23	1
15	24	0
15	25	1
15	26	1
15	27	1
15	28	0
15	29	0
15	30	0
15	31	0
15	32	0
15	33	1
15	34	0
15	35	1
15	36	1
15	37	1
15	38	0
15	39	0
15	40	0
15	41	0
15	42	0
15	43	1
15	44	1
15	45	1
15	46	1
15	47	1
15	48	0
15	49	0
15	50	1
15	51	0
15	52	1
15	53	1
15	54	0
15	55	1
15	56	0
15	57	1
15	58	0
15	59	1
15	60	1
15	61	1
15	62	0
15	63	1
15	64	0
15	65	1
15	66	0
15	67	0
15	68	1
15	69	0
15	70	0
15	71	0
15	72	0
15	73	1
15	74	1
15	75	0
15	76	0
15	77	0
15	78	1
15	79	1
15	80	0
15	81	0
15	82	0
15	83	1
15	84	0
15	85	1
15	86	0
15	87	1
15	88	1
15	89	0
15	90	1
15	91	1
15	92	1
15	93	0
15	94	1
15	95	0
15	96	0
15	97	1
15	98	1
15	99	1
15	100	1
15	101	1
15	102	1
15	103	1
15	104	0
15	105	0
15	106	0
15	107	1
15	108	1
15	109	1
15	110	0
16	17	0
16	18	1
16	19	0
16	20	0
16	21	1
16	22	0
16	23	0
16	24	0
16	25	1
16	26	0
16	27	1
16	28	1
16	29	0
16	30	1
16	31	1
16	32	1
16	33	0
16	34	0
16	35	0
16	36	0
16	37	1
16	38	0
16	39	1
16	40	0
16	41	0
16	42	1
16	43	0
16	44	0
16	45	1
16	46	0
16	47	1
16	48	0
16	49	0
16	50	0
16	51	0
16	52	1
16	53	1
16	54	1
16	55	0
16	56	1
16	57	0
16	58	0
16	59	0
16	60	1
16	61	0
16	62	1
16	63	1
16	64	0
16	65	0
16	66	1
16	67	1
16	68	0
16	69	0
16	70	0
16	71	1
16	72	0
16	73	1
16	74	1
16	75	0
16	76	0
16	77	1
16	78	1
16	79	0
16	80	0
16	81	0
16	82	1
16	83	0
16	84	0
16	85	1
16	86	1
16	87	0
16	88	1
16	89	0
16	90	0
16	91	1
16	92	1
16	93	1
16	94	1
16	95	0
16	96	0
16	97	1
16	98	1
16	99	1
16	100	1
16	101	1
16	102	1
16	103	1
16	104	1
16	105	0
16	106	1
16	107	0
16	108	0
16	109	0
16	110	0
17	18	1
17	19	0
17	20	1
17	21	0
17	22	0
17	23	1
17	24	0
17	25	0
17	26	1
17	27	0
17	28	1
17	29	0
17	30	1
17	31	1
17	32	1
17	33	1
17	34	0
17	35	0
17	36	1
17	37	0
17	38	1
17	39	0
17	40	1
17	41	1
17	42	1
17	43	0
17	44	1
17	45	0
17	46	0
17	47	1
17	48	0
17	49	1
17	50	1
17	51	1
17	52	0
17	53	1
17	54	1
17	55	0
17	56	1
17	57	1
17	58	0
17	59	0
17	60	1
17	61	0
17	62	0
17	63	1
17	64	0
17	65	1
17	66	1
17	67	0
17	68	0
17	69	0
17	70	1
17	71	1
17	72	1
17	73	1
17	74	1
17	75	0
17	76	1
17	77	1
17	78	1
17	79	0
17	80	0
17	81	1
17	82	0
17	83	1
17	84	0
17	85	1
17	86	0
17	87	0
17	88	1
17	89	1
17	90	1
17	91	1
17	92	0
17	93	1
17	94	0
17	95	1
17	96	1
17	97	0
17	98	1
17	99	1
17	100	1
17	101	0
17	102	0
17	103	1
17	104	0
17	105	1
17	106	1
17	107	0
17	108	1
17	109	0
17	110	0
18	19	0
18	20	1
18	21	1
18	22	1
18	23	0
18	24	0
18	25	1
18	26	0
18	27	1
18	28	0
18	29	0
18	30	0
18	31	1
18	32	0
18	33	0
18	34	0
18	35	0
18	36	0
18	37	1
18	38	1
18	39	1
18	40	0
18	41	0
18	42	1
18	43	1
18	44	1
18	45	1
18	46	1
18	47	1
18	48	1
18	49	1
18	50	1
18	51	0
18	52	1
18	53	1
18	54	1
18	55	1
18	56	0
18	57	1
18	58	1
18	59	1
18	60	0
18	61	0
18	62	1
18	63	1
18	64	1
18	65	1
18	66	0
18	67	0
18	68	0
18	69	0
18	70	1
18	71	0
18	72	0
18	73	1
18	74	0
18	75	0
18	76	1
18	77	0
18	78	0
18	79	1
18	80	1
18	81	1
18	82	0
18	83	0
18	84	1
18	85	0
18	86	0
18	87	1
18	88	0
18	89	1
18	90	0
18	91	0
18	92	0
18	93	1
18	94	1
18	95	0
18	96	0
18	97	1
18	98	1
18	99	0
18	100	0
18	101	1
18	102	1
18	103	1
18	104	1
18	105	1
18	106	0
18	107	1
18	108	1
18	109	0
18	110	1
19	20	0
19	21	1
19	22	1
19	23	1
19	24	1
19	25	0
19	26	0
19	27	1
19	28	1
19	29	1
19	30	0
19	31	0
19	32	0
19	33	0
19	34	1
19	35	0
19	36	0
19	37	1
19	38	1
19	39	1
19	40	1
19	41	0
19	42	1
19	43	0
19	44	1
19	45	1
19	46	0
19	47	0
19	48	1
19	49	1
19	50	0
19	51	0
19	52	1
19	53	1
19	54	0
19	55	1
19	56	1
19	57	0
19	58	1
19	59	0
19	60	0
19	61	0
19	62	1
19	63	1
19	64	0
19	65	1
19	66	0
19	67	1
19	68	0
19	69	0
19	70	1
19	71	1
19	72	1
19	73	0
19	74	1
19	75	0
19	76	0
19	77	0
19	78	0
19	79	0
19	80	0
19	81	0
19	82	0
19	83	0
19	84	0
19	85	0
19	86	1
19	87	0
19	88	1
19	89	1
19	90	1
19	91	0
19	92	1
19	93	1
19	94	1
19	95	1
19	96	0
19	97	0
19	98	0
19	99	1
19	100	0
19	101	0
19	102	0
19	103	1
19	104	0
19	105	0
19	106	0
19	107	0
19	108	0
19	109	0
19	110	1
20	21	0
20	22	0
20	23	0
20	24	0
20	25	1
20	26	0
20	27	0
20	28	0
20	29	1
20	30	0
20	31	1
20	32	0
20	33	1
20	34	1
20	35	0
20	36	0
20	37	1
20	38	1
20	39	1
20	40	1
20	41	1
20	42	0
20	43	1
20	44	0
20	45	0
20	46	0
20	47	0
20	48	0
20	49	1
20	50	1
20	51	0
20	52	0
20	53	1
20	54	1
20	55	0
20	56	0
20	57	0
20	58	1
20	59	1
20	60	1
20	61	0
20	62	0
20	63	1
20	64	1
20	65	1
20	66	0
20	67	1
20	68	1
20	69	0
20	70	1
20	71	1
20	72	1
20	73	1
20	74	1
20	75	1
20	76	0
20	77	1
20	78	1
20	79	0
20	80	0
20	81	0
20	82	0
20	83	1
20	84	0
20	85	1
20	86	0
20	87	1
20	88	0
20	89	1
20	90	1
20	91	0
20	92	1
20	93	1
20	94	1
20	95	0
20	96	0
20	97	1
20	98	1
20	99	1
20	100	0
20	101	0
20	102	1
20	103	0
20	104	0
20	105	0
20	106	1
20	107	1
20	108	0
20	109	1
20	110	0
21	22	1
21	23	0
21	24	1
21	25	0
21	26	1
21	27	0
21	28	0
21	29	0
21	30	0
21	31	0
21	32	1
21	33	1
21	34	0
21	35	0
21	36	1
21	37	1
21	38	1
21	39	1
21	40	1
21	41	0
21	42	0
21	43	1
21	44	0
21	45	0
21	46	0
21	47	0
21	48	1
21	49	0
21	50	1
21	51	0
21	52	1
21	53	0
21	54	1
21	55	0
21	56	0
21	57	1
21	58	1
21	59	1
21	60	0
21	61	0
21	62	1
21	63	1
21	64	1
21	65	1
21	66	0
21	67	1
21	68	0
21	69	1
21	70	1
21	71	0
21	72	0
21	73	0
21	74	0
21	75	0
21	76	0
21	77	0
21	78	0
21	79	0
21	80	1
21	81	1
21	82	1
21	83	1
21	84	0
21	85	0
21	86	0
21	87	0
21	88	1
21	89	0
21	90	1
21	91	0
21	92	1
21	93	0
21	94	0
21	95	0
21	96	1
21	97	1
21	98	0
21	99	0
21	100	0
21	101	0
21	102	0
21	103	1
21	104	0
21	105	0
21	106	0
21	107	1
21	108	1
21	109	1
21	110	0
22	23	0
22	24	0
22	25	1
22	26	1
22	27	1
22	28	1
22	29	0
22	30	1
22	31	1
22	32	0
22	33	0
22	34	1
22	35	1
22	36	1
22	37	0
22	38	1
22	39	1
22	40	0
22	41	0
22	42	0
22	43	1
22	44	1
22	45	0
22	46	0
22	47	1
22	48	1
22	49	0
22	50	0
22	51	0
22	52	0
22	53	0
22	54	0
22	55	0
22	56	0
22	57	0
22	58	1
22	59	0
22	60	0
22	61	1
22	62	1
22	63	1
22	64	0
22	65	1
22	66	0
22	67	1
22	68	1
22	69	0
22	70	0
22	71	0
22	72	1
22	73	0
22	74	0
22	75	0
22	76	0
22	77	1
22	78	1
22	79	1
22	80	0
22	81	0
22	82	0
22	83	1
22	84	0
22	85	1
22	86	0
22	87	0
22	88	1
22	89	0
22	90	0
22	91	1
22	92	1
22	93	0
22	94	1
22	95	1
22	96	0
22	97	0
22	98	0
22	99	0
22	100	1
22	101	0
22	102	1
22	103	0
22	104	0
22	105	0
22	106	1
22	107	1
22	108	1
22	109	0
22	110	1
23	24	1
23	25	0
23	26	1
23	27	1
23	28	1
23	29	0
23	30	1
23	31	0
23	32	1
23	33	1
23	34	0
23	35	1
23	36	1
23	37	1
23	38	0
23	39	1
23	40	1
23	41	0
23	42	0
23	43	0
23	44	0
23	45	0
23	46	0
23	47	0
23	48	0
23	49	0
23	50	1
23	51	1
23	52	1
23	53	1
23	54	1
23	55	1
23	56	0
23	57	1
23	58	0
23	59	0
23	60	0
23	61	0
23	62	0
23	63	1
23	64	1
23	65	0
23	66	1
23	67	0
23	68	1
23	69	0
23	70	1
23	71	1
23	72	0
23	73	1
23	74	1
23	75	1
23	76	1
23	77	0
23	78	1
23	79	0
23	80	0
23	81	0
23	82	1
23	83	0
23	84	1
23	85	1
23	86	0
23	87	1
23	88	1
23	89	1
23	90	0
23	91	0
23	92	1
23	93	0
23	94	1
23	95	1
23	96	1
23	97	1
23	98	0
23	99	1
23	100	0
23	101	1
23	102	0
23	103	0
23	104	1
23	105	1
23	106	1
23	107	0
23	108	1
23	109	0
23	110	1
24	25	0
24	26	0
24	27	0
24	28	0
24	29	1
24	30	0
24	31	0
24	32	1
24	33	1
24	34	0
24	35	0
24	36	1
24	37	0
24	38	1
24	39	0
24	40	1
24	41	0
24	42	1
24	43	1
24	44	1
24	45	0
24	46	0
24	47	1
24	48	1
24	49	0
24	50	0
24	51	0
24	52	0
24	53	0
24	54	1
24	55	0
24	56	1
24	57	0
24	58	0
24	59	0
24	60	0
24	61	0
24	62	1
24	63	0
24	64	1
24	65	1
24	66	0
24	67	1
24	68	0
24	69	0
24	70	1
24	71	0
24	72	0
24	73	1
24	74	1
24	75	0
24	76	1
24	77	0
24	78	0
24	79	0
24	80	1
24	81	1
24	82	0
24	83	1
24	84	0
24	85	1
24	86	0
24	87	1
24	88	0
24	89	1
24	90	0
24	91	1
24	92	1
24	93	0
24	94	1
24	95	0
24	96	1
24	97	1
24	98	1
24	99	1
24	100	1
24	101	1
24	102	1
24	103	1
24	104	0
24	105	0
24	106	0
24	107	1
24	108	1
24	109	1
24	110	0
25	26	1
25	27	1
25	28	0
25	29	0
25	30	1
25	31	1
25	32	1
25	33	0
25	34	0
25	35	0
25	36	1
25	37	0
25	38	0
25	39	0
25	40	1
25	41	0
25	42	1
25	43	0
25	44	1
25	45	0
25	46	0
25	47	0
25	48	1
25	49	0
25	50	1
25	51	1
25	52	1
25	53	0
25	54	0
25	55	1
25	56	1
25	57	1
25	58	1
25	59	1
25	60	0
25	61	0
25	62	1
25	63	0
25	64	1
25	65	1
25	66	1
25	67	0
25	68	1
25	69	1
25	70	1
25	71	1
25	72	0
25	73	1
25	74	1
25	75	0
25	76	1
25	77	0
25	78	0
25	79	0
25	80	1
25	81	0
25	82	0
25	83	1
25	84	1
25	85	1
25	86	1
25	87	1
25	88	0
25	89	0
25	90	0
25	91	0
25	92	1
25	93	0
25	94	0
25	95	1
25	96	1
25	97	1
25	98	1
25	99	0
25	100	0
25	101	0
25	102	0
25	103	0
25	104	1
25	105	0
25	106	1
25	107	1
25	108	1
25	109	1
25	110	1
26	27	1
26	28	0
26	29	0
26	30	0
26	31	1
26	32	0
26	33	1
26	34	1
26	35	1
26	36	0
26	37	1
26	38	0
26	39	1
26	40	1
26	41	0
26	42	0
26	43	1
26	44	1
26	45	1
26	46	0
26	47	1
26	48	0
26	49	1
26	50	1
26	51	0
26	52	1
26	53	1
26	54	0
26	55	1
26	56	1
26	57	0
26	58	1
26	59	1
26	60	0
26	61	0
26	62	0
26	63	0
26	64	0
26	65	0
26	66	1
26	67	1
26	68	1
26	69	0
26	70	0
26	71	1
26	72	0
26	73	1
26	74	1
26	75	0
26	76	1
26	77	1
26	78	0
26	79	0
26	80	1
26	81	1
26	82	1
26	83	1
26	84	1
26	85	0
26	86	0
26	87	1
26	88	1
26	89	1
26	90	0
26	91	1
26	92	1
26	93	0
26	94	0
26	95	0
26	96	1
26	97	0
26	98	0
26	99	1
26	100	1
26	101	0
26	102	1
26	103	0
26	104	1
26	105	0
26	106	0
26	107	1
26	108	0
26	109	0
26	110	1
27	28	1
27	29	0
27	30	1
27	31	0
27	32	0
27	33	0
27	34	0
27	35	0
27	36	0
27	37	0
27	38	0
27	39	0
27	40	1
27	41	0
27	42	1
27	43	0
27	44	1
27	45	0
27	46	1
27	47	0
27	48	0
27	49	0
27	50	0
27	51	1
27	52	1
27	53	1
27	54	1
27	55	0
27	56	0
27	57	1
27	58	1
27	59	0
27	60	1
27	61	1
27	62	0
27	63	0
27	64	1
27	65	1
27	66	0
27	67	1
27	68	0
27	69	1
27	70	1
27	71	1
27	72	0
27	73	0
27	74	0
27	75	1
27	76	1
27	77	1
27	78	1
27	79	0
27	80	1
27	81	1
27	82	0
27	83	0
27	84	0
27	85	0
27	86	1
27	87	1
27	88	0
27	89	1
27	90	0
27	91	1
27	92	0
27	93	0
27	94	1
27	95	0
27	96	1
27	97	1
27	98	1
27	99	0
27	100	0
27	101	0
27	102	1
27	103	0
27	104	1
27	105	1
27	106	1
27	107	0
27	108	1
27	109	0
27	110	0
28	29	0
28	30	1
28	31	1
28	32	1
28	33	1
28	34	1
28	35	1
28	36	1
28	37	1
28	38	1
28	39	0
28	40	1
28	41	0
28	42	1
28	43	0
28	44	0
28	45	1
28	46	1
28	47	0
28	48	1
28	49	0
28	50	0
28	51	0
28	52	1
28	53	0
28	54	1
28	55	1
28	56	0
28	57	0
28	58	1
28	59	1
28	60	0
28	61	1
28	62	1
28	63	1
28	64	0
28	65	0
28	66	1
28	67	0
28	68	1
28	69	1
28	70	0
28	71	0
28	72	0
28	73	1
28	74	1
28	75	0
28	76	1
28	77	1
28	78	1
28	79	1
28	80	1
28	81	1
28	82	0
28	83	0
28	84	0
28	85	1
28	86	1
28	87	1
28	88	0
28	89	1
28	90	0
28	91	1
28	92	1
28	93	1
28	94	0
28	95	0
28	96	0
28	97	0
28	98	0
28	99	1
28	100	0
28	101	1
28	102	1
28	103	1
28	104	1
28	105	0
28	106	1
28	107	1
28	108	1
28	109	1
28	110	0
29	30	0
29	31	1
29	32	0
29	33	1
29	34	1
29	35	0
29	36	0
29	37	0
29	38	0
29	39	0
29	40	0
29	41	0
29	42	1
29	43	1
29	44	1
29	45	1
29	46	0
29	47	1
29	48	1
29	49	0
29	50	0
29	51	0
29	52	0
29	53	0
29	54	0
29	55	0
29	56	0
29	57	1
29	58	1
29	59	1
29	60	0
29	61	0
29	62	0
29	63	1
29	64	0
29	65	0
29	66	0
29	67	0
29	68	0
29	69	1
29	70	0
29	71	0
29	72	0
29	73	1
29	74	0
29	75	1
29	76	0
29	77	1
29	78	1
29	79	0
29	80	1
29	81	1
29	82	0
29	83	1
29	84	1
29	85	1
29	86	1
29	87	1
29	88	0
29	89	0
29	90	1
29	91	0
29	92	0
29	93	1
29	94	0
29	95	0
29	96	0
29	97	0
29	98	1
29	99	1
29	100	0
29	101	0
29	102	1
29	103	1
29	104	0
29	105	0
29	106	1
29	107	0
29	108	0
29	109	1
29	110	1
30	31	1
30	32	0
30	33	0
30	34	1
30	35	1
30	36	1
30	37	0
30	38	1
30	39	0
30	40	0
30	41	0
30	42	1
30	43	1
30	44	0
30	45	1
30	46	1
30	47	0
30	48	0
30	49	0
30	50	0
30	51	0
30	52	0
30	53	0
30	54	1
30	55	1
30	56	0
30	57	1
30	58	1
30	59	0
30	60	1
30	61	1
30	62	1
30	63	1
30	64	0
30	65	0
30	66	0
30	67	1
30	68	0
30	69	1
30	70	0
30	71	1
30	72	1
30	73	0
30	74	0
30	75	0
30	76	0
30	77	1
30	78	1
30	79	0
30	80	1
30	81	1
30	82	0
30	83	0
30	84	0
30	85	0
30	86	1
30	87	1
30	88	0
30	89	1
30	90	0
30	91	1
30	92	1
30	93	0
30	94	1
30	95	1
30	96	1
30	97	1
30	98	1
30	99	0
30	100	1
30	101	0
30	102	0
30	103	1
30	104	1
30	105	0
30	106	0
30	107	0
30	108	0
30	109	1
30	110	0
31	32	1
31	33	0
31	34	1
31	35	0
31	36	0
31	37	1
31	38	1
31	39	0
31	40	1
31	41	1
31	42	0
31	43	1
31	44	0
31	45	0
31	46	0
31	47	1
31	48	0
31	49	0
31	50	0
31	51	1
31	52	1
31	53	0
31	54	0
31	55	0
31	56	0
31	57	1
31	58	0
31	59	1
31	60	1
31	61	0
31	62	1
31	63	1
31	64	0
31	65	1
31	66	0
31	67	1
31	68	0
31	69	0
31	70	0
31	71	1
31	72	0
31	73	0
31	74	1
31	75	0
31	76	1
31	77	0
31	78	0
31	79	0
31	80	0
31	81	1
31	82	0
31	83	0
31	84	0
31	85	0
31	86	0
31	87	1
31	88	1
31	89	0
31	90	0
31	91	1
31	92	0
31	93	0
31	94	1
31	95	1
31	96	1
31	97	0
31	98	1
31	99	0
31	100	0
31	101	1
31	102	1
31	103	0
31	104	0
31	105	0
31	106	0
31	107	0
31	108	1
31	109	0
31	110	1
32	33	1
32	34	0
32	35	0
32	36	0
32	37	0
32	38	1
32	39	1
32	40	1
32	41	1
32	42	1
32	43	0
32	44	1
32	45	0
32	46	1
32	47	1
32	48	0
32	49	0
32	50	0
32	51	1
32	52	1
32	53	0
32	54	0
32	55	0
32	56	1
32	57	1
32	58	1
32	59	1
32	60	0
32	61	1
32	62	1
32	63	1
32	64	1
32	65	1
32	66	1
32	67	0
32	68	0
32	69	0
32	70	0
32	71	1
32	72	1
32	73	1
32	74	0
32	75	0
32	76	0
32	77	0
32	78	0
32	79	1
32	80	0
32	81	0
32	82	1
32	83	0
32	84	1
32	85	1
32	86	0
32	87	1
32	88	0
32	89	1
32	90	0
32	91	0
32	92	0
32	93	1
32	94	0
32	95	0
32	96	0
32	97	0
32	98	0
32	99	1
32	100	0
32	101	0
32	102	0
32	103	1
32	104	1
32	105	1
32	106	1
32	107	0
32	108	1
32	109	0
32	110	1
33	34	0
33	35	0
33	36	1
33	37	0
33	38	1
33	39	0
33	40	1
33	41	1
33	42	0
33	43	0
33	44	0
33	45	0
33	46	1
33	47	1
33	48	0
33	49	1
33	50	0
33	51	0
33	52	1
33	53	1
33	54	0
33	55	1
33	56	0
33	57	1
33	58	0
33	59	0
33	60	1
33	61	0
33	62	0
33	63	0
33	64	0
33	65	0
33	66	0
33	67	0
33	68	1
33	69	1
33	70	1
33	71	0
33	72	1
33	73	1
33	74	0
33	75	1
33	76	1
33	77	1
33	78	0
33	79	1
33	80	0
33	81	1
33	82	0
33	83	1
33	84	0
33	85	1
33	86	1
33	87	0
33	88	0
33	89	1
33	90	1
33	91	1
33	92	0
33	93	1
33	94	0
33	95	0
33	96	0
33	97	0
33	98	0
33	99	1
33	100	0
33	101	0
33	102	0
33	103	1
33	104	0
33	105	0
33	106	1
33	107	1
33	108	0
33	109	1
33	110	0
34	35	1
34	36	0
34	37	1
34	38	0
34	39	1
34	40	0
34	41	1
34	42	0
34	43	0
34	44	1
34	45	1
34	46	0
34	47	1
34	48	1
34	49	0
34	50	0
34	51	1
34	52	1
34	53	1
34	54	1
34	55	0
34	56	0
34	57	0
34	58	1
34	59	1
34	60	1
34	61	1
34	62	1
34	63	1
34	64	0
34	65	0
34	66	0
34	67	1
34	68	1
34	69	1
34	70	1
34	71	1
34	72	0
34	73	0
34	74	0
34	75	0
34	76	0
34	77	0
34	78	1
34	79	0
34	80	0
34	81	0
34	82	0
34	83	0
34	84	0
34	85	0
34	86	0
34	87	1
34	88	1
34	89	0
34	90	1
34	91	1
34	92	0
34	93	0
34	94	0
34	95	1
34	96	1
34	97	1
34	98	0
34	99	0
34	100	1
34	101	1
34	102	1
34	103	1
34	104	1
34	105	0
34	106	0
34	107	0
34	108	1
34	109	1
34	110	1
35	36	1
35	37	0
35	38	0
35	39	0
35	40	0
35	41	0
35	42	1
35	43	1
35	44	0
35	45	1
35	46	0
35	47	1
35	48	1
35	49	1
35	50	1
35	51	1
35	52	0
35	53	1
35	54	1
35	55	1
35	56	1
35	57	1
35	58	0
35	59	0
35	60	1
35	61	0
35	62	0
35	63	1
35	64	1
35	65	1
35	66	1
35	67	0
35	68	1
35	69	1
35	70	0
35	71	0
35	72	1
35	73	1
35	74	0
35	75	0
35	76	1
35	77	1
35	78	1
35	79	1
35	80	0
35	81	1
35	82	1
35	83	1
35	84	1
35	85	0
35	86	0
35	87	1
35	88	1
35	89	1
35	90	1
35	91	0
35	92	1
35	93	0
35	94	0
35	95	1
35	96	0
35	97	1
35	98	0
35	99	0
35	100	1
35	101	1
35	102	1
35	103	0
35	104	0
35	105	1
35	106	0
35	107	1
35	108	0
35	109	1
35	110	1
36	37	1
36	38	1
36	39	0
36	40	1
36	41	1
36	42	1
36	43	0
36	44	0
36	45	0
36	46	1
36	47	0
36	48	1
36	49	0
36	50	1
36	51	1
36	52	1
36	53	1
36	54	0
36	55	1
36	56	0
36	57	0
36	58	0
36	59	1
36	60	1
36	61	1
36	62	0
36	63	1
36	64	0
36	65	0
36	66	1
36	67	0
36	68	1
36	69	1
36	70	0
36	71	0
36	72	1
36	73	1
36	74	0
36	75	1
36	76	1
36	77	0
36	78	1
36	79	0
36	80	0
36	81	1
36	82	1
36	83	1
36	84	1
36	85	0
36	86	0
36	87	0
36	88	0
36	89	0
36	90	1
36	91	0
36	92	0
36	93	0
36	94	0
36	95	1
36	96	1
36	97	0
36	98	0
36	99	0
36	100	1
36	101	1
36	102	0
36	103	0
36	104	1
36	105	1
36	106	0
36	107	1
36	108	0
36	109	1
36	110	0
37	38	1
37	39	0
37	40	0
37	41	1
37	42	0
37	43	0
37	44	0
37	45	0
37	46	0
37	47	1
37	48	1
37	49	1
37	50	1
37	51	0
37	52	0
37	53	1
37	54	0
37	55	0
37	56	1
37	57	1
37	58	1
37	59	0
37	60	0
37	61	1
37	62	1
37	63	0
37	64	0
37	65	0
37	66	1
37	67	0
37	68	0
37	69	0
37	70	0
37	71	0
37	72	0
37	73	1
37	74	1
37	75	0
37	76	1
37	77	1
37	78	1
37	79	1
37	80	0
37	81	1
37	82	0
37	83	1
37	84	1
37	85	1
37	86	0
37	87	1
37	88	0
37	89	0
37	90	1
37	91	1
37	92	1
37	93	0
37	94	0
37	95	0
37	96	1
37	97	1
37	98	0
37	99	1
37	100	0
37	101	1
37	102	1
37	103	1
37	104	0
37	105	1
37	106	1
37	107	1
37	108	0
37	109	1
37	110	1
38	39	0
38	40	1
38	41	1
38	42	0
38	43	1
38	44	0
38	45	1
38	46	1
38	47	0
38	48	1
38	49	0
38	50	1
38	51	1
38	52	0
38	53	1
38	54	1
38	55	0
38	56	0
38	57	1
38	58	0
38	59	0
38	60	0
38	61	0
38	62	1
38	63	0
38	64	1
38	65	0
38	66	1
38	67	1
38	68	0
38	69	0
38	70	1
38	71	0
38	72	0
38	73	1
38	74	0
38	75	0
38	76	1
38	77	1
38	78	1
38	79	1
38	80	1
38	81	0
38	82	0
38	83	0
38	84	1
38	85	0
38	86	0
38	87	0
38	88	0
38	89	0
38	90	0
38	91	0
38	92	1
38	93	0
38	94	0
38	95	0
38	96	0
38	97	1
38	98	0
38	99	0
38	100	1
38	101	0
38	102	1
38	103	0
38	104	0
38	105	1
38	106	1
38	107	0
38	108	0
38	109	0
38	110	1
39	40	1
39	41	1
39	42	1
39	43	0
39	44	1
39	45	1
39	46	0
39	47	1
39	48	0
39	49	0
39	50	0
39	51	0
39	52	1
39	53	0
39	54	1
39	55	0
39	56	0
39	57	0
39	58	1
39	59	0
39	60	0
39	61	0
39	62	1
39	63	0
39	64	0
39	65	0
39	66	1
39	67	0
39	68	0
39	69	0
39	70	0
39	71	1
39	72	0
39	73	1
39	74	0
39	75	0
39	76	0
39	77	1
39	78	0
39	79	0
39	80	1
39	81	0
39	82	0
39	83	0
39	84	1
39	85	1
39	86	0
39	87	1
39	88	1
39	89	1
39	90	1
39	91	1
39	92	0
39	93	1
39	94	0
39	95	0
39	96	1
39	97	1
39	98	1
39	99	0
39	100	0
39	101	0
39	102	0
39	103	0
39	104	0
39	105	0
39	106	0
39	107	1
39	108	1
39	109	1
39	110	1
40	41	1
40	42	0
40	43	0
40	44	1
40	45	0
40	46	1
40	47	1
40	48	1
40	49	0
40	50	1
40	51	0
40	52	0
40	53	0
40	54	0
40	55	0
40	56	0
40	57	0
40	58	0
40	59	0
40	60	1
40	61	1
40	62	0
40	63	0
40	64	1
40	65	0
40	66	0
40	67	1
40	68	1
40	69	0
40	70	1
40	71	0
40	72	1
40	73	0
40	74	0
40	75	0
40	76	1
40	77	0
40	78	1
40	79	0
40	80	0
40	81	1
40	82	0
40	83	1
40	84	0
40	85	1
40	86	0
40	87	1
40	88	1
40	89	1
40	90	1
40	91	1
40	92	0
40	93	0
40	94	1
40	95	1
40	96	0
40	97	0
40	98	1
40	99	0
40	100	1
40	101	0
40	102	1
40	103	0
40	104	0
40	105	0
40	106	1
40	107	0
40	108	0
40	109	1
40	110	0
41	42	0
41	43	1
41	44	0
41	45	1
41	46	1
41	47	1
41	48	1
41	49	0
41	50	1
41	51	0
41	52	0
41	53	1
41	54	1
41	55	0
41	56	0
41	57	1
41	58	1
41	59	1
41	60	1
41	61	1
41	62	1
41	63	1
41	64	0
41	65	1
41	66	1
41	67	1
41	68	0
41	69	1
41	70	0
41	71	0
41	72	1
41	73	1
41	74	1
41	75	0
41	76	0
41	77	1
41	78	1
41	79	0
41	80	1
41	81	1
41	82	0
41	83	0
41	84	1
41	85	1
41	86	0
41	87	0
41	88	1
41	89	1
41	90	0
41	91	1
41	92	0
41	93	1
41	94	0
41	95	0
41	96	0
41	97	1
41	98	1
41	99	0
41	100	0
41	101	0
41	102	1
41	103	0
41	104	1
41	105	0
41	106	1
41	107	0
41	108	1
41	109	1
41	110	1
42	43	0
42	44	0
42	45	1
42	46	0
42	47	1
42	48	1
42	49	0
42	50	0
42	51	1
42	52	0
42	53	0
42	54	0
42	55	0
42	56	1
42	57	0
42	58	1
42	59	1
42	60	0
42	61	0
42	62	1
42	63	1
42	64	0
42	65	1
42	66	1
42	67	1
42	68	1
42	69	0
42	70	0
42	71	1
42	72	0
42	73	1
42	74	0
42	75	0
42	76	1
42	77	0
42	78	0
42	79	0
42	80	0
42	81	0
42	82	1
42	83	0
42	84	0
42	85	0
42	86	0
42	87	1
42	88	0
42	89	0
42	90	1
42	91	1
42	92	1
42	93	1
42	94	1
42	95	0
42	96	0
42	97	0
42	98	1
42	99	0
42	100	1
42	101	0
42	102	1
42	103	1
42	104	0
42	105	0
42	106	1
42	107	0
42	108	1
42	109	0
42	110	1
43	44	0
43	45	1
43	46	1
43	47	1
43	48	0
43	49	1
43	50	0
43	51	0
43	52	0
43	53	0
43	54	0
43	55	1
43	56	1
43	57	1
43	58	0
43	59	1
43	60	1
43	61	0
43	62	1
43	63	0
43	64	1
43	65	0
43	66	1
43	67	1
43	68	0
43	69	1
43	70	0
43	71	0
43	72	1
43	73	0
43	74	0
43	75	0
43	76	0
43	77	1
43	78	1
43	79	0
43	80	0
43	81	0
43	82	1
43	83	1
43	84	0
43	85	0
43	86	0
43	87	0
43	88	1
43	89	1
43	90	1
43	91	1
43	92	1
43	93	1
43	94	1
43	95	0
43	96	1
43	97	0
43	98	0
43	99	1
43	100	1
43	101	0
43	102	1
43	103	1
43	104	1
43	105	0
43	106	1
43	107	1
43	108	0
43	109	1
43	110	1
44	45	0
44	46	0
44	47	1
44	48	1
44	49	1
44	50	0
44	51	0
44	52	1
44	53	1
44	54	0
44	55	1
44	56	0
44	57	0
44	58	0
44	59	0
44	60	0
44	61	1
44	62	1
44	63	1
44	64	0
44	65	0
44	66	1
44	67	0
44	68	1
44	69	1
44	70	0
44	71	1
44	72	0
44	73	1
44	74	0
44	75	0
44	76	1
44	77	0
44	78	1
44	79	0
44	80	1
44	81	1
44	82	0
44	83	1
44	84	1
44	85	1
44	86	1
44	87	1
44	88	0
44	89	0
44	90	0
44	91	1
44	92	0
44	93	1
44	94	1
44	95	0
44	96	0
44	97	1
44	98	1
44	99	1
44	100	1
44	101	1
44	102	0
44	103	1
44	104	1
44	105	1
44	106	1
44	107	0
44	108	1
44	109	1
44	110	1
45	46	0
45	47	1
45	48	0
45	49	1
45	50	1
45	51	1
45	52	1
45	53	0
45	54	1
45	55	1
45	56	1
45	57	0
45	58	0
45	59	0
45	60	0
45	61	1
45	62	0
45	63	0
45	64	1
45	65	1
45	66	1
45	67	1
45	68	1
45	69	0
45	70	0
45	71	1
45	72	1
45	73	0
45	74	1
45	75	1
45	76	1
45	77	1
45	78	1
45	79	1
45	80	0
45	81	0
45	82	0
45	83	0
45	84	0
45	85	1
45	86	0
45	87	0
45	88	1
45	89	0
45	90	0
45	91	0
45	92	1
45	93	0
45	94	1
45	95	1
45	96	1
45	97	0
45	98	1
45	99	0
45	100	0
45	101	0
45	102	0
45	103	0
45	104	0
45	105	0
45	106	0
45	107	0
45	108	1
45	109	0
45	110	1
46	47	0
46	48	0
46	49	1
46	50	0
46	51	0
46	52	0
46	53	0
46	54	0
46	55	1
46	56	0
46	57	1
46	58	0
46	59	0
46	60	1
46	61	0
46	62	1
46	63	0
46	64	1
46	65	0
46	66	0
46	67	1
46	68	0
46	69	1
46	70	0
46	71	0
46	72	1
46	73	1
46	74	1
46	75	0
46	76	1
46	77	0
46	78	0
46	79	1
46	80	1
46	81	1
46	82	1
46	83	0
46	84	0
46	85	0
46	86	1
46	87	1
46	88	0
46	89	0
46	90	1
46	91	0
46	92	1
46	93	1
46	94	0
46	95	1
46	96	0
46	97	1
46	98	1
46	99	1
46	100	0
46	101	1
46	102	0
46	103	0
46	104	1
46	105	1
46	106	0
46	107	1
46	108	0
46	109	1
46	110	0
47	48	1
47	49	0
47	50	0
47	51	1
47	52	1
47	53	1
47	54	1
47	55	0
47	56	0
47	57	0
47	58	0
47	59	0
47	60	1
47	61	1
47	62	0
47	63	1
47	64	0
47	65	0
47	66	0
47	67	1
47	68	0
47	69	1
47	70	0
47	71	1
47	72	0
47	73	0
47	74	1
47	75	0
47	76	1
47	77	1
47	78	0
47	79	1
47	80	1
47	81	0
47	82	1
47	83	0
47	84	0
47	85	1
47	86	0
47	87	0
47	88	1
47	89	1
47	90	0
47	91	1
47	92	0
47	93	1
47	94	1
47	95	0
47	96	1
47	97	1
47	98	1
47	99	1
47	100	1
47	101	0
47	102	0
47	103	0
47	104	1
47	105	1
47	106	0
47	107	1
47	108	1
47	109	0
47	110	1
48	49	0
48	50	1
48	51	0
48	52	1
48	53	0
48	54	0
48	55	0
48	56	0
48	57	1
48	58	0
48	59	1
48	60	1
48	61	1
48	62	1
48	63	0
48	64	0
48	65	1
48	66	1
48	67	1
48	68	1
48	69	1
48	70	0
48	71	0
48	72	0
48	73	0
48	74	1
48	75	0
48	76	1
48	77	1
48	78	1
48	79	0
48	80	1
48	81	0
48	82	1
48	83	1
48	84	0
48	85	1
48	86	0
48	87	1
48	88	0
48	89	1
48	90	0
48	91	0
48	92	0
48	93	1
48	94	1
48	95	0
48	96	1
48	97	0
48	98	0
48	99	1
48	100	1
48	101	1
48	102	1
48	103	1
48	104	1
48	105	0
48	106	0
48	107	0
48	108	1
48	109	1
48	110	1
49	50	1
49	51	0
49	52	0
49	53	0
49	54	0
49	55	1
49	56	1
49	57	1
49	58	0
49	59	0
49	60	0
49	61	1
49	62	1
49	63	1
49	64	0
49	65	0
49	66	1
49	67	1
49	68	1
49	69	1
49	70	1
49	71	0
49	72	0
49	73	1
49	74	1
49	75	1
49	76	0
49	77	0
49	78	0
49	79	0
49	80	0
49	81	1
49	82	1
49	83	1
49	84	0
49	85	1
49	86	0
49	87	0
49	88	1
49	89	0
49	90	0
49	91	1
49	92	1
49	93	0
49	94	1
49	95	0
49	96	1
49	97	0
49	98	0
49	99	0
49	100	0
49	101	0
49	102	0
49	103	0
49	104	0
49	105	1
49	106	0
49	107	0
49	108	0
49	109	0
49	110	1
50	51	1
50	52	0
50	53	0
50	54	0
50	55	1
50	56	1
50	57	1
50	58	0
50	59	0
50	60	1
50	61	1
50	62	1
50	63	1
50	64	0
50	65	1
50	66	1
50	67	0
50	68	1
50	69	1
50	70	0
50	71	0
50	72	1
50	73	0
50	74	1
50	75	1
50	76	1
50	77	1
50	78	1
50	79	0
50	80	1
50	81	1
50	82	0
50	83	1
50	84	1
50	85	0
50	86	0
50	87	0
50	88	0
50	89	1
50	90	1
50	91	1
50	92	1
50	93	1
50	94	0
50	95	0
50	96	0
50	97	1
50	98	0
50	99	0
50	100	1
50	101	1
50	102	1
50	103	1
50	104	0
50	105	1
50	106	1
50	107	1
50	108	1
50	109	0
50	110	0
51	52	1
51	53	1
51	54	1
51	55	1
51	56	0
51	57	1
51	58	1
51	59	1
51	60	0
51	61	0
51	62	1
51	63	0
51	64	0
51	65	0
51	66	0
51	67	1
51	68	0
51	69	0
51	70	0
51	71	0
51	72	1
51	73	1
51	74	0
51	75	1
51	76	0
51	77	1
51	78	0
51	79	0
51	80	0
51	81	1
51	82	0
51	83	1
51	84	0
51	85	0
51	86	1
51	87	1
51	88	1
51	89	1
51	90	0
51	91	0
51	92	1
51	93	1
51	94	0
51	95	1
51	96	1
51	97	0
51	98	1
51	99	1
51	100	0
51	101	0
51	102	1
51	103	1
51	104	0
51	105	0
51	106	0
51	107	0
51	108	0
51	109	1
51	110	1
52	53	1
52	54	1
52	55	0
52	56	1
52	57	0
52	58	0
52	59	0
52	60	1
52	61	0
52	62	1
52	63	1
52	64	0
52	65	1
52	66	1
52	67	1
52	68	1
52	69	0
52	70	0
52	71	1
52	72	0
52	73	1
52	74	0
52	75	0
52	76	1
52	77	0
52	78	0
52	79	1
52	80	0
52	81	1
52	82	0
52	83	1
52	84	0
52	85	1
52	86	1
52	87	1
52	88	1
52	89	1
52	90	0
52	91	1
52	92	1
52	93	0
52	94	0
52	95	0
52	96	0
52	97	0
52	98	1
52	99	1
52	100	0
52	101	0
52	102	1
52	103	1
52	104	1
52	105	1
52	106	1
52	107	0
52	108	0
52	109	1
52	110	0
53	54	0
53	55	0
53	56	0
53	57	0
53	58	1
53	59	0
53	60	1
53	61	1
53	62	0
53	63	1
53	64	0
53	65	0
53	66	0
53	67	0
53	68	1
53	69	0
53	70	1
53	71	1
53	72	1
53	73	0
53	74	1
53	75	1
53	76	1
53	77	1
53	78	0
53	79	0
53	80	1
53	81	0
53	82	1
53	83	0
53	84	0
53	85	1
53	86	0
53	87	0
53	88	1
53	89	1
53	90	0
53	91	1
53	92	0
53	93	0
53	94	0
53	95	1
53	96	1
53	97	1
53	98	1
53	99	1
53	100	0
53	101	1
53	102	0
53	103	1
53	104	0
53	105	0
53	106	0
53	107	1
53	108	0
53	109	1
53	110	1
54	55	0
54	56	0
54	57	1
54	58	1
54	59	0
54	60	1
54	61	0
54	62	0
54	63	1
54	64	0
54	65	1
54	66	0
54	67	1
54	68	1
54	69	1
54	70	0
54	71	0
54	72	0
54	73	0
54	74	1
54	75	1
54	76	0
54	77	1
54	78	0
54	79	0
54	80	0
54	81	1
54	82	1
54	83	0
54	84	0
54	85	1
54	86	1
54	87	0
54	88	0
54	89	1
54	90	0
54	91	0
54	92	1
54	93	0
54	94	1
54	95	0
54	96	1
54	97	0
54	98	1
54	99	0
54	100	1
54	101	1
54	102	1
54	103	1
54	104	1
54	105	1
54	106	1
54	107	0
54	108	0
54	109	0
54	110	0
55	56	0
55	57	1
55	58	1
55	59	1
55	60	0
55	61	1
55	62	1
55	63	1
55	64	1
55	65	1
55	66	0
55	67	0
55	68	1
55	69	1
55	70	1
55	71	1
55	72	0
55	73	1
55	74	1
55	75	1
55	76	1
55	77	1
55	78	1
55	79	1
55	80	0
55	81	1
55	82	1
55	83	0
55	84	1
55	85	1
55	86	1
55	87	0
55	88	0
55	89	1
55	90	0
55	91	0
55	92	0
55	93	1
55	94	1
55	95	1
55	96	1
55	97	0
55	98	1
55	99	0
55	100	0
55	101	0
55	102	0
55	103	0
55	104	0
55	105	0
55	106	1
55	107	1
55	108	0
55	109	0
55	110	0
56	57	1
56	58	0
56	59	0
56	60	0
56	61	1
56	62	0
56	63	0
56	64	0
56	65	1
56	66	1
56	67	0
56	68	0
56	69	1
56	70	1
56	71	0
56	72	0
56	73	1
56	74	0
56	75	1
56	76	0
56	77	1
56	78	0
56	79	0
56	80	1
56	81	0
56	82	0
56	83	0
56	84	0
56	85	1
56	86	0
56	87	0
56	88	0
56	89	0
56	90	0
56	91	0
56	92	0
56	93	0
56	94	0
56	95	1
56	96	0
56	97	1
56	98	1
56	99	0
56	100	1
56	101	1
56	102	1
56	103	0
56	104	1
56	105	0
56	106	0
56	107	0
56	108	1
56	109	0
56	110	1
57	58	0
57	59	0
57	60	0
57	61	1
57	62	0
57	63	0
57	64	0
57	65	1
57	66	1
57	67	1
57	68	0
57	69	0
57	70	0
57	71	0
57	72	0
57	73	1
57	74	1
57	75	0
57	76	1
57	77	1
57	78	0
57	79	1
57	80	0
57	81	1
57	82	1
57	83	0
57	84	0
57	85	1
57	86	1
57	87	1
57	88	0
57	89	1
57	90	0
57	91	0
57	92	1
57	93	0
57	94	1
57	95	1
57	96	0
57	97	0
57	98	0
57	99	1
57	100	1
57	101	1
57	102	1
57	103	0
57	104	0
57	105	1
57	106	1
57	107	1
57	108	0
57	109	0
57	110	0
58	59	0
58	60	1
58	61	1
58	62	1
58	63	1
58	64	0
58	65	0
58	66	0
58	67	0
58	68	0
58	69	1
58	70	1
58	71	0
58	72	0
58	73	1
58	74	1
58	75	1
58	76	0
58	77	1
58	78	1
58	79	0
58	80	0
58	81	0
58	82	1
58	83	1
58	84	1
58	85	0
58	86	0
58	87	0
58	88	1
58	89	0
58	90	0
58	91	0
58	92	1
58	93	1
58	94	0
58	95	0
58	96	0
58	97	1
58	98	1
58	99	0
58	100	1
58	101	1
58	102	0
58	103	1
58	104	1
58	105	1
58	106	1
58	107	1
58	108	1
58	109	0
58	110	1
59	60	1
59	61	1
59	62	0
59	63	1
59	64	1
59	65	0
59	66	0
59	67	0
59	68	0
59	69	0
59	70	1
59	71	1
59	72	0
59	73	1
59	74	1
59	75	1
59	76	0
59	77	1
59	78	1
59	79	0
59	80	1
59	81	0
59	82	1
59	83	1
59	84	0
59	85	1
59	86	1
59	87	1
59	88	0
59	89	1
59	90	0
59	91	0
59	92	1
59	93	1
59	94	1
59	95	0
59	96	0
59	97	0
59	98	0
59	99	1
59	100	1
59	101	1
59	102	1
59	103	0
59	104	0
59	105	1
59	106	0
59	107	1
59	108	1
59	109	0
59	110	1
60	61	0
60	62	0
60	63	1
60	64	0
60	65	1
60	66	1
60	67	0
60	68	0
60	69	0
60	70	1
60	71	1
60	72	0
60	73	1
60	74	1
60	75	0
60	76	1
60	77	1
60	78	1
60	79	0
60	80	0
60	81	0
60	82	1
60	83	0
60	84	1
60	85	0
60	86	0
60	87	0
60	88	0
60	89	0
60	90	1
60	91	1
60	92	1
60	93	0
60	94	1
60	95	1
60	96	0
60	97	1
60	98	1
60	99	1
60	100	1
60	101	0
60	102	1
60	103	0
60	104	1
60	105	0
60	106	1
60	107	0
60	108	0
60	109	1
60	110	1
61	62	1
61	63	1
61	64	1
61	65	0
61	66	1
61	67	1
61	68	1
61	69	1
61	70	1
61	71	1
61	72	1
61	73	1
61	74	0
61	75	0
61	76	0
61	77	1
61	78	1
61	79	0
61	80	0
61	81	0
61	82	0
61	83	0
61	84	1
61	85	0
61	86	1
61	87	0
61	88	0
61	89	0
61	90	0
61	91	0
61	92	1
61	93	1
61	94	0
61	95	0
61	96	0
61	97	1
61	98	1
61	99	1
61	100	0
61	101	0
61	102	1
61	103	0
61	104	1
61	105	0
61	106	1
61	107	1
61	108	1
61	109	0
61	110	0
62	63	0
62	64	1
62	65	0
62	66	1
62	67	1
62	68	0
62	69	1
62	70	0
62	71	0
62	72	1
62	73	0
62	74	0
62	75	1
62	76	1
62	77	0
62	78	0
62	79	0
62	80	1
62	81	0
62	82	0
62	83	0
62	84	1
62	85	0
62	86	1
62	87	1
62	88	0
62	89	1
62	90	0
62	91	0
62	92	1
62	93	1
62	94	0
62	95	1
62	96	0
62	97	1
62	98	0
62	99	1
62	100	1
62	101	1
62	102	0
62	103	1
62	104	1
62	105	1
62	106	1
62	107	0
62	108	0
62	109	1
62	110	1
63	64	0
63	65	0
63	66	1
63	67	0
63	68	1
63	69	0
63	70	0
63	71	0
63	72	0
63	73	1
63	74	1
63	75	0
63	76	0
63	77	1
63	78	0
63	79	1
63	80	1
63	81	0
63	82	0
63	83	0
63	84	0
63	85	0
63	86	0
63	87	0
63	88	1
63	89	1
63	90	1
63	91	0
63	92	0
63	93	1
63	94	0
63	95	1
63	96	0
63	97	1
63	98	1
63	99	1
63	100	0
63	101	0
63	102	1
63	103	1
63	104	0
63	105	1
63	106	0
63	107	0
63	108	0
63	109	1
63	110	0
64	65	0
64	66	0
64	67	0
64	68	0
64	69	1
64	70	0
64	71	1
64	72	0
64	73	1
64	74	1
64	75	1
64	76	1
64	77	1
64	78	1
64	79	0
64	80	1
64	81	0
64	82	0
64	83	0
64	84	0
64	85	0
64	86	1
64	87	1
64	88	0
64	89	0
64	90	0
64	91	1
64	92	1
64	93	1
64	94	1
64	95	0
64	96	0
64	97	1
64	98	0
64	99	1
64	100	1
64	101	0
64	102	0
64	103	1
64	104	0
64	105	0
64	106	1
64	107	1
64	108	0
64	109	1
64	110	0
65	66	0
65	67	1
65	68	0
65	69	0
65	70	1
65	71	0
65	72	0
65	73	1
65	74	1
65	75	0
65	76	1
65	77	1
65	78	1
65	79	1
65	80	1
65	81	1
65	82	0
65	83	1
65	84	0
65	85	1
65	86	1
65	87	1
65	88	0
65	89	1
65	90	0
65	91	0
65	92	0
65	93	0
65	94	1
65	95	0
65	96	0
65	97	1
65	98	0
65	99	0
65	100	0
65	101	0
65	102	0
65	103	0
65	104	0
65	105	1
65	106	0
65	107	0
65	108	0
65	109	1
65	110	1
66	67	1
66	68	0
66	69	0
66	70	1
66	71	0
66	72	0
66	73	1
66	74	1
66	75	0
66	76	0
66	77	1
66	78	0
66	79	0
66	80	0
66	81	1
66	82	0
66	83	0
66	84	1
66	85	1
66	86	1
66	87	1
66	88	0
66	89	0
66	90	0
66	91	0
66	92	0
66	93	0
66	94	0
66	95	1
66	96	1
66	97	0
66	98	1
66	99	1
66	100	0
66	101	1
66	102	1
66	103	0
66	104	0
66	105	1
66	106	1
66	107	1
66	108	1
66	109	0
66	110	1
67	68	0
67	69	1
67	70	1
67	71	1
67	72	0
67	73	0
67	74	1
67	75	0
67	76	1
67	77	0
67	78	0
67	79	0
67	80	0
67	81	1
67	82	1
67	83	1
67	84	0
67	85	0
67	86	0
67	87	1
67	88	1
67	89	0
67	90	0
67	91	0
67	92	0
67	93	1
67	94	1
67	95	0
67	96	1
67	97	0
67	98	1
67	99	1
67	100	0
67	101	0
67	102	0
67	103	0
67	104	0
67	105	1
67	106	1
67	107	0
67	108	0
67	109	1
67	110	1
68	69	0
68	70	1
68	71	0
68	72	0
68	73	0
68	74	0
68	75	1
68	76	0
68	77	0
68	78	0
68	79	1
68	80	1
68	81	1
68	82	1
68	83	0
68	84	0
68	85	1
68	86	0
68	87	0
68	88	1
68	89	0
68	90	1
68	91	1
68	92	0
68	93	0
68	94	0
68	95	0
68	96	0
68	97	0
68	98	0
68	99	0
68	100	0
68	101	0
68	102	0
68	103	0
68	104	0
68	105	0
68	106	1
68	107	0
68	108	0
68	109	1
68	110	0
69	70	0
69	71	1
69	72	0
69	73	0
69	74	0
69	75	1
69	76	1
69	77	0
69	78	0
69	79	0
69	80	1
69	81	1
69	82	0
69	83	0
69	84	0
69	85	1
69	86	1
69	87	0
69	88	0
69	89	0
69	90	0
69	91	0
69	92	0
69	93	0
69	94	1
69	95	1
69	96	1
69	97	1
69	98	1
69	99	0
69	100	0
69	101	0
69	102	1
69	103	0
69	104	1
69	105	1
69	106	0
69	107	1
69	108	0
69	109	0
69	110	1
70	71	1
70	72	0
70	73	0
70	74	0
70	75	1
70	76	0
70	77	1
70	78	0
70	79	0
70	80	0
70	81	0
70	82	0
70	83	0
70	84	0
70	85	0
70	86	0
70	87	1
70	88	1
70	89	0
70	90	0
70	91	1
70	92	0
70	93	1
70	94	1
70	95	1
70	96	1
70	97	1
70	98	0
70	99	0
70	100	1
70	101	0
70	102	0
70	103	1
70	104	1
70	105	1
70	106	0
70	107	0
70	108	0
70	109	0
70	110	1
71	72	0
71	73	1
71	74	0
71	75	1
71	76	1
71	77	1
71	78	1
71	79	0
71	80	1
71	81	1
71	82	0
71	83	0
71	84	0
71	85	1
71	86	0
71	87	1
71	88	0
71	89	0
71	90	0
71	91	1
71	92	0
71	93	1
71	94	0
71	95	1
71	96	1
71	97	0
71	98	0
71	99	1
71	100	0
71	101	0
71	102	1
71	103	1
71	104	0
71	105	1
71	106	0
71	107	0
71	108	0
71	109	1
71	110	0
72	73	0
72	74	0
72	75	0
72	76	1
72	77	1
72	78	0
72	79	0
72	80	1
72	81	1
72	82	1
72	83	1
72	84	0
72	85	1
72	86	1
72	87	0
72	88	0
72	89	1
72	90	0
72	91	0
72	92	1
72	93	1
72	94	1
72	95	0
72	96	0
72	97	0
72	98	0
72	99	0
72	100	0
72	101	0
72	102	0
72	103	0
72	104	1
72	105	1
72	106	1
72	107	1
72	108	0
72	109	1
72	110	1
73	74	0
73	75	1
73	76	1
73	77	0
73	78	1
73	79	1
73	80	1
73	81	1
73	82	1
73	83	1
73	84	0
73	85	0
73	86	1
73	87	0
73	88	1
73	89	1
73	90	0
73	91	0
73	92	0
73	93	0
73	94	1
73	95	1
73	96	0
73	97	0
73	98	0
73	99	0
73	100	0
73	101	0
73	102	0
73	103	1
73	104	1
73	105	1
73	106	0
73	107	0
73	108	1
73	109	1
73	110	0
74	75	1
74	76	0
74	77	1
74	78	0
74	79	0
74	80	1
74	81	0
74	82	0
74	83	1
74	84	1
74	85	0
74	86	0
74	87	1
74	88	0
74	89	0
74	90	1
74	91	1
74	92	0
74	93	0
74	94	0
74	95	1
74	96	0
74	97	1
74	98	0
74	99	0
74	100	0
74	101	1
74	102	1
74	103	1
74	104	1
74	105	0
74	106	0
74	107	1
74	108	0
74	109	0
74	110	0
75	76	0
75	77	0
75	78	1
75	79	1
75	80	0
75	81	0
75	82	1
75	83	1
75	84	1
75	85	1
75	86	0
75	87	0
75	88	1
75	89	1
75	90	1
75	91	1
75	92	0
75	93	1
75	94	1
75	95	1
75	96	0
75	97	0
75	98	1
75	99	1
75	100	1
75	101	1
75	102	1
75	103	0
75	104	0
75	105	1
75	106	1
75	107	1
75	108	0
75	109	0
75	110	0
76	77	1
76	78	0
76	79	0
76	80	1
76	81	0
76	82	0
76	83	1
76	84	1
76	85	1
76	86	0
76	87	0
76	88	1
76	89	0
76	90	1
76	91	1
76	92	0
76	93	0
76	94	1
76	95	0
76	96	0
76	97	1
76	98	1
76	99	0
76	100	1
76	101	1
76	102	1
76	103	0
76	104	0
76	105	1
76	106	1
76	107	1
76	108	1
76	109	1
76	110	1
77	78	0
77	79	1
77	80	1
77	81	0
77	82	1
77	83	1
77	84	1
77	85	0
77	86	1
77	87	0
77	88	1
77	89	0
77	90	0
77	91	1
77	92	0
77	93	1
77	94	0
77	95	1
77	96	1
77	97	1
77	98	0
77	99	0
77	100	0
77	101	1
77	102	1
77	103	1
77	104	0
77	105	1
77	106	0
77	107	0
77	108	0
77	109	0
77	110	1
78	79	1
78	80	1
78	81	0
78	82	1
78	83	1
78	84	0
78	85	0
78	86	0
78	87	1
78	88	0
78	89	0
78	90	0
78	91	1
78	92	1
78	93	0
78	94	0
78	95	1
78	96	0
78	97	0
78	98	0
78	99	0
78	100	0
78	101	0
78	102	0
78	103	0
78	104	0
78	105	0
78	106	1
78	107	0
78	108	1
78	109	1
78	110	0
79	80	1
79	81	0
79	82	0
79	83	0
79	84	1
79	85	1
79	86	0
79	87	1
79	88	0
79	89	0
79	90	1
79	91	1
79	92	0
79	93	0
79	94	1
79	95	1
79	96	0
79	97	0
79	98	1
79	99	0
79	100	0
79	101	0
79	102	1
79	103	1
79	104	1
79	105	1
79	106	1
79	107	1
79	108	1
79	109	0
79	110	1
80	81	0
80	82	0
80	83	0
80	84	0
80	85	0
80	86	1
80	87	0
80	88	0
80	89	1
80	90	0
80	91	1
80	92	0
80	93	0
80	94	1
80	95	1
80	96	0
80	97	0
80	98	0
80	99	1
80	100	1
80	101	1
80	102	0
80	103	1
80	104	1
80	105	1
80	106	1
80	107	0
80	108	0
80	109	0
80	110	1
81	82	1
81	83	1
81	84	0
81	85	0
81	86	1
81	87	0
81	88	0
81	89	0
81	90	0
81	91	0
81	92	1
81	93	0
81	94	0
81	95	0
81	96	0
81	97	1
81	98	1
81	99	1
81	100	0
81	101	1
81	102	1
81	103	0
81	104	0
81	105	1
81	106	1
81	107	0
81	108	0
81	109	1
81	110	0
82	83	1
82	84	0
82	85	1
82	86	0
82	87	0
82	88	1
82	89	1
82	90	0
82	91	1
82	92	0
82	93	0
82	94	0
82	95	1
82	96	1
82	97	0
82	98	1
82	99	1
82	100	1
82	101	1
82	102	0
82	103	0
82	104	1
82	105	0
82	106	0
82	107	0
82	108	1
82	109	1
82	110	1
83	84	0
83	85	0
83	86	1
83	87	1
83	88	0
83	89	1
83	90	0
83	91	1
83	92	1
83	93	0
83	94	0
83	95	0
83	96	1
83	97	0
83	98	1
83	99	1
83	100	0
83	101	0
83	102	1
83	103	1
83	104	0
83	105	1
83	106	0
83	107	0
83	108	1
83	109	1
83	110	1
84	85	1
84	86	1
84	87	1
84	88	1
84	89	0
84	90	1
84	91	1
84	92	0
84	93	1
84	94	1
84	95	1
84	96	0
84	97	0
84	98	1
84	99	0
84	100	0
84	101	0
84	102	1
84	103	1
84	104	0
84	105	1
84	106	0
84	107	1
84	108	0
84	109	0
84	110	1
85	86	0
85	87	0
85	88	0
85	89	0
85	90	0
85	91	1
85	92	1
85	93	1
85	94	0
85	95	0
85	96	0
85	97	0
85	98	0
85	99	0
85	100	0
85	101	0
85	102	1
85	103	0
85	104	1
85	105	0
85	106	1
85	107	0
85	108	0
85	109	1
85	110	1
86	87	0
86	88	0
86	89	1
86	90	0
86	91	1
86	92	0
86	93	1
86	94	1
86	95	1
86	96	1
86	97	0
86	98	1
86	99	1
86	100	0
86	101	0
86	102	1
86	103	1
86	104	0
86	105	1
86	106	0
86	107	1
86	108	0
86	109	1
86	110	0
87	88	1
87	89	0
87	90	0
87	91	1
87	92	1
87	93	1
87	94	0
87	95	1
87	96	0
87	97	0
87	98	1
87	99	0
87	100	1
87	101	0
87	102	0
87	103	0
87	104	0
87	105	0
87	106	0
87	107	1
87	108	0
87	109	1
87	110	0
88	89	0
88	90	0
88	91	1
88	92	0
88	93	0
88	94	0
88	95	0
88	96	1
88	97	0
88	98	1
88	99	0
88	100	0
88	101	1
88	102	1
88	103	1
88	104	1
88	105	0
88	106	1
88	107	1
88	108	0
88	109	1
88	110	0
89	90	1
89	91	1
89	92	0
89	93	0
89	94	1
89	95	1
89	96	1
89	97	1
89	98	0
89	99	0
89	100	1
89	101	0
89	102	1
89	103	0
89	104	1
89	105	1
89	106	0
89	107	1
89	108	1
89	109	0
89	110	0
90	91	1
90	92	0
90	93	1
90	94	0
90	95	0
90	96	0
90	97	1
90	98	0
90	99	0
90	100	1
90	101	0
90	102	0
90	103	0
90	104	0
90	105	0
90	106	0
90	107	1
90	108	1
90	109	1
90	110	1
91	92	0
91	93	1
91	94	1
91	95	0
91	96	0
91	97	0
91	98	1
91	99	1
91	100	0
91	101	0
91	102	1
91	103	1
91	104	0
91	105	0
91	106	0
91	107	1
91	108	1
91	109	0
91	110	0
92	93	0
92	94	1
92	95	1
92	96	1
92	97	0
92	98	1
92	99	0
92	100	1
92	101	1
92	102	0
92	103	0
92	104	1
92	105	1
92	106	0
92	107	0
92	108	1
92	109	0
92	110	0
93	94	1
93	95	0
93	96	1
93	97	0
93	98	1
93	99	0
93	100	0
93	101	1
93	102	1
93	103	1
93	104	0
93	105	1
93	106	0
93	107	1
93	108	0
93	109	1
93	110	1
94	95	0
94	96	1
94	97	1
94	98	1
94	99	0
94	100	1
94	101	0
94	102	1
94	103	1
94	104	0
94	105	0
94	106	0
94	107	1
94	108	0
94	109	0
94	110	1
95	96	1
95	97	0
95	98	1
95	99	0
95	100	1
95	101	1
95	102	0
95	103	1
95	104	0
95	105	1
95	106	0
95	107	0
95	108	0
95	109	0
95	110	0
96	97	0
96	98	1
96	99	1
96	100	0
96	101	1
96	102	0
96	103	0
96	104	0
96	105	1
96	106	1
96	107	1
96	108	1
96	109	1
96	110	1
97	98	0
97	99	1
97	100	0
97	101	0
97	102	1
97	103	1
97	104	1
97	105	0
97	106	1
97	107	1
97	108	0
97	109	1
97	110	1
98	99	0
98	100	0
98	101	1
98	102	1
98	103	1
98	104	1
98	105	0
98	106	1
98	107	0
98	108	1
98	109	1
98	110	1
99	100	0
99	101	0
99	102	0
99	103	1
99	104	0
99	105	0
99	106	1
99	107	1
99	108	1
99	109	0
99	110	0
100	101	1
100	102	0
100	103	0
100	104	1
100	105	1
100	106	0
100	107	1
100	108	0
100	109	0
100	110	0
101	102	0
101	103	0
101	104	1
101	105	1
101	106	0
101	107	1
101	108	1
101	109	0
101	110	0
102	103	1
102	104	0
102	105	0
102	106	0
102	107	0
102	108	0
102	109	0
102	110	1
103	104	1
103	105	1
103	106	0
103	107	0
103	108	0
103	109	0
103	110	1
104	105	0
104	106	0
104	107	1
104	108	0
104	109	0
104	110	0
105	106	0
105	107	0
105	108	1
105	109	1
105	110	1
106	107	0
106	108	0
106	109	0
106	110	0
107	108	1
107	109	0
107	110	0
108	109	1
108	110	0
109	110	1
