110	5995	0
1	2	0
1	3	1
1	4	0
1	5	1
1	6	0
1	7	0
1	8	1
1	9	0
1	10	0
1	11	1
1	12	0
1	13	0
1	14	1
1	15	1
1	16	1
1	17	0
1	18	0
1	19	1
1	20	0
1	21	1
1	22	0
1	23	1
1	24	1
1	25	1
1	26	0
1	27	1
1	28	0
1	29	1
1	30	0
1	31	1
1	32	0
1	33	0
1	34	0
1	35	0
1	36	1
1	37	0
1	38	1
1	39	1
1	40	0
1	41	0
1	42	1
1	43	0
1	44	0
1	45	0
1	46	1
1	47	0
1	48	0
1	49	1
1	50	1
1	51	1
1	52	1
1	53	0
1	54	0
1	55	1
1	56	1
1	57	0
1	58	1
1	59	0
1	60	0
1	61	0
1	62	0
1	63	0
1	64	0
1	65	0
1	66	0
1	67	0
1	68	0
1	69	0
1	70	1
1	71	0
1	72	0
1	73	1
1	74	1
1	75	1
1	76	0
1	77	1
1	78	1
1	79	0
1	80	1
1	81	0
1	82	0
1	83	1
1	84	1
1	85	1
1	86	0
1	87	0
1	88	1
1	89	1
1	90	0
1	91	1
1	92	1
1	93	0
1	94	0
1	95	1
1	96	1
1	97	0
1	98	0
1	99	1
1	100	1
1	101	0
1	102	1
1	103	1
1	104	1
1	105	0
1	106	1
1	107	1
1	108	1
1	109	0
1	110	0
2	3	1
2	4	0
2	5	0
2	6	0
2	7	0
2	8	1
2	9	0
2	10	1
2	11	1
2	12	1
2	13	0
2	14	1
2	15	1
2	16	0
2	17	0
2	18	0
2	19	1
2	20	1
2	21	1
2	22	0
2	23	0
2	24	1
2	25	0
2	26	1
2	27	0
2	28	1
2	29	1
2	30	1
2	31	0
2	32	1
2	33	1
2	34	0
2	35	0
2	36	1
2	37	1
2	38	1
2	39	1
2	40	1
2	41	1
2	42	0
2	43	0
2	44	1
2	45	1
2	46	0
2	47	0
2	48	1
2	49	0
2	50	1
2	51	1
2	52	1
2	53	0
2	54	1
2	55	0
2	56	1
2	57	1
2	58	0
2	59	0
2	60	0
2	61	0
2	62	0
2	63	1
2	64	1
2	65	1
2	66	0
2	67	0
2	68	0
2	69	1
2	70	1
2	71	0
2	72	0
2	73	1
2	74	0
2	75	0
2	76	0
2	77	0
2	78	1
2	79	1
2	80	0
2	81	1
2	82	1
2	83	0
2	84	0
2	85	0
2	86	0
2	87	0
2	88	0
2	89	1
2	90	0
2	91	0
2	92	0
2	93	0
2	94	0
2	95	1
2	96	0
2	97	0
2	98	0
2	99	0
2	100	0
2	101	1
2	102	0
2	103	0
2	104	1
2	105	1
2	106	1
2	107	0
2	108	0
2	109	1
2	110	0
3	4	1
3	5	0
3	6	0
3	7	0
3	8	1
3	9	1
3	10	1
3	11	1
3	12	0
3	13	1
3	14	0
3	15	0
3	16	1
3	17	0
3	18	0
3	19	1
3	20	0
3	21	1
3	22	0
3	23	1
3	24	1
3	25	1
3	26	0
3	27	0
3	28	0
3	29	0
3	30	1
3	31	1
3	32	1
3	33	0
3	34	0
3	35	1
3	36	1
3	37	1
3	38	0
3	39	1
3	40	1
3	41	0
3	42	0
3	43	1
3	44	1
3	45	1
3	46	1
3	47	1
3	48	1
3	49	0
3	50	1
3	51	1
3	52	1
3	53	1
3	54	1
3	55	0
3	56	1
3	57	1
3	58	0
3	59	1
3	60	1
3	61	1
3	62	0
3	63	1
3	64	0
3	65	0
3	66	0
3	67	1
3	68	1
3	69	0
3	70	0
3	71	1
3	72	1
3	73	0
3	74	1
3	75	0
3	76	0
3	77	0
3	78	0
3	79	1
3	80	0
3	81	1
3	82	1
3	83	0
3	84	1
3	85	1
3	86	1
3	87	0
3	88	0
3	89	1
3	90	1
3	91	1
3	92	1
3	93	1
3	94	1
3	95	0
3	96	0
3	97	1
3	98	1
3	99	0
3	100	0
3	101	1
3	102	0
3	103	1
3	104	1
3	105	1
3	106	1
3	107	1
3	108	1
3	109	0
3	110	0
4	5	1
4	6	0
4	7	0
4	8	0
4	9	1
4	10	0
4	11	1
4	12	0
4	13	1
4	14	1
4	15	0
4	16	0
4	17	0
4	18	1
4	19	1
4	20	0
4	21	0
4	22	0
4	23	0
4	24	1
4	25	1
4	26	0
4	27	0
4	28	0
4	29	0
4	30	0
4	31	0
4	32	0
4	33	0
4	34	0
4	35	1
4	36	0
4	37	0
4	38	1
4	39	1
4	40	1
4	41	1
4	42	0
4	43	0
4	44	1
4	45	0
4	46	0
4	47	1
4	48	1
4	49	1
4	50	1
4	51	0
4	52	0
4	53	0
4	54	1
4	55	0
4	56	0
4	57	1
4	58	0
4	59	1
4	60	1
4	61	1
4	62	0
4	63	0
4	64	1
4	65	0
4	66	0
4	67	1
4	68	1
4	69	1
4	70	0
4	71	1
4	72	1
4	73	1
4	74	0
4	75	1
4	76	0
4	77	1
4	78	0
4	79	1
4	80	1
4	81	1
4	82	1
4	83	0
4	84	1
4	85	1
4	86	1
4	87	0
4	88	0
4	89	1
4	90	0
4	91	0
4	92	0
4	93	0
4	94	1
4	95	1
4	96	1
4	97	1
4	98	1
4	99	1
4	100	1
4	101	0
4	102	0
4	103	1
4	104	0
4	105	1
4	106	1
4	107	1
4	108	0
4	109	0
4	110	1
5	6	1
5	7	0
5	8	1
5	9	0
5	10	0
5	11	0
5	12	1
5	13	1
5	14	0
5	15	1
5	16	1
5	17	1
5	18	1
5	19	1
5	20	1
5	21	1
5	22	0
5	23	1
5	24	0
5	25	1
5	26	0
5	27	0
5	28	0
5	29	1
5	30	0
5	31	0
5	32	0
5	33	0
5	34	1
5	35	1
5	36	1
5	37	1
5	38	1
5	39	0
5	40	1
5	41	0
5	42	1
5	43	0
5	44	0
5	45	1
5	46	1
5	47	1
5	48	0
5	49	0
5	50	0
5	51	0
5	52	1
5	53	0
5	54	1
5	55	0
5	56	1
5	57	0
5	58	0
5	59	0
5	60	1
5	61	0
5	62	0
5	63	0
5	64	0
5	65	0
5	66	0
5	67	1
5	68	0
5	69	1
5	70	0
5	71	1
5	72	1
5	73	1
5	74	1
5	75	1
5	76	1
5	77	1
5	78	1
5	79	1
5	80	1
5	81	1
5	82	0
5	83	1
5	84	1
5	85	1
5	86	1
5	87	0
5	88	1
5	89	1
5	90	0
5	91	0
5	92	0
5	93	0
5	94	0
5	95	1
5	96	1
5	97	0
5	98	0
5	99	1
5	100	0
5	101	1
5	102	1
5	103	1
5	104	0
5	105	1
5	106	0
5	107	1
5	108	1
5	109	1
5	110	0
6	7	1
6	8	1
6	9	0
6	10	1
6	11	1
6	12	0
6	13	0
6	14	1
6	15	1
6	16	0
6	17	0
6	18	0
6	19	1
6	20	0
6	21	0
6	22	0
6	23	0
6	24	1
6	25	1
6	26	1
6	27	0
6	28	0
6	29	0
6	30	1
6	31	0
6	32	1
6	33	1
6	34	0
6	35	0
6	36	1
6	37	0
6	38	0
6	39	0
6	40	0
6	41	0
6	42	0
6	43	0
6	44	1
6	45	0
6	46	1
6	47	1
6	48	1
6	49	1
6	50	1
6	51	0
6	52	0
6	53	0
6	54	0
6	55	0
6	56	1
6	57	1
6	58	1
6	59	1
6	60	1
6	61	0
6	62	0
6	63	1
6	64	0
6	65	0
6	66	1
6	67	0
6	68	0
6	69	1
6	70	0
6	71	0
6	72	1
6	73	0
6	74	0
6	75	0
6	76	0
6	77	1
6	78	0
6	79	0
6	80	0
6	81	0
6	82	1
6	83	0
6	84	0
6	85	1
6	86	1
6	87	0
6	88	1
6	89	0
6	90	0
6	91	1
6	92	1
6	93	0
6	94	1
6	95	1
6	96	0
6	97	1
6	98	1
6	99	0
6	100	1
6	101	1
6	102	0
6	103	0
6	104	1
6	105	1
6	106	1
6	107	0
6	108	0
6	109	1
6	110	1
7	8	0
7	9	0
7	10	1
7	11	0
7	12	0
7	13	0
7	14	0
7	15	1
7	16	0
7	17	1
7	18	1
7	19	1
7	20	0
7	21	0
7	22	0
7	23	0
7	24	0
7	25	0
7	26	0
7	27	0
7	28	1
7	29	1
7	30	1
7	31	1
7	32	1
7	33	1
7	34	1
7	35	1
7	36	0
7	37	0
7	38	1
7	39	1
7	40	0
7	41	1
7	42	1
7	43	0
7	44	0
7	45	1
7	46	1
7	47	0
7	48	0
7	49	0
7	50	0
7	51	1
7	52	0
7	53	1
7	54	1
7	55	0
7	56	0
7	57	0
7	58	0
7	59	0
7	60	0
7	61	0
7	62	1
7	63	0
7	64	0
7	65	1
7	66	1
7	67	0
7	68	1
7	69	0
7	70	1
7	71	1
7	72	1
7	73	1
7	74	0
7	75	0
7	76	0
7	77	1
7	78	0
7	79	0
7	80	0
7	81	1
7	82	0
7	83	0
7	84	0
7	85	0
7	86	1
7	87	1
7	88	1
7	89	0
7	90	0
7	91	0
7	92	0
7	93	1
7	94	0
7	95	0
7	96	1
7	97	1
7	98	1
7	99	0
7	100	1
7	101	0
7	102	0
7	103	1
7	104	0
7	105	1
7	106	0
7	107	1
7	108	0
7	109	0
7	110	1
8	9	0
8	10	0
8	11	1
8	12	1
8	13	0
8	14	1
8	15	0
8	16	0
8	17	1
8	18	0
8	19	1
8	20	0
8	21	1
8	22	0
8	23	1
8	24	1
8	25	0
8	26	1
8	27	1
8	28	1
8	29	0
8	30	0
8	31	0
8	32	1
8	33	1
8	34	1
8	35	1
8	36	1
8	37	1
8	38	1
8	39	1
8	40	0
8	41	0
8	42	1
8	43	0
8	44	0
8	45	0
8	46	0
8	47	0
8	48	0
8	49	0
8	50	0
8	51	0
8	52	0
8	53	1
8	54	0
8	55	1
8	56	0
8	57	0
8	58	1
8	59	0
8	60	0
8	61	1
8	62	1
8	63	1
8	64	1
8	65	1
8	66	0
8	67	0
8	68	0
8	69	0
8	70	0
8	71	1
8	72	1
8	73	1
8	74	1
8	75	1
8	76	0
8	77	0
8	78	0
8	79	0
8	80	0
8	81	0
8	82	1
8	83	0
8	84	0
8	85	1
8	86	0
8	87	1
8	88	1
8	89	0
8	90	1
8	91	0
8	92	1
8	93	0
8	94	0
8	95	0
8	96	1
8	97	1
8	98	0
8	99	0
8	100	0
8	101	1
8	102	0
8	103	1
8	104	0
8	105	1
8	106	0
8	107	1
8	108	1
8	109	1
8	110	0
9	10	0
9	11	1
9	12	1
9	13	0
9	14	0
9	15	1
9	16	1
9	17	0
9	18	0
9	19	0
9	20	1
9	21	1
9	22	0
9	23	1
9	24	1
9	25	0
9	26	1
9	27	1
9	28	0
9	29	1
9	30	0
9	31	0
9	32	0
9	33	1
9	34	0
9	35	0
9	36	0
9	37	0
9	38	0
9	39	0
9	40	0
9	41	0
9	42	0
9	43	0
9	44	1
9	45	0
9	46	0
9	47	1
9	48	0
9	49	0
9	50	1
9	51	1
9	52	1
9	53	0
9	54	0
9	55	1
9	56	1
9	57	0
9	58	1
9	59	0
9	60	1
9	61	1
9	62	0
9	63	0
9	64	1
9	65	0
9	66	0
9	67	0
9	68	0
9	69	1
9	70	0
9	71	0
9	72	0
9	73	0
9	74	0
9	75	0
9	76	0
9	77	0
9	78	0
9	79	0
9	80	1
9	81	0
9	82	1
9	83	1
9	84	1
9	85	0
9	86	1
9	87	0
9	88	1
9	89	0
9	90	1
9	91	0
9	92	0
9	93	0
9	94	0
9	95	0
9	96	1
9	97	1
9	98	0
9	99	1
9	100	0
9	101	0
9	102	0
9	103	0
9	104	0
9	105	0
9	106	1
9	107	0
9	108	0
9	109	1
9	110	1
10	11	1
10	12	0
10	13	1
10	14	0
10	15	0
10	16	0
10	17	0
10	18	0
10	19	0
10	20	0
10	21	1
10	22	0
10	23	0
10	24	0
10	25	1
10	26	1
10	27	0
10	28	0
10	29	1
10	30	1
10	31	1
10	32	0
10	33	0
10	34	1
10	35	1
10	36	1
10	37	1
10	38	0
10	39	1
10	40	1
10	41	0
10	42	1
10	43	1
10	44	1
10	45	0
10	46	1
10	47	1
10	48	1
10	49	1
10	50	1
10	51	1
10	52	1
10	53	1
10	54	0
10	55	1
10	56	0
10	57	1
10	58	0
10	59	1
10	60	0
10	61	1
10	62	0
10	63	0
10	64	1
10	65	1
10	66	1
10	67	0
10	68	0
10	69	1
10	70	0
10	71	1
10	72	0
10	73	1
10	74	0
10	75	0
10	76	0
10	77	1
10	78	0
10	79	0
10	80	1
10	81	0
10	82	0
10	83	0
10	84	0
10	85	0
10	86	1
10	87	0
10	88	0
10	89	1
10	90	1
10	91	1
10	92	0
10	93	1
10	94	1
10	95	1
10	96	1
10	97	1
10	98	1
10	99	0
10	100	1
10	101	0
10	102	0
10	103	0
10	104	0
10	105	1
10	106	0
10	107	1
10	108	1
10	109	0
10	110	0
11	12	1
11	13	1
11	14	1
11	15	0
11	16	0
11	17	0
11	18	1
11	19	1
11	20	1
11	21	0
11	22	0
11	23	1
11	24	0
11	25	0
11	26	1
11	27	1
11	28	0
11	29	1
11	30	0
11	31	0
11	32	0
11	33	1
11	34	1
11	35	0
11	36	1
11	37	1
11	38	0
11	39	0
11	40	0
11	41	1
11	42	1
11	43	0
11	44	0
11	45	1
11	46	1
11	47	0
11	48	1
11	49	1
11	50	1
11	51	1
11	52	1
11	53	0
11	54	0
11	55	0
11	56	0
11	57	1
11	58	0
11	59	1
11	60	1
11	61	1
11	62	0
11	63	1
11	64	1
11	65	0
11	66	0
11	67	0
11	68	0
11	69	0
11	70	1
11	71	0
11	72	0
11	73	1
11	74	1
11	75	0
11	76	0
11	77	1
11	78	0
11	79	0
11	80	0
11	81	0
11	82	1
11	83	0
11	84	0
11	85	0
11	86	1
11	87	1
11	88	1
11	89	0
11	90	0
11	91	0
11	92	1
11	93	1
11	94	0
11	95	0
11	96	0
11	97	0
11	98	1
11	99	1
11	100	0
11	101	0
11	102	0
11	103	1
11	104	0
11	105	0
11	106	1
11	107	1
11	108	1
11	109	1
11	110	1
12	13	1
12	14	1
12	15	1
12	16	0
12	17	1
12	18	1
12	19	0
12	20	0
12	21	0
12	22	0
12	23	0
12	24	1
12	25	1
12	26	1
12	27	1
12	28	1
12	29	1
12	30	0
12	31	1
12	32	0
12	33	1
12	34	1
12	35	0
12	36	1
12	37	0
12	38	0
12	39	0
12	40	0
12	41	0
12	42	1
12	43	1
12	44	0
12	45	1
12	46	0
12	47	0
12	48	1
12	49	0
12	50	1
12	51	0
12	52	0
12	53	1
12	54	0
12	55	1
12	56	0
12	57	0
12	58	1
12	59	1
12	60	0
12	61	0
12	62	0
12	63	1
12	64	1
12	65	1
12	66	1
12	67	0
12	68	1
12	69	0
12	70	1
12	71	1
12	72	0
12	73	1
12	74	0
12	75	0
12	76	0
12	77	1
12	78	1
12	79	0
12	80	1
12	81	1
12	82	1
12	83	0
12	84	0
12	85	1
12	86	0
12	87	0
12	88	1
12	89	0
12	90	0
12	91	0
12	92	1
12	93	1
12	94	1
12	95	1
12	96	0
12	97	0
12	98	1
12	99	1
12	100	0
12	101	0
12	102	0
12	103	0
12	104	1
12	105	0
12	106	0
12	107	0
12	108	0
12	109	1
12	110	1
13	14	0
13	15	0
13	16	1
13	17	1
13	18	1
13	19	1
13	20	0
13	21	0
13	22	0
13	23	1
13	24	1
13	25	0
13	26	0
13	27	1
13	28	1
13	29	0
13	30	0
13	31	1
13	32	1
13	33	0
13	34	0
13	35	0
13	36	1
13	37	0
13	38	1
13	39	0
13	40	0
13	41	1
13	42	1
13	43	0
13	44	0
13	45	0
13	46	0
13	47	0
13	48	0
13	49	0
13	50	0
13	51	1
13	52	0
13	53	1
13	54	0
13	55	1
13	56	0
13	57	1
13	58	0
13	59	0
13	60	0
13	61	1
13	62	1
13	63	1
13	64	0
13	65	1
13	66	1
13	67	0
13	68	0
13	69	1
13	70	1
13	71	1
13	72	0
13	73	0
13	74	0
13	75	1
13	76	1
13	77	1
13	78	0
13	79	0
13	80	1
13	81	1
13	82	0
13	83	1
13	84	0
13	85	0
13	86	0
13	87	0
13	88	0
13	89	1
13	90	0
13	91	0
13	92	1
13	93	0
13	94	0
13	95	0
13	96	0
13	97	1
13	98	0
13	99	0
13	100	0
13	101	1
13	102	0
13	103	1
13	104	0
13	105	0
13	106	0
13	107	0
13	108	0
13	109	1
13	110	1
14	15	0
14	16	1
14	17	0
14	18	0
14	19	1
14	20	0
14	21	1
14	22	1
14	23	0
14	24	0
14	25	1
14	26	1
14	27	0
14	28	0
14	29	1
14	30	1
14	31	0
14	32	0
14	33	0
14	34	0
14	35	0
14	36	1
14	37	0
14	38	1
14	39	1
14	40	0
14	41	1
14	42	1
14	43	0
14	44	1
14	45	1
14	46	0
14	47	1
14	48	0
14	49	1
14	50	1
14	51	0
14	52	1
14	53	0
14	54	0
14	55	0
14	56	0
14	57	1
14	58	1
14	59	1
14	60	1
14	61	0
14	62	0
14	63	0
14	64	1
14	65	1
14	66	0
14	67	1
14	68	0
14	69	0
14	70	0
14	71	1
14	72	1
14	73	1
14	74	0
14	75	0
14	76	1
14	77	0
14	78	1
14	79	1
14	80	1
14	81	1
14	82	0
14	83	0
14	84	1
14	85	1
14	86	1
14	87	1
14	88	1
14	89	0
14	90	1
14	91	1
14	92	1
14	93	1
14	94	0
14	95	1
14	96	1
14	97	0
14	98	0
14	99	0
14	100	0
14	101	1
14	102	0
14	103	0
14	104	0
14	105	0
14	106	0
14	107	1
14	108	0
14	109	0
14	110	1
15	16	1
15	17	1
15	18	0
15	19	1
15	20	0
15	21	1
15	22	0
15	23	1
15	24	1
15	25	1
15	26	0
15	27	0
15	28	0
15	29	1
15	30	0
15	31	0
15	32	0
15	33	0
15	34	1
15	35	1
15	36	1
15	37	0
15	38	0
15	39	0
15	40	1
15	41	0
15	42	1
15	43	1
15	44	0
15	45	0
15	46	0
15	47	1
15	48	1
15	49	1
15	50	0
15	51	1
15	52	0
15	53	0
15	54	0
15	55	0
15	56	1
15	57	1
15	58	0
15	59	0
15	60	0
15	61	1
15	62	0
15	63	0
15	64	0
15	65	0
15	66	1
15	67	1
15	68	0
15	69	0
15	70	0
15	71	0
15	72	0
15	73	0
15	74	0
15	75	1
15	76	1
15	77	1
15	78	1
15	79	1
15	80	0
15	81	1
15	82	0
15	83	1
15	84	0
15	85	1
15	86	1
15	87	0
15	88	0
15	89	1
15	90	0
15	91	1
15	92	1
15	93	1
15	94	0
15	95	0
15	96	0
15	97	0
15	98	1
15	99	1
15	100	1
15	101	0
15	102	0
15	103	0
15	104	1
15	105	0
15	106	1
15	107	0
15	108	1
15	109	0
15	110	0
16	17	0
16	18	1
16	19	0
16	20	0
16	21	1
16	22	1
16	23	1
16	24	0
16	25	0
16	26	1
16	27	1
16	28	1
16	29	0
16	30	0
16	31	1
16	32	1
16	33	1
16	34	1
16	35	0
16	36	0
16	37	0
16	38	0
16	39	1
16	40	1
16	41	1
16	42	1
16	43	1
16	44	1
16	45	1
16	46	1
16	47	1
16	48	0
16	49	1
16	50	0
16	51	1
16	52	0
16	53	0
16	54	1
16	55	1
16	56	1
16	57	1
16	58	0
16	59	0
16	60	0
16	61	0
16	62	1
16	63	0
16	64	1
16	65	1
16	66	0
16	67	1
16	68	0
16	69	1
16	70	1
16	71	1
16	72	0
16	73	1
16	74	1
16	75	0
16	76	1
16	77	0
16	78	1
16	79	1
16	80	0
16	81	1
16	82	1
16	83	1
16	84	0
16	85	0
16	86	1
16	87	0
16	88	1
16	89	1
16	90	1
16	91	0
16	92	0
16	93	1
16	94	1
16	95	0
16	96	1
16	97	0
16	98	0
16	99	1
16	100	1
16	101	1
16	102	0
16	103	0
16	104	0
16	105	1
16	106	1
16	107	0
16	108	0
16	109	0
16	110	0
17	18	0
17	19	0
17	20	1
17	21	0
17	22	1
17	23	1
17	24	1
17	25	1
17	26	1
17	27	0
17	28	0
17	29	0
17	30	0
17	31	1
17	32	0
17	33	1
17	34	1
17	35	0
17	36	1
17	37	0
17	38	0
17	39	0
17	40	0
17	41	1
17	42	0
17	43	1
17	44	1
17	45	1
17	46	1
17	47	1
17	48	0
17	49	0
17	50	0
17	51	0
17	52	0
17	53	1
17	54	0
17	55	1
17	56	1
17	57	0
17	58	1
17	59	0
17	60	0
17	61	1
17	62	0
17	63	0
17	64	1
17	65	0
17	66	1
17	67	0
17	68	1
17	69	0
17	70	0
17	71	0
17	72	0
17	73	0
17	74	1
17	75	1
17	76	1
17	77	1
17	78	0
17	79	0
17	80	1
17	81	0
17	82	1
17	83	0
17	84	0
17	85	0
17	86	0
17	87	1
17	88	1
17	89	1
17	90	0
17	91	0
17	92	0
17	93	1
17	94	0
17	95	1
17	96	0
17	97	0
17	98	1
17	99	0
17	100	1
17	101	1
17	102	0
17	103	0
17	104	1
17	105	1
17	106	0
17	107	1
17	108	0
17	109	1
17	110	1
18	19	1
18	20	1
18	21	1
18	22	0
18	23	1
18	24	0
18	25	0
18	26	0
18	27	1
18	28	1
18	29	0
18	30	0
18	31	0
18	32	0
18	33	0
18	34	1
18	35	1
18	36	0
18	37	0
18	38	0
18	39	1
18	40	1
18	41	0
18	42	0
18	43	0
18	44	1
18	45	0
18	46	1
18	47	0
18	48	0
18	49	1
18	50	0
18	51	1
18	52	0
18	53	1
18	54	0
18	55	0
18	56	1
18	57	1
18	58	0
18	59	0
18	60	0
18	61	1
18	62	1
18	63	1
18	64	0
18	65	1
18	66	0
18	67	1
18	68	0
18	69	0
18	70	1
18	71	0
18	72	1
18	73	1
18	74	0
18	75	0
18	76	1
18	77	0
18	78	1
18	79	0
18	80	1
18	81	1
18	82	0
18	83	1
18	84	0
18	85	0
18	86	0
18	87	0
18	88	0
18	89	0
18	90	1
18	91	0
18	92	0
18	93	0
18	94	1
18	95	1
18	96	0
18	97	0
18	98	0
18	99	0
18	100	1
18	101	0
18	102	0
18	103	0
18	104	0
18	105	0
18	106	1
18	107	1
18	108	0
18	109	1
18	110	1
19	20	0
19	21	1
19	22	1
19	23	1
19	24	0
19	25	1
19	26	1
19	27	0
19	28	0
19	29	0
19	30	1
19	31	0
19	32	1
19	33	1
19	34	1
19	35	1
19	36	1
19	37	0
19	38	0
19	39	0
19	40	1
19	41	0
19	42	0
19	43	1
19	44	0
19	45	1
19	46	1
19	47	1
19	48	1
19	49	1
19	50	0
19	51	1
19	52	1
19	53	1
19	54	0
19	55	0
19	56	0
19	57	0
19	58	0
19	59	1
19	60	0
19	61	0
19	62	1
19	63	1
19	64	1
19	65	0
19	66	0
19	67	1
19	68	1
19	69	0
19	70	0
19	71	0
19	72	1
19	73	0
19	74	1
19	75	0
19	76	0
19	77	0
19	78	0
19	79	1
19	80	0
19	81	0
19	82	0
19	83	1
19	84	1
19	85	0
19	86	1
19	87	0
19	88	1
19	89	1
19	90	1
19	91	1
19	92	0
19	93	1
19	94	1
19	95	0
19	96	1
19	97	0
19	98	1
19	99	1
19	100	1
19	101	0
19	102	0
19	103	1
19	104	0
19	105	0
19	106	1
19	107	1
19	108	1
19	109	1
19	110	0
20	21	0
20	22	0
20	23	0
20	24	0
20	25	1
20	26	1
20	27	1
20	28	0
20	29	0
20	30	0
20	31	1
20	32	1
20	33	1
20	34	0
20	35	1
20	36	1
20	37	1
20	38	1
20	39	0
20	40	1
20	41	0
20	42	1
20	43	1
20	44	1
20	45	1
20	46	0
20	47	0
20	48	0
20	49	0
20	50	1
20	51	1
20	52	1
20	53	1
20	54	1
20	55	1
20	56	0
20	57	0
20	58	0
20	59	0
20	60	0
20	61	0
20	62	1
20	63	1
20	64	0
20	65	1
20	66	0
20	67	1
20	68	1
20	69	1
20	70	1
20	71	0
20	72	1
20	73	1
20	74	1
20	75	1
20	76	1
20	77	1
20	78	0
20	79	0
20	80	0
20	81	1
20	82	0
20	83	1
20	84	1
20	85	0
20	86	0
20	87	0
20	88	1
20	89	0
20	90	1
20	91	0
20	92	0
20	93	0
20	94	1
20	95	0
20	96	0
20	97	1
20	98	0
20	99	0
20	100	1
20	101	0
20	102	1
20	103	1
20	104	1
20	105	1
20	106	1
20	107	1
20	108	1
20	109	0
20	110	0
21	22	1
21	23	1
21	24	1
21	25	1
21	26	0
21	27	0
21	28	0
21	29	1
21	30	0
21	31	0
21	32	1
21	33	1
21	34	0
21	35	0
21	36	0
21	37	0
21	38	0
21	39	0
21	40	0
21	41	0
21	42	1
21	43	1
21	44	0
21	45	1
21	46	0
21	47	0
21	48	0
21	49	0
21	50	0
21	51	0
21	52	1
21	53	1
21	54	1
21	55	1
21	56	1
21	57	0
21	58	1
21	59	0
21	60	1
21	61	1
21	62	0
21	63	1
21	64	1
21	65	1
21	66	1
21	67	1
21	68	1
21	69	1
21	70	0
21	71	1
21	72	1
21	73	0
21	74	1
21	75	1
21	76	1
21	77	0
21	78	0
21	79	1
21	80	1
21	81	0
21	82	0
21	83	1
21	84	0
21	85	0
21	86	0
21	87	1
21	88	0
21	89	1
21	90	0
21	91	1
21	92	1
21	93	1
21	94	0
21	95	0
21	96	0
21	97	1
21	98	0
21	99	0
21	100	1
21	101	1
21	102	0
21	103	1
21	104	0
21	105	1
21	106	0
21	107	0
21	108	0
21	109	0
21	110	0
22	23	0
22	24	1
22	25	1
22	26	0
22	27	1
22	28	0
22	29	0
22	30	0
22	31	0
22	32	0
22	33	1
22	34	1
22	35	1
22	36	0
22	37	1
22	38	1
22	39	0
22	40	1
22	41	1
22	42	0
22	43	1
22	44	0
22	45	1
22	46	1
22	47	1
22	48	0
22	49	1
22	50	0
22	51	1
22	52	0
22	53	1
22	54	1
22	55	1
22	56	1
22	57	0
22	58	0
22	59	1
22	60	0
22	61	1
22	62	1
22	63	0
22	64	1
22	65	0
22	66	1
22	67	0
22	68	0
22	69	1
22	70	0
22	71	1
22	72	0
22	73	0
22	74	0
22	75	1
22	76	0
22	77	1
22	78	0
22	79	1
22	80	0
22	81	1
22	82	1
22	83	1
22	84	1
22	85	1
22	86	0
22	87	0
22	88	1
22	89	1
22	90	0
22	91	0
22	92	1
22	93	0
22	94	1
22	95	1
22	96	0
22	97	1
22	98	1
22	99	1
22	100	0
22	101	1
22	102	1
22	103	0
22	104	1
22	105	0
22	106	0
22	107	1
22	108	0
22	109	1
22	110	0
23	24	1
23	25	1
23	26	1
23	27	1
23	28	1
23	29	0
23	30	0
23	31	0
23	32	1
23	33	0
23	34	0
23	35	0
23	36	1
23	37	1
23	38	1
23	39	0
23	40	1
23	41	0
23	42	1
23	43	0
23	44	1
23	45	0
23	46	0
23	47	1
23	48	1
23	49	0
23	50	0
23	51	1
23	52	1
23	53	0
23	54	0
23	55	1
23	56	0
23	57	0
23	58	1
23	59	0
23	60	0
23	61	0
23	62	1
23	63	1
23	64	0
23	65	0
23	66	0
23	67	1
23	68	0
23	69	1
23	70	0
23	71	0
23	72	1
23	73	1
23	74	0
23	75	0
23	76	0
23	77	1
23	78	0
23	79	0
23	80	1
23	81	0
23	82	1
23	83	0
23	84	1
23	85	1
23	86	0
23	87	1
23	88	0
23	89	0
23	90	1
23	91	0
23	92	1
23	93	1
23	94	0
23	95	1
23	96	1
23	97	1
23	98	0
23	99	1
23	100	0
23	101	1
23	102	0
23	103	0
23	104	1
23	105	1
23	106	1
23	107	0
23	108	0
23	109	1
23	110	1
24	25	0
24	26	0
24	27	1
24	28	0
24	29	0
24	30	1
24	31	1
24	32	0
24	33	0
24	34	0
24	35	1
24	36	0
24	37	0
24	38	1
24	39	0
24	40	1
24	41	0
24	42	1
24	43	1
24	44	1
24	45	0
24	46	0
24	47	1
24	48	1
24	49	1
24	50	0
24	51	0
24	52	1
24	53	1
24	54	1
24	55	1
24	56	0
24	57	1
24	58	0
24	59	0
24	60	1
24	61	0
24	62	1
24	63	0
24	64	0
24	65	1
24	66	0
24	67	1
24	68	1
24	69	0
24	70	0
24	71	0
24	72	0
24	73	0
24	74	1
24	75	1
24	76	1
24	77	1
24	78	0
24	79	1
24	80	0
24	81	1
24	82	0
24	83	0
24	84	0
24	85	0
24	86	1
24	87	0
24	88	1
24	89	0
24	90	0
24	91	1
24	92	0
24	93	0
24	94	1
24	95	1
24	96	1
24	97	0
24	98	0
24	99	0
24	100	0
24	101	0
24	102	0
24	103	1
24	104	1
24	105	1
24	106	1
24	107	0
24	108	0
24	109	1
24	110	0
25	26	0
25	27	0
25	28	0
25	29	0
25	30	0
25	31	1
25	32	1
25	33	0
25	34	1
25	35	1
25	36	1
25	37	1
25	38	1
25	39	0
25	40	1
25	41	0
25	42	0
25	43	0
25	44	0
25	45	0
25	46	1
25	47	1
25	48	1
25	49	0
25	50	1
25	51	0
25	52	0
25	53	1
25	54	0
25	55	1
25	56	0
25	57	0
25	58	1
25	59	1
25	60	1
25	61	1
25	62	1
25	63	0
25	64	1
25	65	1
25	66	1
25	67	1
25	68	1
25	69	1
25	70	1
25	71	1
25	72	0
25	73	1
25	74	0
25	75	1
25	76	0
25	77	0
25	78	0
25	79	1
25	80	0
25	81	0
25	82	1
25	83	0
25	84	1
25	85	0
25	86	1
25	87	1
25	88	0
25	89	1
25	90	0
25	91	0
25	92	1
25	93	1
25	94	1
25	95	1
25	96	0
25	97	0
25	98	0
25	99	1
25	100	0
25	101	0
25	102	0
25	103	1
25	104	1
25	105	1
25	106	0
25	107	0
25	108	1
25	109	0
25	110	1
26	27	0
26	28	0
26	29	0
26	30	0
26	31	1
26	32	1
26	33	0
26	34	0
26	35	0
26	36	1
26	37	1
26	38	1
26	39	0
26	40	1
26	41	1
26	42	1
26	43	0
26	44	0
26	45	0
26	46	1
26	47	0
26	48	0
26	49	0
26	50	0
26	51	0
26	52	1
26	53	1
26	54	0
26	55	1
26	56	1
26	57	0
26	58	0
26	59	1
26	60	0
26	61	1
26	62	1
26	63	1
26	64	1
26	65	1
26	66	1
26	67	0
26	68	0
26	69	1
26	70	0
26	71	0
26	72	1
26	73	1
26	74	1
26	75	0
26	76	0
26	77	0
26	78	1
26	79	1
26	80	1
26	81	0
26	82	1
26	83	0
26	84	1
26	85	0
26	86	0
26	87	1
26	88	0
26	89	0
26	90	0
26	91	1
26	92	0
26	93	1
26	94	0
26	95	0
26	96	0
26	97	0
26	98	1
26	99	1
26	100	1
26	101	0
26	102	1
26	103	1
26	104	1
26	105	1
26	106	0
26	107	0
26	108	0
26	109	0
26	110	0
27	28	1
27	29	1
27	30	0
27	31	1
27	32	0
27	33	0
27	34	0
27	35	0
27	36	1
27	37	0
27	38	0
27	39	1
27	40	0
27	41	1
27	42	1
27	43	1
27	44	0
27	45	0
27	46	1
27	47	1
27	48	1
27	49	1
27	50	1
27	51	1
27	52	1
27	53	0
27	54	0
27	55	0
27	56	1
27	57	0
27	58	1
27	59	1
27	60	0
27	61	0
27	62	1
27	63	1
27	64	0
27	65	1
27	66	0
27	67	1
27	68	0
27	69	1
27	70	1
27	71	0
27	72	0
27	73	0
27	74	1
27	75	0
27	76	0
27	77	1
27	78	1
27	79	1
27	80	0
27	81	0
27	82	1
27	83	1
27	84	0
27	85	1
27	86	1
27	87	1
27	88	1
27	89	0
27	90	0
27	91	0
27	92	1
27	93	0
27	94	1
27	95	1
27	96	1
27	97	0
27	98	0
27	99	1
27	100	0
27	101	0
27	102	0
27	103	0
27	104	0
27	105	1
27	106	0
27	107	0
27	108	1
27	109	1
27	110	0
28	29	1
28	30	1
28	31	1
28	32	1
28	33	0
28	34	0
28	35	1
28	36	0
28	37	0
28	38	1
28	39	0
28	40	0
28	41	1
28	42	1
28	43	0
28	44	0
28	45	0
28	46	1
28	47	1
28	48	0
28	49	1
28	50	0
28	51	0
28	52	1
28	53	1
28	54	0
28	55	0
28	56	1
28	57	1
28	58	1
28	59	1
28	60	0
28	61	1
28	62	1
28	63	1
28	64	1
28	65	1
28	66	1
28	67	1
28	68	1
28	69	1
28	70	1
28	71	0
28	72	1
28	73	0
28	74	0
28	75	0
28	76	0
28	77	0
28	78	1
28	79	1
28	80	1
28	81	0
28	82	1
28	83	0
28	84	1
28	85	0
28	86	0
28	87	1
28	88	1
28	89	0
28	90	1
28	91	1
28	92	1
28	93	0
28	94	1
28	95	0
28	96	1
28	97	0
28	98	0
28	99	0
28	100	1
28	101	1
28	102	1
28	103	1
28	104	0
28	105	0
28	106	1
28	107	1
28	108	0
28	109	1
28	110	0
29	30	1
29	31	1
29	32	1
29	33	1
29	34	1
29	35	0
29	36	1
29	37	0
29	38	0
29	39	0
29	40	1
29	41	1
29	42	1
29	43	1
29	44	0
29	45	1
29	46	1
29	47	0
29	48	0
29	49	0
29	50	1
29	51	1
29	52	0
29	53	0
29	54	1
29	55	0
29	56	0
29	57	0
29	58	1
29	59	1
29	60	0
29	61	0
29	62	1
29	63	1
29	64	0
29	65	0
29	66	1
29	67	0
29	68	0
29	69	1
29	70	0
29	71	0
29	72	1
29	73	0
29	74	0
29	75	1
29	76	1
29	77	0
29	78	1
29	79	0
29	80	1
29	81	0
29	82	1
29	83	1
29	84	0
29	85	1
29	86	1
29	87	0
29	88	0
29	89	0
29	90	0
29	91	1
29	92	1
29	93	1
29	94	1
29	95	1
29	96	0
29	97	1
29	98	0
29	99	0
29	100	0
29	101	0
29	102	1
29	103	0
29	104	0
29	105	1
29	106	0
29	107	0
29	108	0
29	109	1
29	110	0
30	31	1
30	32	1
30	33	1
30	34	1
30	35	0
30	36	0
30	37	1
30	38	0
30	39	0
30	40	0
30	41	0
30	42	0
30	43	1
30	44	1
30	45	1
30	46	0
30	47	0
30	48	0
30	49	1
30	50	1
30	51	1
30	52	0
30	53	1
30	54	0
30	55	1
30	56	0
30	57	0
30	58	1
30	59	1
30	60	1
30	61	0
30	62	1
30	63	1
30	64	1
30	65	1
30	66	1
30	67	1
30	68	0
30	69	1
30	70	0
30	71	1
30	72	0
30	73	1
30	74	0
30	75	1
30	76	1
30	77	0
30	78	0
30	79	0
30	80	1
30	81	0
30	82	0
30	83	1
30	84	1
30	85	1
30	86	1
30	87	0
30	88	1
30	89	0
30	90	0
30	91	0
30	92	0
30	93	0
30	94	1
30	95	0
30	96	0
30	97	1
30	98	0
30	99	1
30	100	0
30	101	0
30	102	0
30	103	1
30	104	0
30	105	0
30	106	0
30	107	1
30	108	1
30	109	0
30	110	1
31	32	1
31	33	0
31	34	0
31	35	0
31	36	0
31	37	0
31	38	0
31	39	1
31	40	0
31	41	0
31	42	1
31	43	0
31	44	1
31	45	1
31	46	0
31	47	1
31	48	0
31	49	1
31	50	1
31	51	0
31	52	1
31	53	0
31	54	0
31	55	0
31	56	1
31	57	1
31	58	1
31	59	0
31	60	0
31	61	1
31	62	1
31	63	1
31	64	1
31	65	1
31	66	0
31	67	1
31	68	1
31	69	1
31	70	1
31	71	0
31	72	0
31	73	1
31	74	0
31	75	0
31	76	0
31	77	0
31	78	0
31	79	0
31	80	0
31	81	0
31	82	0
31	83	1
31	84	0
31	85	1
31	86	1
31	87	1
31	88	0
31	89	0
31	90	1
31	91	1
31	92	1
31	93	0
31	94	1
31	95	0
31	96	0
31	97	0
31	98	1
31	99	1
31	100	0
31	101	1
31	102	1
31	103	0
31	104	0
31	105	0
31	106	0
31	107	0
31	108	0
31	109	0
31	110	0
32	33	1
32	34	0
32	35	0
32	36	1
32	37	0
32	38	0
32	39	0
32	40	0
32	41	0
32	42	0
32	43	1
32	44	0
32	45	1
32	46	0
32	47	0
32	48	0
32	49	1
32	50	1
32	51	0
32	52	1
32	53	0
32	54	0
32	55	1
32	56	1
32	57	0
32	58	1
32	59	1
32	60	1
32	61	0
32	62	1
32	63	0
32	64	0
32	65	0
32	66	1
32	67	0
32	68	1
32	69	1
32	70	0
32	71	1
32	72	1
32	73	1
32	74	0
32	75	0
32	76	0
32	77	1
32	78	1
32	79	1
32	80	1
32	81	1
32	82	1
32	83	0
32	84	0
32	85	0
32	86	1
32	87	0
32	88	0
32	89	1
32	90	0
32	91	0
32	92	1
32	93	1
32	94	1
32	95	0
32	96	0
32	97	1
32	98	1
32	99	0
32	100	1
32	101	0
32	102	0
32	103	1
32	104	0
32	105	1
32	106	1
32	107	0
32	108	1
32	109	0
32	110	1
33	34	1
33	35	0
33	36	0
33	37	1
33	38	0
33	39	0
33	40	0
33	41	1
33	42	0
33	43	0
33	44	0
33	45	0
33	46	1
33	47	0
33	48	1
33	49	1
33	50	1
33	51	1
33	52	1
33	53	0
33	54	0
33	55	1
33	56	1
33	57	0
33	58	1
33	59	0
33	60	0
33	61	0
33	62	1
33	63	0
33	64	1
33	65	0
33	66	1
33	67	0
33	68	0
33	69	1
33	70	0
33	71	0
33	72	1
33	73	0
33	74	1
33	75	1
33	76	0
33	77	0
33	78	1
33	79	0
33	80	0
33	81	0
33	82	1
33	83	0
33	84	0
33	85	1
33	86	0
33	87	0
33	88	1
33	89	1
33	90	0
33	91	0
33	92	0
33	93	0
33	94	1
33	95	0
33	96	1
33	97	1
33	98	0
33	99	1
33	100	0
33	101	0
33	102	1
33	103	1
33	104	1
33	105	0
33	106	1
33	107	1
33	108	0
33	109	0
33	110	1
34	35	0
34	36	0
34	37	1
34	38	1
34	39	0
34	40	0
34	41	0
34	42	1
34	43	1
34	44	1
34	45	0
34	46	0
34	47	1
34	48	0
34	49	0
34	50	1
34	51	0
34	52	0
34	53	0
34	54	1
34	55	1
34	56	1
34	57	0
34	58	0
34	59	1
34	60	0
34	61	1
34	62	1
34	63	1
34	64	0
34	65	1
34	66	0
34	67	1
34	68	0
34	69	0
34	70	1
34	71	0
34	72	1
34	73	0
34	74	1
34	75	0
34	76	1
34	77	1
34	78	1
34	79	0
34	80	1
34	81	0
34	82	1
34	83	1
34	84	0
34	85	0
34	86	0
34	87	0
34	88	0
34	89	0
34	90	0
34	91	0
34	92	1
34	93	1
34	94	0
34	95	0
34	96	1
34	97	0
34	98	0
34	99	1
34	100	0
34	101	1
34	102	1
34	103	0
34	104	0
34	105	0
34	106	1
34	107	0
34	108	1
34	109	0
34	110	0
35	36	0
35	37	0
35	38	0
35	39	0
35	40	1
35	41	1
35	42	0
35	43	1
35	44	1
35	45	0
35	46	1
35	47	0
35	48	0
35	49	1
35	50	0
35	51	1
35	52	1
35	53	1
35	54	0
35	55	0
35	56	1
35	57	1
35	58	0
35	59	1
35	60	0
35	61	1
35	62	0
35	63	1
35	64	1
35	65	1
35	66	1
35	67	1
35	68	1
35	69	0
35	70	0
35	71	0
35	72	1
35	73	1
35	74	1
35	75	0
35	76	1
35	77	0
35	78	0
35	79	0
35	80	0
35	81	1
35	82	1
35	83	0
35	84	0
35	85	0
35	86	0
35	87	0
35	88	0
35	89	0
35	90	1
35	91	0
35	92	0
35	93	1
35	94	0
35	95	1
35	96	0
35	97	0
35	98	0
35	99	0
35	100	1
35	101	1
35	102	0
35	103	1
35	104	0
35	105	0
35	106	1
35	107	0
35	108	0
35	109	0
35	110	0
36	37	0
36	38	1
36	39	1
36	40	0
36	41	0
36	42	0
36	43	0
36	44	1
36	45	1
36	46	1
36	47	0
36	48	1
36	49	1
36	50	0
36	51	1
36	52	1
36	53	0
36	54	1
36	55	0
36	56	1
36	57	1
36	58	0
36	59	1
36	60	0
36	61	0
36	62	0
36	63	1
36	64	0
36	65	0
36	66	1
36	67	1
36	68	1
36	69	0
36	70	1
36	71	0
36	72	1
36	73	1
36	74	1
36	75	0
36	76	1
36	77	1
36	78	0
36	79	1
36	80	0
36	81	1
36	82	1
36	83	1
36	84	0
36	85	0
36	86	1
36	87	1
36	88	0
36	89	1
36	90	0
36	91	0
36	92	0
36	93	0
36	94	0
36	95	0
36	96	0
36	97	1
36	98	1
36	99	0
36	100	0
36	101	1
36	102	0
36	103	0
36	104	0
36	105	0
36	106	1
36	107	0
36	108	1
36	109	1
36	110	1
37	38	1
37	39	1
37	40	0
37	41	1
37	42	0
37	43	0
37	44	0
37	45	1
37	46	0
37	47	0
37	48	0
37	49	1
37	50	0
37	51	0
37	52	1
37	53	1
37	54	0
37	55	1
37	56	1
37	57	1
37	58	0
37	59	0
37	60	0
37	61	0
37	62	0
37	63	1
37	64	1
37	65	0
37	66	0
37	67	0
37	68	1
37	69	0
37	70	0
37	71	1
37	72	0
37	73	0
37	74	0
37	75	1
37	76	0
37	77	1
37	78	1
37	79	0
37	80	1
37	81	1
37	82	1
37	83	0
37	84	0
37	85	1
37	86	0
37	87	1
37	88	0
37	89	1
37	90	0
37	91	0
37	92	0
37	93	0
37	94	0
37	95	0
37	96	1
37	97	0
37	98	0
37	99	0
37	100	1
37	101	0
37	102	1
37	103	1
37	104	1
37	105	0
37	106	0
37	107	0
37	108	1
37	109	1
37	110	0
38	39	1
38	40	0
38	41	1
38	42	1
38	43	0
38	44	1
38	45	1
38	46	1
38	47	1
38	48	0
38	49	0
38	50	1
38	51	0
38	52	0
38	53	0
38	54	1
38	55	0
38	56	1
38	57	0
38	58	0
38	59	1
38	60	0
38	61	1
38	62	1
38	63	1
38	64	1
38	65	0
38	66	0
38	67	1
38	68	0
38	69	1
38	70	0
38	71	0
38	72	0
38	73	0
38	74	1
38	75	1
38	76	1
38	77	0
38	78	1
38	79	1
38	80	0
38	81	1
38	82	1
38	83	1
38	84	1
38	85	0
38	86	0
38	87	0
38	88	0
38	89	0
38	90	1
38	91	1
38	92	1
38	93	0
38	94	0
38	95	1
38	96	1
38	97	0
38	98	0
38	99	1
38	100	1
38	101	1
38	102	0
38	103	1
38	104	1
38	105	1
38	106	1
38	107	0
38	108	0
38	109	1
38	110	1
39	40	0
39	41	0
39	42	1
39	43	1
39	44	1
39	45	0
39	46	1
39	47	1
39	48	1
39	49	0
39	50	0
39	51	0
39	52	0
39	53	0
39	54	1
39	55	0
39	56	1
39	57	0
39	58	0
39	59	0
39	60	1
39	61	0
39	62	0
39	63	1
39	64	0
39	65	1
39	66	1
39	67	1
39	68	1
39	69	0
39	70	1
39	71	0
39	72	1
39	73	1
39	74	0
39	75	0
39	76	0
39	77	1
39	78	0
39	79	1
39	80	1
39	81	1
39	82	1
39	83	0
39	84	1
39	85	1
39	86	0
39	87	0
39	88	0
39	89	0
39	90	0
39	91	1
39	92	0
39	93	0
39	94	1
39	95	0
39	96	0
39	97	0
39	98	1
39	99	0
39	100	1
39	101	1
39	102	1
39	103	0
39	104	1
39	105	0
39	106	0
39	107	1
39	108	0
39	109	0
39	110	1
40	41	1
40	42	0
40	43	1
40	44	1
40	45	0
40	46	1
40	47	1
40	48	1
40	49	0
40	50	1
40	51	0
40	52	1
40	53	0
40	54	1
40	55	0
40	56	0
40	57	1
40	58	0
40	59	0
40	60	0
40	61	0
40	62	1
40	63	1
40	64	0
40	65	0
40	66	1
40	67	0
40	68	1
40	69	0
40	70	1
40	71	1
40	72	1
40	73	1
40	74	1
40	75	1
40	76	0
40	77	1
40	78	0
40	79	0
40	80	1
40	81	1
40	82	0
40	83	1
40	84	0
40	85	1
40	86	0
40	87	0
40	88	0
40	89	1
40	90	1
40	91	0
40	92	0
40	93	0
40	94	0
40	95	0
40	96	1
40	97	1
40	98	0
40	99	1
40	100	0
40	101	0
40	102	1
40	103	0
40	104	0
40	105	1
40	106	0
40	107	1
40	108	0
40	109	0
40	110	0
41	42	0
41	43	1
41	44	1
41	45	1
41	46	1
41	47	1
41	48	0
41	49	1
41	50	1
41	51	1
41	52	0
41	53	1
41	54	0
41	55	1
41	56	1
41	57	1
41	58	1
41	59	0
41	60	0
41	61	0
41	62	1
41	63	1
41	64	1
41	65	0
41	66	1
41	67	0
41	68	0
41	69	0
41	70	0
41	71	1
41	72	1
41	73	1
41	74	1
41	75	1
41	76	0
41	77	1
41	78	1
41	79	0
41	80	1
41	81	0
41	82	0
41	83	1
41	84	1
41	85	0
41	86	1
41	87	0
41	88	0
41	89	0
41	90	0
41	91	1
41	92	0
41	93	0
41	94	0
41	95	1
41	96	1
41	97	0
41	98	1
41	99	1
41	100	1
41	101	1
41	102	1
41	103	0
41	104	0
41	105	1
41	106	1
41	107	1
41	108	1
41	109	1
41	110	0
42	43	1
42	44	0
42	45	1
42	46	0
42	47	0
42	48	1
42	49	1
42	50	1
42	51	1
42	52	0
42	53	0
42	54	0
42	55	1
42	56	0
42	57	1
42	58	0
42	59	0
42	60	0
42	61	1
42	62	1
42	63	0
42	64	1
42	65	0
42	66	0
42	67	1
42	68	0
42	69	0
42	70	1
42	71	1
42	72	1
42	73	0
42	74	1
42	75	0
42	76	1
42	77	0
42	78	0
42	79	0
42	80	1
42	81	1
42	82	0
42	83	1
42	84	1
42	85	0
42	86	1
42	87	1
42	88	1
42	89	0
42	90	0
42	91	1
42	92	0
42	93	1
42	94	0
42	95	0
42	96	1
42	97	0
42	98	0
42	99	0
42	100	1
42	101	1
42	102	0
42	103	0
42	104	0
42	105	0
42	106	1
42	107	0
42	108	0
42	109	0
42	110	0
43	44	0
43	45	1
43	46	0
43	47	1
43	48	1
43	49	0
43	50	0
43	51	0
43	52	0
43	53	0
43	54	0
43	55	0
43	56	0
43	57	0
43	58	1
43	59	0
43	60	1
43	61	1
43	62	1
43	63	1
43	64	0
43	65	1
43	66	1
43	67	1
43	68	0
43	69	1
43	70	0
43	71	0
43	72	0
43	73	1
43	74	0
43	75	1
43	76	1
43	77	0
43	78	0
43	79	0
43	80	0
43	81	1
43	82	0
43	83	0
43	84	0
43	85	1
43	86	0
43	87	0
43	88	1
43	89	0
43	90	1
43	91	1
43	92	1
43	93	0
43	94	0
43	95	0
43	96	1
43	97	1
43	98	1
43	99	0
43	100	1
43	101	1
43	102	1
43	103	1
43	104	0
43	105	0
43	106	0
43	107	1
43	108	0
43	109	1
43	110	1
44	45	0
44	46	1
44	47	0
44	48	0
44	49	0
44	50	0
44	51	1
44	52	1
44	53	0
44	54	0
44	55	0
44	56	0
44	57	0
44	58	0
44	59	0
44	60	0
44	61	0
44	62	1
44	63	1
44	64	0
44	65	0
44	66	1
44	67	0
44	68	0
44	69	0
44	70	0
44	71	0
44	72	1
44	73	1
44	74	0
44	75	0
44	76	0
44	77	1
44	78	1
44	79	0
44	80	1
44	81	1
44	82	1
44	83	1
44	84	0
44	85	0
44	86	0
44	87	1
44	88	0
44	89	1
44	90	0
44	91	1
44	92	0
44	93	1
44	94	1
44	95	0
44	96	1
44	97	1
44	98	1
44	99	1
44	100	0
44	101	1
44	102	0
44	103	0
44	104	1
44	105	1
44	106	1
44	107	0
44	108	0
44	109	1
44	110	1
45	46	0
45	47	0
45	48	0
45	49	1
45	50	0
45	51	1
45	52	1
45	53	1
45	54	0
45	55	0
45	56	0
45	57	1
45	58	0
45	59	1
45	60	0
45	61	0
45	62	0
45	63	1
45	64	0
45	65	0
45	66	0
45	67	0
45	68	1
45	69	0
45	70	0
45	71	1
45	72	1
45	73	0
45	74	0
45	75	1
45	76	1
45	77	0
45	78	1
45	79	0
45	80	0
45	81	0
45	82	1
45	83	1
45	84	0
45	85	0
45	86	1
45	87	0
45	88	0
45	89	0
45	90	0
45	91	1
45	92	0
45	93	0
45	94	1
45	95	1
45	96	0
45	97	1
45	98	0
45	99	1
45	100	0
45	101	1
45	102	0
45	103	1
45	104	0
45	105	0
45	106	1
45	107	0
45	108	0
45	109	1
45	110	1
46	47	0
46	48	0
46	49	0
46	50	0
46	51	0
46	52	0
46	53	0
46	54	0
46	55	1
46	56	0
46	57	1
46	58	0
46	59	1
46	60	0
46	61	1
46	62	0
46	63	0
46	64	1
46	65	1
46	66	0
46	67	1
46	68	0
46	69	1
46	70	0
46	71	1
46	72	0
46	73	0
46	74	1
46	75	1
46	76	0
46	77	0
46	78	1
46	79	1
46	80	0
46	81	0
46	82	1
46	83	1
46	84	0
46	85	1
46	86	1
46	87	0
46	88	1
46	89	0
46	90	1
46	91	1
46	92	1
46	93	0
46	94	0
46	95	1
46	96	0
46	97	0
46	98	1
46	99	1
46	100	1
46	101	1
46	102	0
46	103	1
46	104	0
46	105	0
46	106	1
46	107	0
46	108	0
46	109	0
46	110	1
47	48	0
47	49	1
47	50	0
47	51	0
47	52	1
47	53	1
47	54	0
47	55	0
47	56	1
47	57	1
47	58	0
47	59	1
47	60	1
47	61	1
47	62	0
47	63	1
47	64	0
47	65	1
47	66	0
47	67	1
47	68	1
47	69	0
47	70	1
47	71	0
47	72	0
47	73	0
47	74	0
47	75	1
47	76	1
47	77	0
47	78	0
47	79	0
47	80	0
47	81	1
47	82	1
47	83	0
47	84	0
47	85	1
47	86	1
47	87	0
47	88	1
47	89	0
47	90	0
47	91	0
47	92	1
47	93	0
47	94	1
47	95	0
47	96	0
47	97	1
47	98	1
47	99	0
47	100	1
47	101	1
47	102	0
47	103	1
47	104	0
47	105	1
47	106	1
47	107	1
47	108	0
47	109	0
47	110	1
48	49	1
48	50	1
48	51	0
48	52	0
48	53	1
48	54	1
48	55	1
48	56	0
48	57	0
48	58	1
48	59	0
48	60	1
48	61	1
48	62	1
48	63	1
48	64	0
48	65	1
48	66	0
48	67	0
48	68	0
48	69	0
48	70	0
48	71	1
48	72	0
48	73	1
48	74	1
48	75	0
48	76	0
48	77	1
48	78	1
48	79	1
48	80	0
48	81	0
48	82	0
48	83	0
48	84	0
48	85	0
48	86	1
48	87	0
48	88	1
48	89	1
48	90	0
48	91	1
48	92	1
48	93	1
48	94	1
48	95	1
48	96	1
48	97	0
48	98	1
48	99	1
48	100	1
48	101	1
48	102	1
48	103	1
48	104	1
48	105	0
48	106	1
48	107	1
48	108	0
48	109	0
48	110	0
49	50	1
49	51	1
49	52	0
49	53	1
49	54	0
49	55	0
49	56	0
49	57	1
49	58	1
49	59	0
49	60	1
49	61	1
49	62	0
49	63	1
49	64	1
49	65	0
49	66	0
49	67	1
49	68	0
49	69	0
49	70	0
49	71	0
49	72	0
49	73	0
49	74	0
49	75	1
49	76	1
49	77	0
49	78	1
49	79	1
49	80	0
49	81	1
49	82	0
49	83	0
49	84	1
49	85	0
49	86	0
49	87	1
49	88	0
49	89	0
49	90	1
49	91	1
49	92	0
49	93	1
49	94	1
49	95	0
49	96	0
49	97	0
49	98	1
49	99	1
49	100	1
49	101	0
49	102	0
49	103	0
49	104	1
49	105	0
49	106	1
49	107	1
49	108	0
49	109	1
49	110	0
50	51	1
50	52	0
50	53	1
50	54	1
50	55	1
50	56	0
50	57	1
50	58	1
50	59	1
50	60	0
50	61	1
50	62	0
50	63	0
50	64	0
50	65	0
50	66	0
50	67	1
50	68	0
50	69	0
50	70	0
50	71	0
50	72	0
50	73	0
50	74	0
50	75	1
50	76	0
50	77	0
50	78	0
50	79	1
50	80	1
50	81	0
50	82	0
50	83	0
50	84	0
50	85	0
50	86	0
50	87	1
50	88	1
50	89	0
50	90	0
50	91	0
50	92	1
50	93	1
50	94	0
50	95	1
50	96	0
50	97	1
50	98	0
50	99	1
50	100	1
50	101	1
50	102	0
50	103	1
50	104	1
50	105	0
50	106	1
50	107	1
50	108	1
50	109	0
50	110	1
51	52	1
51	53	1
51	54	1
51	55	0
51	56	1
51	57	1
51	58	1
51	59	1
51	60	1
51	61	0
51	62	0
51	63	0
51	64	1
51	65	1
51	66	1
51	67	1
51	68	0
51	69	0
51	70	0
51	71	0
51	72	0
51	73	0
51	74	0
51	75	0
51	76	1
51	77	1
51	78	1
51	79	1
51	80	1
51	81	0
51	82	1
51	83	0
51	84	0
51	85	1
51	86	1
51	87	1
51	88	1
51	89	0
51	90	0
51	91	0
51	92	1
51	93	1
51	94	0
51	95	0
51	96	1
51	97	0
51	98	1
51	99	0
51	100	1
51	101	1
51	102	0
51	103	0
51	104	0
51	105	1
51	106	0
51	107	0
51	108	0
51	109	0
51	110	0
52	53	1
52	54	1
52	55	1
52	56	0
52	57	1
52	58	1
52	59	1
52	60	0
52	61	0
52	62	1
52	63	0
52	64	0
52	65	0
52	66	0
52	67	0
52	68	1
52	69	1
52	70	0
52	71	0
52	72	0
52	73	1
52	74	1
52	75	1
52	76	0
52	77	0
52	78	1
52	79	1
52	80	0
52	81	0
52	82	1
52	83	1
52	84	0
52	85	0
52	86	1
52	87	0
52	88	1
52	89	1
52	90	1
52	91	0
52	92	0
52	93	1
52	94	1
52	95	1
52	96	0
52	97	0
52	98	1
52	99	1
52	100	0
52	101	1
52	102	1
52	103	1
52	104	1
52	105	1
52	106	0
52	107	1
52	108	1
52	109	0
52	110	1
53	54	1
53	55	1
53	56	1
53	57	0
53	58	1
53	59	0
53	60	1
53	61	0
53	62	0
53	63	1
53	64	1
53	65	0
53	66	0
53	67	1
53	68	1
53	69	0
53	70	1
53	71	1
53	72	1
53	73	0
53	74	1
53	75	0
53	76	0
53	77	0
53	78	1
53	79	1
53	80	1
53	81	0
53	82	0
53	83	1
53	84	1
53	85	1
53	86	1
53	87	0
53	88	0
53	89	1
53	90	1
53	91	1
53	92	0
53	93	1
53	94	1
53	95	0
53	96	1
53	97	1
53	98	0
53	99	0
53	100	1
53	101	0
53	102	1
53	103	0
53	104	0
53	105	1
53	106	0
53	107	1
53	108	1
53	109	1
53	110	1
54	55	0
54	56	0
54	57	1
54	58	0
54	59	1
54	60	1
54	61	0
54	62	1
54	63	0
54	64	1
54	65	0
54	66	0
54	67	1
54	68	0
54	69	0
54	70	0
54	71	0
54	72	0
54	73	0
54	74	1
54	75	1
54	76	1
54	77	0
54	78	0
54	79	1
54	80	0
54	81	0
54	82	0
54	83	1
54	84	0
54	85	0
54	86	0
54	87	0
54	88	0
54	89	1
54	90	0
54	91	0
54	92	0
54	93	0
54	94	0
54	95	0
54	96	1
54	97	0
54	98	0
54	99	0
54	100	1
54	101	0
54	102	0
54	103	1
54	104	0
54	105	1
54	106	0
54	107	1
54	108	1
54	109	1
54	110	1
55	56	1
55	57	0
55	58	1
55	59	0
55	60	1
55	61	1
55	62	0
55	63	1
55	64	1
55	65	0
55	66	1
55	67	0
55	68	1
55	69	0
55	70	1
55	71	0
55	72	1
55	73	1
55	74	1
55	75	1
55	76	1
55	77	1
55	78	1
55	79	0
55	80	1
55	81	0
55	82	0
55	83	1
55	84	0
55	85	1
55	86	0
55	87	0
55	88	1
55	89	1
55	90	1
55	91	1
55	92	1
55	93	0
55	94	1
55	95	1
55	96	1
55	97	1
55	98	1
55	99	1
55	100	1
55	101	1
55	102	0
55	103	1
55	104	0
55	105	0
55	106	0
55	107	1
55	108	0
55	109	1
55	110	1
56	57	1
56	58	1
56	59	0
56	60	0
56	61	1
56	62	1
56	63	0
56	64	1
56	65	1
56	66	1
56	67	0
56	68	1
56	69	1
56	70	0
56	71	0
56	72	1
56	73	0
56	74	0
56	75	1
56	76	0
56	77	1
56	78	0
56	79	0
56	80	0
56	81	1
56	82	1
56	83	1
56	84	0
56	85	1
56	86	0
56	87	1
56	88	1
56	89	0
56	90	1
56	91	0
56	92	0
56	93	1
56	94	0
56	95	1
56	96	0
56	97	0
56	98	0
56	99	0
56	100	0
56	101	1
56	102	0
56	103	0
56	104	1
56	105	0
56	106	1
56	107	0
56	108	1
56	109	1
56	110	1
57	58	0
57	59	1
57	60	0
57	61	0
57	62	1
57	63	1
57	64	1
57	65	1
57	66	1
57	67	0
57	68	1
57	69	1
57	70	0
57	71	0
57	72	0
57	73	1
57	74	1
57	75	0
57	76	0
57	77	1
57	78	1
57	79	1
57	80	0
57	81	0
57	82	1
57	83	0
57	84	1
57	85	0
57	86	0
57	87	0
57	88	0
57	89	0
57	90	1
57	91	1
57	92	0
57	93	1
57	94	1
57	95	0
57	96	1
57	97	1
57	98	0
57	99	1
57	100	0
57	101	1
57	102	1
57	103	1
57	104	0
57	105	0
57	106	1
57	107	1
57	108	0
57	109	1
57	110	1
58	59	1
58	60	1
58	61	0
58	62	0
58	63	1
58	64	1
58	65	0
58	66	0
58	67	0
58	68	0
58	69	1
58	70	1
58	71	0
58	72	1
58	73	1
58	74	0
58	75	1
58	76	0
58	77	1
58	78	0
58	79	1
58	80	0
58	81	1
58	82	1
58	83	0
58	84	1
58	85	1
58	86	0
58	87	0
58	88	0
58	89	1
58	90	1
58	91	1
58	92	1
58	93	1
58	94	1
58	95	1
58	96	1
58	97	0
58	98	0
58	99	0
58	100	1
58	101	1
58	102	1
58	103	1
58	104	0
58	105	0
58	106	0
58	107	0
58	108	0
58	109	0
58	110	1
59	60	0
59	61	1
59	62	0
59	63	1
59	64	1
59	65	0
59	66	1
59	67	0
59	68	0
59	69	0
59	70	1
59	71	0
59	72	0
59	73	1
59	74	1
59	75	0
59	76	0
59	77	0
59	78	1
59	79	0
59	80	1
59	81	0
59	82	1
59	83	1
59	84	0
59	85	1
59	86	1
59	87	0
59	88	0
59	89	0
59	90	1
59	91	0
59	92	1
59	93	1
59	94	1
59	95	1
59	96	1
59	97	1
59	98	0
59	99	1
59	100	1
59	101	1
59	102	0
59	103	0
59	104	0
59	105	1
59	106	1
59	107	1
59	108	1
59	109	0
59	110	1
60	61	0
60	62	1
60	63	0
60	64	1
60	65	0
60	66	0
60	67	1
60	68	1
60	69	1
60	70	0
60	71	0
60	72	1
60	73	0
60	74	1
60	75	1
60	76	0
60	77	0
60	78	0
60	79	1
60	80	0
60	81	0
60	82	0
60	83	0
60	84	0
60	85	0
60	86	0
60	87	0
60	88	1
60	89	1
60	90	0
60	91	0
60	92	1
60	93	0
60	94	1
60	95	0
60	96	0
60	97	0
60	98	1
60	99	0
60	100	0
60	101	0
60	102	0
60	103	1
60	104	0
60	105	1
60	106	0
60	107	1
60	108	0
60	109	0
60	110	1
61	62	1
61	63	0
61	64	0
61	65	1
61	66	0
61	67	1
61	68	0
61	69	0
61	70	1
61	71	1
61	72	0
61	73	1
61	74	0
61	75	1
61	76	1
61	77	1
61	78	0
61	79	0
61	80	0
61	81	1
61	82	1
61	83	0
61	84	1
61	85	0
61	86	1
61	87	0
61	88	0
61	89	0
61	90	0
61	91	0
61	92	1
61	93	0
61	94	0
61	95	1
61	96	0
61	97	1
61	98	1
61	99	0
61	100	0
61	101	1
61	102	0
61	103	1
61	104	1
61	105	1
61	106	1
61	107	1
61	108	1
61	109	1
61	110	1
62	63	0
62	64	1
62	65	1
62	66	0
62	67	1
62	68	1
62	69	1
62	70	0
62	71	0
62	72	0
62	73	1
62	74	1
62	75	0
62	76	0
62	77	0
62	78	1
62	79	0
62	80	1
62	81	0
62	82	1
62	83	1
62	84	0
62	85	1
62	86	1
62	87	1
62	88	1
62	89	1
62	90	0
62	91	0
62	92	1
62	93	1
62	94	1
62	95	1
62	96	1
62	97	1
62	98	0
62	99	0
62	100	1
62	101	1
62	102	1
62	103	0
62	104	1
62	105	0
62	106	1
62	107	1
62	108	0
62	109	1
62	110	1
63	64	1
63	65	0
63	66	1
63	67	1
63	68	1
63	69	1
63	70	1
63	71	0
63	72	0
63	73	0
63	74	1
63	75	1
63	76	1
63	77	0
63	78	1
63	79	1
63	80	0
63	81	1
63	82	1
63	83	0
63	84	1
63	85	1
63	86	0
63	87	0
63	88	1
63	89	1
63	90	1
63	91	0
63	92	1
63	93	0
63	94	1
63	95	0
63	96	0
63	97	0
63	98	1
63	99	1
63	100	0
63	101	1
63	102	1
63	103	1
63	104	0
63	105	0
63	106	1
63	107	0
63	108	0
63	109	1
63	110	0
64	65	1
64	66	0
64	67	1
64	68	0
64	69	0
64	70	0
64	71	1
64	72	0
64	73	0
64	74	0
64	75	1
64	76	0
64	77	1
64	78	1
64	79	1
64	80	1
64	81	0
64	82	0
64	83	0
64	84	0
64	85	0
64	86	0
64	87	0
64	88	0
64	89	0
64	90	1
64	91	1
64	92	0
64	93	0
64	94	1
64	95	0
64	96	1
64	97	0
64	98	1
64	99	1
64	100	0
64	101	0
64	102	1
64	103	0
64	104	1
64	105	0
64	106	0
64	107	0
64	108	0
64	109	1
64	110	0
65	66	1
65	67	0
65	68	1
65	69	0
65	70	1
65	71	0
65	72	0
65	73	1
65	74	1
65	75	1
65	76	0
65	77	0
65	78	1
65	79	1
65	80	0
65	81	0
65	82	0
65	83	1
65	84	1
65	85	1
65	86	1
65	87	0
65	88	1
65	89	1
65	90	1
65	91	1
65	92	0
65	93	1
65	94	0
65	95	0
65	96	1
65	97	0
65	98	0
65	99	0
65	100	0
65	101	1
65	102	1
65	103	0
65	104	0
65	105	1
65	106	1
65	107	1
65	108	0
65	109	1
65	110	0
66	67	0
66	68	0
66	69	1
66	70	1
66	71	1
66	72	1
66	73	0
66	74	1
66	75	0
66	76	0
66	77	0
66	78	0
66	79	0
66	80	0
66	81	0
66	82	0
66	83	0
66	84	0
66	85	1
66	86	1
66	87	0
66	88	0
66	89	1
66	90	0
66	91	0
66	92	1
66	93	1
66	94	0
66	95	0
66	96	1
66	97	0
66	98	0
66	99	0
66	100	1
66	101	0
66	102	0
66	103	1
66	104	1
66	105	0
66	106	0
66	107	0
66	108	1
66	109	0
66	110	1
67	68	0
67	69	0
67	70	0
67	71	1
67	72	1
67	73	1
67	74	0
67	75	0
67	76	0
67	77	0
67	78	1
67	79	1
67	80	1
67	81	0
67	82	0
67	83	0
67	84	1
67	85	1
67	86	0
67	87	0
67	88	0
67	89	0
67	90	0
67	91	0
67	92	1
67	93	1
67	94	0
67	95	0
67	96	1
67	97	1
67	98	1
67	99	0
67	100	1
67	101	1
67	102	0
67	103	1
67	104	1
67	105	0
67	106	1
67	107	1
67	108	0
67	109	1
67	110	1
68	69	0
68	70	1
68	71	1
68	72	1
68	73	1
68	74	1
68	75	0
68	76	1
68	77	1
68	78	1
68	79	1
68	80	0
68	81	0
68	82	1
68	83	1
68	84	0
68	85	1
68	86	0
68	87	1
68	88	0
68	89	0
68	90	1
68	91	1
68	92	0
68	93	0
68	94	1
68	95	0
68	96	0
68	97	1
68	98	0
68	99	0
68	100	0
68	101	0
68	102	1
68	103	1
68	104	1
68	105	0
68	106	0
68	107	0
68	108	1
68	109	0
68	110	1
69	70	0
69	71	0
69	72	1
69	73	1
69	74	0
69	75	1
69	76	1
69	77	0
69	78	0
69	79	0
69	80	0
69	81	1
69	82	0
69	83	1
69	84	1
69	85	0
69	86	1
69	87	1
69	88	1
69	89	0
69	90	1
69	91	0
69	92	1
69	93	0
69	94	1
69	95	0
69	96	1
69	97	1
69	98	1
69	99	1
69	100	1
69	101	0
69	102	0
69	103	1
69	104	0
69	105	0
69	106	0
69	107	0
69	108	1
69	109	1
69	110	1
70	71	0
70	72	0
70	73	1
70	74	1
70	75	1
70	76	1
70	77	1
70	78	1
70	79	0
70	80	0
70	81	1
70	82	0
70	83	0
70	84	0
70	85	0
70	86	1
70	87	1
70	88	1
70	89	0
70	90	0
70	91	1
70	92	1
70	93	0
70	94	0
70	95	1
70	96	1
70	97	1
70	98	1
70	99	1
70	100	1
70	101	1
70	102	1
70	103	0
70	104	1
70	105	0
70	106	1
70	107	1
70	108	0
70	109	1
70	110	1
71	72	0
71	73	1
71	74	1
71	75	1
71	76	0
71	77	0
71	78	0
71	79	1
71	80	1
71	81	1
71	82	0
71	83	1
71	84	1
71	85	0
71	86	0
71	87	1
71	88	1
71	89	0
71	90	1
71	91	1
71	92	0
71	93	0
71	94	0
71	95	0
71	96	0
71	97	1
71	98	0
71	99	1
71	100	1
71	101	0
71	102	0
71	103	0
71	104	0
71	105	0
71	106	1
71	107	0
71	108	0
71	109	0
71	110	0
72	73	0
72	74	1
72	75	1
72	76	0
72	77	0
72	78	1
72	79	0
72	80	1
72	81	0
72	82	0
72	83	0
72	84	1
72	85	0
72	86	0
72	87	0
72	88	1
72	89	0
72	90	0
72	91	0
72	92	0
72	93	0
72	94	0
72	95	0
72	96	1
72	97	0
72	98	0
72	99	0
72	100	1
72	101	1
72	102	0
72	103	0
72	104	0
72	105	1
72	106	0
72	107	1
72	108	0
72	109	1
72	110	1
73	74	1
73	75	1
73	76	0
73	77	1
73	78	0
73	79	0
73	80	0
73	81	0
73	82	0
73	83	1
73	84	0
73	85	1
73	86	1
73	87	0
73	88	1
73	89	0
73	90	1
73	91	0
73	92	1
73	93	1
73	94	1
73	95	0
73	96	1
73	97	0
73	98	0
73	99	1
73	100	0
73	101	1
73	102	0
73	103	0
73	104	1
73	105	0
73	106	0
73	107	1
73	108	1
73	109	0
73	110	1
74	75	1
74	76	1
74	77	0
74	78	0
74	79	1
74	80	1
74	81	1
74	82	0
74	83	1
74	84	1
74	85	1
74	86	0
74	87	1
74	88	1
74	89	0
74	90	0
74	91	1
74	92	1
74	93	0
74	94	0
74	95	0
74	96	1
74	97	0
74	98	1
74	99	1
74	100	0
74	101	0
74	102	1
74	103	1
74	104	1
74	105	1
74	106	1
74	107	0
74	108	0
74	109	0
74	110	1
75	76	0
75	77	0
75	78	1
75	79	1
75	80	1
75	81	1
75	82	0
75	83	1
75	84	1
75	85	0
75	86	0
75	87	0
75	88	0
75	89	1
75	90	1
75	91	1
75	92	0
75	93	1
75	94	1
75	95	0
75	96	0
75	97	1
75	98	1
75	99	0
75	100	0
75	101	0
75	102	0
75	103	0
75	104	1
75	105	0
75	106	0
75	107	1
75	108	0
75	109	1
75	110	1
76	77	0
76	78	0
76	79	1
76	80	1
76	81	0
76	82	0
76	83	0
76	84	1
76	85	1
76	86	1
76	87	1
76	88	0
76	89	1
76	90	1
76	91	1
76	92	0
76	93	1
76	94	1
76	95	1
76	96	1
76	97	0
76	98	0
76	99	1
76	100	1
76	101	1
76	102	0
76	103	1
76	104	0
76	105	0
76	106	0
76	107	1
76	108	1
76	109	0
76	110	1
77	78	0
77	79	1
77	80	0
77	81	0
77	82	1
77	83	0
77	84	0
77	85	0
77	86	0
77	87	1
77	88	1
77	89	1
77	90	0
77	91	0
77	92	1
77	93	0
77	94	0
77	95	1
77	96	0
77	97	1
77	98	0
77	99	1
77	100	1
77	101	1
77	102	1
77	103	0
77	104	0
77	105	0
77	106	1
77	107	0
77	108	0
77	109	1
77	110	0
78	79	0
78	80	1
78	81	1
78	82	0
78	83	1
78	84	0
78	85	0
78	86	1
78	87	1
78	88	0
78	89	1
78	90	1
78	91	1
78	92	1
78	93	0
78	94	1
78	95	1
78	96	0
78	97	0
78	98	0
78	99	1
78	100	0
78	101	0
78	102	0
78	103	0
78	104	1
78	105	1
78	106	1
78	107	0
78	108	0
78	109	0
78	110	0
79	80	0
79	81	0
79	82	0
79	83	0
79	84	0
79	85	0
79	86	0
79	87	0
79	88	0
79	89	0
79	90	1
79	91	0
79	92	0
79	93	0
79	94	0
79	95	0
79	96	1
79	97	0
79	98	0
79	99	1
79	100	0
79	101	1
79	102	1
79	103	0
79	104	0
79	105	1
79	106	1
79	107	0
79	108	0
79	109	1
79	110	1
80	81	0
80	82	1
80	83	1
80	84	1
80	85	0
80	86	1
80	87	0
80	88	1
80	89	1
80	90	0
80	91	0
80	92	1
80	93	1
80	94	1
80	95	1
80	96	0
80	97	1
80	98	1
80	99	1
80	100	1
80	101	0
80	102	0
80	103	0
80	104	0
80	105	1
80	106	0
80	107	0
80	108	1
80	109	1
80	110	1
81	82	0
81	83	1
81	84	1
81	85	0
81	86	0
81	87	0
81	88	1
81	89	1
81	90	0
81	91	0
81	92	0
81	93	0
81	94	0
81	95	1
81	96	0
81	97	0
81	98	1
81	99	1
81	100	1
81	101	1
81	102	0
81	103	0
81	104	1
81	105	1
81	106	0
81	107	1
81	108	0
81	109	0
81	110	1
82	83	1
82	84	1
82	85	0
82	86	1
82	87	0
82	88	0
82	89	1
82	90	0
82	91	0
82	92	1
82	93	0
82	94	0
82	95	0
82	96	1
82	97	0
82	98	1
82	99	0
82	100	1
82	101	1
82	102	0
82	103	1
82	104	0
82	105	0
82	106	0
82	107	1
82	108	1
82	109	1
82	110	1
83	84	1
83	85	1
83	86	1
83	87	1
83	88	0
83	89	1
83	90	1
83	91	1
83	92	0
83	93	0
83	94	1
83	95	1
83	96	1
83	97	1
83	98	1
83	99	0
83	100	1
83	101	1
83	102	1
83	103	1
83	104	1
83	105	1
83	106	0
83	107	0
83	108	1
83	109	1
83	110	0
84	85	0
84	86	0
84	87	1
84	88	1
84	89	0
84	90	1
84	91	0
84	92	1
84	93	1
84	94	1
84	95	0
84	96	0
84	97	0
84	98	1
84	99	0
84	100	0
84	101	0
84	102	1
84	103	0
84	104	1
84	105	0
84	106	1
84	107	0
84	108	1
84	109	0
84	110	0
85	86	1
85	87	0
85	88	0
85	89	0
85	90	0
85	91	0
85	92	1
85	93	0
85	94	0
85	95	0
85	96	1
85	97	1
85	98	0
85	99	0
85	100	0
85	101	0
85	102	1
85	103	1
85	104	0
85	105	0
85	106	1
85	107	0
85	108	0
85	109	1
85	110	1
86	87	0
86	88	1
86	89	0
86	90	0
86	91	1
86	92	1
86	93	1
86	94	1
86	95	0
86	96	1
86	97	1
86	98	0
86	99	0
86	100	1
86	101	1
86	102	0
86	103	0
86	104	1
86	105	1
86	106	0
86	107	0
86	108	1
86	109	0
86	110	1
87	88	1
87	89	1
87	90	0
87	91	0
87	92	1
87	93	0
87	94	0
87	95	1
87	96	1
87	97	1
87	98	0
87	99	1
87	100	0
87	101	0
87	102	1
87	103	1
87	104	0
87	105	1
87	106	1
87	107	0
87	108	1
87	109	0
87	110	1
88	89	0
88	90	1
88	91	0
88	92	1
88	93	1
88	94	1
88	95	0
88	96	1
88	97	0
88	98	1
88	99	1
88	100	1
88	101	0
88	102	0
88	103	0
88	104	1
88	105	0
88	106	0
88	107	1
88	108	0
88	109	1
88	110	1
89	90	1
89	91	1
89	92	0
89	93	1
89	94	1
89	95	0
89	96	0
89	97	0
89	98	0
89	99	1
89	100	0
89	101	0
89	102	0
89	103	1
89	104	1
89	105	0
89	106	1
89	107	1
89	108	1
89	109	1
89	110	1
90	91	1
90	92	1
90	93	0
90	94	1
90	95	0
90	96	0
90	97	1
90	98	1
90	99	0
90	100	0
90	101	1
90	102	0
90	103	0
90	104	0
90	105	1
90	106	0
90	107	0
90	108	0
90	109	0
90	110	0
91	92	0
91	93	1
91	94	1
91	95	1
91	96	0
91	97	1
91	98	0
91	99	0
91	100	1
91	101	1
91	102	1
91	103	0
91	104	1
91	105	1
91	106	1
91	107	1
91	108	1
91	109	1
91	110	1
92	93	1
92	94	1
92	95	1
92	96	1
92	97	1
92	98	0
92	99	1
92	100	1
92	101	0
92	102	1
92	103	1
92	104	0
92	105	1
92	106	1
92	107	1
92	108	0
92	109	0
92	110	1
93	94	0
93	95	0
93	96	1
93	97	0
93	98	0
93	99	0
93	100	0
93	101	1
93	102	1
93	103	0
93	104	1
93	105	0
93	106	1
93	107	0
93	108	1
93	109	0
93	110	1
94	95	0
94	96	0
94	97	0
94	98	0
94	99	0
94	100	0
94	101	0
94	102	0
94	103	0
94	104	0
94	105	1
94	106	0
94	107	1
94	108	0
94	109	1
94	110	0
95	96	0
95	97	1
95	98	0
95	99	1
95	100	1
95	101	1
95	102	1
95	103	1
95	104	0
95	105	0
95	106	0
95	107	0
95	108	0
95	109	1
95	110	1
96	97	1
96	98	1
96	99	1
96	100	1
96	101	0
96	102	0
96	103	1
96	104	0
96	105	1
96	106	1
96	107	0
96	108	1
96	109	0
96	110	0
97	98	1
97	99	1
97	100	1
97	101	1
97	102	0
97	103	0
97	104	1
97	105	0
97	106	0
97	107	1
97	108	0
97	109	0
97	110	0
98	99	0
98	100	0
98	101	0
98	102	0
98	103	1
98	104	0
98	105	0
98	106	1
98	107	1
98	108	1
98	109	1
98	110	0
99	100	1
99	101	1
99	102	0
99	103	1
99	104	0
99	105	1
99	106	0
99	107	0
99	108	1
99	109	1
99	110	1
100	101	0
100	102	1
100	103	0
100	104	1
100	105	0
100	106	1
100	107	0
100	108	1
100	109	1
100	110	0
101	102	1
101	103	1
101	104	0
101	105	1
101	106	0
101	107	1
101	108	1
101	109	0
101	110	1
102	103	0
102	104	1
102	105	1
102	106	0
102	107	0
102	108	0
102	109	1
102	110	1
103	104	1
103	105	1
103	106	0
103	107	0
103	108	1
103	109	0
103	110	0
104	105	0
104	106	1
104	107	0
104	108	0
104	109	0
104	110	0
105	106	0
105	107	0
105	108	1
105	109	1
105	110	0
106	107	0
106	108	1
106	109	1
106	110	1
107	108	1
107	109	0
107	110	1
108	109	1
108	110	1
109	110	0
