110	5995	0
1	2	1
1	3	1
1	4	1
1	5	1
1	6	0
1	7	0
1	8	0
1	9	0
1	10	0
1	11	1
1	12	0
1	13	1
1	14	1
1	15	1
1	16	0
1	17	1
1	18	0
1	19	1
1	20	0
1	21	1
1	22	0
1	23	0
1	24	1
1	25	1
1	26	0
1	27	1
1	28	0
1	29	0
1	30	0
1	31	1
1	32	0
1	33	0
1	34	1
1	35	1
1	36	1
1	37	1
1	38	0
1	39	1
1	40	1
1	41	1
1	42	0
1	43	1
1	44	1
1	45	1
1	46	0
1	47	1
1	48	0
1	49	0
1	50	1
1	51	0
1	52	1
1	53	1
1	54	1
1	55	1
1	56	1
1	57	1
1	58	0
1	59	1
1	60	0
1	61	0
1	62	1
1	63	1
1	64	0
1	65	1
1	66	1
1	67	1
1	68	0
1	69	0
1	70	0
1	71	1
1	72	0
1	73	0
1	74	0
1	75	0
1	76	0
1	77	1
1	78	1
1	79	0
1	80	0
1	81	0
1	82	1
1	83	1
1	84	1
1	85	0
1	86	1
1	87	1
1	88	0
1	89	0
1	90	1
1	91	1
1	92	1
1	93	1
1	94	1
1	95	1
1	96	1
1	97	1
1	98	0
1	99	1
1	100	1
1	101	0
1	102	1
1	103	1
1	104	1
1	105	0
1	106	1
1	107	1
1	108	1
1	109	0
1	110	1
2	3	1
2	4	0
2	5	1
2	6	1
2	7	0
2	8	0
2	9	1
2	10	0
2	11	1
2	12	1
2	13	0
2	14	0
2	15	1
2	16	0
2	17	0
2	18	0
2	19	1
2	20	0
2	21	1
2	22	1
2	23	0
2	24	1
2	25	1
2	26	0
2	27	1
2	28	0
2	29	1
2	30	1
2	31	0
2	32	0
2	33	0
2	34	1
2	35	0
2	36	0
2	37	1
2	38	0
2	39	1
2	40	1
2	41	1
2	42	0
2	43	0
2	44	0
2	45	0
2	46	1
2	47	0
2	48	0
2	49	1
2	50	1
2	51	0
2	52	1
2	53	0
2	54	1
2	55	1
2	56	0
2	57	1
2	58	1
2	59	1
2	60	0
2	61	0
2	62	0
2	63	0
2	64	1
2	65	1
2	66	0
2	67	1
2	68	1
2	69	0
2	70	1
2	71	0
2	72	0
2	73	0
2	74	0
2	75	0
2	76	0
2	77	0
2	78	1
2	79	0
2	80	0
2	81	0
2	82	1
2	83	1
2	84	0
2	85	0
2	86	1
2	87	1
2	88	1
2	89	1
2	90	1
2	91	0
2	92	1
2	93	1
2	94	0
2	95	0
2	96	1
2	97	0
2	98	1
2	99	0
2	100	1
2	101	0
2	102	0
2	103	0
2	104	0
2	105	0
2	106	1
2	107	1
2	108	1
2	109	0
2	110	0
3	4	0
3	5	0
3	6	0
3	7	0
3	8	1
3	9	1
3	10	1
3	11	0
3	12	0
3	13	1
3	14	1
3	15	1
3	16	0
3	17	0
3	18	0
3	19	1
3	20	1
3	21	1
3	22	1
3	23	1
3	24	1
3	25	0
3	26	1
3	27	1
3	28	0
3	29	1
3	30	1
3	31	1
3	32	0
3	33	0
3	34	1
3	35	1
3	36	0
3	37	0
3	38	1
3	39	0
3	40	0
3	41	0
3	42	1
3	43	1
3	44	1
3	45	1
3	46	1
3	47	0
3	48	0
3	49	1
3	50	1
3	51	1
3	52	1
3	53	1
3	54	1
3	55	0
3	56	1
3	57	0
3	58	0
3	59	0
3	60	0
3	61	0
3	62	1
3	63	0
3	64	0
3	65	1
3	66	1
3	67	1
3	68	1
3	69	1
3	70	0
3	71	0
3	72	1
3	73	1
3	74	0
3	75	0
3	76	0
3	77	0
3	78	1
3	79	1
3	80	0
3	81	1
3	82	1
3	83	1
3	84	0
3	85	1
3	86	0
3	87	1
3	88	0
3	89	0
3	90	1
3	91	0
3	92	1
3	93	0
3	94	0
3	95	0
3	96	0
3	97	1
3	98	1
3	99	1
3	100	0
3	101	1
3	102	0
3	103	1
3	104	0
3	105	1
3	106	1
3	107	1
3	108	0
3	109	1
3	110	1
4	5	0
4	6	0
4	7	1
4	8	0
4	9	1
4	10	1
4	11	1
4	12	1
4	13	0
4	14	0
4	15	1
4	16	0
4	17	1
4	18	1
4	19	1
4	20	0
4	21	1
4	22	0
4	23	1
4	24	0
4	25	1
4	26	0
4	27	1
4	28	0
4	29	1
4	30	0
4	31	0
4	32	1
4	33	0
4	34	0
4	35	0
4	36	1
4	37	1
4	38	1
4	39	1
4	40	1
4	41	1
4	42	0
4	43	0
4	44	0
4	45	1
4	46	1
4	47	1
4	48	0
4	49	0
4	50	0
4	51	1
4	52	1
4	53	0
4	54	0
4	55	1
4	56	1
4	57	0
4	58	0
4	59	0
4	60	0
4	61	1
4	62	1
4	63	0
4	64	1
4	65	0
4	66	0
4	67	1
4	68	1
4	69	1
4	70	1
4	71	0
4	72	1
4	73	1
4	74	1
4	75	0
4	76	0
4	77	0
4	78	0
4	79	0
4	80	0
4	81	1
4	82	1
4	83	0
4	84	0
4	85	1
4	86	1
4	87	1
4	88	0
4	89	1
4	90	1
4	91	1
4	92	0
4	93	0
4	94	0
4	95	0
4	96	1
4	97	0
4	98	1
4	99	0
4	100	0
4	101	0
4	102	1
4	103	0
4	104	1
4	105	0
4	106	0
4	107	0
4	108	1
4	109	0
4	110	1
5	6	1
5	7	0
5	8	1
5	9	1
5	10	0
5	11	0
5	12	0
5	13	0
5	14	1
5	15	1
5	16	1
5	17	1
5	18	1
5	19	1
5	20	1
5	21	0
5	22	1
5	23	0
5	24	0
5	25	1
5	26	1
5	27	0
5	28	0
5	29	1
5	30	0
5	31	1
5	32	1
5	33	0
5	34	1
5	35	1
5	36	0
5	37	0
5	38	1
5	39	1
5	40	0
5	41	1
5	42	0
5	43	1
5	44	1
5	45	0
5	46	0
5	47	0
5	48	1
5	49	1
5	50	1
5	51	1
5	52	1
5	53	1
5	54	0
5	55	1
5	56	0
5	57	1
5	58	0
5	59	0
5	60	1
5	61	1
5	62	0
5	63	0
5	64	1
5	65	0
5	66	0
5	67	0
5	68	1
5	69	1
5	70	1
5	71	1
5	72	0
5	73	0
5	74	1
5	75	0
5	76	1
5	77	1
5	78	0
5	79	1
5	80	1
5	81	0
5	82	0
5	83	1
5	84	1
5	85	1
5	86	1
5	87	1
5	88	0
5	89	1
5	90	1
5	91	1
5	92	1
5	93	1
5	94	0
5	95	0
5	96	1
5	97	0
5	98	1
5	99	0
5	100	0
5	101	1
5	102	1
5	103	0
5	104	0
5	105	1
5	106	0
5	107	0
5	108	0
5	109	0
5	110	1
6	7	1
6	8	0
6	9	0
6	10	1
6	11	1
6	12	0
6	13	1
6	14	1
6	15	0
6	16	0
6	17	1
6	18	0
6	19	0
6	20	1
6	21	0
6	22	0
6	23	0
6	24	0
6	25	1
6	26	1
6	27	0
6	28	1
6	29	0
6	30	1
6	31	0
6	32	0
6	33	1
6	34	0
6	35	1
6	36	1
6	37	0
6	38	1
6	39	0
6	40	1
6	41	1
6	42	1
6	43	0
6	44	0
6	45	0
6	46	1
6	47	0
6	48	0
6	49	1
6	50	0
6	51	1
6	52	1
6	53	1
6	54	0
6	55	0
6	56	1
6	57	1
6	58	1
6	59	1
6	60	1
6	61	1
6	62	0
6	63	1
6	64	1
6	65	0
6	66	1
6	67	0
6	68	1
6	69	0
6	70	1
6	71	1
6	72	1
6	73	0
6	74	1
6	75	1
6	76	1
6	77	1
6	78	1
6	79	0
6	80	1
6	81	1
6	82	0
6	83	0
6	84	0
6	85	1
6	86	1
6	87	1
6	88	1
6	89	1
6	90	0
6	91	1
6	92	0
6	93	1
6	94	0
6	95	1
6	96	0
6	97	0
6	98	0
6	99	1
6	100	0
6	101	1
6	102	1
6	103	1
6	104	1
6	105	0
6	106	0
6	107	0
6	108	0
6	109	0
6	110	0
7	8	1
7	9	0
7	10	0
7	11	0
7	12	0
7	13	1
7	14	0
7	15	1
7	16	1
7	17	1
7	18	0
7	19	0
7	20	0
7	21	1
7	22	0
7	23	1
7	24	0
7	25	0
7	26	1
7	27	0
7	28	0
7	29	1
7	30	1
7	31	0
7	32	1
7	33	0
7	34	0
7	35	1
7	36	0
7	37	1
7	38	0
7	39	0
7	40	0
7	41	0
7	42	0
7	43	0
7	44	0
7	45	0
7	46	1
7	47	1
7	48	0
7	49	0
7	50	0
7	51	1
7	52	1
7	53	0
7	54	0
7	55	0
7	56	0
7	57	0
7	58	1
7	59	1
7	60	1
7	61	0
7	62	1
7	63	1
7	64	0
7	65	0
7	66	1
7	67	0
7	68	1
7	69	0
7	70	0
7	71	1
7	72	0
7	73	1
7	74	1
7	75	1
7	76	1
7	77	0
7	78	0
7	79	1
7	80	1
7	81	0
7	82	1
7	83	1
7	84	0
7	85	0
7	86	1
7	87	1
7	88	1
7	89	0
7	90	0
7	91	1
7	92	1
7	93	1
7	94	0
7	95	1
7	96	0
7	97	1
7	98	0
7	99	1
7	100	1
7	101	0
7	102	0
7	103	0
7	104	0
7	105	1
7	106	1
7	107	0
7	108	0
7	109	1
7	110	0
8	9	0
8	10	0
8	11	1
8	12	1
8	13	1
8	14	1
8	15	0
8	16	0
8	17	1
8	18	1
8	19	1
8	20	1
8	21	0
8	22	1
8	23	1
8	24	1
8	25	0
8	26	1
8	27	0
8	28	0
8	29	0
8	30	0
8	31	1
8	32	0
8	33	1
8	34	1
8	35	1
8	36	0
8	37	0
8	38	0
8	39	1
8	40	0
8	41	0
8	42	0
8	43	1
8	44	0
8	45	0
8	46	0
8	47	0
8	48	0
8	49	0
8	50	1
8	51	0
8	52	1
8	53	0
8	54	1
8	55	0
8	56	1
8	57	0
8	58	1
8	59	0
8	60	0
8	61	1
8	62	0
8	63	1
8	64	0
8	65	0
8	66	1
8	67	0
8	68	1
8	69	1
8	70	0
8	71	1
8	72	0
8	73	1
8	74	0
8	75	0
8	76	1
8	77	1
8	78	0
8	79	0
8	80	0
8	81	0
8	82	0
8	83	1
8	84	0
8	85	1
8	86	1
8	87	1
8	88	0
8	89	1
8	90	0
8	91	1
8	92	0
8	93	1
8	94	0
8	95	0
8	96	0
8	97	1
8	98	1
8	99	1
8	100	0
8	101	1
8	102	1
8	103	0
8	104	0
8	105	0
8	106	1
8	107	0
8	108	1
8	109	1
8	110	0
9	10	0
9	11	1
9	12	1
9	13	1
9	14	0
9	15	1
9	16	0
9	17	1
9	18	0
9	19	0
9	20	0
9	21	1
9	22	0
9	23	1
9	24	1
9	25	1
9	26	0
9	27	0
9	28	1
9	29	0
9	30	0
9	31	1
9	32	0
9	33	0
9	34	0
9	35	0
9	36	0
9	37	1
9	38	0
9	39	1
9	40	0
9	41	0
9	42	0
9	43	1
9	44	1
9	45	1
9	46	0
9	47	1
9	48	1
9	49	0
9	50	0
9	51	1
9	52	0
9	53	1
9	54	0
9	55	1
9	56	0
9	57	1
9	58	0
9	59	0
9	60	1
9	61	0
9	62	1
9	63	1
9	64	1
9	65	1
9	66	1
9	67	0
9	68	1
9	69	1
9	70	0
9	71	1
9	72	0
9	73	1
9	74	1
9	75	1
9	76	0
9	77	1
9	78	0
9	79	0
9	80	1
9	81	1
9	82	0
9	83	0
9	84	1
9	85	1
9	86	0
9	87	0
9	88	1
9	89	1
9	90	1
9	91	0
9	92	1
9	93	0
9	94	1
9	95	0
9	96	0
9	97	0
9	98	1
9	99	0
9	100	0
9	101	0
9	102	1
9	103	1
9	104	0
9	105	1
9	106	0
9	107	1
9	108	1
9	109	0
9	110	0
10	11	0
10	12	1
10	13	1
10	14	0
10	15	0
10	16	0
10	17	0
10	18	0
10	19	1
10	20	0
10	21	0
10	22	1
10	23	0
10	24	0
10	25	0
10	26	1
10	27	0
10	28	0
10	29	0
10	30	0
10	31	0
10	32	1
10	33	0
10	34	0
10	35	1
10	36	0
10	37	1
10	38	0
10	39	1
10	40	1
10	41	0
10	42	0
10	43	0
10	44	0
10	45	0
10	46	0
10	47	1
10	48	1
10	49	0
10	50	1
10	51	1
10	52	1
10	53	1
10	54	0
10	55	1
10	56	1
10	57	0
10	58	0
10	59	1
10	60	1
10	61	0
10	62	0
10	63	1
10	64	1
10	65	0
10	66	1
10	67	0
10	68	1
10	69	0
10	70	0
10	71	0
10	72	1
10	73	0
10	74	0
10	75	1
10	76	0
10	77	0
10	78	0
10	79	1
10	80	0
10	81	1
10	82	0
10	83	1
10	84	0
10	85	1
10	86	0
10	87	0
10	88	1
10	89	0
10	90	0
10	91	0
10	92	1
10	93	1
10	94	1
10	95	0
10	96	0
10	97	1
10	98	1
10	99	1
10	100	0
10	101	1
10	102	0
10	103	1
10	104	0
10	105	1
10	106	1
10	107	0
10	108	0
10	109	0
10	110	0
11	12	1
11	13	1
11	14	0
11	15	0
11	16	1
11	17	0
11	18	1
11	19	1
11	20	0
11	21	0
11	22	1
11	23	1
11	24	1
11	25	1
11	26	1
11	27	1
11	28	0
11	29	1
11	30	0
11	31	0
11	32	0
11	33	0
11	34	1
11	35	1
11	36	1
11	37	1
11	38	1
11	39	0
11	40	1
11	41	0
11	42	0
11	43	0
11	44	1
11	45	1
11	46	0
11	47	1
11	48	1
11	49	0
11	50	0
11	51	1
11	52	0
11	53	0
11	54	1
11	55	0
11	56	0
11	57	0
11	58	1
11	59	0
11	60	0
11	61	0
11	62	0
11	63	0
11	64	0
11	65	1
11	66	1
11	67	0
11	68	0
11	69	1
11	70	0
11	71	0
11	72	1
11	73	0
11	74	0
11	75	0
11	76	0
11	77	1
11	78	0
11	79	1
11	80	0
11	81	1
11	82	0
11	83	0
11	84	1
11	85	1
11	86	1
11	87	0
11	88	1
11	89	1
11	90	1
11	91	0
11	92	0
11	93	0
11	94	0
11	95	0
11	96	0
11	97	1
11	98	0
11	99	0
11	100	0
11	101	0
11	102	0
11	103	1
11	104	1
11	105	1
11	106	1
11	107	0
11	108	0
11	109	0
11	110	1
12	13	0
12	14	0
12	15	1
12	16	1
12	17	1
12	18	0
12	19	0
12	20	0
12	21	1
12	22	1
12	23	0
12	24	1
12	25	0
12	26	0
12	27	0
12	28	0
12	29	0
12	30	1
12	31	1
12	32	0
12	33	1
12	34	0
12	35	0
12	36	0
12	37	1
12	38	0
12	39	1
12	40	0
12	41	1
12	42	1
12	43	1
12	44	0
12	45	0
12	46	1
12	47	1
12	48	0
12	49	1
12	50	1
12	51	1
12	52	1
12	53	1
12	54	0
12	55	0
12	56	0
12	57	0
12	58	0
12	59	0
12	60	1
12	61	0
12	62	0
12	63	0
12	64	1
12	65	1
12	66	1
12	67	0
12	68	1
12	69	1
12	70	0
12	71	1
12	72	1
12	73	0
12	74	0
12	75	1
12	76	1
12	77	0
12	78	1
12	79	0
12	80	0
12	81	1
12	82	1
12	83	1
12	84	0
12	85	0
12	86	0
12	87	0
12	88	1
12	89	1
12	90	1
12	91	1
12	92	1
12	93	1
12	94	0
12	95	0
12	96	0
12	97	0
12	98	1
12	99	1
12	100	1
12	101	0
12	102	0
12	103	0
12	104	0
12	105	0
12	106	0
12	107	1
12	108	1
12	109	0
12	110	1
13	14	0
13	15	0
13	16	1
13	17	1
13	18	0
13	19	0
13	20	1
13	21	1
13	22	0
13	23	1
13	24	1
13	25	1
13	26	1
13	27	0
13	28	0
13	29	0
13	30	0
13	31	1
13	32	0
13	33	1
13	34	1
13	35	0
13	36	0
13	37	0
13	38	1
13	39	0
13	40	0
13	41	1
13	42	1
13	43	0
13	44	0
13	45	1
13	46	1
13	47	1
13	48	0
13	49	1
13	50	1
13	51	0
13	52	1
13	53	1
13	54	1
13	55	0
13	56	0
13	57	0
13	58	0
13	59	0
13	60	0
13	61	0
13	62	0
13	63	1
13	64	1
13	65	0
13	66	0
13	67	0
13	68	1
13	69	0
13	70	1
13	71	1
13	72	0
13	73	1
13	74	0
13	75	1
13	76	1
13	77	1
13	78	0
13	79	0
13	80	0
13	81	1
13	82	0
13	83	1
13	84	1
13	85	1
13	86	0
13	87	1
13	88	0
13	89	1
13	90	1
13	91	0
13	92	1
13	93	1
13	94	0
13	95	1
13	96	1
13	97	0
13	98	1
13	99	0
13	100	0
13	101	1
13	102	0
13	103	1
13	104	0
13	105	0
13	106	1
13	107	1
13	108	1
13	109	1
13	110	1
14	15	1
14	16	1
14	17	0
14	18	0
14	19	1
14	20	0
14	21	1
14	22	0
14	23	1
14	24	0
14	25	0
14	26	0
14	27	1
14	28	0
14	29	0
14	30	0
14	31	1
14	32	0
14	33	1
14	34	1
14	35	0
14	36	0
14	37	0
14	38	0
14	39	0
14	40	0
14	41	1
14	42	0
14	43	0
14	44	1
14	45	0
14	46	1
14	47	1
14	48	1
14	49	1
14	50	0
14	51	0
14	52	1
14	53	0
14	54	1
14	55	1
14	56	1
14	57	1
14	58	1
14	59	1
14	60	0
14	61	0
14	62	0
14	63	0
14	64	0
14	65	1
14	66	1
14	67	0
14	68	0
14	69	1
14	70	1
14	71	1
14	72	1
14	73	1
14	74	0
14	75	0
14	76	0
14	77	1
14	78	0
14	79	1
14	80	1
14	81	1
14	82	1
14	83	0
14	84	1
14	85	0
14	86	0
14	87	1
14	88	1
14	89	0
14	90	1
14	91	0
14	92	1
14	93	1
14	94	1
14	95	0
14	96	1
14	97	0
14	98	1
14	99	1
14	100	1
14	101	1
14	102	1
14	103	0
14	104	1
14	105	0
14	106	1
14	107	1
14	108	0
14	109	0
14	110	1
15	16	1
15	17	1
15	18	0
15	19	1
15	20	0
15	21	0
15	22	0
15	23	0
15	24	0
15	25	0
15	26	0
15	27	0
15	28	0
15	29	1
15	30	0
15	31	1
15	32	1
15	33	1
15	34	1
15	35	1
15	36	1
15	37	0
15	38	1
15	39	0
15	40	1
15	41	0
15	42	1
15	43	1
15	44	0
15	45	0
15	46	1
15	47	0
15	48	1
15	49	1
15	50	1
15	51	1
15	52	1
15	53	1
15	54	1
15	55	0
15	56	0
15	57	1
15	58	1
15	59	0
15	60	0
15	61	0
15	62	1
15	63	0
15	64	0
15	65	1
15	66	1
15	67	1
15	68	1
15	69	0
15	70	0
15	71	1
15	72	0
15	73	1
15	74	1
15	75	0
15	76	1
15	77	0
15	78	0
15	79	0
15	80	1
15	81	1
15	82	1
15	83	1
15	84	1
15	85	0
15	86	0
15	87	0
15	88	0
15	89	1
15	90	1
15	91	1
15	92	0
15	93	0
15	94	1
15	95	1
15	96	0
15	97	0
15	98	1
15	99	1
15	100	0
15	101	0
15	102	0
15	103	1
15	104	0
15	105	1
15	106	1
15	107	1
15	108	1
15	109	0
15	110	1
16	17	1
16	18	1
16	19	0
16	20	0
16	21	0
16	22	1
16	23	1
16	24	0
16	25	0
16	26	1
16	27	1
16	28	0
16	29	0
16	30	1
16	31	0
16	32	0
16	33	1
16	34	0
16	35	0
16	36	0
16	37	0
16	38	0
16	39	1
16	40	0
16	41	0
16	42	1
16	43	1
16	44	1
16	45	0
16	46	1
16	47	1
16	48	1
16	49	1
16	50	1
16	51	0
16	52	1
16	53	1
16	54	0
16	55	0
16	56	1
16	57	0
16	58	1
16	59	0
16	60	0
16	61	1
16	62	0
16	63	0
16	64	1
16	65	1
16	66	0
16	67	0
16	68	0
16	69	1
16	70	0
16	71	1
16	72	1
16	73	1
16	74	0
16	75	0
16	76	0
16	77	1
16	78	0
16	79	0
16	80	0
16	81	0
16	82	0
16	83	1
16	84	1
16	85	0
16	86	0
16	87	1
16	88	1
16	89	1
16	90	1
16	91	1
16	92	0
16	93	0
16	94	1
16	95	0
16	96	0
16	97	1
16	98	1
16	99	1
16	100	1
16	101	1
16	102	0
16	103	1
16	104	1
16	105	0
16	106	1
16	107	0
16	108	0
16	109	0
16	110	0
17	18	0
17	19	0
17	20	0
17	21	0
17	22	1
17	23	1
17	24	0
17	25	0
17	26	0
17	27	0
17	28	0
17	29	1
17	30	1
17	31	1
17	32	0
17	33	1
17	34	1
17	35	0
17	36	0
17	37	0
17	38	0
17	39	1
17	40	1
17	41	0
17	42	1
17	43	1
17	44	1
17	45	1
17	46	1
17	47	1
17	48	1
17	49	0
17	50	1
17	51	0
17	52	0
17	53	0
17	54	0
17	55	1
17	56	0
17	57	0
17	58	1
17	59	1
17	60	0
17	61	1
17	62	1
17	63	0
17	64	0
17	65	1
17	66	1
17	67	1
17	68	0
17	69	1
17	70	0
17	71	0
17	72	0
17	73	0
17	74	0
17	75	0
17	76	0
17	77	1
17	78	1
17	79	1
17	80	0
17	81	1
17	82	0
17	83	1
17	84	1
17	85	1
17	86	0
17	87	1
17	88	1
17	89	0
17	90	0
17	91	1
17	92	0
17	93	1
17	94	0
17	95	1
17	96	1
17	97	0
17	98	0
17	99	0
17	100	1
17	101	0
17	102	1
17	103	1
17	104	0
17	105	1
17	106	1
17	107	1
17	108	1
17	109	0
17	110	0
18	19	1
18	20	0
18	21	1
18	22	1
18	23	0
18	24	1
18	25	1
18	26	1
18	27	0
18	28	0
18	29	1
18	30	0
18	31	0
18	32	0
18	33	0
18	34	0
18	35	0
18	36	0
18	37	0
18	38	1
18	39	1
18	40	1
18	41	1
18	42	0
18	43	1
18	44	1
18	45	1
18	46	1
18	47	1
18	48	1
18	49	1
18	50	0
18	51	0
18	52	1
18	53	1
18	54	1
18	55	1
18	56	0
18	57	0
18	58	0
18	59	1
18	60	0
18	61	0
18	62	1
18	63	0
18	64	1
18	65	0
18	66	0
18	67	1
18	68	1
18	69	1
18	70	0
18	71	1
18	72	1
18	73	1
18	74	0
18	75	0
18	76	1
18	77	0
18	78	1
18	79	0
18	80	1
18	81	1
18	82	0
18	83	1
18	84	1
18	85	1
18	86	0
18	87	0
18	88	1
18	89	1
18	90	0
18	91	1
18	92	0
18	93	1
18	94	1
18	95	0
18	96	1
18	97	0
18	98	1
18	99	1
18	100	1
18	101	1
18	102	0
18	103	0
18	104	1
18	105	1
18	106	1
18	107	1
18	108	1
18	109	1
18	110	1
19	20	0
19	21	0
19	22	0
19	23	0
19	24	0
19	25	0
19	26	0
19	27	0
19	28	1
19	29	0
19	30	0
19	31	1
19	32	0
19	33	1
19	34	0
19	35	0
19	36	0
19	37	1
19	38	0
19	39	0
19	40	0
19	41	0
19	42	0
19	43	0
19	44	0
19	45	0
19	46	0
19	47	0
19	48	1
19	49	1
19	50	0
19	51	1
19	52	0
19	53	0
19	54	1
19	55	0
19	56	1
19	57	0
19	58	1
19	59	1
19	60	0
19	61	1
19	62	0
19	63	1
19	64	1
19	65	1
19	66	1
19	67	0
19	68	1
19	69	0
19	70	1
19	71	1
19	72	1
19	73	0
19	74	1
19	75	1
19	76	0
19	77	1
19	78	0
19	79	0
19	80	1
19	81	1
19	82	1
19	83	0
19	84	1
19	85	0
19	86	0
19	87	1
19	88	0
19	89	1
19	90	0
19	91	1
19	92	1
19	93	1
19	94	1
19	95	0
19	96	1
19	97	1
19	98	1
19	99	0
19	100	1
19	101	0
19	102	1
19	103	1
19	104	1
19	105	1
19	106	1
19	107	0
19	108	0
19	109	1
19	110	0
20	21	1
20	22	1
20	23	0
20	24	1
20	25	0
20	26	1
20	27	1
20	28	1
20	29	0
20	30	1
20	31	0
20	32	1
20	33	1
20	34	1
20	35	0
20	36	0
20	37	0
20	38	0
20	39	0
20	40	1
20	41	1
20	42	0
20	43	0
20	44	0
20	45	0
20	46	0
20	47	0
20	48	0
20	49	1
20	50	0
20	51	1
20	52	1
20	53	1
20	54	1
20	55	0
20	56	1
20	57	0
20	58	1
20	59	0
20	60	0
20	61	0
20	62	1
20	63	0
20	64	1
20	65	1
20	66	0
20	67	0
20	68	1
20	69	0
20	70	0
20	71	0
20	72	0
20	73	1
20	74	0
20	75	0
20	76	0
20	77	1
20	78	1
20	79	0
20	80	1
20	81	1
20	82	0
20	83	0
20	84	0
20	85	1
20	86	0
20	87	1
20	88	1
20	89	1
20	90	0
20	91	0
20	92	0
20	93	0
20	94	1
20	95	0
20	96	0
20	97	1
20	98	1
20	99	1
20	100	0
20	101	1
20	102	1
20	103	0
20	104	1
20	105	1
20	106	1
20	107	1
20	108	1
20	109	1
20	110	0
21	22	1
21	23	0
21	24	0
21	25	1
21	26	0
21	27	0
21	28	1
21	29	1
21	30	1
21	31	0
21	32	1
21	33	0
21	34	0
21	35	0
21	36	1
21	37	0
21	38	1
21	39	0
21	40	1
21	41	0
21	42	1
21	43	1
21	44	1
21	45	1
21	46	1
21	47	1
21	48	0
21	49	1
21	50	1
21	51	0
21	52	0
21	53	0
21	54	0
21	55	0
21	56	0
21	57	0
21	58	0
21	59	1
21	60	1
21	61	0
21	62	1
21	63	0
21	64	0
21	65	0
21	66	0
21	67	0
21	68	0
21	69	0
21	70	0
21	71	0
21	72	1
21	73	1
21	74	1
21	75	0
21	76	0
21	77	0
21	78	1
21	79	0
21	80	1
21	81	1
21	82	0
21	83	0
21	84	1
21	85	0
21	86	1
21	87	1
21	88	1
21	89	0
21	90	0
21	91	1
21	92	0
21	93	1
21	94	0
21	95	0
21	96	1
21	97	1
21	98	1
21	99	0
21	100	0
21	101	0
21	102	0
21	103	1
21	104	0
21	105	1
21	106	1
21	107	1
21	108	1
21	109	0
21	110	1
22	23	0
22	24	0
22	25	0
22	26	1
22	27	1
22	28	0
22	29	1
22	30	0
22	31	0
22	32	0
22	33	1
22	34	0
22	35	0
22	36	1
22	37	0
22	38	1
22	39	1
22	40	1
22	41	0
22	42	0
22	43	1
22	44	0
22	45	0
22	46	0
22	47	1
22	48	0
22	49	1
22	50	0
22	51	1
22	52	0
22	53	0
22	54	0
22	55	1
22	56	0
22	57	0
22	58	0
22	59	1
22	60	1
22	61	1
22	62	0
22	63	1
22	64	1
22	65	1
22	66	1
22	67	1
22	68	0
22	69	1
22	70	1
22	71	1
22	72	1
22	73	0
22	74	1
22	75	0
22	76	1
22	77	0
22	78	1
22	79	0
22	80	0
22	81	1
22	82	1
22	83	1
22	84	0
22	85	1
22	86	1
22	87	1
22	88	1
22	89	0
22	90	0
22	91	1
22	92	0
22	93	0
22	94	1
22	95	1
22	96	0
22	97	0
22	98	0
22	99	1
22	100	1
22	101	1
22	102	0
22	103	1
22	104	1
22	105	0
22	106	1
22	107	1
22	108	0
22	109	1
22	110	0
23	24	0
23	25	1
23	26	0
23	27	1
23	28	0
23	29	0
23	30	1
23	31	0
23	32	1
23	33	1
23	34	0
23	35	1
23	36	0
23	37	0
23	38	1
23	39	0
23	40	1
23	41	1
23	42	1
23	43	0
23	44	0
23	45	1
23	46	0
23	47	1
23	48	0
23	49	1
23	50	1
23	51	1
23	52	1
23	53	0
23	54	0
23	55	1
23	56	1
23	57	1
23	58	0
23	59	0
23	60	1
23	61	1
23	62	0
23	63	0
23	64	0
23	65	1
23	66	0
23	67	0
23	68	1
23	69	0
23	70	0
23	71	0
23	72	1
23	73	0
23	74	1
23	75	1
23	76	0
23	77	0
23	78	1
23	79	1
23	80	0
23	81	0
23	82	0
23	83	1
23	84	0
23	85	0
23	86	1
23	87	1
23	88	1
23	89	1
23	90	1
23	91	1
23	92	0
23	93	1
23	94	1
23	95	0
23	96	0
23	97	1
23	98	1
23	99	0
23	100	1
23	101	1
23	102	0
23	103	1
23	104	1
23	105	1
23	106	0
23	107	0
23	108	0
23	109	1
23	110	1
24	25	1
24	26	0
24	27	0
24	28	1
24	29	1
24	30	0
24	31	1
24	32	0
24	33	0
24	34	1
24	35	0
24	36	0
24	37	0
24	38	0
24	39	0
24	40	0
24	41	1
24	42	1
24	43	1
24	44	1
24	45	0
24	46	0
24	47	1
24	48	0
24	49	1
24	50	1
24	51	0
24	52	1
24	53	1
24	54	0
24	55	0
24	56	1
24	57	1
24	58	1
24	59	1
24	60	1
24	61	1
24	62	1
24	63	1
24	64	1
24	65	0
24	66	1
24	67	1
24	68	0
24	69	0
24	70	1
24	71	0
24	72	0
24	73	0
24	74	1
24	75	0
24	76	0
24	77	1
24	78	1
24	79	0
24	80	0
24	81	1
24	82	1
24	83	1
24	84	1
24	85	0
24	86	0
24	87	1
24	88	1
24	89	1
24	90	0
24	91	0
24	92	0
24	93	1
24	94	0
24	95	1
24	96	0
24	97	1
24	98	1
24	99	0
24	100	0
24	101	0
24	102	0
24	103	1
24	104	0
24	105	1
24	106	0
24	107	1
24	108	1
24	109	1
24	110	1
25	26	1
25	27	1
25	28	1
25	29	0
25	30	1
25	31	0
25	32	1
25	33	1
25	34	0
25	35	1
25	36	1
25	37	1
25	38	1
25	39	1
25	40	0
25	41	0
25	42	0
25	43	0
25	44	0
25	45	0
25	46	0
25	47	0
25	48	1
25	49	1
25	50	0
25	51	0
25	52	1
25	53	1
25	54	0
25	55	1
25	56	0
25	57	1
25	58	1
25	59	1
25	60	0
25	61	0
25	62	0
25	63	0
25	64	1
25	65	0
25	66	0
25	67	1
25	68	1
25	69	0
25	70	0
25	71	0
25	72	0
25	73	0
25	74	0
25	75	1
25	76	1
25	77	1
25	78	0
25	79	1
25	80	0
25	81	1
25	82	1
25	83	0
25	84	0
25	85	0
25	86	1
25	87	1
25	88	1
25	89	0
25	90	0
25	91	1
25	92	0
25	93	1
25	94	1
25	95	0
25	96	0
25	97	0
25	98	1
25	99	0
25	100	1
25	101	1
25	102	1
25	103	1
25	104	0
25	105	1
25	106	0
25	107	1
25	108	1
25	109	0
25	110	1
26	27	0
26	28	1
26	29	1
26	30	1
26	31	1
26	32	0
26	33	0
26	34	0
26	35	1
26	36	1
26	37	1
26	38	0
26	39	1
26	40	0
26	41	0
26	42	0
26	43	1
26	44	0
26	45	0
26	46	0
26	47	0
26	48	1
26	49	1
26	50	0
26	51	1
26	52	1
26	53	1
26	54	1
26	55	0
26	56	1
26	57	0
26	58	0
26	59	0
26	60	1
26	61	1
26	62	1
26	63	1
26	64	0
26	65	0
26	66	1
26	67	0
26	68	0
26	69	1
26	70	0
26	71	0
26	72	1
26	73	1
26	74	0
26	75	1
26	76	0
26	77	1
26	78	1
26	79	1
26	80	0
26	81	0
26	82	0
26	83	0
26	84	0
26	85	1
26	86	0
26	87	1
26	88	1
26	89	1
26	90	0
26	91	0
26	92	0
26	93	0
26	94	1
26	95	0
26	96	0
26	97	1
26	98	0
26	99	0
26	100	1
26	101	1
26	102	1
26	103	0
26	104	1
26	105	0
26	106	0
26	107	0
26	108	1
26	109	0
26	110	1
27	28	0
27	29	1
27	30	1
27	31	1
27	32	0
27	33	1
27	34	1
27	35	0
27	36	0
27	37	1
27	38	0
27	39	0
27	40	0
27	41	0
27	42	0
27	43	1
27	44	0
27	45	1
27	46	0
27	47	0
27	48	0
27	49	0
27	50	1
27	51	1
27	52	1
27	53	1
27	54	1
27	55	1
27	56	1
27	57	1
27	58	1
27	59	1
27	60	0
27	61	0
27	62	1
27	63	0
27	64	1
27	65	1
27	66	0
27	67	0
27	68	1
27	69	0
27	70	1
27	71	1
27	72	0
27	73	0
27	74	0
27	75	1
27	76	1
27	77	1
27	78	1
27	79	1
27	80	0
27	81	1
27	82	0
27	83	0
27	84	1
27	85	1
27	86	1
27	87	1
27	88	0
27	89	0
27	90	1
27	91	1
27	92	1
27	93	0
27	94	0
27	95	1
27	96	1
27	97	1
27	98	0
27	99	0
27	100	0
27	101	1
27	102	1
27	103	1
27	104	0
27	105	1
27	106	1
27	107	0
27	108	1
27	109	1
27	110	1
28	29	1
28	30	0
28	31	1
28	32	1
28	33	0
28	34	0
28	35	0
28	36	0
28	37	0
28	38	1
28	39	1
28	40	1
28	41	0
28	42	1
28	43	1
28	44	0
28	45	1
28	46	1
28	47	0
28	48	1
28	49	1
28	50	1
28	51	0
28	52	0
28	53	1
28	54	0
28	55	0
28	56	1
28	57	0
28	58	0
28	59	0
28	60	1
28	61	1
28	62	0
28	63	0
28	64	0
28	65	1
28	66	0
28	67	0
28	68	1
28	69	1
28	70	1
28	71	0
28	72	1
28	73	0
28	74	0
28	75	0
28	76	1
28	77	0
28	78	0
28	79	0
28	80	1
28	81	1
28	82	1
28	83	0
28	84	0
28	85	0
28	86	0
28	87	0
28	88	1
28	89	0
28	90	1
28	91	0
28	92	1
28	93	1
28	94	1
28	95	1
28	96	1
28	97	0
28	98	0
28	99	0
28	100	1
28	101	0
28	102	1
28	103	0
28	104	1
28	105	1
28	106	0
28	107	1
28	108	1
28	109	0
28	110	0
29	30	1
29	31	1
29	32	0
29	33	0
29	34	0
29	35	1
29	36	1
29	37	1
29	38	1
29	39	1
29	40	1
29	41	1
29	42	1
29	43	0
29	44	1
29	45	0
29	46	0
29	47	1
29	48	0
29	49	1
29	50	0
29	51	0
29	52	1
29	53	1
29	54	1
29	55	1
29	56	0
29	57	1
29	58	0
29	59	1
29	60	1
29	61	0
29	62	1
29	63	0
29	64	1
29	65	1
29	66	1
29	67	1
29	68	1
29	69	0
29	70	0
29	71	0
29	72	1
29	73	0
29	74	0
29	75	1
29	76	0
29	77	0
29	78	1
29	79	0
29	80	1
29	81	0
29	82	0
29	83	1
29	84	0
29	85	1
29	86	1
29	87	0
29	88	0
29	89	1
29	90	0
29	91	1
29	92	1
29	93	0
29	94	1
29	95	1
29	96	0
29	97	0
29	98	1
29	99	1
29	100	1
29	101	0
29	102	0
29	103	1
29	104	0
29	105	0
29	106	1
29	107	1
29	108	1
29	109	0
29	110	0
30	31	1
30	32	1
30	33	0
30	34	1
30	35	1
30	36	1
30	37	1
30	38	1
30	39	1
30	40	0
30	41	1
30	42	0
30	43	1
30	44	1
30	45	0
30	46	0
30	47	1
30	48	0
30	49	1
30	50	1
30	51	0
30	52	0
30	53	1
30	54	1
30	55	1
30	56	1
30	57	1
30	58	1
30	59	0
30	60	0
30	61	0
30	62	1
30	63	1
30	64	1
30	65	0
30	66	0
30	67	1
30	68	1
30	69	0
30	70	1
30	71	1
30	72	1
30	73	0
30	74	0
30	75	0
30	76	0
30	77	0
30	78	1
30	79	0
30	80	1
30	81	1
30	82	0
30	83	0
30	84	0
30	85	1
30	86	1
30	87	1
30	88	0
30	89	1
30	90	1
30	91	1
30	92	1
30	93	1
30	94	0
30	95	0
30	96	0
30	97	1
30	98	1
30	99	0
30	100	1
30	101	1
30	102	1
30	103	1
30	104	1
30	105	1
30	106	0
30	107	0
30	108	0
30	109	1
30	110	1
31	32	1
31	33	1
31	34	0
31	35	0
31	36	1
31	37	1
31	38	0
31	39	0
31	40	0
31	41	0
31	42	1
31	43	0
31	44	0
31	45	0
31	46	0
31	47	0
31	48	1
31	49	1
31	50	0
31	51	0
31	52	1
31	53	0
31	54	1
31	55	0
31	56	0
31	57	0
31	58	0
31	59	1
31	60	0
31	61	1
31	62	1
31	63	0
31	64	1
31	65	0
31	66	0
31	67	1
31	68	0
31	69	0
31	70	0
31	71	1
31	72	0
31	73	1
31	74	1
31	75	1
31	76	0
31	77	0
31	78	0
31	79	1
31	80	0
31	81	1
31	82	0
31	83	0
31	84	0
31	85	0
31	86	0
31	87	1
31	88	1
31	89	0
31	90	0
31	91	0
31	92	0
31	93	0
31	94	0
31	95	0
31	96	1
31	97	0
31	98	0
31	99	1
31	100	0
31	101	1
31	102	0
31	103	0
31	104	1
31	105	0
31	106	0
31	107	0
31	108	1
31	109	0
31	110	1
32	33	1
32	34	1
32	35	1
32	36	1
32	37	0
32	38	0
32	39	0
32	40	0
32	41	1
32	42	1
32	43	1
32	44	0
32	45	0
32	46	0
32	47	0
32	48	0
32	49	1
32	50	0
32	51	0
32	52	0
32	53	1
32	54	0
32	55	0
32	56	1
32	57	0
32	58	0
32	59	0
32	60	0
32	61	1
32	62	0
32	63	0
32	64	1
32	65	1
32	66	0
32	67	0
32	68	1
32	69	0
32	70	0
32	71	1
32	72	1
32	73	1
32	74	1
32	75	1
32	76	0
32	77	1
32	78	1
32	79	1
32	80	0
32	81	0
32	82	1
32	83	0
32	84	1
32	85	1
32	86	1
32	87	1
32	88	0
32	89	1
32	90	1
32	91	0
32	92	1
32	93	0
32	94	1
32	95	1
32	96	1
32	97	0
32	98	1
32	99	0
32	100	1
32	101	0
32	102	0
32	103	1
32	104	1
32	105	0
32	106	0
32	107	1
32	108	0
32	109	1
32	110	0
33	34	0
33	35	1
33	36	1
33	37	1
33	38	1
33	39	0
33	40	1
33	41	0
33	42	1
33	43	1
33	44	0
33	45	1
33	46	0
33	47	1
33	48	0
33	49	0
33	50	1
33	51	0
33	52	0
33	53	0
33	54	0
33	55	1
33	56	1
33	57	1
33	58	0
33	59	1
33	60	1
33	61	1
33	62	1
33	63	0
33	64	0
33	65	0
33	66	0
33	67	0
33	68	1
33	69	0
33	70	0
33	71	1
33	72	0
33	73	1
33	74	0
33	75	0
33	76	1
33	77	0
33	78	0
33	79	0
33	80	0
33	81	0
33	82	0
33	83	1
33	84	1
33	85	0
33	86	1
33	87	0
33	88	1
33	89	1
33	90	1
33	91	0
33	92	0
33	93	1
33	94	1
33	95	0
33	96	1
33	97	1
33	98	0
33	99	0
33	100	0
33	101	1
33	102	0
33	103	0
33	104	0
33	105	1
33	106	1
33	107	0
33	108	0
33	109	0
33	110	1
34	35	1
34	36	0
34	37	1
34	38	1
34	39	1
34	40	0
34	41	0
34	42	0
34	43	1
34	44	1
34	45	1
34	46	1
34	47	0
34	48	0
34	49	1
34	50	0
34	51	1
34	52	0
34	53	0
34	54	1
34	55	0
34	56	0
34	57	0
34	58	0
34	59	1
34	60	1
34	61	0
34	62	1
34	63	1
34	64	1
34	65	1
34	66	0
34	67	1
34	68	1
34	69	1
34	70	0
34	71	0
34	72	1
34	73	1
34	74	1
34	75	1
34	76	1
34	77	1
34	78	1
34	79	1
34	80	0
34	81	0
34	82	0
34	83	1
34	84	0
34	85	0
34	86	0
34	87	1
34	88	0
34	89	1
34	90	1
34	91	0
34	92	1
34	93	1
34	94	1
34	95	0
34	96	1
34	97	0
34	98	1
34	99	0
34	100	0
34	101	1
34	102	1
34	103	1
34	104	0
34	105	1
34	106	0
34	107	0
34	108	0
34	109	1
34	110	1
35	36	0
35	37	0
35	38	0
35	39	1
35	40	1
35	41	1
35	42	0
35	43	1
35	44	1
35	45	1
35	46	1
35	47	0
35	48	0
35	49	1
35	50	1
35	51	1
35	52	1
35	53	1
35	54	1
35	55	0
35	56	1
35	57	0
35	58	0
35	59	1
35	60	0
35	61	0
35	62	1
35	63	0
35	64	1
35	65	0
35	66	1
35	67	0
35	68	0
35	69	1
35	70	0
35	71	1
35	72	1
35	73	0
35	74	1
35	75	0
35	76	1
35	77	1
35	78	0
35	79	0
35	80	1
35	81	0
35	82	1
35	83	0
35	84	0
35	85	1
35	86	0
35	87	0
35	88	0
35	89	0
35	90	1
35	91	1
35	92	0
35	93	1
35	94	1
35	95	1
35	96	1
35	97	0
35	98	0
35	99	0
35	100	1
35	101	1
35	102	1
35	103	0
35	104	0
35	105	0
35	106	0
35	107	1
35	108	0
35	109	0
35	110	0
36	37	1
36	38	0
36	39	0
36	40	1
36	41	1
36	42	0
36	43	0
36	44	1
36	45	1
36	46	1
36	47	0
36	48	1
36	49	1
36	50	1
36	51	0
36	52	1
36	53	0
36	54	1
36	55	0
36	56	0
36	57	1
36	58	0
36	59	0
36	60	1
36	61	1
36	62	0
36	63	0
36	64	0
36	65	0
36	66	0
36	67	1
36	68	1
36	69	0
36	70	1
36	71	0
36	72	0
36	73	1
36	74	0
36	75	1
36	76	0
36	77	0
36	78	1
36	79	1
36	80	0
36	81	0
36	82	1
36	83	1
36	84	0
36	85	0
36	86	0
36	87	0
36	88	1
36	89	0
36	90	1
36	91	0
36	92	1
36	93	0
36	94	1
36	95	1
36	96	1
36	97	0
36	98	0
36	99	0
36	100	0
36	101	0
36	102	1
36	103	0
36	104	0
36	105	1
36	106	0
36	107	1
36	108	1
36	109	1
36	110	1
37	38	0
37	39	1
37	40	1
37	41	0
37	42	0
37	43	0
37	44	1
37	45	0
37	46	0
37	47	1
37	48	1
37	49	1
37	50	0
37	51	0
37	52	1
37	53	1
37	54	1
37	55	0
37	56	1
37	57	0
37	58	1
37	59	0
37	60	0
37	61	1
37	62	0
37	63	0
37	64	0
37	65	0
37	66	1
37	67	0
37	68	0
37	69	1
37	70	0
37	71	0
37	72	1
37	73	1
37	74	0
37	75	1
37	76	1
37	77	1
37	78	0
37	79	0
37	80	1
37	81	1
37	82	0
37	83	1
37	84	0
37	85	1
37	86	0
37	87	0
37	88	1
37	89	0
37	90	0
37	91	1
37	92	0
37	93	0
37	94	0
37	95	1
37	96	0
37	97	0
37	98	0
37	99	1
37	100	0
37	101	1
37	102	0
37	103	0
37	104	1
37	105	1
37	106	0
37	107	1
37	108	0
37	109	0
37	110	1
38	39	0
38	40	0
38	41	1
38	42	1
38	43	0
38	44	1
38	45	1
38	46	1
38	47	1
38	48	0
38	49	0
38	50	1
38	51	0
38	52	0
38	53	1
38	54	1
38	55	1
38	56	0
38	57	1
38	58	1
38	59	0
38	60	0
38	61	0
38	62	1
38	63	0
38	64	1
38	65	1
38	66	1
38	67	0
38	68	1
38	69	0
38	70	0
38	71	0
38	72	0
38	73	1
38	74	0
38	75	1
38	76	0
38	77	0
38	78	1
38	79	1
38	80	0
38	81	0
38	82	0
38	83	0
38	84	0
38	85	0
38	86	1
38	87	0
38	88	0
38	89	1
38	90	1
38	91	0
38	92	0
38	93	1
38	94	1
38	95	0
38	96	0
38	97	1
38	98	1
38	99	0
38	100	1
38	101	0
38	102	1
38	103	0
38	104	1
38	105	0
38	106	1
38	107	0
38	108	1
38	109	0
38	110	0
39	40	0
39	41	0
39	42	1
39	43	0
39	44	1
39	45	1
39	46	0
39	47	1
39	48	0
39	49	1
39	50	0
39	51	1
39	52	0
39	53	0
39	54	1
39	55	0
39	56	0
39	57	1
39	58	0
39	59	1
39	60	0
39	61	1
39	62	0
39	63	0
39	64	1
39	65	1
39	66	0
39	67	1
39	68	0
39	69	1
39	70	1
39	71	1
39	72	0
39	73	1
39	74	1
39	75	1
39	76	1
39	77	0
39	78	0
39	79	1
39	80	0
39	81	1
39	82	0
39	83	1
39	84	1
39	85	1
39	86	0
39	87	0
39	88	1
39	89	1
39	90	0
39	91	1
39	92	0
39	93	1
39	94	0
39	95	1
39	96	0
39	97	0
39	98	0
39	99	1
39	100	1
39	101	0
39	102	1
39	103	1
39	104	0
39	105	0
39	106	0
39	107	1
39	108	0
39	109	1
39	110	0
40	41	0
40	42	0
40	43	0
40	44	0
40	45	1
40	46	1
40	47	1
40	48	1
40	49	0
40	50	1
40	51	0
40	52	1
40	53	1
40	54	1
40	55	0
40	56	1
40	57	0
40	58	1
40	59	0
40	60	1
40	61	1
40	62	1
40	63	0
40	64	1
40	65	0
40	66	0
40	67	0
40	68	1
40	69	0
40	70	0
40	71	0
40	72	1
40	73	0
40	74	0
40	75	0
40	76	0
40	77	1
40	78	1
40	79	0
40	80	1
40	81	1
40	82	1
40	83	1
40	84	1
40	85	1
40	86	0
40	87	1
40	88	0
40	89	0
40	90	0
40	91	1
40	92	0
40	93	0
40	94	1
40	95	0
40	96	1
40	97	1
40	98	0
40	99	1
40	100	1
40	101	0
40	102	1
40	103	0
40	104	1
40	105	0
40	106	0
40	107	0
40	108	1
40	109	0
40	110	1
41	42	1
41	43	0
41	44	1
41	45	1
41	46	0
41	47	0
41	48	1
41	49	0
41	50	0
41	51	0
41	52	1
41	53	0
41	54	0
41	55	0
41	56	1
41	57	1
41	58	1
41	59	1
41	60	1
41	61	0
41	62	1
41	63	0
41	64	1
41	65	0
41	66	0
41	67	0
41	68	1
41	69	0
41	70	0
41	71	0
41	72	0
41	73	1
41	74	0
41	75	1
41	76	0
41	77	0
41	78	1
41	79	0
41	80	0
41	81	1
41	82	1
41	83	1
41	84	0
41	85	1
41	86	1
41	87	1
41	88	0
41	89	0
41	90	1
41	91	0
41	92	1
41	93	1
41	94	1
41	95	1
41	96	1
41	97	1
41	98	1
41	99	1
41	100	1
41	101	0
41	102	1
41	103	0
41	104	0
41	105	1
41	106	0
41	107	1
41	108	1
41	109	0
41	110	0
42	43	0
42	44	0
42	45	1
42	46	0
42	47	0
42	48	1
42	49	0
42	50	0
42	51	0
42	52	0
42	53	1
42	54	0
42	55	0
42	56	0
42	57	1
42	58	0
42	59	1
42	60	0
42	61	0
42	62	0
42	63	1
42	64	0
42	65	0
42	66	1
42	67	0
42	68	0
42	69	0
42	70	0
42	71	0
42	72	1
42	73	1
42	74	0
42	75	1
42	76	0
42	77	1
42	78	1
42	79	0
42	80	0
42	81	1
42	82	0
42	83	1
42	84	1
42	85	1
42	86	0
42	87	1
42	88	0
42	89	0
42	90	1
42	91	1
42	92	1
42	93	1
42	94	0
42	95	1
42	96	0
42	97	0
42	98	0
42	99	1
42	100	0
42	101	1
42	102	0
42	103	0
42	104	0
42	105	1
42	106	1
42	107	1
42	108	0
42	109	1
42	110	1
43	44	1
43	45	0
43	46	1
43	47	1
43	48	1
43	49	0
43	50	1
43	51	0
43	52	0
43	53	0
43	54	1
43	55	1
43	56	1
43	57	0
43	58	0
43	59	1
43	60	1
43	61	0
43	62	1
43	63	1
43	64	1
43	65	1
43	66	1
43	67	0
43	68	1
43	69	1
43	70	1
43	71	1
43	72	0
43	73	0
43	74	0
43	75	1
43	76	1
43	77	0
43	78	1
43	79	0
43	80	0
43	81	1
43	82	1
43	83	1
43	84	0
43	85	1
43	86	1
43	87	1
43	88	0
43	89	0
43	90	1
43	91	0
43	92	0
43	93	0
43	94	0
43	95	0
43	96	0
43	97	1
43	98	0
43	99	1
43	100	1
43	101	0
43	102	1
43	103	1
43	104	0
43	105	1
43	106	1
43	107	0
43	108	0
43	109	1
43	110	0
44	45	1
44	46	1
44	47	1
44	48	0
44	49	1
44	50	1
44	51	1
44	52	1
44	53	0
44	54	1
44	55	0
44	56	0
44	57	0
44	58	1
44	59	0
44	60	1
44	61	1
44	62	1
44	63	1
44	64	0
44	65	0
44	66	1
44	67	0
44	68	1
44	69	0
44	70	1
44	71	1
44	72	1
44	73	1
44	74	1
44	75	1
44	76	1
44	77	0
44	78	0
44	79	1
44	80	0
44	81	1
44	82	1
44	83	0
44	84	0
44	85	0
44	86	0
44	87	1
44	88	0
44	89	1
44	90	0
44	91	1
44	92	0
44	93	1
44	94	1
44	95	0
44	96	1
44	97	1
44	98	0
44	99	0
44	100	0
44	101	1
44	102	1
44	103	1
44	104	1
44	105	0
44	106	0
44	107	0
44	108	1
44	109	0
44	110	1
45	46	1
45	47	0
45	48	0
45	49	0
45	50	0
45	51	1
45	52	0
45	53	1
45	54	1
45	55	1
45	56	1
45	57	0
45	58	0
45	59	1
45	60	1
45	61	0
45	62	0
45	63	1
45	64	1
45	65	0
45	66	0
45	67	0
45	68	0
45	69	0
45	70	0
45	71	0
45	72	0
45	73	1
45	74	1
45	75	1
45	76	1
45	77	0
45	78	1
45	79	1
45	80	0
45	81	0
45	82	1
45	83	1
45	84	0
45	85	0
45	86	1
45	87	1
45	88	0
45	89	0
45	90	1
45	91	0
45	92	0
45	93	1
45	94	1
45	95	1
45	96	0
45	97	1
45	98	0
45	99	0
45	100	0
45	101	0
45	102	1
45	103	1
45	104	0
45	105	1
45	106	1
45	107	1
45	108	0
45	109	1
45	110	1
46	47	1
46	48	0
46	49	1
46	50	0
46	51	1
46	52	0
46	53	0
46	54	0
46	55	1
46	56	0
46	57	0
46	58	1
46	59	0
46	60	1
46	61	0
46	62	1
46	63	0
46	64	0
46	65	1
46	66	1
46	67	1
46	68	0
46	69	1
46	70	1
46	71	1
46	72	0
46	73	0
46	74	0
46	75	0
46	76	0
46	77	1
46	78	0
46	79	0
46	80	1
46	81	1
46	82	1
46	83	0
46	84	1
46	85	0
46	86	1
46	87	1
46	88	0
46	89	0
46	90	1
46	91	0
46	92	1
46	93	1
46	94	0
46	95	1
46	96	0
46	97	0
46	98	1
46	99	0
46	100	0
46	101	0
46	102	0
46	103	0
46	104	1
46	105	0
46	106	0
46	107	0
46	108	0
46	109	1
46	110	1
47	48	1
47	49	0
47	50	0
47	51	1
47	52	0
47	53	0
47	54	1
47	55	0
47	56	1
47	57	1
47	58	0
47	59	1
47	60	1
47	61	0
47	62	0
47	63	1
47	64	0
47	65	1
47	66	0
47	67	0
47	68	1
47	69	0
47	70	1
47	71	1
47	72	0
47	73	1
47	74	0
47	75	1
47	76	1
47	77	1
47	78	0
47	79	1
47	80	0
47	81	1
47	82	0
47	83	1
47	84	0
47	85	1
47	86	0
47	87	0
47	88	1
47	89	0
47	90	1
47	91	1
47	92	0
47	93	1
47	94	0
47	95	0
47	96	0
47	97	0
47	98	0
47	99	0
47	100	0
47	101	1
47	102	0
47	103	0
47	104	1
47	105	0
47	106	0
47	107	1
47	108	0
47	109	1
47	110	1
48	49	0
48	50	0
48	51	0
48	52	1
48	53	1
48	54	1
48	55	0
48	56	0
48	57	0
48	58	0
48	59	0
48	60	1
48	61	1
48	62	0
48	63	1
48	64	1
48	65	0
48	66	1
48	67	1
48	68	0
48	69	1
48	70	0
48	71	1
48	72	0
48	73	0
48	74	1
48	75	1
48	76	0
48	77	1
48	78	0
48	79	1
48	80	1
48	81	1
48	82	1
48	83	0
48	84	0
48	85	0
48	86	1
48	87	1
48	88	0
48	89	0
48	90	1
48	91	1
48	92	1
48	93	0
48	94	1
48	95	1
48	96	0
48	97	1
48	98	1
48	99	1
48	100	0
48	101	1
48	102	1
48	103	0
48	104	0
48	105	1
48	106	0
48	107	1
48	108	0
48	109	1
48	110	0
49	50	0
49	51	1
49	52	0
49	53	0
49	54	1
49	55	0
49	56	1
49	57	1
49	58	0
49	59	0
49	60	0
49	61	0
49	62	1
49	63	1
49	64	0
49	65	0
49	66	1
49	67	1
49	68	1
49	69	1
49	70	1
49	71	1
49	72	0
49	73	1
49	74	0
49	75	0
49	76	1
49	77	0
49	78	0
49	79	0
49	80	0
49	81	0
49	82	0
49	83	1
49	84	1
49	85	0
49	86	1
49	87	0
49	88	0
49	89	0
49	90	1
49	91	1
49	92	0
49	93	0
49	94	1
49	95	1
49	96	0
49	97	1
49	98	1
49	99	0
49	100	1
49	101	0
49	102	1
49	103	1
49	104	0
49	105	1
49	106	1
49	107	1
49	108	1
49	109	1
49	110	1
50	51	1
50	52	0
50	53	0
50	54	0
50	55	1
50	56	0
50	57	1
50	58	1
50	59	0
50	60	0
50	61	1
50	62	1
50	63	1
50	64	0
50	65	0
50	66	1
50	67	1
50	68	0
50	69	1
50	70	0
50	71	1
50	72	1
50	73	0
50	74	0
50	75	0
50	76	0
50	77	1
50	78	1
50	79	1
50	80	1
50	81	1
50	82	1
50	83	0
50	84	0
50	85	1
50	86	1
50	87	0
50	88	0
50	89	0
50	90	0
50	91	0
50	92	1
50	93	1
50	94	0
50	95	1
50	96	1
50	97	0
50	98	1
50	99	0
50	100	0
50	101	0
50	102	0
50	103	1
50	104	0
50	105	0
50	106	0
50	107	1
50	108	1
50	109	1
50	110	1
51	52	1
51	53	0
51	54	1
51	55	1
51	56	0
51	57	0
51	58	1
51	59	0
51	60	1
51	61	1
51	62	0
51	63	1
51	64	0
51	65	1
51	66	1
51	67	1
51	68	1
51	69	1
51	70	1
51	71	0
51	72	0
51	73	0
51	74	0
51	75	0
51	76	0
51	77	0
51	78	0
51	79	1
51	80	1
51	81	1
51	82	1
51	83	0
51	84	0
51	85	0
51	86	0
51	87	1
51	88	0
51	89	1
51	90	0
51	91	0
51	92	1
51	93	0
51	94	0
51	95	0
51	96	0
51	97	1
51	98	1
51	99	1
51	100	0
51	101	1
51	102	1
51	103	0
51	104	1
51	105	1
51	106	1
51	107	0
51	108	1
51	109	0
51	110	0
52	53	1
52	54	0
52	55	1
52	56	0
52	57	0
52	58	0
52	59	0
52	60	0
52	61	0
52	62	0
52	63	0
52	64	0
52	65	0
52	66	1
52	67	0
52	68	1
52	69	1
52	70	0
52	71	0
52	72	1
52	73	1
52	74	0
52	75	0
52	76	0
52	77	1
52	78	0
52	79	0
52	80	1
52	81	1
52	82	1
52	83	0
52	84	1
52	85	1
52	86	0
52	87	0
52	88	1
52	89	1
52	90	1
52	91	1
52	92	0
52	93	0
52	94	0
52	95	0
52	96	1
52	97	0
52	98	1
52	99	0
52	100	0
52	101	0
52	102	1
52	103	1
52	104	0
52	105	1
52	106	1
52	107	1
52	108	0
52	109	0
52	110	0
53	54	1
53	55	0
53	56	0
53	57	1
53	58	0
53	59	1
53	60	1
53	61	0
53	62	0
53	63	0
53	64	1
53	65	1
53	66	1
53	67	0
53	68	0
53	69	1
53	70	1
53	71	1
53	72	0
53	73	0
53	74	0
53	75	0
53	76	0
53	77	1
53	78	0
53	79	0
53	80	0
53	81	1
53	82	0
53	83	1
53	84	1
53	85	0
53	86	1
53	87	0
53	88	1
53	89	1
53	90	1
53	91	0
53	92	1
53	93	0
53	94	1
53	95	1
53	96	0
53	97	0
53	98	1
53	99	0
53	100	0
53	101	0
53	102	1
53	103	1
53	104	1
53	105	0
53	106	0
53	107	1
53	108	0
53	109	0
53	110	1
54	55	0
54	56	1
54	57	0
54	58	1
54	59	1
54	60	1
54	61	1
54	62	0
54	63	1
54	64	1
54	65	0
54	66	0
54	67	1
54	68	0
54	69	1
54	70	0
54	71	1
54	72	0
54	73	1
54	74	0
54	75	0
54	76	1
54	77	1
54	78	1
54	79	1
54	80	0
54	81	1
54	82	1
54	83	1
54	84	1
54	85	0
54	86	1
54	87	1
54	88	0
54	89	1
54	90	0
54	91	1
54	92	0
54	93	0
54	94	1
54	95	1
54	96	0
54	97	0
54	98	1
54	99	1
54	100	0
54	101	0
54	102	1
54	103	1
54	104	0
54	105	0
54	106	1
54	107	0
54	108	0
54	109	0
54	110	1
55	56	0
55	57	0
55	58	0
55	59	0
55	60	0
55	61	1
55	62	1
55	63	0
55	64	1
55	65	0
55	66	0
55	67	0
55	68	1
55	69	1
55	70	1
55	71	1
55	72	0
55	73	1
55	74	1
55	75	0
55	76	1
55	77	0
55	78	0
55	79	1
55	80	0
55	81	1
55	82	0
55	83	1
55	84	1
55	85	1
55	86	1
55	87	1
55	88	0
55	89	1
55	90	0
55	91	0
55	92	1
55	93	0
55	94	1
55	95	1
55	96	1
55	97	1
55	98	0
55	99	1
55	100	1
55	101	0
55	102	0
55	103	0
55	104	1
55	105	1
55	106	1
55	107	0
55	108	1
55	109	1
55	110	1
56	57	1
56	58	1
56	59	1
56	60	0
56	61	1
56	62	1
56	63	1
56	64	0
56	65	1
56	66	0
56	67	1
56	68	0
56	69	1
56	70	0
56	71	0
56	72	0
56	73	0
56	74	0
56	75	0
56	76	1
56	77	1
56	78	1
56	79	1
56	80	0
56	81	0
56	82	0
56	83	0
56	84	0
56	85	1
56	86	1
56	87	0
56	88	1
56	89	0
56	90	1
56	91	1
56	92	0
56	93	0
56	94	1
56	95	1
56	96	1
56	97	0
56	98	1
56	99	0
56	100	1
56	101	1
56	102	0
56	103	0
56	104	1
56	105	0
56	106	0
56	107	1
56	108	0
56	109	1
56	110	0
57	58	1
57	59	0
57	60	1
57	61	0
57	62	1
57	63	0
57	64	1
57	65	0
57	66	0
57	67	0
57	68	0
57	69	1
57	70	1
57	71	1
57	72	0
57	73	0
57	74	0
57	75	0
57	76	0
57	77	0
57	78	1
57	79	0
57	80	1
57	81	0
57	82	1
57	83	0
57	84	1
57	85	0
57	86	1
57	87	0
57	88	1
57	89	0
57	90	0
57	91	1
57	92	0
57	93	0
57	94	1
57	95	0
57	96	1
57	97	0
57	98	0
57	99	0
57	100	1
57	101	0
57	102	1
57	103	1
57	104	1
57	105	0
57	106	0
57	107	0
57	108	1
57	109	1
57	110	0
58	59	1
58	60	0
58	61	0
58	62	0
58	63	1
58	64	1
58	65	0
58	66	0
58	67	1
58	68	0
58	69	1
58	70	1
58	71	1
58	72	0
58	73	0
58	74	1
58	75	1
58	76	0
58	77	0
58	78	1
58	79	0
58	80	0
58	81	1
58	82	1
58	83	0
58	84	0
58	85	0
58	86	0
58	87	1
58	88	1
58	89	0
58	90	1
58	91	1
58	92	1
58	93	1
58	94	1
58	95	0
58	96	0
58	97	1
58	98	1
58	99	1
58	100	1
58	101	1
58	102	0
58	103	1
58	104	1
58	105	1
58	106	1
58	107	0
58	108	0
58	109	0
58	110	0
59	60	0
59	61	1
59	62	0
59	63	0
59	64	0
59	65	0
59	66	1
59	67	0
59	68	1
59	69	1
59	70	0
59	71	0
59	72	1
59	73	1
59	74	0
59	75	1
59	76	0
59	77	0
59	78	0
59	79	0
59	80	0
59	81	0
59	82	1
59	83	0
59	84	0
59	85	0
59	86	1
59	87	1
59	88	0
59	89	1
59	90	1
59	91	0
59	92	0
59	93	1
59	94	1
59	95	1
59	96	0
59	97	1
59	98	0
59	99	0
59	100	0
59	101	1
59	102	0
59	103	0
59	104	0
59	105	0
59	106	1
59	107	1
59	108	0
59	109	1
59	110	1
60	61	1
60	62	1
60	63	1
60	64	1
60	65	1
60	66	0
60	67	0
60	68	1
60	69	1
60	70	0
60	71	0
60	72	1
60	73	1
60	74	1
60	75	1
60	76	0
60	77	0
60	78	1
60	79	1
60	80	0
60	81	0
60	82	0
60	83	0
60	84	0
60	85	0
60	86	0
60	87	1
60	88	1
60	89	0
60	90	0
60	91	1
60	92	1
60	93	1
60	94	1
60	95	1
60	96	1
60	97	0
60	98	1
60	99	1
60	100	1
60	101	0
60	102	0
60	103	1
60	104	1
60	105	0
60	106	0
60	107	1
60	108	1
60	109	1
60	110	1
61	62	0
61	63	0
61	64	0
61	65	0
61	66	0
61	67	0
61	68	1
61	69	1
61	70	0
61	71	1
61	72	1
61	73	0
61	74	1
61	75	1
61	76	1
61	77	1
61	78	1
61	79	0
61	80	0
61	81	0
61	82	0
61	83	0
61	84	1
61	85	1
61	86	1
61	87	1
61	88	1
61	89	1
61	90	1
61	91	1
61	92	1
61	93	0
61	94	0
61	95	0
61	96	1
61	97	0
61	98	0
61	99	0
61	100	1
61	101	1
61	102	0
61	103	0
61	104	0
61	105	1
61	106	0
61	107	1
61	108	1
61	109	1
61	110	1
62	63	0
62	64	1
62	65	1
62	66	0
62	67	1
62	68	1
62	69	0
62	70	1
62	71	0
62	72	0
62	73	0
62	74	0
62	75	0
62	76	0
62	77	1
62	78	0
62	79	0
62	80	0
62	81	1
62	82	1
62	83	1
62	84	1
62	85	1
62	86	0
62	87	0
62	88	1
62	89	1
62	90	0
62	91	1
62	92	0
62	93	1
62	94	0
62	95	1
62	96	0
62	97	1
62	98	0
62	99	0
62	100	1
62	101	1
62	102	1
62	103	0
62	104	1
62	105	0
62	106	1
62	107	1
62	108	1
62	109	1
62	110	0
63	64	1
63	65	0
63	66	1
63	67	1
63	68	0
63	69	1
63	70	1
63	71	1
63	72	1
63	73	0
63	74	0
63	75	0
63	76	0
63	77	1
63	78	1
63	79	0
63	80	1
63	81	1
63	82	1
63	83	1
63	84	0
63	85	1
63	86	0
63	87	1
63	88	1
63	89	0
63	90	1
63	91	0
63	92	1
63	93	1
63	94	1
63	95	0
63	96	1
63	97	1
63	98	0
63	99	0
63	100	0
63	101	0
63	102	0
63	103	1
63	104	1
63	105	1
63	106	0
63	107	1
63	108	0
63	109	0
63	110	0
64	65	1
64	66	0
64	67	0
64	68	0
64	69	1
64	70	1
64	71	1
64	72	1
64	73	0
64	74	0
64	75	1
64	76	1
64	77	0
64	78	0
64	79	0
64	80	0
64	81	1
64	82	1
64	83	1
64	84	1
64	85	1
64	86	0
64	87	0
64	88	0
64	89	1
64	90	1
64	91	1
64	92	0
64	93	0
64	94	1
64	95	0
64	96	0
64	97	1
64	98	1
64	99	1
64	100	0
64	101	1
64	102	1
64	103	1
64	104	1
64	105	1
64	106	1
64	107	0
64	108	0
64	109	1
64	110	1
65	66	0
65	67	0
65	68	0
65	69	1
65	70	0
65	71	0
65	72	0
65	73	1
65	74	0
65	75	0
65	76	0
65	77	1
65	78	0
65	79	1
65	80	0
65	81	1
65	82	1
65	83	0
65	84	0
65	85	0
65	86	0
65	87	1
65	88	0
65	89	0
65	90	1
65	91	0
65	92	1
65	93	0
65	94	0
65	95	0
65	96	0
65	97	0
65	98	1
65	99	0
65	100	0
65	101	0
65	102	1
65	103	0
65	104	0
65	105	1
65	106	0
65	107	0
65	108	0
65	109	0
65	110	1
66	67	0
66	68	1
66	69	1
66	70	1
66	71	1
66	72	0
66	73	0
66	74	1
66	75	0
66	76	1
66	77	0
66	78	1
66	79	0
66	80	1
66	81	1
66	82	0
66	83	1
66	84	1
66	85	1
66	86	0
66	87	1
66	88	1
66	89	0
66	90	0
66	91	1
66	92	1
66	93	1
66	94	0
66	95	0
66	96	0
66	97	1
66	98	0
66	99	1
66	100	1
66	101	1
66	102	1
66	103	1
66	104	1
66	105	0
66	106	1
66	107	0
66	108	1
66	109	0
66	110	0
67	68	1
67	69	0
67	70	0
67	71	0
67	72	1
67	73	0
67	74	0
67	75	1
67	76	0
67	77	1
67	78	1
67	79	0
67	80	1
67	81	1
67	82	1
67	83	0
67	84	0
67	85	0
67	86	1
67	87	0
67	88	0
67	89	0
67	90	0
67	91	0
67	92	0
67	93	1
67	94	0
67	95	1
67	96	0
67	97	0
67	98	0
67	99	0
67	100	0
67	101	0
67	102	0
67	103	0
67	104	0
67	105	0
67	106	0
67	107	1
67	108	1
67	109	1
67	110	0
68	69	0
68	70	0
68	71	0
68	72	1
68	73	0
68	74	1
68	75	0
68	76	0
68	77	0
68	78	0
68	79	0
68	80	0
68	81	0
68	82	1
68	83	1
68	84	1
68	85	1
68	86	0
68	87	0
68	88	0
68	89	0
68	90	0
68	91	0
68	92	1
68	93	1
68	94	0
68	95	0
68	96	0
68	97	0
68	98	1
68	99	1
68	100	1
68	101	1
68	102	0
68	103	1
68	104	1
68	105	0
68	106	1
68	107	1
68	108	1
68	109	0
68	110	1
69	70	1
69	71	1
69	72	0
69	73	0
69	74	1
69	75	1
69	76	1
69	77	1
69	78	0
69	79	0
69	80	0
69	81	0
69	82	0
69	83	1
69	84	1
69	85	0
69	86	1
69	87	0
69	88	1
69	89	0
69	90	1
69	91	0
69	92	1
69	93	0
69	94	1
69	95	1
69	96	1
69	97	1
69	98	1
69	99	1
69	100	1
69	101	1
69	102	1
69	103	1
69	104	1
69	105	1
69	106	1
69	107	1
69	108	1
69	109	1
69	110	0
70	71	1
70	72	0
70	73	1
70	74	0
70	75	1
70	76	1
70	77	1
70	78	1
70	79	0
70	80	1
70	81	0
70	82	1
70	83	1
70	84	1
70	85	1
70	86	0
70	87	1
70	88	1
70	89	1
70	90	0
70	91	0
70	92	0
70	93	1
70	94	0
70	95	1
70	96	0
70	97	1
70	98	0
70	99	1
70	100	1
70	101	1
70	102	0
70	103	1
70	104	1
70	105	0
70	106	1
70	107	1
70	108	0
70	109	0
70	110	1
71	72	0
71	73	0
71	74	1
71	75	0
71	76	1
71	77	1
71	78	0
71	79	0
71	80	0
71	81	1
71	82	0
71	83	0
71	84	1
71	85	0
71	86	0
71	87	0
71	88	1
71	89	0
71	90	0
71	91	1
71	92	0
71	93	1
71	94	0
71	95	0
71	96	1
71	97	0
71	98	0
71	99	0
71	100	0
71	101	0
71	102	1
71	103	0
71	104	0
71	105	0
71	106	0
71	107	1
71	108	0
71	109	1
71	110	0
72	73	0
72	74	1
72	75	1
72	76	1
72	77	0
72	78	0
72	79	1
72	80	0
72	81	0
72	82	1
72	83	1
72	84	0
72	85	0
72	86	1
72	87	0
72	88	1
72	89	1
72	90	0
72	91	0
72	92	1
72	93	1
72	94	0
72	95	0
72	96	1
72	97	0
72	98	1
72	99	0
72	100	0
72	101	0
72	102	1
72	103	1
72	104	1
72	105	1
72	106	1
72	107	1
72	108	1
72	109	1
72	110	1
73	74	1
73	75	1
73	76	1
73	77	1
73	78	1
73	79	0
73	80	0
73	81	0
73	82	1
73	83	0
73	84	1
73	85	1
73	86	1
73	87	0
73	88	1
73	89	1
73	90	0
73	91	1
73	92	0
73	93	1
73	94	0
73	95	0
73	96	0
73	97	0
73	98	1
73	99	0
73	100	0
73	101	1
73	102	0
73	103	1
73	104	1
73	105	1
73	106	1
73	107	0
73	108	0
73	109	1
73	110	1
74	75	1
74	76	1
74	77	1
74	78	1
74	79	0
74	80	0
74	81	1
74	82	1
74	83	0
74	84	0
74	85	1
74	86	1
74	87	1
74	88	1
74	89	1
74	90	1
74	91	0
74	92	0
74	93	0
74	94	0
74	95	0
74	96	1
74	97	1
74	98	1
74	99	0
74	100	1
74	101	0
74	102	1
74	103	0
74	104	1
74	105	0
74	106	1
74	107	0
74	108	0
74	109	1
74	110	0
75	76	1
75	77	0
75	78	0
75	79	0
75	80	0
75	81	0
75	82	0
75	83	1
75	84	1
75	85	1
75	86	0
75	87	0
75	88	1
75	89	0
75	90	1
75	91	1
75	92	1
75	93	0
75	94	0
75	95	0
75	96	1
75	97	0
75	98	1
75	99	0
75	100	0
75	101	0
75	102	0
75	103	1
75	104	1
75	105	1
75	106	0
75	107	1
75	108	1
75	109	1
75	110	1
76	77	0
76	78	0
76	79	1
76	80	1
76	81	0
76	82	1
76	83	0
76	84	1
76	85	0
76	86	0
76	87	0
76	88	0
76	89	1
76	90	1
76	91	0
76	92	0
76	93	0
76	94	1
76	95	1
76	96	1
76	97	1
76	98	0
76	99	0
76	100	1
76	101	1
76	102	0
76	103	0
76	104	1
76	105	0
76	106	1
76	107	0
76	108	1
76	109	0
76	110	0
77	78	0
77	79	0
77	80	0
77	81	1
77	82	0
77	83	1
77	84	0
77	85	0
77	86	0
77	87	0
77	88	1
77	89	0
77	90	1
77	91	1
77	92	1
77	93	0
77	94	1
77	95	0
77	96	0
77	97	1
77	98	0
77	99	0
77	100	0
77	101	0
77	102	0
77	103	0
77	104	1
77	105	0
77	106	0
77	107	1
77	108	1
77	109	0
77	110	1
78	79	1
78	80	1
78	81	1
78	82	1
78	83	0
78	84	0
78	85	0
78	86	1
78	87	1
78	88	1
78	89	0
78	90	1
78	91	1
78	92	1
78	93	0
78	94	0
78	95	1
78	96	1
78	97	0
78	98	1
78	99	1
78	100	0
78	101	0
78	102	0
78	103	1
78	104	1
78	105	0
78	106	0
78	107	0
78	108	0
78	109	1
78	110	0
79	80	0
79	81	1
79	82	0
79	83	0
79	84	1
79	85	1
79	86	0
79	87	0
79	88	1
79	89	0
79	90	1
79	91	0
79	92	0
79	93	1
79	94	0
79	95	0
79	96	0
79	97	1
79	98	1
79	99	0
79	100	0
79	101	1
79	102	0
79	103	1
79	104	1
79	105	0
79	106	1
79	107	1
79	108	1
79	109	1
79	110	0
80	81	1
80	82	1
80	83	1
80	84	1
80	85	1
80	86	0
80	87	1
80	88	1
80	89	0
80	90	0
80	91	1
80	92	1
80	93	1
80	94	0
80	95	1
80	96	0
80	97	1
80	98	0
80	99	1
80	100	1
80	101	1
80	102	0
80	103	1
80	104	1
80	105	1
80	106	0
80	107	1
80	108	1
80	109	0
80	110	0
81	82	0
81	83	1
81	84	1
81	85	0
81	86	0
81	87	0
81	88	0
81	89	0
81	90	0
81	91	0
81	92	0
81	93	0
81	94	0
81	95	1
81	96	1
81	97	1
81	98	0
81	99	1
81	100	0
81	101	0
81	102	1
81	103	1
81	104	1
81	105	0
81	106	1
81	107	0
81	108	1
81	109	0
81	110	1
82	83	0
82	84	1
82	85	1
82	86	1
82	87	0
82	88	1
82	89	1
82	90	1
82	91	1
82	92	0
82	93	0
82	94	1
82	95	0
82	96	1
82	97	0
82	98	1
82	99	1
82	100	1
82	101	0
82	102	1
82	103	1
82	104	1
82	105	1
82	106	1
82	107	1
82	108	0
82	109	1
82	110	1
83	84	0
83	85	0
83	86	1
83	87	0
83	88	0
83	89	1
83	90	1
83	91	1
83	92	1
83	93	0
83	94	1
83	95	1
83	96	1
83	97	1
83	98	1
83	99	1
83	100	0
83	101	0
83	102	0
83	103	1
83	104	0
83	105	1
83	106	1
83	107	0
83	108	0
83	109	1
83	110	0
84	85	1
84	86	1
84	87	0
84	88	0
84	89	1
84	90	0
84	91	0
84	92	0
84	93	1
84	94	1
84	95	1
84	96	1
84	97	0
84	98	0
84	99	0
84	100	1
84	101	1
84	102	1
84	103	1
84	104	0
84	105	0
84	106	0
84	107	1
84	108	1
84	109	0
84	110	1
85	86	0
85	87	0
85	88	0
85	89	1
85	90	0
85	91	0
85	92	1
85	93	1
85	94	0
85	95	1
85	96	1
85	97	0
85	98	1
85	99	0
85	100	0
85	101	1
85	102	0
85	103	1
85	104	1
85	105	0
85	106	0
85	107	1
85	108	0
85	109	0
85	110	1
86	87	1
86	88	1
86	89	0
86	90	0
86	91	0
86	92	1
86	93	0
86	94	1
86	95	0
86	96	0
86	97	1
86	98	0
86	99	1
86	100	1
86	101	0
86	102	1
86	103	0
86	104	1
86	105	1
86	106	1
86	107	1
86	108	1
86	109	0
86	110	1
87	88	1
87	89	1
87	90	1
87	91	1
87	92	0
87	93	0
87	94	1
87	95	0
87	96	0
87	97	0
87	98	0
87	99	1
87	100	1
87	101	1
87	102	0
87	103	1
87	104	0
87	105	1
87	106	0
87	107	0
87	108	0
87	109	1
87	110	0
88	89	1
88	90	1
88	91	0
88	92	1
88	93	1
88	94	1
88	95	1
88	96	1
88	97	1
88	98	0
88	99	1
88	100	1
88	101	1
88	102	1
88	103	0
88	104	1
88	105	1
88	106	0
88	107	0
88	108	1
88	109	1
88	110	0
89	90	1
89	91	1
89	92	0
89	93	0
89	94	0
89	95	1
89	96	1
89	97	0
89	98	0
89	99	1
89	100	0
89	101	1
89	102	1
89	103	1
89	104	0
89	105	1
89	106	0
89	107	0
89	108	0
89	109	0
89	110	0
90	91	0
90	92	0
90	93	0
90	94	1
90	95	1
90	96	1
90	97	0
90	98	0
90	99	0
90	100	1
90	101	1
90	102	0
90	103	1
90	104	0
90	105	0
90	106	0
90	107	1
90	108	1
90	109	1
90	110	1
91	92	1
91	93	0
91	94	0
91	95	0
91	96	0
91	97	1
91	98	0
91	99	0
91	100	0
91	101	0
91	102	1
91	103	0
91	104	1
91	105	0
91	106	1
91	107	0
91	108	0
91	109	0
91	110	0
92	93	1
92	94	1
92	95	0
92	96	0
92	97	0
92	98	0
92	99	1
92	100	0
92	101	1
92	102	1
92	103	0
92	104	1
92	105	1
92	106	1
92	107	0
92	108	1
92	109	1
92	110	0
93	94	1
93	95	1
93	96	0
93	97	1
93	98	0
93	99	1
93	100	1
93	101	1
93	102	1
93	103	0
93	104	1
93	105	0
93	106	1
93	107	0
93	108	0
93	109	0
93	110	1
94	95	0
94	96	1
94	97	0
94	98	0
94	99	1
94	100	1
94	101	1
94	102	1
94	103	1
94	104	0
94	105	0
94	106	0
94	107	1
94	108	1
94	109	1
94	110	0
95	96	1
95	97	1
95	98	0
95	99	1
95	100	1
95	101	1
95	102	1
95	103	1
95	104	1
95	105	1
95	106	0
95	107	1
95	108	1
95	109	1
95	110	0
96	97	1
96	98	0
96	99	0
96	100	1
96	101	1
96	102	1
96	103	1
96	104	1
96	105	0
96	106	1
96	107	0
96	108	0
96	109	1
96	110	1
97	98	0
97	99	0
97	100	0
97	101	1
97	102	1
97	103	0
97	104	0
97	105	1
97	106	0
97	107	0
97	108	1
97	109	0
97	110	0
98	99	0
98	100	1
98	101	0
98	102	0
98	103	1
98	104	1
98	105	0
98	106	0
98	107	1
98	108	0
98	109	1
98	110	1
99	100	0
99	101	1
99	102	1
99	103	1
99	104	1
99	105	1
99	106	1
99	107	1
99	108	1
99	109	1
99	110	1
100	101	0
100	102	1
100	103	1
100	104	1
100	105	1
100	106	0
100	107	1
100	108	0
100	109	1
100	110	0
101	102	1
101	103	0
101	104	0
101	105	0
101	106	0
101	107	1
101	108	0
101	109	1
101	110	1
102	103	0
102	104	0
102	105	1
102	106	1
102	107	1
102	108	1
102	109	0
102	110	1
103	104	0
103	105	1
103	106	1
103	107	1
103	108	0
103	109	0
103	110	0
104	105	0
104	106	1
104	107	0
104	108	0
104	109	0
104	110	1
105	106	1
105	107	1
105	108	1
105	109	1
105	110	1
106	107	1
106	108	0
106	109	0
106	110	1
107	108	1
107	109	0
107	110	1
108	109	0
108	110	1
109	110	0
