110	5995	0
1	2	0
1	3	1
1	4	0
1	5	1
1	6	1
1	7	0
1	8	0
1	9	1
1	10	0
1	11	1
1	12	1
1	13	1
1	14	1
1	15	0
1	16	1
1	17	0
1	18	1
1	19	0
1	20	1
1	21	1
1	22	0
1	23	1
1	24	0
1	25	0
1	26	1
1	27	0
1	28	1
1	29	0
1	30	1
1	31	0
1	32	0
1	33	1
1	34	0
1	35	0
1	36	1
1	37	1
1	38	1
1	39	1
1	40	1
1	41	0
1	42	1
1	43	0
1	44	1
1	45	1
1	46	1
1	47	0
1	48	0
1	49	0
1	50	0
1	51	1
1	52	0
1	53	0
1	54	1
1	55	0
1	56	1
1	57	0
1	58	1
1	59	0
1	60	0
1	61	1
1	62	1
1	63	0
1	64	0
1	65	0
1	66	1
1	67	1
1	68	0
1	69	1
1	70	1
1	71	1
1	72	0
1	73	0
1	74	1
1	75	0
1	76	1
1	77	1
1	78	1
1	79	0
1	80	0
1	81	0
1	82	1
1	83	0
1	84	0
1	85	0
1	86	1
1	87	1
1	88	0
1	89	1
1	90	0
1	91	0
1	92	0
1	93	1
1	94	1
1	95	0
1	96	0
1	97	1
1	98	0
1	99	1
1	100	0
1	101	0
1	102	1
1	103	0
1	104	0
1	105	0
1	106	0
1	107	0
1	108	1
1	109	1
1	110	1
2	3	0
2	4	0
2	5	1
2	6	0
2	7	1
2	8	0
2	9	0
2	10	1
2	11	1
2	12	0
2	13	1
2	14	0
2	15	1
2	16	0
2	17	0
2	18	1
2	19	0
2	20	0
2	21	1
2	22	0
2	23	0
2	24	0
2	25	0
2	26	0
2	27	1
2	28	0
2	29	0
2	30	1
2	31	0
2	32	1
2	33	0
2	34	1
2	35	1
2	36	0
2	37	1
2	38	1
2	39	1
2	40	0
2	41	0
2	42	0
2	43	1
2	44	0
2	45	1
2	46	0
2	47	1
2	48	1
2	49	0
2	50	1
2	51	0
2	52	0
2	53	0
2	54	0
2	55	1
2	56	1
2	57	0
2	58	1
2	59	0
2	60	0
2	61	0
2	62	0
2	63	0
2	64	0
2	65	0
2	66	0
2	67	1
2	68	0
2	69	1
2	70	1
2	71	1
2	72	0
2	73	1
2	74	1
2	75	1
2	76	0
2	77	1
2	78	1
2	79	1
2	80	0
2	81	1
2	82	1
2	83	0
2	84	0
2	85	1
2	86	1
2	87	1
2	88	0
2	89	1
2	90	1
2	91	1
2	92	1
2	93	0
2	94	0
2	95	0
2	96	1
2	97	0
2	98	1
2	99	1
2	100	1
2	101	1
2	102	1
2	103	0
2	104	1
2	105	0
2	106	0
2	107	1
2	108	1
2	109	0
2	110	0
3	4	0
3	5	1
3	6	1
3	7	1
3	8	0
3	9	0
3	10	1
3	11	1
3	12	1
3	13	0
3	14	0
3	15	1
3	16	1
3	17	0
3	18	1
3	19	1
3	20	1
3	21	1
3	22	0
3	23	0
3	24	1
3	25	0
3	26	0
3	27	1
3	28	0
3	29	1
3	30	0
3	31	0
3	32	1
3	33	1
3	34	1
3	35	1
3	36	1
3	37	0
3	38	1
3	39	1
3	40	1
3	41	1
3	42	1
3	43	1
3	44	1
3	45	1
3	46	1
3	47	1
3	48	1
3	49	1
3	50	0
3	51	0
3	52	0
3	53	0
3	54	1
3	55	0
3	56	0
3	57	1
3	58	1
3	59	1
3	60	0
3	61	0
3	62	1
3	63	0
3	64	1
3	65	1
3	66	1
3	67	0
3	68	1
3	69	0
3	70	1
3	71	0
3	72	1
3	73	1
3	74	1
3	75	1
3	76	0
3	77	1
3	78	1
3	79	0
3	80	0
3	81	0
3	82	0
3	83	0
3	84	0
3	85	0
3	86	0
3	87	1
3	88	0
3	89	0
3	90	1
3	91	1
3	92	0
3	93	0
3	94	1
3	95	0
3	96	0
3	97	1
3	98	1
3	99	1
3	100	1
3	101	1
3	102	1
3	103	1
3	104	0
3	105	0
3	106	1
3	107	0
3	108	0
3	109	1
3	110	1
4	5	0
4	6	1
4	7	0
4	8	0
4	9	1
4	10	1
4	11	1
4	12	1
4	13	1
4	14	1
4	15	0
4	16	1
4	17	0
4	18	1
4	19	0
4	20	1
4	21	0
4	22	0
4	23	0
4	24	1
4	25	0
4	26	1
4	27	0
4	28	1
4	29	1
4	30	1
4	31	0
4	32	1
4	33	1
4	34	1
4	35	1
4	36	0
4	37	1
4	38	1
4	39	1
4	40	0
4	41	1
4	42	0
4	43	1
4	44	1
4	45	0
4	46	0
4	47	0
4	48	0
4	49	0
4	50	1
4	51	1
4	52	0
4	53	1
4	54	0
4	55	1
4	56	0
4	57	0
4	58	0
4	59	1
4	60	1
4	61	0
4	62	1
4	63	1
4	64	0
4	65	1
4	66	1
4	67	1
4	68	1
4	69	1
4	70	1
4	71	0
4	72	0
4	73	1
4	74	0
4	75	0
4	76	1
4	77	1
4	78	0
4	79	0
4	80	0
4	81	0
4	82	1
4	83	0
4	84	0
4	85	0
4	86	0
4	87	0
4	88	0
4	89	0
4	90	1
4	91	1
4	92	0
4	93	0
4	94	0
4	95	0
4	96	0
4	97	0
4	98	1
4	99	1
4	100	1
4	101	1
4	102	0
4	103	1
4	104	0
4	105	1
4	106	1
4	107	0
4	108	0
4	109	1
4	110	0
5	6	0
5	7	1
5	8	1
5	9	0
5	10	1
5	11	1
5	12	0
5	13	1
5	14	0
5	15	1
5	16	0
5	17	1
5	18	0
5	19	0
5	20	0
5	21	1
5	22	1
5	23	0
5	24	0
5	25	1
5	26	1
5	27	0
5	28	0
5	29	0
5	30	0
5	31	0
5	32	0
5	33	1
5	34	1
5	35	1
5	36	1
5	37	1
5	38	0
5	39	0
5	40	0
5	41	1
5	42	1
5	43	0
5	44	0
5	45	1
5	46	0
5	47	1
5	48	0
5	49	1
5	50	1
5	51	1
5	52	1
5	53	0
5	54	0
5	55	1
5	56	1
5	57	0
5	58	0
5	59	1
5	60	1
5	61	0
5	62	1
5	63	1
5	64	1
5	65	1
5	66	0
5	67	1
5	68	1
5	69	1
5	70	1
5	71	1
5	72	1
5	73	0
5	74	1
5	75	1
5	76	0
5	77	1
5	78	1
5	79	0
5	80	1
5	81	0
5	82	1
5	83	0
5	84	1
5	85	1
5	86	1
5	87	0
5	88	0
5	89	0
5	90	1
5	91	0
5	92	0
5	93	0
5	94	1
5	95	0
5	96	1
5	97	1
5	98	1
5	99	0
5	100	0
5	101	0
5	102	1
5	103	1
5	104	0
5	105	1
5	106	0
5	107	0
5	108	1
5	109	0
5	110	0
6	7	0
6	8	1
6	9	1
6	10	1
6	11	0
6	12	1
6	13	1
6	14	0
6	15	0
6	16	1
6	17	0
6	18	0
6	19	1
6	20	1
6	21	0
6	22	0
6	23	0
6	24	1
6	25	1
6	26	0
6	27	0
6	28	1
6	29	0
6	30	0
6	31	0
6	32	0
6	33	1
6	34	0
6	35	1
6	36	1
6	37	0
6	38	0
6	39	1
6	40	1
6	41	0
6	42	0
6	43	0
6	44	1
6	45	0
6	46	1
6	47	0
6	48	0
6	49	0
6	50	0
6	51	0
6	52	1
6	53	1
6	54	0
6	55	0
6	56	0
6	57	1
6	58	1
6	59	1
6	60	0
6	61	1
6	62	1
6	63	1
6	64	0
6	65	1
6	66	1
6	67	0
6	68	1
6	69	0
6	70	0
6	71	0
6	72	1
6	73	0
6	74	0
6	75	1
6	76	0
6	77	1
6	78	1
6	79	1
6	80	0
6	81	0
6	82	0
6	83	1
6	84	0
6	85	1
6	86	1
6	87	0
6	88	1
6	89	1
6	90	1
6	91	0
6	92	0
6	93	0
6	94	0
6	95	1
6	96	0
6	97	0
6	98	1
6	99	0
6	100	1
6	101	1
6	102	1
6	103	0
6	104	1
6	105	0
6	106	1
6	107	0
6	108	1
6	109	1
6	110	1
7	8	1
7	9	0
7	10	1
7	11	1
7	12	1
7	13	1
7	14	0
7	15	1
7	16	1
7	17	1
7	18	0
7	19	1
7	20	0
7	21	0
7	22	1
7	23	0
7	24	0
7	25	0
7	26	1
7	27	1
7	28	0
7	29	1
7	30	0
7	31	1
7	32	1
7	33	0
7	34	0
7	35	1
7	36	0
7	37	1
7	38	1
7	39	1
7	40	0
7	41	0
7	42	1
7	43	1
7	44	1
7	45	0
7	46	1
7	47	0
7	48	1
7	49	1
7	50	1
7	51	0
7	52	0
7	53	1
7	54	0
7	55	1
7	56	0
7	57	0
7	58	1
7	59	0
7	60	0
7	61	0
7	62	1
7	63	1
7	64	1
7	65	0
7	66	1
7	67	1
7	68	1
7	69	0
7	70	0
7	71	0
7	72	0
7	73	0
7	74	1
7	75	0
7	76	1
7	77	0
7	78	1
7	79	1
7	80	1
7	81	0
7	82	0
7	83	0
7	84	1
7	85	1
7	86	0
7	87	0
7	88	1
7	89	1
7	90	0
7	91	1
7	92	0
7	93	1
7	94	1
7	95	1
7	96	0
7	97	1
7	98	0
7	99	1
7	100	1
7	101	0
7	102	1
7	103	1
7	104	1
7	105	0
7	106	0
7	107	0
7	108	1
7	109	0
7	110	0
8	9	0
8	10	1
8	11	0
8	12	1
8	13	0
8	14	1
8	15	1
8	16	1
8	17	0
8	18	0
8	19	0
8	20	0
8	21	1
8	22	0
8	23	1
8	24	0
8	25	1
8	26	1
8	27	0
8	28	1
8	29	1
8	30	1
8	31	1
8	32	0
8	33	1
8	34	1
8	35	1
8	36	1
8	37	0
8	38	1
8	39	0
8	40	1
8	41	0
8	42	1
8	43	1
8	44	0
8	45	1
8	46	1
8	47	1
8	48	0
8	49	0
8	50	0
8	51	1
8	52	1
8	53	1
8	54	1
8	55	1
8	56	0
8	57	0
8	58	1
8	59	0
8	60	1
8	61	1
8	62	0
8	63	1
8	64	1
8	65	0
8	66	0
8	67	0
8	68	0
8	69	1
8	70	1
8	71	1
8	72	0
8	73	1
8	74	1
8	75	1
8	76	1
8	77	0
8	78	0
8	79	1
8	80	1
8	81	0
8	82	1
8	83	0
8	84	0
8	85	1
8	86	0
8	87	1
8	88	1
8	89	1
8	90	0
8	91	0
8	92	1
8	93	1
8	94	0
8	95	0
8	96	0
8	97	1
8	98	1
8	99	0
8	100	0
8	101	1
8	102	1
8	103	1
8	104	0
8	105	0
8	106	0
8	107	0
8	108	1
8	109	0
8	110	1
9	10	1
9	11	1
9	12	0
9	13	0
9	14	0
9	15	0
9	16	1
9	17	1
9	18	1
9	19	0
9	20	1
9	21	1
9	22	0
9	23	1
9	24	0
9	25	0
9	26	0
9	27	1
9	28	0
9	29	1
9	30	1
9	31	1
9	32	1
9	33	0
9	34	0
9	35	0
9	36	1
9	37	0
9	38	1
9	39	0
9	40	1
9	41	0
9	42	0
9	43	1
9	44	0
9	45	0
9	46	1
9	47	1
9	48	0
9	49	1
9	50	0
9	51	1
9	52	0
9	53	0
9	54	1
9	55	0
9	56	1
9	57	0
9	58	0
9	59	1
9	60	1
9	61	0
9	62	0
9	63	1
9	64	1
9	65	1
9	66	1
9	67	0
9	68	1
9	69	1
9	70	0
9	71	1
9	72	1
9	73	1
9	74	1
9	75	0
9	76	0
9	77	1
9	78	0
9	79	0
9	80	0
9	81	1
9	82	0
9	83	1
9	84	0
9	85	0
9	86	0
9	87	0
9	88	1
9	89	1
9	90	0
9	91	0
9	92	1
9	93	0
9	94	1
9	95	1
9	96	1
9	97	0
9	98	1
9	99	1
9	100	0
9	101	0
9	102	1
9	103	0
9	104	1
9	105	0
9	106	1
9	107	0
9	108	0
9	109	1
9	110	1
10	11	1
10	12	1
10	13	0
10	14	0
10	15	0
10	16	0
10	17	1
10	18	0
10	19	0
10	20	1
10	21	0
10	22	0
10	23	1
10	24	1
10	25	1
10	26	1
10	27	1
10	28	0
10	29	0
10	30	1
10	31	0
10	32	0
10	33	0
10	34	0
10	35	0
10	36	1
10	37	1
10	38	1
10	39	1
10	40	0
10	41	1
10	42	1
10	43	1
10	44	1
10	45	0
10	46	0
10	47	0
10	48	0
10	49	1
10	50	1
10	51	1
10	52	0
10	53	1
10	54	1
10	55	0
10	56	0
10	57	0
10	58	0
10	59	0
10	60	0
10	61	1
10	62	1
10	63	1
10	64	1
10	65	0
10	66	0
10	67	1
10	68	1
10	69	0
10	70	1
10	71	0
10	72	1
10	73	0
10	74	1
10	75	0
10	76	1
10	77	1
10	78	1
10	79	0
10	80	1
10	81	1
10	82	1
10	83	0
10	84	0
10	85	1
10	86	0
10	87	1
10	88	1
10	89	0
10	90	1
10	91	0
10	92	1
10	93	0
10	94	0
10	95	0
10	96	0
10	97	1
10	98	1
10	99	1
10	100	1
10	101	0
10	102	0
10	103	0
10	104	0
10	105	1
10	106	1
10	107	1
10	108	1
10	109	1
10	110	0
11	12	0
11	13	0
11	14	1
11	15	1
11	16	0
11	17	0
11	18	0
11	19	0
11	20	0
11	21	0
11	22	0
11	23	0
11	24	0
11	25	0
11	26	0
11	27	0
11	28	1
11	29	1
11	30	0
11	31	1
11	32	1
11	33	0
11	34	0
11	35	0
11	36	1
11	37	1
11	38	1
11	39	1
11	40	1
11	41	0
11	42	1
11	43	0
11	44	0
11	45	0
11	46	1
11	47	0
11	48	1
11	49	1
11	50	0
11	51	1
11	52	0
11	53	1
11	54	0
11	55	0
11	56	1
11	57	1
11	58	0
11	59	0
11	60	1
11	61	0
11	62	0
11	63	1
11	64	1
11	65	0
11	66	1
11	67	1
11	68	0
11	69	0
11	70	0
11	71	1
11	72	0
11	73	1
11	74	0
11	75	1
11	76	1
11	77	1
11	78	1
11	79	1
11	80	0
11	81	1
11	82	1
11	83	0
11	84	1
11	85	1
11	86	1
11	87	0
11	88	1
11	89	0
11	90	1
11	91	0
11	92	1
11	93	1
11	94	0
11	95	0
11	96	0
11	97	1
11	98	0
11	99	0
11	100	1
11	101	0
11	102	1
11	103	0
11	104	0
11	105	1
11	106	0
11	107	0
11	108	1
11	109	0
11	110	1
12	13	0
12	14	1
12	15	0
12	16	0
12	17	1
12	18	0
12	19	1
12	20	1
12	21	1
12	22	1
12	23	1
12	24	1
12	25	0
12	26	0
12	27	0
12	28	1
12	29	0
12	30	0
12	31	0
12	32	0
12	33	1
12	34	0
12	35	0
12	36	1
12	37	1
12	38	0
12	39	0
12	40	0
12	41	0
12	42	1
12	43	0
12	44	0
12	45	0
12	46	0
12	47	1
12	48	0
12	49	1
12	50	0
12	51	1
12	52	1
12	53	1
12	54	0
12	55	0
12	56	0
12	57	1
12	58	0
12	59	0
12	60	0
12	61	1
12	62	0
12	63	1
12	64	0
12	65	1
12	66	0
12	67	1
12	68	1
12	69	1
12	70	1
12	71	0
12	72	1
12	73	0
12	74	1
12	75	1
12	76	0
12	77	0
12	78	1
12	79	1
12	80	0
12	81	1
12	82	1
12	83	0
12	84	0
12	85	1
12	86	1
12	87	0
12	88	1
12	89	0
12	90	0
12	91	0
12	92	1
12	93	0
12	94	1
12	95	1
12	96	0
12	97	0
12	98	0
12	99	1
12	100	1
12	101	1
12	102	1
12	103	0
12	104	0
12	105	1
12	106	1
12	107	1
12	108	0
12	109	1
12	110	1
13	14	1
13	15	1
13	16	1
13	17	0
13	18	0
13	19	0
13	20	0
13	21	1
13	22	0
13	23	0
13	24	0
13	25	0
13	26	1
13	27	0
13	28	0
13	29	1
13	30	1
13	31	0
13	32	0
13	33	1
13	34	0
13	35	1
13	36	0
13	37	1
13	38	1
13	39	1
13	40	0
13	41	0
13	42	0
13	43	0
13	44	0
13	45	1
13	46	0
13	47	0
13	48	0
13	49	1
13	50	0
13	51	0
13	52	0
13	53	1
13	54	0
13	55	0
13	56	0
13	57	0
13	58	0
13	59	0
13	60	0
13	61	0
13	62	1
13	63	1
13	64	0
13	65	1
13	66	1
13	67	0
13	68	1
13	69	1
13	70	0
13	71	0
13	72	0
13	73	0
13	74	0
13	75	1
13	76	1
13	77	1
13	78	1
13	79	1
13	80	1
13	81	0
13	82	0
13	83	0
13	84	1
13	85	0
13	86	0
13	87	0
13	88	1
13	89	1
13	90	0
13	91	0
13	92	0
13	93	0
13	94	1
13	95	1
13	96	0
13	97	0
13	98	1
13	99	0
13	100	0
13	101	1
13	102	0
13	103	1
13	104	0
13	105	1
13	106	0
13	107	1
13	108	0
13	109	1
13	110	0
14	15	1
14	16	1
14	17	0
14	18	0
14	19	1
14	20	1
14	21	1
14	22	0
14	23	1
14	24	0
14	25	0
14	26	1
14	27	1
14	28	0
14	29	0
14	30	1
14	31	1
14	32	0
14	33	1
14	34	1
14	35	1
14	36	1
14	37	0
14	38	0
14	39	0
14	40	0
14	41	0
14	42	1
14	43	1
14	44	1
14	45	1
14	46	1
14	47	1
14	48	1
14	49	0
14	50	0
14	51	0
14	52	0
14	53	0
14	54	0
14	55	1
14	56	1
14	57	0
14	58	1
14	59	1
14	60	0
14	61	0
14	62	0
14	63	0
14	64	0
14	65	1
14	66	1
14	67	1
14	68	0
14	69	0
14	70	0
14	71	0
14	72	0
14	73	0
14	74	0
14	75	1
14	76	1
14	77	1
14	78	0
14	79	1
14	80	1
14	81	0
14	82	0
14	83	0
14	84	1
14	85	0
14	86	1
14	87	1
14	88	1
14	89	0
14	90	1
14	91	1
14	92	0
14	93	1
14	94	0
14	95	1
14	96	0
14	97	0
14	98	0
14	99	0
14	100	0
14	101	0
14	102	1
14	103	0
14	104	1
14	105	0
14	106	1
14	107	1
14	108	1
14	109	0
14	110	0
15	16	0
15	17	0
15	18	0
15	19	1
15	20	1
15	21	0
15	22	1
15	23	0
15	24	0
15	25	1
15	26	0
15	27	0
15	28	1
15	29	0
15	30	0
15	31	0
15	32	0
15	33	1
15	34	1
15	35	0
15	36	0
15	37	1
15	38	1
15	39	1
15	40	0
15	41	1
15	42	0
15	43	1
15	44	1
15	45	1
15	46	1
15	47	0
15	48	0
15	49	0
15	50	0
15	51	1
15	52	0
15	53	1
15	54	1
15	55	0
15	56	0
15	57	0
15	58	1
15	59	0
15	60	0
15	61	0
15	62	0
15	63	1
15	64	0
15	65	1
15	66	1
15	67	0
15	68	0
15	69	1
15	70	1
15	71	0
15	72	1
15	73	0
15	74	1
15	75	0
15	76	1
15	77	0
15	78	1
15	79	1
15	80	1
15	81	1
15	82	1
15	83	1
15	84	1
15	85	1
15	86	0
15	87	0
15	88	1
15	89	0
15	90	0
15	91	1
15	92	1
15	93	1
15	94	0
15	95	1
15	96	0
15	97	1
15	98	1
15	99	0
15	100	1
15	101	1
15	102	1
15	103	0
15	104	0
15	105	0
15	106	0
15	107	0
15	108	1
15	109	1
15	110	1
16	17	1
16	18	0
16	19	1
16	20	0
16	21	1
16	22	0
16	23	1
16	24	0
16	25	0
16	26	0
16	27	0
16	28	1
16	29	0
16	30	0
16	31	0
16	32	1
16	33	1
16	34	1
16	35	1
16	36	1
16	37	0
16	38	0
16	39	0
16	40	0
16	41	0
16	42	0
16	43	0
16	44	1
16	45	1
16	46	1
16	47	1
16	48	1
16	49	0
16	50	0
16	51	0
16	52	0
16	53	0
16	54	0
16	55	0
16	56	0
16	57	0
16	58	0
16	59	0
16	60	0
16	61	1
16	62	1
16	63	0
16	64	1
16	65	0
16	66	0
16	67	1
16	68	1
16	69	1
16	70	1
16	71	1
16	72	0
16	73	1
16	74	1
16	75	0
16	76	0
16	77	1
16	78	1
16	79	0
16	80	1
16	81	1
16	82	1
16	83	0
16	84	1
16	85	1
16	86	0
16	87	0
16	88	1
16	89	0
16	90	0
16	91	0
16	92	1
16	93	0
16	94	0
16	95	0
16	96	1
16	97	0
16	98	1
16	99	0
16	100	0
16	101	1
16	102	1
16	103	1
16	104	1
16	105	0
16	106	1
16	107	1
16	108	0
16	109	1
16	110	0
17	18	0
17	19	0
17	20	0
17	21	0
17	22	0
17	23	0
17	24	0
17	25	1
17	26	0
17	27	1
17	28	1
17	29	1
17	30	1
17	31	0
17	32	1
17	33	0
17	34	1
17	35	0
17	36	1
17	37	0
17	38	0
17	39	0
17	40	1
17	41	0
17	42	0
17	43	1
17	44	1
17	45	0
17	46	0
17	47	1
17	48	1
17	49	1
17	50	0
17	51	1
17	52	1
17	53	1
17	54	1
17	55	0
17	56	0
17	57	1
17	58	1
17	59	1
17	60	1
17	61	1
17	62	1
17	63	0
17	64	0
17	65	0
17	66	0
17	67	1
17	68	0
17	69	1
17	70	1
17	71	0
17	72	0
17	73	0
17	74	1
17	75	1
17	76	0
17	77	0
17	78	1
17	79	0
17	80	1
17	81	1
17	82	0
17	83	1
17	84	0
17	85	0
17	86	0
17	87	0
17	88	0
17	89	1
17	90	1
17	91	1
17	92	1
17	93	1
17	94	1
17	95	0
17	96	0
17	97	1
17	98	1
17	99	0
17	100	1
17	101	1
17	102	0
17	103	0
17	104	1
17	105	0
17	106	1
17	107	1
17	108	0
17	109	0
17	110	0
18	19	0
18	20	0
18	21	1
18	22	0
18	23	0
18	24	1
18	25	0
18	26	0
18	27	0
18	28	0
18	29	1
18	30	1
18	31	0
18	32	1
18	33	0
18	34	0
18	35	1
18	36	0
18	37	1
18	38	0
18	39	0
18	40	0
18	41	0
18	42	1
18	43	1
18	44	0
18	45	1
18	46	1
18	47	0
18	48	0
18	49	0
18	50	1
18	51	1
18	52	1
18	53	1
18	54	1
18	55	1
18	56	0
18	57	1
18	58	1
18	59	1
18	60	0
18	61	0
18	62	1
18	63	0
18	64	0
18	65	0
18	66	0
18	67	0
18	68	0
18	69	1
18	70	0
18	71	1
18	72	0
18	73	0
18	74	0
18	75	1
18	76	0
18	77	0
18	78	0
18	79	0
18	80	0
18	81	1
18	82	0
18	83	1
18	84	1
18	85	0
18	86	1
18	87	1
18	88	0
18	89	1
18	90	0
18	91	1
18	92	0
18	93	1
18	94	1
18	95	1
18	96	0
18	97	0
18	98	0
18	99	0
18	100	0
18	101	0
18	102	0
18	103	1
18	104	0
18	105	1
18	106	1
18	107	0
18	108	0
18	109	0
18	110	0
19	20	0
19	21	1
19	22	1
19	23	0
19	24	1
19	25	1
19	26	1
19	27	0
19	28	0
19	29	0
19	30	1
19	31	0
19	32	0
19	33	1
19	34	1
19	35	0
19	36	0
19	37	0
19	38	1
19	39	0
19	40	0
19	41	0
19	42	0
19	43	1
19	44	0
19	45	1
19	46	0
19	47	0
19	48	1
19	49	0
19	50	0
19	51	0
19	52	0
19	53	1
19	54	1
19	55	0
19	56	0
19	57	0
19	58	0
19	59	1
19	60	1
19	61	1
19	62	1
19	63	1
19	64	0
19	65	1
19	66	0
19	67	1
19	68	0
19	69	1
19	70	1
19	71	0
19	72	0
19	73	1
19	74	0
19	75	0
19	76	1
19	77	0
19	78	1
19	79	1
19	80	1
19	81	0
19	82	1
19	83	0
19	84	0
19	85	0
19	86	1
19	87	1
19	88	0
19	89	0
19	90	0
19	91	1
19	92	1
19	93	0
19	94	0
19	95	0
19	96	1
19	97	1
19	98	1
19	99	0
19	100	1
19	101	0
19	102	1
19	103	1
19	104	1
19	105	1
19	106	0
19	107	0
19	108	0
19	109	1
19	110	1
20	21	0
20	22	1
20	23	0
20	24	1
20	25	0
20	26	1
20	27	1
20	28	0
20	29	0
20	30	0
20	31	1
20	32	0
20	33	1
20	34	0
20	35	1
20	36	1
20	37	0
20	38	1
20	39	1
20	40	0
20	41	0
20	42	1
20	43	0
20	44	0
20	45	0
20	46	0
20	47	0
20	48	1
20	49	1
20	50	1
20	51	1
20	52	1
20	53	1
20	54	0
20	55	1
20	56	0
20	57	1
20	58	1
20	59	1
20	60	1
20	61	0
20	62	0
20	63	1
20	64	0
20	65	0
20	66	1
20	67	1
20	68	1
20	69	1
20	70	1
20	71	1
20	72	1
20	73	0
20	74	0
20	75	0
20	76	1
20	77	1
20	78	1
20	79	1
20	80	1
20	81	0
20	82	1
20	83	0
20	84	1
20	85	0
20	86	0
20	87	0
20	88	1
20	89	0
20	90	0
20	91	1
20	92	1
20	93	1
20	94	0
20	95	0
20	96	0
20	97	0
20	98	0
20	99	1
20	100	1
20	101	0
20	102	1
20	103	0
20	104	0
20	105	0
20	106	1
20	107	0
20	108	1
20	109	0
20	110	0
21	22	1
21	23	0
21	24	0
21	25	1
21	26	1
21	27	1
21	28	1
21	29	0
21	30	1
21	31	1
21	32	1
21	33	1
21	34	0
21	35	0
21	36	0
21	37	1
21	38	1
21	39	1
21	40	0
21	41	1
21	42	0
21	43	0
21	44	0
21	45	1
21	46	0
21	47	0
21	48	0
21	49	1
21	50	1
21	51	1
21	52	1
21	53	1
21	54	0
21	55	0
21	56	1
21	57	0
21	58	1
21	59	1
21	60	1
21	61	1
21	62	1
21	63	0
21	64	1
21	65	0
21	66	0
21	67	1
21	68	0
21	69	0
21	70	0
21	71	1
21	72	0
21	73	1
21	74	1
21	75	1
21	76	1
21	77	0
21	78	1
21	79	1
21	80	0
21	81	0
21	82	1
21	83	1
21	84	0
21	85	1
21	86	0
21	87	1
21	88	0
21	89	0
21	90	0
21	91	1
21	92	1
21	93	0
21	94	0
21	95	1
21	96	0
21	97	1
21	98	0
21	99	1
21	100	0
21	101	0
21	102	1
21	103	0
21	104	1
21	105	0
21	106	1
21	107	0
21	108	1
21	109	1
21	110	0
22	23	0
22	24	1
22	25	1
22	26	0
22	27	1
22	28	1
22	29	1
22	30	1
22	31	1
22	32	1
22	33	0
22	34	0
22	35	0
22	36	0
22	37	0
22	38	1
22	39	1
22	40	1
22	41	1
22	42	1
22	43	1
22	44	0
22	45	1
22	46	1
22	47	1
22	48	1
22	49	1
22	50	0
22	51	0
22	52	1
22	53	1
22	54	1
22	55	1
22	56	1
22	57	0
22	58	0
22	59	1
22	60	1
22	61	1
22	62	1
22	63	1
22	64	0
22	65	1
22	66	1
22	67	0
22	68	0
22	69	0
22	70	1
22	71	1
22	72	0
22	73	1
22	74	1
22	75	0
22	76	1
22	77	1
22	78	0
22	79	1
22	80	0
22	81	1
22	82	1
22	83	0
22	84	1
22	85	1
22	86	1
22	87	0
22	88	0
22	89	1
22	90	1
22	91	0
22	92	0
22	93	0
22	94	0
22	95	0
22	96	1
22	97	1
22	98	1
22	99	0
22	100	1
22	101	1
22	102	0
22	103	0
22	104	1
22	105	1
22	106	0
22	107	0
22	108	0
22	109	0
22	110	0
23	24	0
23	25	1
23	26	1
23	27	0
23	28	0
23	29	0
23	30	0
23	31	0
23	32	1
23	33	0
23	34	1
23	35	1
23	36	1
23	37	0
23	38	1
23	39	1
23	40	0
23	41	1
23	42	1
23	43	1
23	44	0
23	45	0
23	46	0
23	47	0
23	48	0
23	49	0
23	50	0
23	51	0
23	52	0
23	53	1
23	54	0
23	55	0
23	56	1
23	57	1
23	58	1
23	59	1
23	60	0
23	61	1
23	62	1
23	63	1
23	64	0
23	65	1
23	66	1
23	67	1
23	68	0
23	69	1
23	70	0
23	71	0
23	72	1
23	73	0
23	74	0
23	75	1
23	76	1
23	77	0
23	78	1
23	79	0
23	80	1
23	81	1
23	82	0
23	83	0
23	84	0
23	85	0
23	86	1
23	87	0
23	88	0
23	89	0
23	90	0
23	91	1
23	92	0
23	93	0
23	94	1
23	95	1
23	96	1
23	97	0
23	98	1
23	99	0
23	100	0
23	101	0
23	102	1
23	103	1
23	104	1
23	105	0
23	106	0
23	107	0
23	108	0
23	109	1
23	110	1
24	25	1
24	26	1
24	27	1
24	28	0
24	29	1
24	30	1
24	31	1
24	32	1
24	33	1
24	34	1
24	35	0
24	36	1
24	37	0
24	38	0
24	39	1
24	40	1
24	41	1
24	42	1
24	43	1
24	44	0
24	45	1
24	46	1
24	47	1
24	48	0
24	49	1
24	50	1
24	51	1
24	52	0
24	53	1
24	54	1
24	55	1
24	56	1
24	57	0
24	58	1
24	59	0
24	60	1
24	61	1
24	62	1
24	63	1
24	64	1
24	65	0
24	66	0
24	67	1
24	68	0
24	69	1
24	70	0
24	71	1
24	72	0
24	73	0
24	74	0
24	75	1
24	76	1
24	77	0
24	78	0
24	79	0
24	80	1
24	81	0
24	82	1
24	83	0
24	84	1
24	85	1
24	86	0
24	87	0
24	88	0
24	89	0
24	90	0
24	91	0
24	92	1
24	93	0
24	94	1
24	95	1
24	96	0
24	97	1
24	98	1
24	99	0
24	100	1
24	101	1
24	102	0
24	103	0
24	104	1
24	105	1
24	106	1
24	107	0
24	108	1
24	109	0
24	110	0
25	26	0
25	27	1
25	28	0
25	29	0
25	30	0
25	31	1
25	32	0
25	33	0
25	34	0
25	35	1
25	36	1
25	37	1
25	38	0
25	39	1
25	40	1
25	41	0
25	42	0
25	43	1
25	44	0
25	45	0
25	46	0
25	47	0
25	48	0
25	49	1
25	50	1
25	51	0
25	52	1
25	53	1
25	54	1
25	55	0
25	56	1
25	57	0
25	58	0
25	59	0
25	60	0
25	61	1
25	62	1
25	63	1
25	64	0
25	65	1
25	66	1
25	67	1
25	68	1
25	69	1
25	70	0
25	71	0
25	72	1
25	73	1
25	74	1
25	75	0
25	76	1
25	77	1
25	78	0
25	79	0
25	80	1
25	81	1
25	82	1
25	83	0
25	84	0
25	85	1
25	86	1
25	87	0
25	88	1
25	89	1
25	90	0
25	91	0
25	92	0
25	93	0
25	94	1
25	95	0
25	96	1
25	97	0
25	98	0
25	99	1
25	100	1
25	101	0
25	102	1
25	103	0
25	104	0
25	105	0
25	106	0
25	107	0
25	108	0
25	109	0
25	110	0
26	27	1
26	28	0
26	29	1
26	30	1
26	31	0
26	32	1
26	33	1
26	34	0
26	35	0
26	36	1
26	37	0
26	38	0
26	39	1
26	40	0
26	41	1
26	42	1
26	43	0
26	44	1
26	45	0
26	46	0
26	47	0
26	48	0
26	49	1
26	50	0
26	51	0
26	52	1
26	53	1
26	54	0
26	55	0
26	56	0
26	57	1
26	58	1
26	59	0
26	60	1
26	61	1
26	62	0
26	63	0
26	64	0
26	65	0
26	66	0
26	67	1
26	68	1
26	69	1
26	70	0
26	71	1
26	72	1
26	73	1
26	74	1
26	75	0
26	76	0
26	77	0
26	78	1
26	79	1
26	80	1
26	81	1
26	82	1
26	83	1
26	84	1
26	85	1
26	86	1
26	87	0
26	88	1
26	89	1
26	90	1
26	91	0
26	92	1
26	93	1
26	94	1
26	95	0
26	96	0
26	97	0
26	98	0
26	99	0
26	100	1
26	101	0
26	102	0
26	103	0
26	104	0
26	105	1
26	106	0
26	107	0
26	108	1
26	109	0
26	110	0
27	28	0
27	29	1
27	30	0
27	31	0
27	32	1
27	33	0
27	34	1
27	35	0
27	36	1
27	37	0
27	38	1
27	39	1
27	40	0
27	41	0
27	42	1
27	43	0
27	44	0
27	45	1
27	46	1
27	47	0
27	48	1
27	49	1
27	50	1
27	51	1
27	52	1
27	53	1
27	54	0
27	55	0
27	56	0
27	57	0
27	58	1
27	59	0
27	60	0
27	61	0
27	62	1
27	63	0
27	64	0
27	65	1
27	66	0
27	67	1
27	68	0
27	69	1
27	70	0
27	71	1
27	72	0
27	73	1
27	74	0
27	75	1
27	76	0
27	77	1
27	78	1
27	79	1
27	80	0
27	81	1
27	82	1
27	83	1
27	84	0
27	85	0
27	86	0
27	87	0
27	88	1
27	89	1
27	90	1
27	91	1
27	92	1
27	93	0
27	94	0
27	95	1
27	96	1
27	97	0
27	98	0
27	99	0
27	100	0
27	101	0
27	102	0
27	103	0
27	104	0
27	105	0
27	106	1
27	107	1
27	108	1
27	109	0
27	110	0
28	29	0
28	30	0
28	31	1
28	32	0
28	33	1
28	34	1
28	35	0
28	36	1
28	37	0
28	38	1
28	39	0
28	40	0
28	41	1
28	42	0
28	43	1
28	44	0
28	45	0
28	46	1
28	47	1
28	48	0
28	49	1
28	50	0
28	51	1
28	52	0
28	53	0
28	54	1
28	55	0
28	56	0
28	57	1
28	58	1
28	59	0
28	60	0
28	61	1
28	62	1
28	63	1
28	64	1
28	65	0
28	66	1
28	67	0
28	68	0
28	69	1
28	70	1
28	71	0
28	72	0
28	73	1
28	74	0
28	75	1
28	76	1
28	77	1
28	78	0
28	79	1
28	80	1
28	81	0
28	82	1
28	83	1
28	84	1
28	85	0
28	86	1
28	87	1
28	88	1
28	89	0
28	90	0
28	91	1
28	92	0
28	93	0
28	94	1
28	95	0
28	96	1
28	97	1
28	98	1
28	99	0
28	100	0
28	101	1
28	102	0
28	103	0
28	104	0
28	105	1
28	106	0
28	107	1
28	108	1
28	109	1
28	110	1
29	30	1
29	31	0
29	32	1
29	33	0
29	34	1
29	35	1
29	36	0
29	37	0
29	38	0
29	39	1
29	40	1
29	41	1
29	42	0
29	43	0
29	44	1
29	45	1
29	46	0
29	47	0
29	48	1
29	49	1
29	50	0
29	51	0
29	52	1
29	53	0
29	54	1
29	55	0
29	56	0
29	57	1
29	58	0
29	59	1
29	60	1
29	61	1
29	62	1
29	63	1
29	64	0
29	65	1
29	66	1
29	67	1
29	68	0
29	69	1
29	70	1
29	71	1
29	72	0
29	73	1
29	74	0
29	75	0
29	76	0
29	77	1
29	78	1
29	79	1
29	80	1
29	81	1
29	82	0
29	83	1
29	84	1
29	85	0
29	86	0
29	87	1
29	88	0
29	89	0
29	90	0
29	91	1
29	92	0
29	93	0
29	94	0
29	95	0
29	96	0
29	97	1
29	98	0
29	99	1
29	100	0
29	101	1
29	102	0
29	103	1
29	104	0
29	105	0
29	106	0
29	107	1
29	108	0
29	109	1
29	110	1
30	31	1
30	32	0
30	33	0
30	34	1
30	35	0
30	36	0
30	37	0
30	38	0
30	39	1
30	40	0
30	41	0
30	42	0
30	43	1
30	44	0
30	45	0
30	46	0
30	47	1
30	48	1
30	49	1
30	50	0
30	51	0
30	52	0
30	53	1
30	54	1
30	55	0
30	56	0
30	57	0
30	58	1
30	59	0
30	60	0
30	61	1
30	62	1
30	63	1
30	64	0
30	65	0
30	66	1
30	67	0
30	68	1
30	69	1
30	70	0
30	71	0
30	72	0
30	73	1
30	74	0
30	75	0
30	76	0
30	77	1
30	78	0
30	79	0
30	80	0
30	81	0
30	82	1
30	83	1
30	84	1
30	85	1
30	86	0
30	87	1
30	88	1
30	89	1
30	90	0
30	91	1
30	92	0
30	93	1
30	94	0
30	95	0
30	96	0
30	97	1
30	98	0
30	99	0
30	100	0
30	101	0
30	102	1
30	103	0
30	104	0
30	105	1
30	106	0
30	107	1
30	108	0
30	109	0
30	110	0
31	32	1
31	33	0
31	34	0
31	35	1
31	36	1
31	37	0
31	38	0
31	39	0
31	40	0
31	41	1
31	42	0
31	43	0
31	44	1
31	45	1
31	46	1
31	47	1
31	48	1
31	49	1
31	50	1
31	51	0
31	52	1
31	53	1
31	54	1
31	55	1
31	56	1
31	57	0
31	58	0
31	59	0
31	60	0
31	61	0
31	62	1
31	63	1
31	64	0
31	65	1
31	66	1
31	67	0
31	68	1
31	69	1
31	70	1
31	71	0
31	72	1
31	73	0
31	74	1
31	75	0
31	76	1
31	77	0
31	78	1
31	79	0
31	80	0
31	81	0
31	82	1
31	83	0
31	84	1
31	85	1
31	86	0
31	87	0
31	88	0
31	89	0
31	90	1
31	91	1
31	92	0
31	93	1
31	94	1
31	95	0
31	96	0
31	97	1
31	98	0
31	99	1
31	100	1
31	101	1
31	102	1
31	103	0
31	104	1
31	105	0
31	106	0
31	107	0
31	108	1
31	109	0
31	110	1
32	33	1
32	34	0
32	35	0
32	36	1
32	37	0
32	38	1
32	39	0
32	40	0
32	41	1
32	42	0
32	43	1
32	44	0
32	45	1
32	46	1
32	47	0
32	48	1
32	49	0
32	50	1
32	51	0
32	52	1
32	53	1
32	54	1
32	55	0
32	56	0
32	57	1
32	58	1
32	59	0
32	60	0
32	61	0
32	62	0
32	63	1
32	64	0
32	65	1
32	66	1
32	67	0
32	68	1
32	69	1
32	70	0
32	71	0
32	72	1
32	73	1
32	74	1
32	75	1
32	76	0
32	77	0
32	78	1
32	79	1
32	80	0
32	81	1
32	82	1
32	83	1
32	84	0
32	85	0
32	86	0
32	87	0
32	88	1
32	89	0
32	90	0
32	91	0
32	92	0
32	93	1
32	94	1
32	95	0
32	96	0
32	97	0
32	98	1
32	99	1
32	100	1
32	101	1
32	102	0
32	103	1
32	104	0
32	105	1
32	106	0
32	107	0
32	108	1
32	109	1
32	110	0
33	34	0
33	35	1
33	36	0
33	37	0
33	38	0
33	39	0
33	40	1
33	41	1
33	42	0
33	43	1
33	44	1
33	45	1
33	46	0
33	47	0
33	48	0
33	49	0
33	50	1
33	51	1
33	52	0
33	53	0
33	54	0
33	55	0
33	56	1
33	57	1
33	58	0
33	59	0
33	60	1
33	61	0
33	62	0
33	63	0
33	64	0
33	65	1
33	66	0
33	67	0
33	68	0
33	69	0
33	70	0
33	71	1
33	72	0
33	73	1
33	74	1
33	75	1
33	76	0
33	77	0
33	78	0
33	79	1
33	80	0
33	81	1
33	82	1
33	83	0
33	84	1
33	85	1
33	86	0
33	87	1
33	88	0
33	89	1
33	90	1
33	91	1
33	92	0
33	93	1
33	94	0
33	95	1
33	96	1
33	97	0
33	98	1
33	99	0
33	100	0
33	101	0
33	102	1
33	103	1
33	104	0
33	105	1
33	106	1
33	107	1
33	108	1
33	109	1
33	110	1
34	35	0
34	36	0
34	37	1
34	38	1
34	39	0
34	40	1
34	41	0
34	42	0
34	43	0
34	44	1
34	45	1
34	46	0
34	47	1
34	48	0
34	49	0
34	50	1
34	51	1
34	52	0
34	53	0
34	54	1
34	55	1
34	56	1
34	57	1
34	58	1
34	59	1
34	60	1
34	61	0
34	62	0
34	63	0
34	64	1
34	65	0
34	66	0
34	67	0
34	68	1
34	69	0
34	70	0
34	71	1
34	72	1
34	73	1
34	74	0
34	75	0
34	76	1
34	77	0
34	78	0
34	79	1
34	80	0
34	81	1
34	82	0
34	83	1
34	84	1
34	85	1
34	86	0
34	87	1
34	88	0
34	89	0
34	90	0
34	91	0
34	92	1
34	93	0
34	94	0
34	95	0
34	96	1
34	97	0
34	98	0
34	99	0
34	100	1
34	101	1
34	102	1
34	103	0
34	104	1
34	105	1
34	106	1
34	107	1
34	108	0
34	109	1
34	110	1
35	36	1
35	37	0
35	38	1
35	39	1
35	40	1
35	41	0
35	42	1
35	43	0
35	44	1
35	45	1
35	46	0
35	47	1
35	48	1
35	49	1
35	50	1
35	51	0
35	52	0
35	53	0
35	54	1
35	55	1
35	56	0
35	57	0
35	58	0
35	59	1
35	60	1
35	61	1
35	62	1
35	63	0
35	64	0
35	65	1
35	66	0
35	67	1
35	68	0
35	69	0
35	70	0
35	71	1
35	72	0
35	73	1
35	74	1
35	75	0
35	76	0
35	77	1
35	78	0
35	79	1
35	80	0
35	81	0
35	82	1
35	83	0
35	84	1
35	85	0
35	86	1
35	87	0
35	88	0
35	89	1
35	90	1
35	91	1
35	92	1
35	93	0
35	94	0
35	95	0
35	96	1
35	97	0
35	98	0
35	99	0
35	100	0
35	101	0
35	102	0
35	103	0
35	104	1
35	105	1
35	106	1
35	107	1
35	108	0
35	109	0
35	110	0
36	37	1
36	38	0
36	39	0
36	40	1
36	41	1
36	42	0
36	43	1
36	44	0
36	45	0
36	46	1
36	47	0
36	48	0
36	49	1
36	50	1
36	51	0
36	52	0
36	53	1
36	54	0
36	55	1
36	56	1
36	57	0
36	58	1
36	59	1
36	60	1
36	61	1
36	62	1
36	63	0
36	64	0
36	65	0
36	66	0
36	67	1
36	68	1
36	69	1
36	70	1
36	71	0
36	72	1
36	73	0
36	74	1
36	75	1
36	76	0
36	77	1
36	78	0
36	79	0
36	80	1
36	81	1
36	82	0
36	83	0
36	84	0
36	85	0
36	86	0
36	87	1
36	88	1
36	89	0
36	90	0
36	91	1
36	92	1
36	93	0
36	94	0
36	95	1
36	96	0
36	97	1
36	98	0
36	99	1
36	100	0
36	101	1
36	102	1
36	103	0
36	104	0
36	105	1
36	106	1
36	107	1
36	108	1
36	109	1
36	110	1
37	38	0
37	39	1
37	40	0
37	41	1
37	42	0
37	43	0
37	44	1
37	45	1
37	46	1
37	47	1
37	48	0
37	49	0
37	50	1
37	51	0
37	52	1
37	53	0
37	54	0
37	55	1
37	56	0
37	57	1
37	58	1
37	59	1
37	60	1
37	61	1
37	62	0
37	63	1
37	64	1
37	65	1
37	66	1
37	67	0
37	68	0
37	69	1
37	70	1
37	71	0
37	72	0
37	73	0
37	74	0
37	75	0
37	76	1
37	77	1
37	78	1
37	79	1
37	80	1
37	81	1
37	82	0
37	83	1
37	84	1
37	85	1
37	86	0
37	87	0
37	88	0
37	89	1
37	90	1
37	91	0
37	92	1
37	93	1
37	94	1
37	95	1
37	96	0
37	97	0
37	98	1
37	99	1
37	100	1
37	101	1
37	102	0
37	103	0
37	104	1
37	105	1
37	106	0
37	107	1
37	108	0
37	109	0
37	110	1
38	39	1
38	40	0
38	41	1
38	42	0
38	43	0
38	44	1
38	45	0
38	46	1
38	47	1
38	48	0
38	49	1
38	50	0
38	51	0
38	52	0
38	53	0
38	54	0
38	55	0
38	56	1
38	57	0
38	58	1
38	59	1
38	60	0
38	61	1
38	62	0
38	63	1
38	64	1
38	65	1
38	66	1
38	67	0
38	68	1
38	69	1
38	70	0
38	71	0
38	72	1
38	73	1
38	74	1
38	75	0
38	76	0
38	77	1
38	78	1
38	79	0
38	80	0
38	81	0
38	82	1
38	83	1
38	84	0
38	85	0
38	86	1
38	87	1
38	88	0
38	89	1
38	90	1
38	91	1
38	92	1
38	93	0
38	94	1
38	95	0
38	96	0
38	97	0
38	98	0
38	99	0
38	100	0
38	101	0
38	102	0
38	103	0
38	104	0
38	105	1
38	106	1
38	107	0
38	108	1
38	109	1
38	110	1
39	40	0
39	41	1
39	42	1
39	43	1
39	44	0
39	45	1
39	46	0
39	47	0
39	48	1
39	49	0
39	50	0
39	51	1
39	52	1
39	53	0
39	54	1
39	55	1
39	56	1
39	57	0
39	58	0
39	59	0
39	60	0
39	61	1
39	62	0
39	63	1
39	64	0
39	65	1
39	66	1
39	67	1
39	68	1
39	69	0
39	70	0
39	71	1
39	72	0
39	73	1
39	74	1
39	75	0
39	76	1
39	77	0
39	78	1
39	79	0
39	80	0
39	81	1
39	82	1
39	83	1
39	84	0
39	85	0
39	86	1
39	87	0
39	88	0
39	89	1
39	90	1
39	91	1
39	92	0
39	93	0
39	94	0
39	95	0
39	96	0
39	97	0
39	98	0
39	99	0
39	100	0
39	101	1
39	102	0
39	103	0
39	104	0
39	105	0
39	106	1
39	107	0
39	108	1
39	109	1
39	110	1
40	41	0
40	42	1
40	43	1
40	44	0
40	45	1
40	46	0
40	47	0
40	48	1
40	49	1
40	50	0
40	51	0
40	52	1
40	53	0
40	54	1
40	55	0
40	56	1
40	57	1
40	58	1
40	59	0
40	60	1
40	61	0
40	62	1
40	63	0
40	64	1
40	65	0
40	66	1
40	67	1
40	68	1
40	69	0
40	70	0
40	71	1
40	72	1
40	73	0
40	74	0
40	75	1
40	76	0
40	77	0
40	78	1
40	79	0
40	80	0
40	81	1
40	82	1
40	83	1
40	84	1
40	85	0
40	86	0
40	87	1
40	88	0
40	89	1
40	90	1
40	91	0
40	92	1
40	93	0
40	94	0
40	95	0
40	96	0
40	97	1
40	98	1
40	99	0
40	100	1
40	101	1
40	102	1
40	103	1
40	104	0
40	105	1
40	106	1
40	107	0
40	108	1
40	109	0
40	110	1
41	42	1
41	43	0
41	44	1
41	45	1
41	46	0
41	47	1
41	48	1
41	49	1
41	50	0
41	51	1
41	52	0
41	53	0
41	54	1
41	55	0
41	56	0
41	57	1
41	58	0
41	59	1
41	60	1
41	61	0
41	62	0
41	63	0
41	64	0
41	65	1
41	66	0
41	67	1
41	68	1
41	69	1
41	70	1
41	71	1
41	72	1
41	73	1
41	74	1
41	75	0
41	76	0
41	77	0
41	78	0
41	79	0
41	80	1
41	81	1
41	82	1
41	83	1
41	84	0
41	85	1
41	86	0
41	87	1
41	88	0
41	89	0
41	90	0
41	91	0
41	92	1
41	93	1
41	94	0
41	95	0
41	96	0
41	97	1
41	98	1
41	99	1
41	100	0
41	101	0
41	102	0
41	103	0
41	104	1
41	105	1
41	106	1
41	107	0
41	108	1
41	109	0
41	110	0
42	43	1
42	44	1
42	45	1
42	46	0
42	47	1
42	48	0
42	49	0
42	50	0
42	51	1
42	52	0
42	53	1
42	54	1
42	55	0
42	56	1
42	57	1
42	58	0
42	59	0
42	60	0
42	61	1
42	62	0
42	63	0
42	64	1
42	65	1
42	66	0
42	67	1
42	68	1
42	69	0
42	70	1
42	71	1
42	72	0
42	73	0
42	74	1
42	75	0
42	76	1
42	77	1
42	78	1
42	79	0
42	80	1
42	81	1
42	82	1
42	83	1
42	84	1
42	85	0
42	86	1
42	87	1
42	88	1
42	89	1
42	90	0
42	91	1
42	92	1
42	93	1
42	94	1
42	95	0
42	96	1
42	97	1
42	98	1
42	99	0
42	100	1
42	101	1
42	102	0
42	103	0
42	104	1
42	105	1
42	106	1
42	107	1
42	108	1
42	109	1
42	110	1
43	44	1
43	45	1
43	46	1
43	47	1
43	48	0
43	49	1
43	50	1
43	51	1
43	52	1
43	53	1
43	54	1
43	55	0
43	56	1
43	57	0
43	58	1
43	59	0
43	60	0
43	61	1
43	62	1
43	63	0
43	64	0
43	65	1
43	66	1
43	67	0
43	68	0
43	69	0
43	70	0
43	71	0
43	72	0
43	73	0
43	74	0
43	75	1
43	76	1
43	77	1
43	78	1
43	79	0
43	80	0
43	81	1
43	82	1
43	83	0
43	84	1
43	85	0
43	86	0
43	87	1
43	88	1
43	89	1
43	90	1
43	91	1
43	92	0
43	93	0
43	94	1
43	95	0
43	96	0
43	97	1
43	98	1
43	99	0
43	100	1
43	101	0
43	102	0
43	103	1
43	104	0
43	105	1
43	106	1
43	107	1
43	108	0
43	109	0
43	110	1
44	45	0
44	46	1
44	47	1
44	48	1
44	49	0
44	50	1
44	51	0
44	52	1
44	53	0
44	54	0
44	55	0
44	56	0
44	57	0
44	58	1
44	59	0
44	60	0
44	61	1
44	62	0
44	63	1
44	64	0
44	65	1
44	66	1
44	67	0
44	68	0
44	69	0
44	70	0
44	71	0
44	72	1
44	73	0
44	74	1
44	75	0
44	76	1
44	77	1
44	78	0
44	79	1
44	80	1
44	81	1
44	82	1
44	83	0
44	84	1
44	85	0
44	86	0
44	87	1
44	88	0
44	89	1
44	90	0
44	91	1
44	92	0
44	93	0
44	94	1
44	95	1
44	96	1
44	97	0
44	98	1
44	99	1
44	100	0
44	101	1
44	102	1
44	103	0
44	104	0
44	105	1
44	106	1
44	107	0
44	108	0
44	109	1
44	110	0
45	46	0
45	47	0
45	48	0
45	49	0
45	50	0
45	51	1
45	52	0
45	53	1
45	54	1
45	55	0
45	56	0
45	57	0
45	58	0
45	59	1
45	60	1
45	61	0
45	62	1
45	63	0
45	64	0
45	65	0
45	66	0
45	67	1
45	68	0
45	69	0
45	70	0
45	71	1
45	72	1
45	73	1
45	74	0
45	75	1
45	76	1
45	77	1
45	78	1
45	79	1
45	80	1
45	81	1
45	82	0
45	83	0
45	84	0
45	85	0
45	86	0
45	87	0
45	88	1
45	89	1
45	90	0
45	91	1
45	92	1
45	93	1
45	94	0
45	95	0
45	96	0
45	97	0
45	98	1
45	99	0
45	100	1
45	101	0
45	102	1
45	103	1
45	104	0
45	105	0
45	106	0
45	107	1
45	108	1
45	109	1
45	110	0
46	47	1
46	48	1
46	49	1
46	50	1
46	51	1
46	52	0
46	53	1
46	54	1
46	55	1
46	56	1
46	57	0
46	58	1
46	59	0
46	60	1
46	61	0
46	62	1
46	63	0
46	64	1
46	65	1
46	66	0
46	67	0
46	68	0
46	69	1
46	70	1
46	71	0
46	72	0
46	73	0
46	74	1
46	75	0
46	76	1
46	77	0
46	78	1
46	79	1
46	80	1
46	81	1
46	82	0
46	83	0
46	84	0
46	85	0
46	86	0
46	87	0
46	88	0
46	89	1
46	90	0
46	91	0
46	92	1
46	93	0
46	94	0
46	95	1
46	96	1
46	97	1
46	98	1
46	99	0
46	100	1
46	101	0
46	102	1
46	103	1
46	104	0
46	105	0
46	106	0
46	107	1
46	108	0
46	109	0
46	110	0
47	48	1
47	49	1
47	50	1
47	51	1
47	52	0
47	53	0
47	54	0
47	55	0
47	56	0
47	57	0
47	58	1
47	59	0
47	60	1
47	61	1
47	62	0
47	63	1
47	64	0
47	65	0
47	66	1
47	67	1
47	68	0
47	69	0
47	70	0
47	71	0
47	72	0
47	73	0
47	74	0
47	75	0
47	76	1
47	77	1
47	78	1
47	79	1
47	80	0
47	81	1
47	82	1
47	83	0
47	84	0
47	85	1
47	86	0
47	87	0
47	88	1
47	89	0
47	90	0
47	91	0
47	92	0
47	93	1
47	94	0
47	95	1
47	96	0
47	97	0
47	98	1
47	99	0
47	100	1
47	101	1
47	102	0
47	103	1
47	104	1
47	105	0
47	106	1
47	107	0
47	108	0
47	109	0
47	110	1
48	49	0
48	50	0
48	51	0
48	52	1
48	53	0
48	54	1
48	55	1
48	56	1
48	57	1
48	58	0
48	59	0
48	60	1
48	61	0
48	62	0
48	63	1
48	64	1
48	65	1
48	66	0
48	67	1
48	68	0
48	69	1
48	70	1
48	71	1
48	72	1
48	73	0
48	74	1
48	75	1
48	76	1
48	77	0
48	78	1
48	79	0
48	80	1
48	81	0
48	82	0
48	83	1
48	84	1
48	85	1
48	86	1
48	87	1
48	88	1
48	89	1
48	90	0
48	91	0
48	92	0
48	93	1
48	94	1
48	95	1
48	96	1
48	97	0
48	98	0
48	99	1
48	100	0
48	101	1
48	102	0
48	103	1
48	104	0
48	105	0
48	106	1
48	107	1
48	108	1
48	109	1
48	110	1
49	50	1
49	51	1
49	52	0
49	53	1
49	54	1
49	55	0
49	56	1
49	57	0
49	58	1
49	59	0
49	60	1
49	61	0
49	62	1
49	63	0
49	64	0
49	65	0
49	66	1
49	67	0
49	68	0
49	69	0
49	70	1
49	71	1
49	72	0
49	73	0
49	74	1
49	75	0
49	76	1
49	77	1
49	78	1
49	79	1
49	80	0
49	81	1
49	82	0
49	83	1
49	84	0
49	85	0
49	86	0
49	87	0
49	88	1
49	89	1
49	90	0
49	91	0
49	92	1
49	93	1
49	94	0
49	95	1
49	96	0
49	97	0
49	98	0
49	99	0
49	100	0
49	101	0
49	102	0
49	103	0
49	104	1
49	105	1
49	106	0
49	107	1
49	108	1
49	109	1
49	110	1
50	51	0
50	52	0
50	53	1
50	54	0
50	55	0
50	56	1
50	57	1
50	58	1
50	59	0
50	60	0
50	61	1
50	62	0
50	63	0
50	64	1
50	65	1
50	66	1
50	67	0
50	68	1
50	69	1
50	70	0
50	71	0
50	72	1
50	73	1
50	74	0
50	75	0
50	76	1
50	77	0
50	78	1
50	79	1
50	80	1
50	81	1
50	82	0
50	83	0
50	84	0
50	85	1
50	86	1
50	87	1
50	88	1
50	89	0
50	90	0
50	91	0
50	92	0
50	93	0
50	94	1
50	95	0
50	96	0
50	97	1
50	98	0
50	99	0
50	100	0
50	101	1
50	102	1
50	103	1
50	104	1
50	105	0
50	106	0
50	107	0
50	108	0
50	109	1
50	110	1
51	52	0
51	53	0
51	54	0
51	55	0
51	56	1
51	57	0
51	58	1
51	59	1
51	60	1
51	61	0
51	62	1
51	63	1
51	64	1
51	65	0
51	66	1
51	67	1
51	68	0
51	69	0
51	70	1
51	71	0
51	72	0
51	73	0
51	74	1
51	75	0
51	76	1
51	77	1
51	78	0
51	79	0
51	80	1
51	81	0
51	82	0
51	83	1
51	84	0
51	85	1
51	86	0
51	87	0
51	88	1
51	89	0
51	90	0
51	91	1
51	92	0
51	93	0
51	94	0
51	95	1
51	96	0
51	97	0
51	98	1
51	99	0
51	100	1
51	101	1
51	102	1
51	103	0
51	104	1
51	105	1
51	106	1
51	107	0
51	108	1
51	109	1
51	110	0
52	53	1
52	54	0
52	55	1
52	56	1
52	57	1
52	58	0
52	59	0
52	60	0
52	61	0
52	62	1
52	63	1
52	64	0
52	65	1
52	66	1
52	67	0
52	68	1
52	69	0
52	70	1
52	71	1
52	72	0
52	73	1
52	74	1
52	75	0
52	76	1
52	77	0
52	78	0
52	79	0
52	80	0
52	81	0
52	82	0
52	83	0
52	84	1
52	85	0
52	86	1
52	87	1
52	88	0
52	89	0
52	90	0
52	91	1
52	92	1
52	93	0
52	94	0
52	95	1
52	96	1
52	97	1
52	98	0
52	99	1
52	100	0
52	101	0
52	102	1
52	103	0
52	104	1
52	105	1
52	106	0
52	107	0
52	108	1
52	109	1
52	110	0
53	54	1
53	55	1
53	56	1
53	57	0
53	58	1
53	59	1
53	60	1
53	61	1
53	62	1
53	63	0
53	64	0
53	65	1
53	66	0
53	67	0
53	68	1
53	69	1
53	70	0
53	71	1
53	72	1
53	73	0
53	74	0
53	75	1
53	76	0
53	77	0
53	78	1
53	79	1
53	80	0
53	81	0
53	82	1
53	83	1
53	84	1
53	85	0
53	86	0
53	87	0
53	88	0
53	89	1
53	90	0
53	91	1
53	92	1
53	93	1
53	94	0
53	95	1
53	96	1
53	97	0
53	98	0
53	99	0
53	100	0
53	101	0
53	102	0
53	103	1
53	104	0
53	105	0
53	106	1
53	107	1
53	108	1
53	109	0
53	110	1
54	55	1
54	56	1
54	57	1
54	58	1
54	59	0
54	60	0
54	61	0
54	62	1
54	63	0
54	64	1
54	65	0
54	66	1
54	67	1
54	68	1
54	69	0
54	70	0
54	71	1
54	72	1
54	73	1
54	74	1
54	75	1
54	76	0
54	77	1
54	78	0
54	79	1
54	80	1
54	81	0
54	82	1
54	83	0
54	84	0
54	85	0
54	86	0
54	87	0
54	88	1
54	89	1
54	90	0
54	91	1
54	92	1
54	93	1
54	94	0
54	95	1
54	96	1
54	97	1
54	98	0
54	99	0
54	100	0
54	101	1
54	102	1
54	103	1
54	104	0
54	105	1
54	106	0
54	107	0
54	108	0
54	109	1
54	110	1
55	56	0
55	57	0
55	58	0
55	59	0
55	60	1
55	61	0
55	62	0
55	63	1
55	64	1
55	65	0
55	66	0
55	67	0
55	68	0
55	69	1
55	70	1
55	71	0
55	72	0
55	73	1
55	74	1
55	75	0
55	76	0
55	77	0
55	78	0
55	79	0
55	80	1
55	81	1
55	82	1
55	83	1
55	84	1
55	85	0
55	86	0
55	87	1
55	88	0
55	89	1
55	90	0
55	91	0
55	92	0
55	93	1
55	94	1
55	95	0
55	96	1
55	97	1
55	98	1
55	99	0
55	100	0
55	101	1
55	102	0
55	103	0
55	104	0
55	105	0
55	106	1
55	107	1
55	108	0
55	109	1
55	110	1
56	57	1
56	58	0
56	59	0
56	60	0
56	61	0
56	62	1
56	63	0
56	64	1
56	65	1
56	66	1
56	67	0
56	68	0
56	69	1
56	70	0
56	71	1
56	72	1
56	73	0
56	74	0
56	75	1
56	76	0
56	77	1
56	78	0
56	79	0
56	80	1
56	81	1
56	82	0
56	83	1
56	84	1
56	85	1
56	86	1
56	87	1
56	88	0
56	89	1
56	90	1
56	91	0
56	92	1
56	93	1
56	94	0
56	95	0
56	96	0
56	97	0
56	98	1
56	99	1
56	100	0
56	101	1
56	102	1
56	103	1
56	104	1
56	105	0
56	106	0
56	107	1
56	108	1
56	109	0
56	110	1
57	58	0
57	59	0
57	60	1
57	61	0
57	62	0
57	63	1
57	64	1
57	65	0
57	66	0
57	67	1
57	68	1
57	69	0
57	70	1
57	71	0
57	72	1
57	73	0
57	74	0
57	75	1
57	76	0
57	77	1
57	78	1
57	79	1
57	80	0
57	81	0
57	82	1
57	83	0
57	84	1
57	85	0
57	86	1
57	87	0
57	88	1
57	89	0
57	90	0
57	91	1
57	92	0
57	93	1
57	94	1
57	95	0
57	96	1
57	97	1
57	98	0
57	99	1
57	100	0
57	101	0
57	102	1
57	103	0
57	104	1
57	105	0
57	106	0
57	107	0
57	108	0
57	109	0
57	110	1
58	59	0
58	60	1
58	61	0
58	62	0
58	63	1
58	64	1
58	65	0
58	66	1
58	67	1
58	68	1
58	69	0
58	70	0
58	71	1
58	72	1
58	73	1
58	74	1
58	75	0
58	76	1
58	77	0
58	78	1
58	79	0
58	80	0
58	81	1
58	82	0
58	83	0
58	84	0
58	85	0
58	86	0
58	87	1
58	88	1
58	89	0
58	90	0
58	91	0
58	92	1
58	93	1
58	94	0
58	95	0
58	96	0
58	97	0
58	98	1
58	99	0
58	100	0
58	101	0
58	102	1
58	103	0
58	104	1
58	105	0
58	106	0
58	107	1
58	108	1
58	109	1
58	110	0
59	60	1
59	61	1
59	62	0
59	63	0
59	64	0
59	65	1
59	66	1
59	67	1
59	68	1
59	69	0
59	70	0
59	71	0
59	72	1
59	73	1
59	74	0
59	75	1
59	76	1
59	77	1
59	78	1
59	79	0
59	80	1
59	81	0
59	82	0
59	83	1
59	84	0
59	85	0
59	86	1
59	87	0
59	88	1
59	89	0
59	90	0
59	91	1
59	92	1
59	93	0
59	94	1
59	95	0
59	96	0
59	97	0
59	98	0
59	99	0
59	100	1
59	101	1
59	102	0
59	103	1
59	104	0
59	105	0
59	106	1
59	107	0
59	108	0
59	109	1
59	110	1
60	61	0
60	62	1
60	63	1
60	64	1
60	65	0
60	66	1
60	67	0
60	68	0
60	69	1
60	70	1
60	71	0
60	72	0
60	73	0
60	74	0
60	75	1
60	76	0
60	77	0
60	78	1
60	79	1
60	80	1
60	81	0
60	82	0
60	83	1
60	84	0
60	85	1
60	86	0
60	87	1
60	88	0
60	89	1
60	90	1
60	91	1
60	92	0
60	93	1
60	94	0
60	95	1
60	96	0
60	97	0
60	98	0
60	99	1
60	100	1
60	101	1
60	102	1
60	103	0
60	104	1
60	105	1
60	106	0
60	107	1
60	108	0
60	109	0
60	110	1
61	62	1
61	63	1
61	64	1
61	65	1
61	66	1
61	67	0
61	68	0
61	69	1
61	70	0
61	71	0
61	72	1
61	73	0
61	74	1
61	75	0
61	76	0
61	77	0
61	78	0
61	79	1
61	80	0
61	81	1
61	82	1
61	83	0
61	84	0
61	85	1
61	86	0
61	87	1
61	88	0
61	89	1
61	90	1
61	91	0
61	92	1
61	93	1
61	94	1
61	95	1
61	96	1
61	97	1
61	98	0
61	99	0
61	100	1
61	101	0
61	102	1
61	103	0
61	104	1
61	105	0
61	106	1
61	107	1
61	108	0
61	109	0
61	110	0
62	63	0
62	64	1
62	65	1
62	66	1
62	67	0
62	68	1
62	69	0
62	70	0
62	71	1
62	72	1
62	73	1
62	74	1
62	75	0
62	76	1
62	77	1
62	78	0
62	79	0
62	80	1
62	81	0
62	82	0
62	83	0
62	84	0
62	85	0
62	86	0
62	87	0
62	88	0
62	89	0
62	90	0
62	91	1
62	92	1
62	93	0
62	94	0
62	95	1
62	96	1
62	97	0
62	98	1
62	99	0
62	100	0
62	101	1
62	102	1
62	103	0
62	104	0
62	105	0
62	106	1
62	107	0
62	108	0
62	109	1
62	110	1
63	64	0
63	65	0
63	66	0
63	67	0
63	68	1
63	69	0
63	70	1
63	71	1
63	72	1
63	73	0
63	74	0
63	75	1
63	76	0
63	77	1
63	78	0
63	79	1
63	80	1
63	81	0
63	82	0
63	83	1
63	84	0
63	85	1
63	86	0
63	87	0
63	88	1
63	89	1
63	90	1
63	91	0
63	92	0
63	93	1
63	94	1
63	95	0
63	96	1
63	97	0
63	98	0
63	99	1
63	100	0
63	101	0
63	102	1
63	103	1
63	104	1
63	105	1
63	106	0
63	107	0
63	108	1
63	109	1
63	110	1
64	65	0
64	66	0
64	67	1
64	68	0
64	69	0
64	70	0
64	71	1
64	72	1
64	73	0
64	74	1
64	75	1
64	76	1
64	77	0
64	78	0
64	79	0
64	80	1
64	81	1
64	82	0
64	83	0
64	84	1
64	85	0
64	86	1
64	87	1
64	88	0
64	89	1
64	90	0
64	91	0
64	92	1
64	93	1
64	94	0
64	95	1
64	96	0
64	97	1
64	98	1
64	99	0
64	100	1
64	101	1
64	102	0
64	103	1
64	104	0
64	105	0
64	106	1
64	107	0
64	108	0
64	109	0
64	110	1
65	66	1
65	67	1
65	68	1
65	69	1
65	70	0
65	71	1
65	72	1
65	73	1
65	74	1
65	75	1
65	76	0
65	77	0
65	78	1
65	79	0
65	80	1
65	81	1
65	82	0
65	83	1
65	84	0
65	85	1
65	86	0
65	87	0
65	88	1
65	89	1
65	90	0
65	91	0
65	92	1
65	93	1
65	94	0
65	95	0
65	96	1
65	97	1
65	98	0
65	99	0
65	100	1
65	101	1
65	102	0
65	103	1
65	104	1
65	105	1
65	106	0
65	107	1
65	108	1
65	109	0
65	110	0
66	67	1
66	68	1
66	69	1
66	70	0
66	71	1
66	72	1
66	73	1
66	74	1
66	75	0
66	76	1
66	77	0
66	78	1
66	79	0
66	80	1
66	81	1
66	82	1
66	83	1
66	84	1
66	85	0
66	86	1
66	87	0
66	88	1
66	89	1
66	90	0
66	91	0
66	92	0
66	93	1
66	94	0
66	95	0
66	96	0
66	97	0
66	98	0
66	99	0
66	100	0
66	101	1
66	102	1
66	103	1
66	104	1
66	105	0
66	106	0
66	107	0
66	108	0
66	109	0
66	110	1
67	68	1
67	69	1
67	70	1
67	71	1
67	72	1
67	73	0
67	74	1
67	75	1
67	76	1
67	77	1
67	78	0
67	79	1
67	80	0
67	81	0
67	82	1
67	83	0
67	84	0
67	85	1
67	86	0
67	87	0
67	88	1
67	89	1
67	90	1
67	91	1
67	92	0
67	93	1
67	94	1
67	95	1
67	96	0
67	97	1
67	98	1
67	99	0
67	100	0
67	101	1
67	102	1
67	103	1
67	104	1
67	105	1
67	106	1
67	107	1
67	108	1
67	109	0
67	110	0
68	69	0
68	70	1
68	71	1
68	72	1
68	73	0
68	74	1
68	75	0
68	76	0
68	77	0
68	78	1
68	79	1
68	80	1
68	81	0
68	82	0
68	83	0
68	84	1
68	85	0
68	86	1
68	87	1
68	88	0
68	89	1
68	90	1
68	91	0
68	92	0
68	93	1
68	94	1
68	95	1
68	96	1
68	97	0
68	98	0
68	99	1
68	100	0
68	101	0
68	102	1
68	103	1
68	104	1
68	105	0
68	106	1
68	107	1
68	108	1
68	109	0
68	110	1
69	70	1
69	71	0
69	72	0
69	73	0
69	74	0
69	75	0
69	76	0
69	77	1
69	78	0
69	79	1
69	80	1
69	81	0
69	82	1
69	83	0
69	84	1
69	85	1
69	86	1
69	87	1
69	88	1
69	89	1
69	90	1
69	91	0
69	92	0
69	93	1
69	94	0
69	95	0
69	96	1
69	97	0
69	98	1
69	99	0
69	100	0
69	101	1
69	102	1
69	103	0
69	104	0
69	105	0
69	106	1
69	107	1
69	108	0
69	109	0
69	110	0
70	71	0
70	72	1
70	73	0
70	74	1
70	75	0
70	76	0
70	77	1
70	78	0
70	79	0
70	80	0
70	81	0
70	82	0
70	83	0
70	84	1
70	85	0
70	86	0
70	87	1
70	88	0
70	89	1
70	90	1
70	91	1
70	92	1
70	93	0
70	94	0
70	95	1
70	96	1
70	97	1
70	98	1
70	99	1
70	100	0
70	101	1
70	102	1
70	103	0
70	104	0
70	105	1
70	106	0
70	107	1
70	108	1
70	109	0
70	110	0
71	72	0
71	73	0
71	74	1
71	75	0
71	76	0
71	77	0
71	78	1
71	79	1
71	80	0
71	81	1
71	82	1
71	83	1
71	84	0
71	85	1
71	86	1
71	87	1
71	88	1
71	89	0
71	90	1
71	91	1
71	92	0
71	93	1
71	94	1
71	95	0
71	96	1
71	97	0
71	98	1
71	99	0
71	100	1
71	101	1
71	102	1
71	103	1
71	104	1
71	105	1
71	106	0
71	107	1
71	108	1
71	109	1
71	110	0
72	73	0
72	74	1
72	75	0
72	76	0
72	77	0
72	78	0
72	79	0
72	80	1
72	81	1
72	82	1
72	83	1
72	84	1
72	85	1
72	86	1
72	87	1
72	88	0
72	89	1
72	90	0
72	91	1
72	92	1
72	93	0
72	94	0
72	95	0
72	96	1
72	97	1
72	98	1
72	99	1
72	100	1
72	101	0
72	102	0
72	103	0
72	104	0
72	105	0
72	106	0
72	107	1
72	108	0
72	109	1
72	110	0
73	74	1
73	75	1
73	76	1
73	77	1
73	78	0
73	79	1
73	80	0
73	81	0
73	82	0
73	83	1
73	84	1
73	85	1
73	86	0
73	87	0
73	88	1
73	89	1
73	90	1
73	91	0
73	92	0
73	93	0
73	94	1
73	95	0
73	96	1
73	97	0
73	98	0
73	99	1
73	100	1
73	101	1
73	102	1
73	103	1
73	104	0
73	105	1
73	106	0
73	107	1
73	108	1
73	109	0
73	110	0
74	75	0
74	76	1
74	77	1
74	78	1
74	79	0
74	80	0
74	81	0
74	82	0
74	83	1
74	84	0
74	85	1
74	86	1
74	87	1
74	88	0
74	89	0
74	90	0
74	91	0
74	92	1
74	93	1
74	94	0
74	95	0
74	96	0
74	97	1
74	98	0
74	99	1
74	100	1
74	101	0
74	102	0
74	103	0
74	104	1
74	105	1
74	106	0
74	107	0
74	108	0
74	109	0
74	110	1
75	76	0
75	77	1
75	78	0
75	79	0
75	80	1
75	81	1
75	82	0
75	83	0
75	84	0
75	85	1
75	86	0
75	87	1
75	88	1
75	89	1
75	90	0
75	91	0
75	92	1
75	93	0
75	94	1
75	95	0
75	96	0
75	97	0
75	98	1
75	99	1
75	100	0
75	101	1
75	102	1
75	103	0
75	104	1
75	105	1
75	106	0
75	107	0
75	108	0
75	109	0
75	110	1
76	77	0
76	78	0
76	79	0
76	80	0
76	81	1
76	82	0
76	83	0
76	84	0
76	85	0
76	86	0
76	87	0
76	88	0
76	89	0
76	90	0
76	91	1
76	92	0
76	93	0
76	94	0
76	95	1
76	96	1
76	97	1
76	98	0
76	99	1
76	100	1
76	101	0
76	102	0
76	103	0
76	104	1
76	105	1
76	106	1
76	107	1
76	108	1
76	109	0
76	110	1
77	78	0
77	79	1
77	80	1
77	81	0
77	82	0
77	83	1
77	84	0
77	85	0
77	86	0
77	87	0
77	88	1
77	89	1
77	90	1
77	91	0
77	92	0
77	93	0
77	94	0
77	95	0
77	96	1
77	97	1
77	98	1
77	99	0
77	100	0
77	101	1
77	102	1
77	103	1
77	104	1
77	105	1
77	106	0
77	107	1
77	108	1
77	109	1
77	110	1
78	79	1
78	80	0
78	81	0
78	82	1
78	83	0
78	84	0
78	85	1
78	86	1
78	87	1
78	88	1
78	89	0
78	90	1
78	91	0
78	92	0
78	93	1
78	94	0
78	95	1
78	96	1
78	97	0
78	98	1
78	99	1
78	100	0
78	101	1
78	102	0
78	103	0
78	104	0
78	105	1
78	106	1
78	107	1
78	108	0
78	109	0
78	110	1
79	80	1
79	81	0
79	82	0
79	83	0
79	84	0
79	85	0
79	86	0
79	87	1
79	88	1
79	89	0
79	90	1
79	91	0
79	92	1
79	93	0
79	94	1
79	95	1
79	96	0
79	97	1
79	98	1
79	99	0
79	100	0
79	101	1
79	102	1
79	103	1
79	104	1
79	105	1
79	106	1
79	107	0
79	108	0
79	109	1
79	110	1
80	81	1
80	82	1
80	83	1
80	84	0
80	85	0
80	86	1
80	87	0
80	88	0
80	89	0
80	90	0
80	91	0
80	92	1
80	93	0
80	94	1
80	95	1
80	96	0
80	97	1
80	98	1
80	99	0
80	100	0
80	101	0
80	102	1
80	103	1
80	104	0
80	105	1
80	106	0
80	107	1
80	108	0
80	109	1
80	110	1
81	82	0
81	83	0
81	84	0
81	85	0
81	86	1
81	87	1
81	88	1
81	89	1
81	90	0
81	91	0
81	92	0
81	93	0
81	94	1
81	95	1
81	96	0
81	97	0
81	98	1
81	99	1
81	100	1
81	101	1
81	102	0
81	103	0
81	104	1
81	105	0
81	106	0
81	107	0
81	108	1
81	109	1
81	110	1
82	83	0
82	84	1
82	85	1
82	86	1
82	87	0
82	88	0
82	89	1
82	90	1
82	91	1
82	92	0
82	93	1
82	94	0
82	95	1
82	96	0
82	97	1
82	98	0
82	99	0
82	100	0
82	101	0
82	102	1
82	103	0
82	104	1
82	105	1
82	106	1
82	107	1
82	108	1
82	109	0
82	110	0
83	84	0
83	85	1
83	86	1
83	87	1
83	88	0
83	89	1
83	90	1
83	91	1
83	92	1
83	93	0
83	94	0
83	95	1
83	96	0
83	97	1
83	98	1
83	99	1
83	100	0
83	101	0
83	102	0
83	103	0
83	104	1
83	105	1
83	106	1
83	107	0
83	108	0
83	109	0
83	110	1
84	85	0
84	86	0
84	87	1
84	88	0
84	89	1
84	90	1
84	91	0
84	92	1
84	93	1
84	94	0
84	95	1
84	96	0
84	97	0
84	98	0
84	99	1
84	100	0
84	101	1
84	102	0
84	103	1
84	104	1
84	105	0
84	106	1
84	107	0
84	108	0
84	109	1
84	110	1
85	86	0
85	87	1
85	88	1
85	89	0
85	90	1
85	91	0
85	92	1
85	93	0
85	94	1
85	95	1
85	96	0
85	97	0
85	98	0
85	99	1
85	100	0
85	101	0
85	102	1
85	103	0
85	104	0
85	105	1
85	106	1
85	107	1
85	108	0
85	109	0
85	110	0
86	87	0
86	88	1
86	89	0
86	90	0
86	91	1
86	92	1
86	93	1
86	94	0
86	95	0
86	96	1
86	97	0
86	98	0
86	99	0
86	100	0
86	101	1
86	102	0
86	103	0
86	104	0
86	105	0
86	106	1
86	107	0
86	108	1
86	109	0
86	110	0
87	88	0
87	89	0
87	90	1
87	91	1
87	92	0
87	93	0
87	94	1
87	95	1
87	96	0
87	97	1
87	98	0
87	99	1
87	100	0
87	101	0
87	102	1
87	103	0
87	104	0
87	105	0
87	106	1
87	107	1
87	108	1
87	109	1
87	110	0
88	89	0
88	90	0
88	91	0
88	92	0
88	93	1
88	94	0
88	95	0
88	96	1
88	97	0
88	98	0
88	99	1
88	100	1
88	101	0
88	102	0
88	103	1
88	104	0
88	105	0
88	106	1
88	107	0
88	108	0
88	109	1
88	110	0
89	90	1
89	91	1
89	92	0
89	93	0
89	94	0
89	95	1
89	96	1
89	97	1
89	98	0
89	99	0
89	100	0
89	101	0
89	102	1
89	103	0
89	104	0
89	105	1
89	106	0
89	107	0
89	108	1
89	109	1
89	110	0
90	91	0
90	92	0
90	93	1
90	94	1
90	95	1
90	96	1
90	97	0
90	98	0
90	99	1
90	100	1
90	101	0
90	102	0
90	103	1
90	104	1
90	105	1
90	106	1
90	107	0
90	108	1
90	109	0
90	110	0
91	92	0
91	93	0
91	94	0
91	95	0
91	96	0
91	97	0
91	98	0
91	99	0
91	100	0
91	101	0
91	102	0
91	103	0
91	104	0
91	105	1
91	106	0
91	107	1
91	108	1
91	109	0
91	110	1
92	93	0
92	94	0
92	95	0
92	96	0
92	97	0
92	98	1
92	99	0
92	100	1
92	101	0
92	102	1
92	103	1
92	104	0
92	105	0
92	106	0
92	107	0
92	108	0
92	109	1
92	110	0
93	94	1
93	95	1
93	96	0
93	97	0
93	98	0
93	99	1
93	100	1
93	101	0
93	102	0
93	103	0
93	104	0
93	105	0
93	106	1
93	107	0
93	108	1
93	109	0
93	110	1
94	95	0
94	96	1
94	97	1
94	98	1
94	99	1
94	100	0
94	101	1
94	102	0
94	103	0
94	104	1
94	105	0
94	106	0
94	107	0
94	108	0
94	109	0
94	110	1
95	96	0
95	97	0
95	98	1
95	99	1
95	100	0
95	101	0
95	102	1
95	103	0
95	104	0
95	105	0
95	106	0
95	107	0
95	108	1
95	109	1
95	110	1
96	97	1
96	98	0
96	99	1
96	100	1
96	101	1
96	102	1
96	103	1
96	104	1
96	105	1
96	106	1
96	107	1
96	108	1
96	109	1
96	110	0
97	98	0
97	99	0
97	100	0
97	101	0
97	102	0
97	103	1
97	104	0
97	105	1
97	106	0
97	107	1
97	108	0
97	109	1
97	110	1
98	99	1
98	100	1
98	101	1
98	102	1
98	103	1
98	104	1
98	105	0
98	106	1
98	107	0
98	108	0
98	109	0
98	110	0
99	100	0
99	101	1
99	102	1
99	103	1
99	104	1
99	105	1
99	106	1
99	107	1
99	108	1
99	109	1
99	110	0
100	101	1
100	102	1
100	103	0
100	104	0
100	105	1
100	106	0
100	107	0
100	108	1
100	109	0
100	110	1
101	102	0
101	103	1
101	104	1
101	105	0
101	106	1
101	107	0
101	108	0
101	109	0
101	110	1
102	103	0
102	104	0
102	105	0
102	106	1
102	107	1
102	108	0
102	109	0
102	110	0
103	104	1
103	105	1
103	106	1
103	107	1
103	108	0
103	109	1
103	110	1
104	105	1
104	106	1
104	107	0
104	108	0
104	109	0
104	110	1
105	106	0
105	107	1
105	108	1
105	109	1
105	110	0
106	107	0
106	108	0
106	109	0
106	110	0
107	108	1
107	109	1
107	110	1
108	109	1
108	110	0
109	110	1
