110	5995	0
1	2	0
1	3	0
1	4	1
1	5	1
1	6	1
1	7	0
1	8	1
1	9	0
1	10	1
1	11	0
1	12	1
1	13	0
1	14	1
1	15	0
1	16	0
1	17	0
1	18	0
1	19	0
1	20	1
1	21	0
1	22	0
1	23	0
1	24	1
1	25	0
1	26	0
1	27	0
1	28	0
1	29	0
1	30	0
1	31	0
1	32	0
1	33	1
1	34	0
1	35	0
1	36	1
1	37	1
1	38	1
1	39	0
1	40	1
1	41	0
1	42	0
1	43	1
1	44	1
1	45	0
1	46	0
1	47	0
1	48	1
1	49	1
1	50	1
1	51	0
1	52	1
1	53	0
1	54	0
1	55	1
1	56	1
1	57	0
1	58	0
1	59	1
1	60	1
1	61	0
1	62	0
1	63	0
1	64	1
1	65	1
1	66	1
1	67	1
1	68	1
1	69	1
1	70	0
1	71	0
1	72	0
1	73	0
1	74	0
1	75	1
1	76	1
1	77	0
1	78	0
1	79	1
1	80	1
1	81	1
1	82	1
1	83	0
1	84	0
1	85	1
1	86	1
1	87	1
1	88	1
1	89	1
1	90	1
1	91	0
1	92	1
1	93	1
1	94	0
1	95	0
1	96	0
1	97	1
1	98	0
1	99	1
1	100	0
1	101	1
1	102	0
1	103	0
1	104	0
1	105	0
1	106	1
1	107	0
1	108	1
1	109	0
1	110	1
2	3	1
2	4	1
2	5	1
2	6	1
2	7	1
2	8	1
2	9	0
2	10	1
2	11	1
2	12	1
2	13	1
2	14	1
2	15	0
2	16	0
2	17	0
2	18	0
2	19	1
2	20	1
2	21	1
2	22	0
2	23	0
2	24	1
2	25	1
2	26	0
2	27	1
2	28	1
2	29	1
2	30	1
2	31	1
2	32	0
2	33	0
2	34	0
2	35	0
2	36	1
2	37	0
2	38	0
2	39	1
2	40	1
2	41	0
2	42	1
2	43	1
2	44	0
2	45	0
2	46	1
2	47	1
2	48	0
2	49	1
2	50	1
2	51	1
2	52	1
2	53	0
2	54	0
2	55	0
2	56	0
2	57	1
2	58	0
2	59	0
2	60	1
2	61	1
2	62	1
2	63	1
2	64	1
2	65	0
2	66	1
2	67	1
2	68	0
2	69	0
2	70	0
2	71	1
2	72	1
2	73	1
2	74	0
2	75	1
2	76	1
2	77	1
2	78	0
2	79	1
2	80	1
2	81	0
2	82	0
2	83	1
2	84	0
2	85	0
2	86	1
2	87	1
2	88	0
2	89	1
2	90	0
2	91	1
2	92	1
2	93	0
2	94	0
2	95	0
2	96	0
2	97	0
2	98	0
2	99	1
2	100	1
2	101	0
2	102	1
2	103	0
2	104	1
2	105	0
2	106	1
2	107	1
2	108	0
2	109	1
2	110	0
3	4	1
3	5	0
3	6	1
3	7	1
3	8	0
3	9	1
3	10	0
3	11	1
3	12	0
3	13	0
3	14	0
3	15	0
3	16	0
3	17	1
3	18	0
3	19	0
3	20	0
3	21	1
3	22	0
3	23	0
3	24	1
3	25	0
3	26	0
3	27	0
3	28	0
3	29	0
3	30	0
3	31	1
3	32	1
3	33	1
3	34	1
3	35	1
3	36	1
3	37	0
3	38	0
3	39	0
3	40	0
3	41	1
3	42	0
3	43	0
3	44	1
3	45	1
3	46	1
3	47	0
3	48	0
3	49	1
3	50	0
3	51	1
3	52	1
3	53	1
3	54	1
3	55	0
3	56	1
3	57	1
3	58	0
3	59	0
3	60	0
3	61	1
3	62	1
3	63	0
3	64	0
3	65	1
3	66	0
3	67	0
3	68	1
3	69	1
3	70	0
3	71	1
3	72	1
3	73	1
3	74	0
3	75	1
3	76	1
3	77	0
3	78	1
3	79	0
3	80	0
3	81	1
3	82	0
3	83	1
3	84	1
3	85	0
3	86	0
3	87	1
3	88	1
3	89	0
3	90	1
3	91	0
3	92	1
3	93	1
3	94	0
3	95	1
3	96	1
3	97	1
3	98	1
3	99	0
3	100	0
3	101	1
3	102	0
3	103	0
3	104	0
3	105	0
3	106	0
3	107	0
3	108	1
3	109	1
3	110	1
4	5	0
4	6	1
4	7	0
4	8	0
4	9	0
4	10	1
4	11	1
4	12	0
4	13	0
4	14	1
4	15	1
4	16	1
4	17	1
4	18	1
4	19	0
4	20	1
4	21	0
4	22	1
4	23	1
4	24	1
4	25	1
4	26	1
4	27	1
4	28	0
4	29	1
4	30	0
4	31	1
4	32	1
4	33	0
4	34	0
4	35	0
4	36	0
4	37	0
4	38	1
4	39	1
4	40	0
4	41	0
4	42	1
4	43	1
4	44	1
4	45	0
4	46	0
4	47	1
4	48	0
4	49	1
4	50	1
4	51	1
4	52	0
4	53	0
4	54	1
4	55	0
4	56	1
4	57	1
4	58	1
4	59	0
4	60	1
4	61	1
4	62	0
4	63	0
4	64	0
4	65	1
4	66	1
4	67	1
4	68	1
4	69	1
4	70	0
4	71	1
4	72	1
4	73	0
4	74	0
4	75	1
4	76	0
4	77	0
4	78	1
4	79	0
4	80	1
4	81	1
4	82	0
4	83	0
4	84	1
4	85	1
4	86	0
4	87	0
4	88	1
4	89	1
4	90	0
4	91	0
4	92	0
4	93	0
4	94	0
4	95	1
4	96	0
4	97	0
4	98	1
4	99	0
4	100	0
4	101	0
4	102	1
4	103	1
4	104	1
4	105	0
4	106	1
4	107	0
4	108	0
4	109	0
4	110	0
5	6	1
5	7	1
5	8	1
5	9	1
5	10	0
5	11	1
5	12	1
5	13	1
5	14	0
5	15	1
5	16	0
5	17	1
5	18	0
5	19	0
5	20	0
5	21	0
5	22	1
5	23	1
5	24	1
5	25	1
5	26	0
5	27	0
5	28	1
5	29	1
5	30	0
5	31	0
5	32	1
5	33	0
5	34	0
5	35	0
5	36	1
5	37	0
5	38	0
5	39	0
5	40	0
5	41	1
5	42	1
5	43	1
5	44	1
5	45	0
5	46	0
5	47	1
5	48	0
5	49	1
5	50	1
5	51	0
5	52	0
5	53	0
5	54	1
5	55	0
5	56	0
5	57	1
5	58	0
5	59	1
5	60	0
5	61	1
5	62	1
5	63	1
5	64	0
5	65	0
5	66	0
5	67	0
5	68	0
5	69	0
5	70	0
5	71	1
5	72	1
5	73	1
5	74	0
5	75	1
5	76	1
5	77	1
5	78	0
5	79	0
5	80	1
5	81	0
5	82	1
5	83	1
5	84	0
5	85	0
5	86	0
5	87	1
5	88	1
5	89	0
5	90	1
5	91	1
5	92	1
5	93	1
5	94	0
5	95	1
5	96	0
5	97	1
5	98	0
5	99	1
5	100	1
5	101	1
5	102	1
5	103	0
5	104	0
5	105	0
5	106	1
5	107	1
5	108	0
5	109	0
5	110	0
6	7	1
6	8	1
6	9	0
6	10	1
6	11	1
6	12	1
6	13	0
6	14	1
6	15	1
6	16	1
6	17	0
6	18	0
6	19	0
6	20	1
6	21	0
6	22	0
6	23	0
6	24	1
6	25	0
6	26	0
6	27	0
6	28	0
6	29	0
6	30	0
6	31	0
6	32	0
6	33	1
6	34	1
6	35	1
6	36	1
6	37	0
6	38	1
6	39	0
6	40	0
6	41	0
6	42	0
6	43	1
6	44	0
6	45	0
6	46	1
6	47	1
6	48	1
6	49	0
6	50	0
6	51	0
6	52	1
6	53	0
6	54	1
6	55	0
6	56	0
6	57	0
6	58	1
6	59	1
6	60	1
6	61	0
6	62	1
6	63	0
6	64	0
6	65	0
6	66	0
6	67	0
6	68	1
6	69	1
6	70	0
6	71	0
6	72	0
6	73	1
6	74	1
6	75	0
6	76	1
6	77	1
6	78	1
6	79	0
6	80	0
6	81	1
6	82	1
6	83	0
6	84	1
6	85	1
6	86	1
6	87	1
6	88	1
6	89	1
6	90	0
6	91	1
6	92	1
6	93	0
6	94	1
6	95	1
6	96	0
6	97	0
6	98	1
6	99	0
6	100	0
6	101	1
6	102	1
6	103	0
6	104	0
6	105	1
6	106	0
6	107	1
6	108	0
6	109	0
6	110	0
7	8	0
7	9	1
7	10	0
7	11	0
7	12	1
7	13	0
7	14	1
7	15	1
7	16	0
7	17	0
7	18	0
7	19	0
7	20	1
7	21	1
7	22	0
7	23	0
7	24	1
7	25	1
7	26	0
7	27	0
7	28	0
7	29	0
7	30	0
7	31	0
7	32	0
7	33	1
7	34	1
7	35	1
7	36	0
7	37	0
7	38	1
7	39	0
7	40	1
7	41	1
7	42	0
7	43	0
7	44	0
7	45	0
7	46	0
7	47	0
7	48	1
7	49	0
7	50	1
7	51	1
7	52	0
7	53	0
7	54	0
7	55	1
7	56	0
7	57	0
7	58	1
7	59	0
7	60	1
7	61	0
7	62	0
7	63	1
7	64	1
7	65	0
7	66	1
7	67	0
7	68	0
7	69	0
7	70	0
7	71	1
7	72	0
7	73	0
7	74	1
7	75	1
7	76	0
7	77	0
7	78	0
7	79	1
7	80	0
7	81	1
7	82	1
7	83	1
7	84	1
7	85	1
7	86	0
7	87	0
7	88	0
7	89	1
7	90	0
7	91	1
7	92	0
7	93	0
7	94	1
7	95	0
7	96	0
7	97	0
7	98	1
7	99	0
7	100	1
7	101	1
7	102	1
7	103	1
7	104	1
7	105	1
7	106	1
7	107	0
7	108	0
7	109	1
7	110	0
8	9	0
8	10	1
8	11	1
8	12	0
8	13	1
8	14	0
8	15	0
8	16	0
8	17	1
8	18	1
8	19	0
8	20	0
8	21	0
8	22	0
8	23	1
8	24	1
8	25	1
8	26	1
8	27	1
8	28	0
8	29	1
8	30	0
8	31	0
8	32	0
8	33	0
8	34	0
8	35	1
8	36	0
8	37	0
8	38	0
8	39	1
8	40	0
8	41	1
8	42	1
8	43	1
8	44	1
8	45	1
8	46	0
8	47	0
8	48	1
8	49	1
8	50	1
8	51	0
8	52	1
8	53	0
8	54	1
8	55	0
8	56	0
8	57	1
8	58	1
8	59	0
8	60	1
8	61	1
8	62	0
8	63	1
8	64	1
8	65	1
8	66	0
8	67	1
8	68	1
8	69	1
8	70	0
8	71	0
8	72	1
8	73	1
8	74	0
8	75	1
8	76	1
8	77	0
8	78	1
8	79	0
8	80	1
8	81	1
8	82	1
8	83	0
8	84	1
8	85	0
8	86	1
8	87	0
8	88	0
8	89	0
8	90	0
8	91	1
8	92	1
8	93	0
8	94	1
8	95	1
8	96	0
8	97	0
8	98	0
8	99	1
8	100	1
8	101	1
8	102	0
8	103	0
8	104	0
8	105	0
8	106	0
8	107	1
8	108	0
8	109	1
8	110	0
9	10	0
9	11	1
9	12	0
9	13	0
9	14	1
9	15	1
9	16	0
9	17	0
9	18	1
9	19	1
9	20	1
9	21	0
9	22	1
9	23	0
9	24	0
9	25	0
9	26	0
9	27	0
9	28	1
9	29	1
9	30	0
9	31	0
9	32	0
9	33	1
9	34	1
9	35	1
9	36	1
9	37	1
9	38	1
9	39	0
9	40	1
9	41	1
9	42	1
9	43	0
9	44	1
9	45	1
9	46	1
9	47	1
9	48	0
9	49	1
9	50	0
9	51	0
9	52	0
9	53	1
9	54	0
9	55	0
9	56	1
9	57	0
9	58	1
9	59	1
9	60	1
9	61	0
9	62	0
9	63	1
9	64	0
9	65	0
9	66	1
9	67	1
9	68	0
9	69	0
9	70	1
9	71	1
9	72	0
9	73	0
9	74	0
9	75	0
9	76	0
9	77	0
9	78	1
9	79	0
9	80	0
9	81	1
9	82	1
9	83	1
9	84	0
9	85	1
9	86	1
9	87	0
9	88	1
9	89	1
9	90	0
9	91	0
9	92	1
9	93	1
9	94	1
9	95	1
9	96	0
9	97	1
9	98	0
9	99	1
9	100	0
9	101	1
9	102	0
9	103	0
9	104	1
9	105	0
9	106	0
9	107	1
9	108	0
9	109	0
9	110	1
10	11	0
10	12	1
10	13	1
10	14	1
10	15	0
10	16	1
10	17	1
10	18	0
10	19	1
10	20	0
10	21	1
10	22	0
10	23	1
10	24	0
10	25	0
10	26	1
10	27	0
10	28	0
10	29	1
10	30	0
10	31	0
10	32	1
10	33	1
10	34	1
10	35	1
10	36	1
10	37	0
10	38	1
10	39	0
10	40	1
10	41	1
10	42	1
10	43	1
10	44	1
10	45	1
10	46	1
10	47	0
10	48	1
10	49	1
10	50	0
10	51	1
10	52	0
10	53	1
10	54	1
10	55	0
10	56	0
10	57	0
10	58	0
10	59	0
10	60	1
10	61	0
10	62	0
10	63	1
10	64	0
10	65	1
10	66	1
10	67	0
10	68	1
10	69	0
10	70	0
10	71	1
10	72	1
10	73	0
10	74	1
10	75	1
10	76	1
10	77	0
10	78	0
10	79	1
10	80	0
10	81	1
10	82	0
10	83	0
10	84	1
10	85	0
10	86	1
10	87	0
10	88	0
10	89	0
10	90	1
10	91	1
10	92	1
10	93	1
10	94	0
10	95	0
10	96	1
10	97	1
10	98	0
10	99	1
10	100	0
10	101	1
10	102	1
10	103	0
10	104	1
10	105	1
10	106	0
10	107	0
10	108	1
10	109	0
10	110	1
11	12	0
11	13	0
11	14	0
11	15	0
11	16	1
11	17	1
11	18	1
11	19	1
11	20	1
11	21	1
11	22	0
11	23	1
11	24	0
11	25	1
11	26	1
11	27	0
11	28	1
11	29	1
11	30	0
11	31	0
11	32	0
11	33	0
11	34	1
11	35	0
11	36	1
11	37	1
11	38	0
11	39	1
11	40	0
11	41	1
11	42	1
11	43	1
11	44	1
11	45	1
11	46	0
11	47	0
11	48	1
11	49	1
11	50	1
11	51	1
11	52	0
11	53	0
11	54	0
11	55	0
11	56	0
11	57	0
11	58	1
11	59	1
11	60	1
11	61	1
11	62	1
11	63	1
11	64	0
11	65	1
11	66	1
11	67	1
11	68	1
11	69	0
11	70	0
11	71	1
11	72	0
11	73	1
11	74	0
11	75	1
11	76	1
11	77	0
11	78	1
11	79	1
11	80	0
11	81	0
11	82	0
11	83	0
11	84	0
11	85	0
11	86	0
11	87	1
11	88	0
11	89	0
11	90	1
11	91	0
11	92	0
11	93	0
11	94	1
11	95	0
11	96	0
11	97	1
11	98	1
11	99	1
11	100	0
11	101	1
11	102	1
11	103	0
11	104	1
11	105	1
11	106	0
11	107	1
11	108	0
11	109	0
11	110	0
12	13	1
12	14	1
12	15	0
12	16	0
12	17	1
12	18	0
12	19	1
12	20	0
12	21	0
12	22	0
12	23	0
12	24	1
12	25	1
12	26	0
12	27	0
12	28	1
12	29	1
12	30	0
12	31	0
12	32	0
12	33	0
12	34	0
12	35	0
12	36	1
12	37	1
12	38	0
12	39	1
12	40	1
12	41	1
12	42	1
12	43	0
12	44	0
12	45	0
12	46	0
12	47	1
12	48	1
12	49	0
12	50	0
12	51	0
12	52	0
12	53	1
12	54	1
12	55	1
12	56	0
12	57	1
12	58	0
12	59	0
12	60	1
12	61	1
12	62	1
12	63	1
12	64	0
12	65	0
12	66	0
12	67	1
12	68	1
12	69	0
12	70	1
12	71	0
12	72	0
12	73	0
12	74	1
12	75	1
12	76	1
12	77	1
12	78	0
12	79	1
12	80	0
12	81	0
12	82	1
12	83	0
12	84	0
12	85	1
12	86	0
12	87	0
12	88	0
12	89	0
12	90	0
12	91	1
12	92	0
12	93	0
12	94	1
12	95	0
12	96	0
12	97	0
12	98	1
12	99	0
12	100	1
12	101	0
12	102	1
12	103	1
12	104	0
12	105	0
12	106	1
12	107	0
12	108	1
12	109	1
12	110	1
13	14	1
13	15	0
13	16	0
13	17	1
13	18	1
13	19	1
13	20	1
13	21	0
13	22	0
13	23	1
13	24	1
13	25	1
13	26	1
13	27	1
13	28	1
13	29	1
13	30	1
13	31	1
13	32	0
13	33	1
13	34	1
13	35	1
13	36	0
13	37	1
13	38	0
13	39	1
13	40	0
13	41	1
13	42	1
13	43	0
13	44	1
13	45	0
13	46	0
13	47	0
13	48	0
13	49	1
13	50	1
13	51	1
13	52	0
13	53	1
13	54	0
13	55	1
13	56	0
13	57	0
13	58	1
13	59	0
13	60	1
13	61	1
13	62	1
13	63	0
13	64	1
13	65	0
13	66	1
13	67	1
13	68	0
13	69	1
13	70	0
13	71	1
13	72	0
13	73	1
13	74	1
13	75	1
13	76	0
13	77	0
13	78	0
13	79	0
13	80	1
13	81	0
13	82	1
13	83	1
13	84	0
13	85	0
13	86	0
13	87	0
13	88	1
13	89	0
13	90	0
13	91	0
13	92	1
13	93	0
13	94	1
13	95	0
13	96	0
13	97	0
13	98	1
13	99	0
13	100	1
13	101	0
13	102	1
13	103	0
13	104	0
13	105	1
13	106	1
13	107	1
13	108	0
13	109	1
13	110	1
14	15	0
14	16	1
14	17	1
14	18	1
14	19	1
14	20	0
14	21	0
14	22	0
14	23	0
14	24	0
14	25	1
14	26	1
14	27	0
14	28	0
14	29	1
14	30	0
14	31	1
14	32	1
14	33	1
14	34	0
14	35	1
14	36	1
14	37	1
14	38	0
14	39	0
14	40	0
14	41	1
14	42	1
14	43	1
14	44	0
14	45	0
14	46	0
14	47	0
14	48	1
14	49	1
14	50	1
14	51	1
14	52	0
14	53	0
14	54	1
14	55	0
14	56	1
14	57	0
14	58	1
14	59	0
14	60	0
14	61	0
14	62	1
14	63	0
14	64	1
14	65	1
14	66	0
14	67	0
14	68	0
14	69	0
14	70	0
14	71	1
14	72	0
14	73	1
14	74	0
14	75	1
14	76	1
14	77	0
14	78	1
14	79	0
14	80	1
14	81	0
14	82	1
14	83	0
14	84	0
14	85	0
14	86	0
14	87	1
14	88	1
14	89	1
14	90	0
14	91	0
14	92	1
14	93	0
14	94	1
14	95	1
14	96	0
14	97	1
14	98	1
14	99	0
14	100	0
14	101	1
14	102	1
14	103	0
14	104	1
14	105	1
14	106	0
14	107	1
14	108	1
14	109	0
14	110	1
15	16	0
15	17	1
15	18	1
15	19	0
15	20	0
15	21	1
15	22	1
15	23	1
15	24	0
15	25	1
15	26	1
15	27	0
15	28	0
15	29	1
15	30	0
15	31	1
15	32	1
15	33	0
15	34	0
15	35	0
15	36	0
15	37	1
15	38	1
15	39	0
15	40	0
15	41	1
15	42	0
15	43	1
15	44	1
15	45	0
15	46	0
15	47	0
15	48	1
15	49	0
15	50	1
15	51	1
15	52	0
15	53	0
15	54	1
15	55	0
15	56	1
15	57	0
15	58	1
15	59	0
15	60	1
15	61	1
15	62	0
15	63	1
15	64	1
15	65	1
15	66	0
15	67	1
15	68	1
15	69	0
15	70	0
15	71	0
15	72	0
15	73	1
15	74	1
15	75	0
15	76	1
15	77	1
15	78	1
15	79	1
15	80	0
15	81	0
15	82	1
15	83	0
15	84	1
15	85	1
15	86	0
15	87	1
15	88	1
15	89	1
15	90	1
15	91	0
15	92	0
15	93	0
15	94	0
15	95	0
15	96	1
15	97	1
15	98	0
15	99	0
15	100	0
15	101	0
15	102	0
15	103	1
15	104	0
15	105	1
15	106	0
15	107	0
15	108	1
15	109	1
15	110	1
16	17	1
16	18	1
16	19	1
16	20	0
16	21	1
16	22	0
16	23	1
16	24	1
16	25	0
16	26	1
16	27	0
16	28	1
16	29	0
16	30	0
16	31	1
16	32	0
16	33	0
16	34	0
16	35	0
16	36	0
16	37	0
16	38	1
16	39	1
16	40	0
16	41	0
16	42	0
16	43	1
16	44	0
16	45	0
16	46	1
16	47	1
16	48	0
16	49	1
16	50	0
16	51	1
16	52	0
16	53	0
16	54	0
16	55	1
16	56	1
16	57	1
16	58	1
16	59	0
16	60	1
16	61	1
16	62	1
16	63	1
16	64	1
16	65	1
16	66	0
16	67	1
16	68	0
16	69	1
16	70	1
16	71	0
16	72	1
16	73	0
16	74	1
16	75	1
16	76	0
16	77	1
16	78	0
16	79	0
16	80	0
16	81	1
16	82	1
16	83	1
16	84	0
16	85	1
16	86	0
16	87	1
16	88	0
16	89	1
16	90	1
16	91	0
16	92	1
16	93	0
16	94	1
16	95	1
16	96	0
16	97	0
16	98	1
16	99	0
16	100	0
16	101	0
16	102	0
16	103	0
16	104	1
16	105	1
16	106	0
16	107	0
16	108	1
16	109	1
16	110	0
17	18	1
17	19	1
17	20	1
17	21	0
17	22	1
17	23	1
17	24	0
17	25	0
17	26	1
17	27	0
17	28	1
17	29	1
17	30	0
17	31	1
17	32	0
17	33	0
17	34	1
17	35	0
17	36	1
17	37	0
17	38	0
17	39	0
17	40	1
17	41	1
17	42	0
17	43	1
17	44	0
17	45	1
17	46	0
17	47	0
17	48	0
17	49	0
17	50	0
17	51	1
17	52	1
17	53	0
17	54	1
17	55	1
17	56	1
17	57	0
17	58	1
17	59	1
17	60	1
17	61	0
17	62	0
17	63	1
17	64	1
17	65	1
17	66	1
17	67	1
17	68	0
17	69	1
17	70	1
17	71	1
17	72	0
17	73	1
17	74	0
17	75	0
17	76	1
17	77	0
17	78	1
17	79	0
17	80	1
17	81	1
17	82	0
17	83	1
17	84	1
17	85	1
17	86	0
17	87	1
17	88	1
17	89	0
17	90	1
17	91	1
17	92	1
17	93	1
17	94	0
17	95	0
17	96	1
17	97	0
17	98	1
17	99	1
17	100	0
17	101	0
17	102	1
17	103	0
17	104	1
17	105	0
17	106	0
17	107	1
17	108	0
17	109	1
17	110	1
18	19	1
18	20	1
18	21	0
18	22	0
18	23	1
18	24	1
18	25	1
18	26	0
18	27	0
18	28	1
18	29	0
18	30	0
18	31	0
18	32	1
18	33	0
18	34	0
18	35	1
18	36	0
18	37	0
18	38	0
18	39	1
18	40	0
18	41	0
18	42	0
18	43	1
18	44	0
18	45	0
18	46	1
18	47	0
18	48	1
18	49	0
18	50	1
18	51	0
18	52	0
18	53	1
18	54	1
18	55	1
18	56	1
18	57	0
18	58	0
18	59	1
18	60	0
18	61	0
18	62	1
18	63	1
18	64	0
18	65	1
18	66	0
18	67	1
18	68	0
18	69	1
18	70	1
18	71	1
18	72	0
18	73	0
18	74	0
18	75	0
18	76	1
18	77	1
18	78	1
18	79	1
18	80	0
18	81	1
18	82	1
18	83	1
18	84	1
18	85	0
18	86	1
18	87	1
18	88	0
18	89	1
18	90	1
18	91	1
18	92	1
18	93	1
18	94	0
18	95	1
18	96	0
18	97	1
18	98	0
18	99	0
18	100	1
18	101	1
18	102	1
18	103	0
18	104	1
18	105	1
18	106	0
18	107	1
18	108	0
18	109	0
18	110	0
19	20	1
19	21	1
19	22	0
19	23	1
19	24	1
19	25	0
19	26	1
19	27	0
19	28	0
19	29	0
19	30	0
19	31	1
19	32	0
19	33	0
19	34	1
19	35	1
19	36	1
19	37	1
19	38	1
19	39	1
19	40	0
19	41	0
19	42	0
19	43	0
19	44	0
19	45	0
19	46	1
19	47	1
19	48	1
19	49	1
19	50	1
19	51	0
19	52	0
19	53	0
19	54	1
19	55	1
19	56	1
19	57	1
19	58	0
19	59	1
19	60	0
19	61	1
19	62	1
19	63	1
19	64	1
19	65	1
19	66	1
19	67	1
19	68	1
19	69	1
19	70	0
19	71	1
19	72	1
19	73	1
19	74	0
19	75	0
19	76	0
19	77	1
19	78	1
19	79	1
19	80	0
19	81	1
19	82	0
19	83	0
19	84	1
19	85	0
19	86	0
19	87	0
19	88	1
19	89	0
19	90	0
19	91	0
19	92	0
19	93	1
19	94	1
19	95	0
19	96	0
19	97	1
19	98	1
19	99	0
19	100	1
19	101	0
19	102	0
19	103	0
19	104	0
19	105	0
19	106	1
19	107	0
19	108	0
19	109	1
19	110	0
20	21	1
20	22	0
20	23	0
20	24	0
20	25	1
20	26	0
20	27	1
20	28	0
20	29	0
20	30	1
20	31	0
20	32	1
20	33	1
20	34	1
20	35	1
20	36	1
20	37	1
20	38	0
20	39	1
20	40	1
20	41	0
20	42	1
20	43	1
20	44	0
20	45	0
20	46	1
20	47	0
20	48	0
20	49	1
20	50	1
20	51	0
20	52	0
20	53	0
20	54	1
20	55	0
20	56	1
20	57	0
20	58	1
20	59	0
20	60	1
20	61	0
20	62	1
20	63	0
20	64	1
20	65	0
20	66	0
20	67	0
20	68	1
20	69	1
20	70	1
20	71	0
20	72	0
20	73	1
20	74	1
20	75	0
20	76	0
20	77	1
20	78	0
20	79	0
20	80	1
20	81	0
20	82	1
20	83	0
20	84	0
20	85	1
20	86	1
20	87	0
20	88	0
20	89	0
20	90	0
20	91	1
20	92	1
20	93	1
20	94	1
20	95	0
20	96	1
20	97	1
20	98	1
20	99	0
20	100	1
20	101	0
20	102	1
20	103	1
20	104	0
20	105	0
20	106	0
20	107	1
20	108	0
20	109	1
20	110	1
21	22	1
21	23	1
21	24	0
21	25	0
21	26	0
21	27	0
21	28	1
21	29	0
21	30	1
21	31	1
21	32	0
21	33	0
21	34	0
21	35	0
21	36	0
21	37	0
21	38	1
21	39	1
21	40	0
21	41	0
21	42	1
21	43	0
21	44	1
21	45	0
21	46	0
21	47	0
21	48	0
21	49	1
21	50	0
21	51	0
21	52	0
21	53	0
21	54	1
21	55	1
21	56	0
21	57	0
21	58	1
21	59	0
21	60	0
21	61	0
21	62	0
21	63	1
21	64	1
21	65	0
21	66	0
21	67	1
21	68	0
21	69	1
21	70	1
21	71	1
21	72	1
21	73	0
21	74	0
21	75	1
21	76	0
21	77	0
21	78	1
21	79	0
21	80	1
21	81	1
21	82	1
21	83	0
21	84	1
21	85	1
21	86	1
21	87	0
21	88	0
21	89	0
21	90	1
21	91	1
21	92	1
21	93	0
21	94	1
21	95	0
21	96	0
21	97	1
21	98	0
21	99	0
21	100	0
21	101	0
21	102	1
21	103	1
21	104	1
21	105	1
21	106	0
21	107	1
21	108	1
21	109	0
21	110	1
22	23	0
22	24	1
22	25	0
22	26	0
22	27	0
22	28	1
22	29	1
22	30	0
22	31	1
22	32	0
22	33	1
22	34	0
22	35	1
22	36	0
22	37	0
22	38	0
22	39	1
22	40	1
22	41	1
22	42	1
22	43	0
22	44	0
22	45	0
22	46	0
22	47	1
22	48	0
22	49	0
22	50	1
22	51	1
22	52	1
22	53	1
22	54	0
22	55	1
22	56	0
22	57	0
22	58	0
22	59	0
22	60	0
22	61	1
22	62	0
22	63	1
22	64	0
22	65	1
22	66	1
22	67	0
22	68	0
22	69	1
22	70	1
22	71	1
22	72	1
22	73	0
22	74	0
22	75	0
22	76	0
22	77	0
22	78	0
22	79	1
22	80	0
22	81	0
22	82	1
22	83	1
22	84	1
22	85	0
22	86	1
22	87	1
22	88	0
22	89	0
22	90	1
22	91	1
22	92	1
22	93	1
22	94	1
22	95	1
22	96	1
22	97	0
22	98	0
22	99	0
22	100	0
22	101	0
22	102	1
22	103	0
22	104	1
22	105	1
22	106	0
22	107	1
22	108	0
22	109	1
22	110	0
23	24	0
23	25	0
23	26	1
23	27	1
23	28	1
23	29	1
23	30	0
23	31	0
23	32	0
23	33	1
23	34	0
23	35	1
23	36	1
23	37	0
23	38	1
23	39	1
23	40	0
23	41	0
23	42	0
23	43	1
23	44	0
23	45	0
23	46	0
23	47	1
23	48	0
23	49	0
23	50	1
23	51	1
23	52	1
23	53	1
23	54	0
23	55	0
23	56	1
23	57	0
23	58	1
23	59	0
23	60	0
23	61	0
23	62	1
23	63	1
23	64	1
23	65	0
23	66	1
23	67	1
23	68	1
23	69	1
23	70	1
23	71	1
23	72	0
23	73	0
23	74	1
23	75	0
23	76	0
23	77	1
23	78	1
23	79	1
23	80	0
23	81	1
23	82	0
23	83	0
23	84	0
23	85	0
23	86	0
23	87	1
23	88	0
23	89	1
23	90	0
23	91	0
23	92	1
23	93	1
23	94	1
23	95	0
23	96	1
23	97	1
23	98	1
23	99	0
23	100	1
23	101	1
23	102	1
23	103	1
23	104	0
23	105	0
23	106	0
23	107	1
23	108	1
23	109	1
23	110	0
24	25	0
24	26	0
24	27	1
24	28	1
24	29	0
24	30	1
24	31	1
24	32	0
24	33	1
24	34	1
24	35	0
24	36	0
24	37	0
24	38	0
24	39	1
24	40	1
24	41	0
24	42	1
24	43	0
24	44	1
24	45	0
24	46	0
24	47	0
24	48	1
24	49	1
24	50	1
24	51	0
24	52	0
24	53	1
24	54	0
24	55	1
24	56	1
24	57	1
24	58	1
24	59	0
24	60	1
24	61	0
24	62	0
24	63	1
24	64	0
24	65	1
24	66	1
24	67	0
24	68	0
24	69	1
24	70	1
24	71	0
24	72	1
24	73	1
24	74	0
24	75	1
24	76	0
24	77	0
24	78	0
24	79	0
24	80	1
24	81	0
24	82	1
24	83	0
24	84	0
24	85	0
24	86	0
24	87	0
24	88	1
24	89	0
24	90	1
24	91	0
24	92	1
24	93	0
24	94	0
24	95	1
24	96	1
24	97	1
24	98	1
24	99	1
24	100	0
24	101	1
24	102	0
24	103	1
24	104	1
24	105	1
24	106	0
24	107	1
24	108	0
24	109	0
24	110	1
25	26	1
25	27	1
25	28	1
25	29	0
25	30	1
25	31	0
25	32	1
25	33	0
25	34	0
25	35	1
25	36	1
25	37	1
25	38	1
25	39	1
25	40	1
25	41	1
25	42	0
25	43	0
25	44	0
25	45	1
25	46	0
25	47	0
25	48	0
25	49	1
25	50	1
25	51	0
25	52	1
25	53	1
25	54	0
25	55	0
25	56	0
25	57	0
25	58	1
25	59	0
25	60	0
25	61	1
25	62	1
25	63	1
25	64	1
25	65	1
25	66	0
25	67	0
25	68	1
25	69	0
25	70	1
25	71	0
25	72	0
25	73	1
25	74	0
25	75	1
25	76	1
25	77	0
25	78	1
25	79	1
25	80	1
25	81	0
25	82	0
25	83	0
25	84	0
25	85	0
25	86	0
25	87	1
25	88	1
25	89	1
25	90	0
25	91	1
25	92	0
25	93	0
25	94	1
25	95	1
25	96	0
25	97	0
25	98	0
25	99	0
25	100	0
25	101	0
25	102	1
25	103	0
25	104	1
25	105	0
25	106	1
25	107	0
25	108	1
25	109	0
25	110	0
26	27	1
26	28	0
26	29	1
26	30	1
26	31	0
26	32	1
26	33	1
26	34	1
26	35	0
26	36	1
26	37	0
26	38	0
26	39	0
26	40	0
26	41	0
26	42	1
26	43	0
26	44	0
26	45	1
26	46	1
26	47	1
26	48	1
26	49	1
26	50	1
26	51	1
26	52	0
26	53	1
26	54	1
26	55	0
26	56	1
26	57	1
26	58	1
26	59	0
26	60	1
26	61	0
26	62	0
26	63	0
26	64	1
26	65	1
26	66	0
26	67	0
26	68	0
26	69	1
26	70	1
26	71	1
26	72	1
26	73	0
26	74	1
26	75	1
26	76	0
26	77	0
26	78	0
26	79	0
26	80	0
26	81	1
26	82	0
26	83	1
26	84	0
26	85	0
26	86	0
26	87	1
26	88	0
26	89	1
26	90	1
26	91	0
26	92	1
26	93	0
26	94	1
26	95	1
26	96	1
26	97	1
26	98	0
26	99	1
26	100	0
26	101	0
26	102	0
26	103	0
26	104	1
26	105	0
26	106	1
26	107	1
26	108	1
26	109	1
26	110	1
27	28	1
27	29	1
27	30	1
27	31	1
27	32	1
27	33	0
27	34	0
27	35	1
27	36	0
27	37	1
27	38	1
27	39	0
27	40	1
27	41	0
27	42	0
27	43	1
27	44	1
27	45	1
27	46	0
27	47	1
27	48	1
27	49	0
27	50	0
27	51	0
27	52	0
27	53	1
27	54	0
27	55	1
27	56	1
27	57	0
27	58	0
27	59	1
27	60	1
27	61	1
27	62	1
27	63	0
27	64	0
27	65	1
27	66	1
27	67	0
27	68	0
27	69	1
27	70	1
27	71	0
27	72	1
27	73	1
27	74	0
27	75	1
27	76	1
27	77	1
27	78	1
27	79	1
27	80	1
27	81	0
27	82	1
27	83	1
27	84	1
27	85	0
27	86	0
27	87	1
27	88	0
27	89	0
27	90	1
27	91	1
27	92	0
27	93	0
27	94	1
27	95	0
27	96	0
27	97	0
27	98	0
27	99	0
27	100	0
27	101	0
27	102	1
27	103	1
27	104	1
27	105	0
27	106	1
27	107	1
27	108	0
27	109	1
27	110	0
28	29	0
28	30	0
28	31	0
28	32	0
28	33	0
28	34	0
28	35	0
28	36	1
28	37	0
28	38	0
28	39	0
28	40	1
28	41	0
28	42	0
28	43	1
28	44	1
28	45	0
28	46	0
28	47	1
28	48	0
28	49	0
28	50	0
28	51	0
28	52	0
28	53	0
28	54	0
28	55	1
28	56	1
28	57	1
28	58	0
28	59	0
28	60	1
28	61	0
28	62	1
28	63	1
28	64	1
28	65	1
28	66	0
28	67	1
28	68	0
28	69	1
28	70	1
28	71	0
28	72	1
28	73	1
28	74	0
28	75	1
28	76	1
28	77	0
28	78	0
28	79	1
28	80	0
28	81	0
28	82	1
28	83	1
28	84	0
28	85	1
28	86	1
28	87	1
28	88	0
28	89	1
28	90	1
28	91	0
28	92	0
28	93	0
28	94	0
28	95	0
28	96	0
28	97	1
28	98	1
28	99	1
28	100	1
28	101	1
28	102	1
28	103	1
28	104	0
28	105	0
28	106	0
28	107	0
28	108	1
28	109	1
28	110	1
29	30	1
29	31	1
29	32	0
29	33	1
29	34	0
29	35	0
29	36	0
29	37	0
29	38	0
29	39	0
29	40	1
29	41	0
29	42	0
29	43	0
29	44	1
29	45	1
29	46	0
29	47	0
29	48	1
29	49	0
29	50	0
29	51	0
29	52	1
29	53	0
29	54	0
29	55	1
29	56	1
29	57	1
29	58	1
29	59	0
29	60	1
29	61	1
29	62	0
29	63	0
29	64	1
29	65	1
29	66	0
29	67	1
29	68	1
29	69	1
29	70	0
29	71	1
29	72	1
29	73	1
29	74	1
29	75	0
29	76	0
29	77	0
29	78	1
29	79	0
29	80	1
29	81	0
29	82	1
29	83	0
29	84	0
29	85	0
29	86	1
29	87	0
29	88	0
29	89	0
29	90	0
29	91	0
29	92	0
29	93	1
29	94	1
29	95	1
29	96	0
29	97	1
29	98	0
29	99	0
29	100	1
29	101	0
29	102	0
29	103	1
29	104	0
29	105	1
29	106	1
29	107	0
29	108	1
29	109	1
29	110	0
30	31	1
30	32	1
30	33	1
30	34	1
30	35	1
30	36	0
30	37	0
30	38	1
30	39	0
30	40	0
30	41	0
30	42	0
30	43	0
30	44	0
30	45	0
30	46	1
30	47	1
30	48	0
30	49	0
30	50	0
30	51	0
30	52	1
30	53	1
30	54	0
30	55	0
30	56	0
30	57	1
30	58	0
30	59	1
30	60	0
30	61	1
30	62	1
30	63	1
30	64	0
30	65	1
30	66	0
30	67	0
30	68	1
30	69	0
30	70	0
30	71	1
30	72	0
30	73	1
30	74	1
30	75	0
30	76	0
30	77	1
30	78	0
30	79	0
30	80	1
30	81	1
30	82	1
30	83	0
30	84	0
30	85	1
30	86	0
30	87	0
30	88	0
30	89	1
30	90	0
30	91	0
30	92	0
30	93	0
30	94	0
30	95	0
30	96	1
30	97	1
30	98	0
30	99	1
30	100	0
30	101	1
30	102	0
30	103	0
30	104	1
30	105	1
30	106	1
30	107	1
30	108	0
30	109	0
30	110	1
31	32	1
31	33	1
31	34	0
31	35	0
31	36	0
31	37	0
31	38	1
31	39	1
31	40	1
31	41	1
31	42	1
31	43	1
31	44	0
31	45	0
31	46	0
31	47	1
31	48	0
31	49	0
31	50	0
31	51	1
31	52	0
31	53	0
31	54	0
31	55	1
31	56	1
31	57	1
31	58	0
31	59	0
31	60	1
31	61	1
31	62	1
31	63	0
31	64	1
31	65	0
31	66	0
31	67	1
31	68	0
31	69	1
31	70	1
31	71	1
31	72	1
31	73	1
31	74	1
31	75	1
31	76	0
31	77	1
31	78	0
31	79	0
31	80	1
31	81	1
31	82	1
31	83	1
31	84	1
31	85	1
31	86	1
31	87	0
31	88	1
31	89	1
31	90	0
31	91	1
31	92	0
31	93	0
31	94	0
31	95	0
31	96	0
31	97	0
31	98	0
31	99	0
31	100	0
31	101	0
31	102	0
31	103	1
31	104	1
31	105	1
31	106	0
31	107	0
31	108	0
31	109	1
31	110	0
32	33	0
32	34	0
32	35	1
32	36	1
32	37	0
32	38	1
32	39	0
32	40	1
32	41	1
32	42	0
32	43	0
32	44	1
32	45	1
32	46	0
32	47	1
32	48	0
32	49	0
32	50	0
32	51	0
32	52	0
32	53	1
32	54	0
32	55	0
32	56	1
32	57	0
32	58	1
32	59	0
32	60	1
32	61	0
32	62	1
32	63	1
32	64	1
32	65	0
32	66	0
32	67	1
32	68	1
32	69	0
32	70	0
32	71	1
32	72	1
32	73	0
32	74	1
32	75	1
32	76	0
32	77	0
32	78	1
32	79	0
32	80	1
32	81	1
32	82	1
32	83	1
32	84	0
32	85	1
32	86	1
32	87	0
32	88	0
32	89	0
32	90	0
32	91	0
32	92	1
32	93	1
32	94	0
32	95	1
32	96	0
32	97	0
32	98	1
32	99	1
32	100	0
32	101	0
32	102	0
32	103	1
32	104	1
32	105	0
32	106	0
32	107	0
32	108	0
32	109	0
32	110	0
33	34	1
33	35	0
33	36	0
33	37	1
33	38	0
33	39	0
33	40	1
33	41	1
33	42	0
33	43	0
33	44	0
33	45	0
33	46	1
33	47	1
33	48	0
33	49	0
33	50	1
33	51	1
33	52	1
33	53	0
33	54	0
33	55	0
33	56	0
33	57	1
33	58	0
33	59	1
33	60	1
33	61	0
33	62	1
33	63	0
33	64	0
33	65	0
33	66	1
33	67	1
33	68	0
33	69	1
33	70	1
33	71	0
33	72	1
33	73	1
33	74	1
33	75	1
33	76	1
33	77	0
33	78	1
33	79	0
33	80	1
33	81	0
33	82	1
33	83	1
33	84	0
33	85	0
33	86	1
33	87	1
33	88	0
33	89	0
33	90	1
33	91	0
33	92	1
33	93	1
33	94	1
33	95	1
33	96	1
33	97	1
33	98	1
33	99	0
33	100	0
33	101	0
33	102	1
33	103	0
33	104	1
33	105	1
33	106	1
33	107	1
33	108	0
33	109	1
33	110	1
34	35	1
34	36	1
34	37	0
34	38	1
34	39	0
34	40	0
34	41	1
34	42	0
34	43	0
34	44	0
34	45	1
34	46	0
34	47	0
34	48	1
34	49	0
34	50	1
34	51	1
34	52	0
34	53	0
34	54	0
34	55	0
34	56	0
34	57	0
34	58	1
34	59	0
34	60	1
34	61	1
34	62	1
34	63	1
34	64	1
34	65	1
34	66	1
34	67	0
34	68	0
34	69	0
34	70	0
34	71	0
34	72	1
34	73	0
34	74	1
34	75	1
34	76	1
34	77	1
34	78	0
34	79	0
34	80	0
34	81	1
34	82	0
34	83	1
34	84	1
34	85	0
34	86	1
34	87	1
34	88	1
34	89	1
34	90	0
34	91	1
34	92	1
34	93	1
34	94	1
34	95	1
34	96	0
34	97	0
34	98	0
34	99	0
34	100	0
34	101	0
34	102	0
34	103	1
34	104	1
34	105	1
34	106	0
34	107	0
34	108	0
34	109	0
34	110	1
35	36	0
35	37	0
35	38	0
35	39	1
35	40	0
35	41	0
35	42	1
35	43	1
35	44	0
35	45	0
35	46	0
35	47	0
35	48	0
35	49	0
35	50	1
35	51	0
35	52	0
35	53	0
35	54	1
35	55	0
35	56	1
35	57	1
35	58	1
35	59	0
35	60	1
35	61	0
35	62	0
35	63	1
35	64	1
35	65	0
35	66	1
35	67	0
35	68	0
35	69	1
35	70	0
35	71	1
35	72	0
35	73	1
35	74	1
35	75	1
35	76	0
35	77	0
35	78	0
35	79	1
35	80	1
35	81	1
35	82	1
35	83	1
35	84	1
35	85	1
35	86	1
35	87	0
35	88	1
35	89	0
35	90	1
35	91	1
35	92	1
35	93	1
35	94	1
35	95	0
35	96	0
35	97	0
35	98	1
35	99	0
35	100	1
35	101	0
35	102	1
35	103	0
35	104	1
35	105	0
35	106	0
35	107	1
35	108	1
35	109	0
35	110	0
36	37	0
36	38	0
36	39	1
36	40	1
36	41	1
36	42	1
36	43	0
36	44	0
36	45	1
36	46	1
36	47	0
36	48	0
36	49	1
36	50	0
36	51	1
36	52	0
36	53	1
36	54	1
36	55	0
36	56	0
36	57	1
36	58	0
36	59	0
36	60	1
36	61	1
36	62	0
36	63	1
36	64	1
36	65	0
36	66	1
36	67	0
36	68	1
36	69	0
36	70	0
36	71	1
36	72	1
36	73	1
36	74	0
36	75	0
36	76	1
36	77	1
36	78	0
36	79	1
36	80	1
36	81	0
36	82	1
36	83	0
36	84	0
36	85	0
36	86	1
36	87	1
36	88	0
36	89	0
36	90	0
36	91	1
36	92	1
36	93	1
36	94	1
36	95	0
36	96	1
36	97	0
36	98	0
36	99	1
36	100	0
36	101	0
36	102	1
36	103	1
36	104	0
36	105	0
36	106	1
36	107	1
36	108	1
36	109	1
36	110	0
37	38	1
37	39	1
37	40	1
37	41	1
37	42	0
37	43	0
37	44	1
37	45	0
37	46	0
37	47	1
37	48	1
37	49	1
37	50	1
37	51	1
37	52	0
37	53	1
37	54	0
37	55	0
37	56	0
37	57	0
37	58	0
37	59	1
37	60	1
37	61	1
37	62	1
37	63	1
37	64	1
37	65	0
37	66	1
37	67	1
37	68	1
37	69	1
37	70	1
37	71	0
37	72	0
37	73	1
37	74	0
37	75	1
37	76	0
37	77	0
37	78	0
37	79	1
37	80	0
37	81	1
37	82	1
37	83	0
37	84	1
37	85	1
37	86	1
37	87	0
37	88	0
37	89	1
37	90	0
37	91	0
37	92	0
37	93	0
37	94	0
37	95	1
37	96	0
37	97	1
37	98	0
37	99	0
37	100	0
37	101	0
37	102	1
37	103	0
37	104	1
37	105	1
37	106	0
37	107	1
37	108	1
37	109	1
37	110	1
38	39	0
38	40	0
38	41	0
38	42	0
38	43	1
38	44	0
38	45	1
38	46	1
38	47	1
38	48	1
38	49	0
38	50	1
38	51	0
38	52	0
38	53	1
38	54	0
38	55	0
38	56	1
38	57	0
38	58	1
38	59	1
38	60	0
38	61	1
38	62	1
38	63	0
38	64	1
38	65	1
38	66	1
38	67	0
38	68	0
38	69	0
38	70	0
38	71	0
38	72	1
38	73	1
38	74	1
38	75	1
38	76	0
38	77	0
38	78	1
38	79	0
38	80	1
38	81	1
38	82	1
38	83	1
38	84	1
38	85	0
38	86	1
38	87	0
38	88	1
38	89	0
38	90	1
38	91	0
38	92	0
38	93	1
38	94	1
38	95	1
38	96	0
38	97	0
38	98	0
38	99	0
38	100	0
38	101	0
38	102	0
38	103	0
38	104	0
38	105	1
38	106	0
38	107	0
38	108	1
38	109	1
38	110	0
39	40	0
39	41	1
39	42	0
39	43	0
39	44	1
39	45	1
39	46	1
39	47	1
39	48	0
39	49	0
39	50	0
39	51	0
39	52	0
39	53	1
39	54	1
39	55	0
39	56	1
39	57	1
39	58	0
39	59	1
39	60	0
39	61	1
39	62	0
39	63	1
39	64	1
39	65	0
39	66	1
39	67	0
39	68	0
39	69	0
39	70	0
39	71	0
39	72	0
39	73	1
39	74	1
39	75	0
39	76	1
39	77	1
39	78	0
39	79	1
39	80	1
39	81	0
39	82	1
39	83	1
39	84	0
39	85	1
39	86	1
39	87	0
39	88	0
39	89	0
39	90	0
39	91	0
39	92	1
39	93	1
39	94	1
39	95	0
39	96	0
39	97	1
39	98	1
39	99	0
39	100	0
39	101	0
39	102	1
39	103	1
39	104	1
39	105	1
39	106	0
39	107	1
39	108	1
39	109	0
39	110	1
40	41	1
40	42	0
40	43	1
40	44	1
40	45	0
40	46	0
40	47	0
40	48	0
40	49	0
40	50	0
40	51	0
40	52	0
40	53	1
40	54	1
40	55	1
40	56	1
40	57	1
40	58	0
40	59	1
40	60	0
40	61	0
40	62	1
40	63	0
40	64	0
40	65	0
40	66	1
40	67	1
40	68	0
40	69	1
40	70	1
40	71	1
40	72	0
40	73	1
40	74	1
40	75	0
40	76	0
40	77	1
40	78	0
40	79	0
40	80	0
40	81	0
40	82	0
40	83	1
40	84	1
40	85	0
40	86	0
40	87	0
40	88	1
40	89	1
40	90	1
40	91	1
40	92	0
40	93	1
40	94	0
40	95	1
40	96	0
40	97	1
40	98	1
40	99	1
40	100	1
40	101	0
40	102	0
40	103	0
40	104	0
40	105	0
40	106	0
40	107	1
40	108	1
40	109	0
40	110	0
41	42	0
41	43	1
41	44	0
41	45	0
41	46	1
41	47	0
41	48	0
41	49	0
41	50	1
41	51	0
41	52	0
41	53	0
41	54	0
41	55	1
41	56	1
41	57	0
41	58	0
41	59	0
41	60	0
41	61	1
41	62	1
41	63	1
41	64	0
41	65	1
41	66	1
41	67	1
41	68	1
41	69	1
41	70	1
41	71	0
41	72	1
41	73	0
41	74	0
41	75	0
41	76	1
41	77	1
41	78	1
41	79	0
41	80	0
41	81	1
41	82	0
41	83	0
41	84	0
41	85	1
41	86	0
41	87	1
41	88	1
41	89	0
41	90	0
41	91	0
41	92	0
41	93	0
41	94	0
41	95	1
41	96	1
41	97	0
41	98	1
41	99	1
41	100	0
41	101	0
41	102	1
41	103	0
41	104	1
41	105	0
41	106	1
41	107	0
41	108	1
41	109	0
41	110	0
42	43	1
42	44	1
42	45	1
42	46	1
42	47	0
42	48	0
42	49	1
42	50	1
42	51	0
42	52	0
42	53	1
42	54	1
42	55	1
42	56	0
42	57	0
42	58	1
42	59	0
42	60	1
42	61	1
42	62	0
42	63	0
42	64	1
42	65	1
42	66	0
42	67	0
42	68	1
42	69	0
42	70	0
42	71	1
42	72	1
42	73	0
42	74	1
42	75	0
42	76	0
42	77	1
42	78	0
42	79	0
42	80	0
42	81	0
42	82	1
42	83	0
42	84	0
42	85	0
42	86	0
42	87	1
42	88	1
42	89	1
42	90	1
42	91	1
42	92	0
42	93	1
42	94	1
42	95	1
42	96	1
42	97	0
42	98	1
42	99	0
42	100	0
42	101	1
42	102	0
42	103	0
42	104	0
42	105	1
42	106	0
42	107	1
42	108	0
42	109	0
42	110	0
43	44	1
43	45	1
43	46	1
43	47	1
43	48	0
43	49	0
43	50	0
43	51	0
43	52	1
43	53	0
43	54	1
43	55	0
43	56	1
43	57	0
43	58	1
43	59	0
43	60	1
43	61	1
43	62	1
43	63	1
43	64	0
43	65	0
43	66	1
43	67	1
43	68	0
43	69	1
43	70	1
43	71	0
43	72	0
43	73	0
43	74	1
43	75	0
43	76	0
43	77	1
43	78	0
43	79	0
43	80	1
43	81	0
43	82	1
43	83	0
43	84	1
43	85	0
43	86	1
43	87	1
43	88	0
43	89	1
43	90	1
43	91	0
43	92	1
43	93	1
43	94	0
43	95	0
43	96	0
43	97	0
43	98	0
43	99	1
43	100	1
43	101	0
43	102	0
43	103	0
43	104	0
43	105	1
43	106	0
43	107	1
43	108	0
43	109	0
43	110	1
44	45	1
44	46	1
44	47	1
44	48	1
44	49	1
44	50	0
44	51	0
44	52	0
44	53	0
44	54	0
44	55	1
44	56	1
44	57	1
44	58	0
44	59	0
44	60	0
44	61	0
44	62	0
44	63	1
44	64	0
44	65	1
44	66	0
44	67	0
44	68	1
44	69	0
44	70	1
44	71	0
44	72	0
44	73	0
44	74	1
44	75	1
44	76	1
44	77	1
44	78	0
44	79	1
44	80	1
44	81	1
44	82	1
44	83	0
44	84	1
44	85	0
44	86	1
44	87	1
44	88	1
44	89	1
44	90	1
44	91	0
44	92	1
44	93	0
44	94	1
44	95	0
44	96	0
44	97	1
44	98	0
44	99	0
44	100	0
44	101	1
44	102	0
44	103	0
44	104	1
44	105	0
44	106	0
44	107	1
44	108	0
44	109	1
44	110	1
45	46	0
45	47	1
45	48	1
45	49	0
45	50	0
45	51	1
45	52	1
45	53	0
45	54	0
45	55	1
45	56	0
45	57	0
45	58	0
45	59	1
45	60	0
45	61	0
45	62	0
45	63	0
45	64	0
45	65	0
45	66	0
45	67	0
45	68	0
45	69	1
45	70	0
45	71	0
45	72	0
45	73	1
45	74	1
45	75	0
45	76	1
45	77	0
45	78	0
45	79	0
45	80	1
45	81	0
45	82	0
45	83	0
45	84	1
45	85	0
45	86	0
45	87	0
45	88	0
45	89	0
45	90	0
45	91	0
45	92	0
45	93	1
45	94	0
45	95	1
45	96	1
45	97	0
45	98	0
45	99	1
45	100	0
45	101	1
45	102	0
45	103	1
45	104	0
45	105	0
45	106	0
45	107	0
45	108	1
45	109	0
45	110	0
46	47	0
46	48	0
46	49	0
46	50	0
46	51	0
46	52	1
46	53	0
46	54	0
46	55	1
46	56	1
46	57	0
46	58	1
46	59	0
46	60	0
46	61	0
46	62	0
46	63	0
46	64	1
46	65	0
46	66	0
46	67	0
46	68	1
46	69	0
46	70	1
46	71	0
46	72	0
46	73	1
46	74	1
46	75	0
46	76	1
46	77	0
46	78	0
46	79	1
46	80	1
46	81	1
46	82	1
46	83	0
46	84	0
46	85	0
46	86	1
46	87	0
46	88	1
46	89	1
46	90	0
46	91	1
46	92	0
46	93	1
46	94	1
46	95	1
46	96	1
46	97	1
46	98	0
46	99	1
46	100	1
46	101	0
46	102	1
46	103	1
46	104	0
46	105	1
46	106	0
46	107	1
46	108	1
46	109	1
46	110	1
47	48	0
47	49	0
47	50	1
47	51	1
47	52	1
47	53	1
47	54	0
47	55	0
47	56	0
47	57	1
47	58	1
47	59	1
47	60	0
47	61	0
47	62	0
47	63	0
47	64	0
47	65	0
47	66	0
47	67	1
47	68	1
47	69	1
47	70	1
47	71	0
47	72	1
47	73	1
47	74	1
47	75	0
47	76	1
47	77	0
47	78	1
47	79	0
47	80	1
47	81	1
47	82	1
47	83	0
47	84	1
47	85	1
47	86	0
47	87	0
47	88	1
47	89	1
47	90	1
47	91	1
47	92	1
47	93	1
47	94	1
47	95	1
47	96	0
47	97	1
47	98	0
47	99	1
47	100	0
47	101	1
47	102	0
47	103	1
47	104	1
47	105	1
47	106	1
47	107	0
47	108	0
47	109	0
47	110	1
48	49	0
48	50	1
48	51	1
48	52	0
48	53	0
48	54	1
48	55	1
48	56	0
48	57	0
48	58	1
48	59	1
48	60	0
48	61	0
48	62	1
48	63	0
48	64	0
48	65	1
48	66	0
48	67	1
48	68	1
48	69	0
48	70	0
48	71	0
48	72	0
48	73	1
48	74	1
48	75	1
48	76	1
48	77	1
48	78	1
48	79	0
48	80	0
48	81	1
48	82	1
48	83	1
48	84	1
48	85	1
48	86	0
48	87	0
48	88	1
48	89	0
48	90	0
48	91	0
48	92	0
48	93	0
48	94	1
48	95	1
48	96	0
48	97	1
48	98	1
48	99	1
48	100	1
48	101	1
48	102	0
48	103	1
48	104	1
48	105	1
48	106	1
48	107	0
48	108	1
48	109	1
48	110	1
49	50	1
49	51	1
49	52	1
49	53	1
49	54	0
49	55	1
49	56	0
49	57	0
49	58	1
49	59	1
49	60	0
49	61	1
49	62	1
49	63	0
49	64	0
49	65	0
49	66	0
49	67	1
49	68	0
49	69	0
49	70	1
49	71	0
49	72	0
49	73	1
49	74	1
49	75	0
49	76	1
49	77	1
49	78	1
49	79	1
49	80	0
49	81	1
49	82	1
49	83	1
49	84	1
49	85	0
49	86	1
49	87	0
49	88	1
49	89	0
49	90	0
49	91	0
49	92	1
49	93	1
49	94	0
49	95	1
49	96	1
49	97	1
49	98	1
49	99	1
49	100	0
49	101	1
49	102	1
49	103	0
49	104	0
49	105	0
49	106	0
49	107	1
49	108	1
49	109	0
49	110	1
50	51	1
50	52	0
50	53	0
50	54	0
50	55	1
50	56	1
50	57	1
50	58	0
50	59	1
50	60	0
50	61	0
50	62	1
50	63	0
50	64	0
50	65	0
50	66	1
50	67	1
50	68	0
50	69	1
50	70	1
50	71	0
50	72	1
50	73	0
50	74	0
50	75	1
50	76	0
50	77	1
50	78	0
50	79	0
50	80	0
50	81	1
50	82	1
50	83	1
50	84	0
50	85	0
50	86	1
50	87	0
50	88	1
50	89	0
50	90	0
50	91	1
50	92	1
50	93	1
50	94	0
50	95	0
50	96	0
50	97	0
50	98	0
50	99	1
50	100	1
50	101	1
50	102	1
50	103	1
50	104	0
50	105	1
50	106	0
50	107	1
50	108	0
50	109	0
50	110	1
51	52	1
51	53	0
51	54	0
51	55	0
51	56	1
51	57	0
51	58	1
51	59	1
51	60	1
51	61	0
51	62	1
51	63	1
51	64	1
51	65	1
51	66	0
51	67	0
51	68	0
51	69	0
51	70	1
51	71	0
51	72	1
51	73	1
51	74	0
51	75	0
51	76	1
51	77	1
51	78	0
51	79	0
51	80	0
51	81	0
51	82	0
51	83	0
51	84	0
51	85	0
51	86	0
51	87	0
51	88	0
51	89	0
51	90	0
51	91	0
51	92	1
51	93	1
51	94	0
51	95	0
51	96	1
51	97	0
51	98	1
51	99	0
51	100	1
51	101	0
51	102	1
51	103	0
51	104	1
51	105	1
51	106	1
51	107	1
51	108	1
51	109	1
51	110	1
52	53	1
52	54	0
52	55	1
52	56	0
52	57	1
52	58	1
52	59	0
52	60	1
52	61	1
52	62	1
52	63	1
52	64	1
52	65	1
52	66	1
52	67	1
52	68	1
52	69	1
52	70	1
52	71	0
52	72	0
52	73	0
52	74	1
52	75	1
52	76	1
52	77	1
52	78	1
52	79	0
52	80	0
52	81	0
52	82	0
52	83	0
52	84	1
52	85	1
52	86	1
52	87	0
52	88	0
52	89	1
52	90	1
52	91	0
52	92	0
52	93	1
52	94	1
52	95	0
52	96	0
52	97	0
52	98	0
52	99	1
52	100	1
52	101	0
52	102	1
52	103	1
52	104	1
52	105	0
52	106	0
52	107	0
52	108	0
52	109	1
52	110	0
53	54	0
53	55	0
53	56	0
53	57	0
53	58	0
53	59	1
53	60	1
53	61	0
53	62	1
53	63	1
53	64	1
53	65	0
53	66	1
53	67	1
53	68	1
53	69	0
53	70	0
53	71	1
53	72	0
53	73	1
53	74	1
53	75	1
53	76	0
53	77	0
53	78	0
53	79	1
53	80	0
53	81	1
53	82	0
53	83	1
53	84	1
53	85	0
53	86	1
53	87	0
53	88	0
53	89	1
53	90	0
53	91	1
53	92	0
53	93	0
53	94	0
53	95	0
53	96	0
53	97	0
53	98	1
53	99	1
53	100	0
53	101	0
53	102	0
53	103	0
53	104	0
53	105	0
53	106	0
53	107	1
53	108	1
53	109	0
53	110	1
54	55	1
54	56	1
54	57	0
54	58	0
54	59	0
54	60	0
54	61	0
54	62	0
54	63	1
54	64	0
54	65	0
54	66	0
54	67	0
54	68	1
54	69	0
54	70	0
54	71	1
54	72	1
54	73	1
54	74	0
54	75	1
54	76	1
54	77	0
54	78	0
54	79	1
54	80	1
54	81	0
54	82	1
54	83	1
54	84	1
54	85	0
54	86	1
54	87	1
54	88	0
54	89	0
54	90	0
54	91	1
54	92	1
54	93	1
54	94	1
54	95	0
54	96	1
54	97	0
54	98	1
54	99	1
54	100	0
54	101	1
54	102	0
54	103	0
54	104	1
54	105	0
54	106	1
54	107	0
54	108	1
54	109	1
54	110	0
55	56	1
55	57	0
55	58	0
55	59	1
55	60	1
55	61	1
55	62	1
55	63	1
55	64	1
55	65	0
55	66	1
55	67	1
55	68	0
55	69	0
55	70	1
55	71	1
55	72	0
55	73	0
55	74	1
55	75	0
55	76	1
55	77	1
55	78	1
55	79	0
55	80	1
55	81	0
55	82	0
55	83	0
55	84	0
55	85	0
55	86	1
55	87	0
55	88	0
55	89	0
55	90	0
55	91	1
55	92	1
55	93	0
55	94	1
55	95	1
55	96	0
55	97	0
55	98	0
55	99	1
55	100	0
55	101	1
55	102	0
55	103	1
55	104	0
55	105	0
55	106	1
55	107	0
55	108	0
55	109	0
55	110	0
56	57	1
56	58	1
56	59	1
56	60	0
56	61	1
56	62	1
56	63	0
56	64	0
56	65	0
56	66	1
56	67	1
56	68	0
56	69	0
56	70	0
56	71	0
56	72	0
56	73	1
56	74	0
56	75	0
56	76	1
56	77	1
56	78	0
56	79	0
56	80	0
56	81	0
56	82	0
56	83	1
56	84	1
56	85	1
56	86	0
56	87	0
56	88	1
56	89	1
56	90	0
56	91	1
56	92	1
56	93	0
56	94	1
56	95	1
56	96	1
56	97	0
56	98	0
56	99	0
56	100	0
56	101	0
56	102	0
56	103	1
56	104	1
56	105	0
56	106	0
56	107	0
56	108	0
56	109	0
56	110	1
57	58	0
57	59	1
57	60	1
57	61	1
57	62	1
57	63	1
57	64	0
57	65	0
57	66	1
57	67	0
57	68	0
57	69	0
57	70	1
57	71	1
57	72	1
57	73	1
57	74	0
57	75	0
57	76	0
57	77	1
57	78	0
57	79	1
57	80	0
57	81	0
57	82	0
57	83	0
57	84	1
57	85	0
57	86	0
57	87	1
57	88	1
57	89	1
57	90	0
57	91	1
57	92	0
57	93	1
57	94	1
57	95	1
57	96	0
57	97	0
57	98	1
57	99	0
57	100	1
57	101	1
57	102	1
57	103	1
57	104	1
57	105	1
57	106	0
57	107	0
57	108	0
57	109	0
57	110	0
58	59	0
58	60	0
58	61	1
58	62	1
58	63	0
58	64	0
58	65	0
58	66	1
58	67	0
58	68	0
58	69	0
58	70	0
58	71	1
58	72	1
58	73	1
58	74	0
58	75	0
58	76	1
58	77	0
58	78	0
58	79	0
58	80	0
58	81	0
58	82	1
58	83	0
58	84	0
58	85	0
58	86	0
58	87	1
58	88	1
58	89	0
58	90	1
58	91	1
58	92	0
58	93	0
58	94	1
58	95	1
58	96	0
58	97	0
58	98	0
58	99	1
58	100	0
58	101	1
58	102	1
58	103	1
58	104	1
58	105	0
58	106	0
58	107	0
58	108	0
58	109	1
58	110	1
59	60	1
59	61	1
59	62	0
59	63	0
59	64	0
59	65	1
59	66	0
59	67	0
59	68	0
59	69	0
59	70	1
59	71	0
59	72	0
59	73	1
59	74	0
59	75	0
59	76	1
59	77	0
59	78	1
59	79	0
59	80	0
59	81	0
59	82	0
59	83	0
59	84	1
59	85	0
59	86	1
59	87	0
59	88	0
59	89	0
59	90	0
59	91	0
59	92	1
59	93	1
59	94	1
59	95	0
59	96	1
59	97	0
59	98	1
59	99	0
59	100	1
59	101	0
59	102	1
59	103	0
59	104	0
59	105	1
59	106	0
59	107	0
59	108	0
59	109	1
59	110	1
60	61	0
60	62	0
60	63	0
60	64	1
60	65	1
60	66	0
60	67	1
60	68	0
60	69	0
60	70	0
60	71	1
60	72	0
60	73	0
60	74	1
60	75	0
60	76	1
60	77	0
60	78	1
60	79	1
60	80	0
60	81	0
60	82	1
60	83	1
60	84	0
60	85	1
60	86	0
60	87	1
60	88	0
60	89	0
60	90	1
60	91	0
60	92	0
60	93	0
60	94	0
60	95	1
60	96	1
60	97	1
60	98	0
60	99	1
60	100	0
60	101	0
60	102	0
60	103	1
60	104	1
60	105	0
60	106	0
60	107	0
60	108	0
60	109	0
60	110	1
61	62	0
61	63	1
61	64	1
61	65	0
61	66	0
61	67	0
61	68	0
61	69	0
61	70	0
61	71	1
61	72	0
61	73	1
61	74	1
61	75	1
61	76	1
61	77	1
61	78	1
61	79	1
61	80	0
61	81	0
61	82	1
61	83	1
61	84	1
61	85	1
61	86	1
61	87	0
61	88	0
61	89	1
61	90	1
61	91	1
61	92	0
61	93	0
61	94	0
61	95	1
61	96	1
61	97	1
61	98	1
61	99	0
61	100	1
61	101	0
61	102	1
61	103	0
61	104	1
61	105	1
61	106	1
61	107	1
61	108	0
61	109	1
61	110	0
62	63	0
62	64	1
62	65	0
62	66	1
62	67	1
62	68	0
62	69	1
62	70	0
62	71	1
62	72	0
62	73	1
62	74	0
62	75	0
62	76	1
62	77	1
62	78	0
62	79	0
62	80	1
62	81	0
62	82	0
62	83	1
62	84	0
62	85	0
62	86	1
62	87	1
62	88	0
62	89	1
62	90	0
62	91	0
62	92	1
62	93	1
62	94	1
62	95	0
62	96	0
62	97	0
62	98	0
62	99	0
62	100	0
62	101	0
62	102	1
62	103	1
62	104	0
62	105	1
62	106	1
62	107	1
62	108	1
62	109	0
62	110	1
63	64	0
63	65	1
63	66	0
63	67	0
63	68	0
63	69	0
63	70	1
63	71	1
63	72	1
63	73	0
63	74	1
63	75	1
63	76	1
63	77	0
63	78	0
63	79	0
63	80	0
63	81	0
63	82	1
63	83	1
63	84	0
63	85	0
63	86	1
63	87	1
63	88	0
63	89	1
63	90	1
63	91	0
63	92	1
63	93	1
63	94	1
63	95	1
63	96	0
63	97	1
63	98	0
63	99	1
63	100	1
63	101	1
63	102	1
63	103	0
63	104	1
63	105	0
63	106	1
63	107	1
63	108	0
63	109	0
63	110	1
64	65	0
64	66	0
64	67	0
64	68	0
64	69	0
64	70	0
64	71	1
64	72	0
64	73	0
64	74	0
64	75	1
64	76	1
64	77	0
64	78	1
64	79	1
64	80	0
64	81	1
64	82	1
64	83	0
64	84	1
64	85	1
64	86	1
64	87	0
64	88	0
64	89	1
64	90	1
64	91	1
64	92	0
64	93	0
64	94	1
64	95	0
64	96	0
64	97	0
64	98	0
64	99	0
64	100	0
64	101	1
64	102	1
64	103	0
64	104	0
64	105	1
64	106	0
64	107	1
64	108	1
64	109	1
64	110	0
65	66	0
65	67	0
65	68	1
65	69	0
65	70	1
65	71	1
65	72	0
65	73	0
65	74	0
65	75	0
65	76	1
65	77	1
65	78	1
65	79	0
65	80	0
65	81	0
65	82	0
65	83	0
65	84	1
65	85	0
65	86	1
65	87	0
65	88	0
65	89	0
65	90	0
65	91	0
65	92	0
65	93	1
65	94	1
65	95	1
65	96	0
65	97	0
65	98	0
65	99	0
65	100	1
65	101	0
65	102	1
65	103	1
65	104	1
65	105	1
65	106	1
65	107	1
65	108	0
65	109	0
65	110	0
66	67	0
66	68	0
66	69	0
66	70	1
66	71	1
66	72	0
66	73	1
66	74	1
66	75	1
66	76	1
66	77	0
66	78	1
66	79	0
66	80	1
66	81	0
66	82	0
66	83	1
66	84	0
66	85	1
66	86	0
66	87	0
66	88	0
66	89	1
66	90	0
66	91	0
66	92	1
66	93	1
66	94	1
66	95	0
66	96	0
66	97	1
66	98	0
66	99	0
66	100	1
66	101	1
66	102	1
66	103	1
66	104	1
66	105	1
66	106	1
66	107	0
66	108	0
66	109	1
66	110	0
67	68	0
67	69	1
67	70	1
67	71	1
67	72	1
67	73	1
67	74	0
67	75	1
67	76	0
67	77	1
67	78	0
67	79	1
67	80	1
67	81	1
67	82	1
67	83	1
67	84	1
67	85	0
67	86	0
67	87	0
67	88	1
67	89	0
67	90	0
67	91	0
67	92	0
67	93	0
67	94	0
67	95	0
67	96	0
67	97	1
67	98	0
67	99	0
67	100	1
67	101	1
67	102	0
67	103	1
67	104	1
67	105	0
67	106	1
67	107	1
67	108	1
67	109	0
67	110	0
68	69	1
68	70	0
68	71	0
68	72	1
68	73	1
68	74	1
68	75	0
68	76	0
68	77	0
68	78	0
68	79	0
68	80	0
68	81	0
68	82	1
68	83	0
68	84	0
68	85	0
68	86	0
68	87	0
68	88	0
68	89	0
68	90	1
68	91	1
68	92	1
68	93	0
68	94	0
68	95	0
68	96	0
68	97	1
68	98	1
68	99	1
68	100	0
68	101	1
68	102	1
68	103	1
68	104	0
68	105	0
68	106	0
68	107	0
68	108	0
68	109	1
68	110	0
69	70	1
69	71	1
69	72	1
69	73	1
69	74	1
69	75	0
69	76	1
69	77	0
69	78	0
69	79	0
69	80	1
69	81	0
69	82	0
69	83	0
69	84	1
69	85	0
69	86	1
69	87	0
69	88	0
69	89	0
69	90	1
69	91	1
69	92	1
69	93	0
69	94	1
69	95	0
69	96	0
69	97	1
69	98	0
69	99	0
69	100	1
69	101	0
69	102	0
69	103	0
69	104	0
69	105	0
69	106	0
69	107	1
69	108	1
69	109	0
69	110	0
70	71	1
70	72	1
70	73	1
70	74	0
70	75	0
70	76	1
70	77	0
70	78	0
70	79	1
70	80	1
70	81	1
70	82	1
70	83	1
70	84	0
70	85	1
70	86	0
70	87	1
70	88	1
70	89	0
70	90	0
70	91	0
70	92	0
70	93	0
70	94	1
70	95	0
70	96	0
70	97	1
70	98	1
70	99	0
70	100	0
70	101	0
70	102	0
70	103	0
70	104	0
70	105	0
70	106	1
70	107	0
70	108	1
70	109	1
70	110	1
71	72	0
71	73	0
71	74	0
71	75	0
71	76	1
71	77	0
71	78	0
71	79	0
71	80	0
71	81	0
71	82	1
71	83	0
71	84	0
71	85	1
71	86	0
71	87	0
71	88	1
71	89	0
71	90	0
71	91	1
71	92	0
71	93	0
71	94	1
71	95	1
71	96	1
71	97	1
71	98	0
71	99	0
71	100	0
71	101	0
71	102	1
71	103	1
71	104	1
71	105	0
71	106	1
71	107	0
71	108	0
71	109	1
71	110	0
72	73	1
72	74	0
72	75	0
72	76	0
72	77	0
72	78	1
72	79	1
72	80	0
72	81	0
72	82	1
72	83	1
72	84	1
72	85	0
72	86	0
72	87	0
72	88	1
72	89	1
72	90	1
72	91	1
72	92	1
72	93	0
72	94	1
72	95	1
72	96	1
72	97	1
72	98	1
72	99	1
72	100	1
72	101	0
72	102	0
72	103	0
72	104	0
72	105	1
72	106	0
72	107	0
72	108	1
72	109	0
72	110	1
73	74	1
73	75	1
73	76	0
73	77	0
73	78	1
73	79	1
73	80	1
73	81	1
73	82	0
73	83	1
73	84	1
73	85	0
73	86	1
73	87	0
73	88	1
73	89	0
73	90	0
73	91	0
73	92	1
73	93	0
73	94	1
73	95	0
73	96	1
73	97	1
73	98	0
73	99	1
73	100	1
73	101	1
73	102	0
73	103	1
73	104	1
73	105	0
73	106	1
73	107	0
73	108	1
73	109	0
73	110	0
74	75	0
74	76	0
74	77	1
74	78	0
74	79	1
74	80	1
74	81	1
74	82	1
74	83	0
74	84	1
74	85	1
74	86	0
74	87	1
74	88	0
74	89	0
74	90	0
74	91	1
74	92	1
74	93	0
74	94	0
74	95	0
74	96	0
74	97	1
74	98	0
74	99	0
74	100	0
74	101	0
74	102	0
74	103	1
74	104	0
74	105	1
74	106	1
74	107	0
74	108	1
74	109	0
74	110	1
75	76	1
75	77	1
75	78	1
75	79	0
75	80	1
75	81	1
75	82	0
75	83	0
75	84	0
75	85	1
75	86	1
75	87	1
75	88	1
75	89	1
75	90	1
75	91	1
75	92	0
75	93	0
75	94	1
75	95	1
75	96	0
75	97	1
75	98	1
75	99	0
75	100	0
75	101	0
75	102	1
75	103	0
75	104	0
75	105	1
75	106	1
75	107	0
75	108	1
75	109	1
75	110	1
76	77	1
76	78	0
76	79	1
76	80	0
76	81	0
76	82	0
76	83	0
76	84	1
76	85	1
76	86	0
76	87	1
76	88	1
76	89	1
76	90	0
76	91	1
76	92	1
76	93	0
76	94	1
76	95	1
76	96	1
76	97	1
76	98	1
76	99	0
76	100	0
76	101	1
76	102	1
76	103	0
76	104	0
76	105	0
76	106	0
76	107	0
76	108	1
76	109	0
76	110	1
77	78	0
77	79	1
77	80	1
77	81	1
77	82	0
77	83	0
77	84	1
77	85	1
77	86	1
77	87	1
77	88	1
77	89	1
77	90	0
77	91	0
77	92	0
77	93	0
77	94	0
77	95	1
77	96	1
77	97	1
77	98	1
77	99	1
77	100	1
77	101	1
77	102	0
77	103	0
77	104	1
77	105	0
77	106	1
77	107	0
77	108	1
77	109	0
77	110	0
78	79	1
78	80	0
78	81	1
78	82	0
78	83	0
78	84	0
78	85	0
78	86	0
78	87	1
78	88	1
78	89	0
78	90	0
78	91	1
78	92	1
78	93	1
78	94	1
78	95	1
78	96	1
78	97	1
78	98	1
78	99	1
78	100	0
78	101	1
78	102	1
78	103	0
78	104	1
78	105	1
78	106	0
78	107	1
78	108	1
78	109	1
78	110	0
79	80	1
79	81	1
79	82	1
79	83	0
79	84	1
79	85	1
79	86	0
79	87	0
79	88	1
79	89	1
79	90	1
79	91	1
79	92	1
79	93	1
79	94	0
79	95	0
79	96	1
79	97	1
79	98	0
79	99	1
79	100	0
79	101	1
79	102	0
79	103	1
79	104	1
79	105	1
79	106	0
79	107	0
79	108	1
79	109	1
79	110	1
80	81	0
80	82	1
80	83	0
80	84	0
80	85	1
80	86	1
80	87	1
80	88	0
80	89	0
80	90	1
80	91	1
80	92	0
80	93	1
80	94	1
80	95	0
80	96	0
80	97	0
80	98	0
80	99	0
80	100	1
80	101	1
80	102	0
80	103	1
80	104	0
80	105	0
80	106	0
80	107	0
80	108	0
80	109	0
80	110	0
81	82	0
81	83	1
81	84	1
81	85	0
81	86	1
81	87	0
81	88	1
81	89	0
81	90	1
81	91	1
81	92	0
81	93	0
81	94	0
81	95	1
81	96	1
81	97	0
81	98	0
81	99	1
81	100	1
81	101	0
81	102	0
81	103	0
81	104	1
81	105	1
81	106	1
81	107	1
81	108	0
81	109	0
81	110	0
82	83	1
82	84	1
82	85	0
82	86	1
82	87	1
82	88	0
82	89	1
82	90	1
82	91	0
82	92	1
82	93	0
82	94	1
82	95	0
82	96	0
82	97	1
82	98	1
82	99	0
82	100	0
82	101	0
82	102	1
82	103	0
82	104	1
82	105	0
82	106	1
82	107	1
82	108	0
82	109	1
82	110	0
83	84	1
83	85	1
83	86	0
83	87	0
83	88	0
83	89	1
83	90	0
83	91	1
83	92	0
83	93	0
83	94	0
83	95	0
83	96	1
83	97	1
83	98	0
83	99	0
83	100	0
83	101	1
83	102	0
83	103	0
83	104	0
83	105	0
83	106	1
83	107	1
83	108	1
83	109	1
83	110	1
84	85	1
84	86	1
84	87	1
84	88	0
84	89	0
84	90	0
84	91	0
84	92	1
84	93	0
84	94	1
84	95	0
84	96	0
84	97	1
84	98	1
84	99	0
84	100	0
84	101	1
84	102	0
84	103	1
84	104	0
84	105	1
84	106	1
84	107	0
84	108	0
84	109	0
84	110	0
85	86	1
85	87	1
85	88	0
85	89	0
85	90	0
85	91	0
85	92	1
85	93	1
85	94	1
85	95	1
85	96	0
85	97	1
85	98	0
85	99	0
85	100	1
85	101	1
85	102	0
85	103	0
85	104	1
85	105	0
85	106	0
85	107	1
85	108	0
85	109	1
85	110	0
86	87	1
86	88	0
86	89	0
86	90	0
86	91	1
86	92	0
86	93	0
86	94	0
86	95	1
86	96	0
86	97	0
86	98	1
86	99	0
86	100	1
86	101	0
86	102	0
86	103	1
86	104	0
86	105	0
86	106	1
86	107	1
86	108	1
86	109	0
86	110	0
87	88	0
87	89	0
87	90	1
87	91	0
87	92	0
87	93	1
87	94	0
87	95	0
87	96	0
87	97	0
87	98	0
87	99	1
87	100	0
87	101	1
87	102	1
87	103	1
87	104	0
87	105	0
87	106	1
87	107	0
87	108	1
87	109	1
87	110	1
88	89	1
88	90	0
88	91	0
88	92	0
88	93	0
88	94	0
88	95	0
88	96	1
88	97	0
88	98	0
88	99	1
88	100	1
88	101	0
88	102	1
88	103	0
88	104	0
88	105	0
88	106	0
88	107	0
88	108	1
88	109	1
88	110	0
89	90	0
89	91	0
89	92	0
89	93	0
89	94	1
89	95	0
89	96	1
89	97	1
89	98	0
89	99	1
89	100	0
89	101	1
89	102	0
89	103	1
89	104	1
89	105	0
89	106	1
89	107	0
89	108	0
89	109	1
89	110	0
90	91	1
90	92	1
90	93	0
90	94	1
90	95	1
90	96	1
90	97	0
90	98	0
90	99	1
90	100	1
90	101	0
90	102	1
90	103	1
90	104	1
90	105	1
90	106	1
90	107	1
90	108	0
90	109	0
90	110	1
91	92	0
91	93	0
91	94	1
91	95	1
91	96	0
91	97	0
91	98	0
91	99	1
91	100	1
91	101	0
91	102	1
91	103	0
91	104	1
91	105	1
91	106	0
91	107	0
91	108	0
91	109	0
91	110	1
92	93	0
92	94	0
92	95	0
92	96	1
92	97	1
92	98	1
92	99	1
92	100	1
92	101	0
92	102	1
92	103	0
92	104	1
92	105	1
92	106	0
92	107	0
92	108	1
92	109	0
92	110	0
93	94	0
93	95	1
93	96	1
93	97	0
93	98	0
93	99	0
93	100	0
93	101	0
93	102	0
93	103	0
93	104	0
93	105	1
93	106	1
93	107	0
93	108	0
93	109	1
93	110	1
94	95	1
94	96	0
94	97	1
94	98	1
94	99	1
94	100	0
94	101	1
94	102	1
94	103	1
94	104	0
94	105	1
94	106	1
94	107	0
94	108	1
94	109	0
94	110	0
95	96	1
95	97	1
95	98	1
95	99	1
95	100	1
95	101	1
95	102	0
95	103	1
95	104	0
95	105	0
95	106	1
95	107	1
95	108	0
95	109	1
95	110	1
96	97	1
96	98	1
96	99	0
96	100	0
96	101	1
96	102	1
96	103	1
96	104	1
96	105	1
96	106	1
96	107	0
96	108	1
96	109	1
96	110	1
97	98	1
97	99	1
97	100	0
97	101	1
97	102	1
97	103	1
97	104	0
97	105	1
97	106	1
97	107	1
97	108	0
97	109	1
97	110	1
98	99	0
98	100	1
98	101	1
98	102	1
98	103	0
98	104	0
98	105	0
98	106	1
98	107	0
98	108	1
98	109	1
98	110	0
99	100	1
99	101	1
99	102	1
99	103	0
99	104	0
99	105	1
99	106	1
99	107	1
99	108	1
99	109	0
99	110	0
100	101	0
100	102	1
100	103	0
100	104	0
100	105	0
100	106	1
100	107	1
100	108	1
100	109	1
100	110	1
101	102	1
101	103	0
101	104	1
101	105	1
101	106	1
101	107	1
101	108	0
101	109	0
101	110	0
102	103	1
102	104	0
102	105	1
102	106	1
102	107	1
102	108	0
102	109	1
102	110	1
103	104	0
103	105	0
103	106	0
103	107	1
103	108	1
103	109	0
103	110	0
104	105	0
104	106	1
104	107	0
104	108	1
104	109	1
104	110	0
105	106	1
105	107	1
105	108	1
105	109	1
105	110	1
106	107	0
106	108	0
106	109	1
106	110	1
107	108	1
107	109	0
107	110	0
108	109	0
108	110	1
109	110	0
