110	5995	0
1	2	0
1	3	0
1	4	0
1	5	0
1	6	1
1	7	0
1	8	1
1	9	1
1	10	0
1	11	0
1	12	0
1	13	0
1	14	1
1	15	1
1	16	0
1	17	0
1	18	1
1	19	1
1	20	0
1	21	0
1	22	0
1	23	0
1	24	1
1	25	0
1	26	0
1	27	1
1	28	0
1	29	0
1	30	1
1	31	1
1	32	0
1	33	1
1	34	0
1	35	0
1	36	0
1	37	0
1	38	0
1	39	1
1	40	0
1	41	1
1	42	1
1	43	1
1	44	1
1	45	1
1	46	0
1	47	1
1	48	1
1	49	0
1	50	1
1	51	0
1	52	1
1	53	0
1	54	0
1	55	0
1	56	1
1	57	0
1	58	0
1	59	0
1	60	0
1	61	0
1	62	1
1	63	1
1	64	0
1	65	1
1	66	0
1	67	0
1	68	0
1	69	0
1	70	0
1	71	1
1	72	1
1	73	1
1	74	1
1	75	0
1	76	1
1	77	1
1	78	1
1	79	1
1	80	0
1	81	1
1	82	1
1	83	1
1	84	0
1	85	1
1	86	0
1	87	0
1	88	1
1	89	1
1	90	1
1	91	0
1	92	0
1	93	0
1	94	0
1	95	0
1	96	1
1	97	1
1	98	1
1	99	1
1	100	0
1	101	1
1	102	1
1	103	0
1	104	0
1	105	0
1	106	0
1	107	1
1	108	1
1	109	0
1	110	0
2	3	0
2	4	1
2	5	0
2	6	0
2	7	1
2	8	0
2	9	1
2	10	0
2	11	0
2	12	0
2	13	0
2	14	1
2	15	0
2	16	0
2	17	0
2	18	1
2	19	1
2	20	1
2	21	1
2	22	1
2	23	1
2	24	0
2	25	1
2	26	1
2	27	0
2	28	0
2	29	1
2	30	1
2	31	1
2	32	0
2	33	0
2	34	1
2	35	0
2	36	1
2	37	1
2	38	0
2	39	1
2	40	1
2	41	1
2	42	0
2	43	0
2	44	1
2	45	1
2	46	0
2	47	0
2	48	1
2	49	1
2	50	1
2	51	1
2	52	1
2	53	1
2	54	1
2	55	1
2	56	0
2	57	1
2	58	0
2	59	1
2	60	0
2	61	1
2	62	0
2	63	0
2	64	0
2	65	0
2	66	0
2	67	1
2	68	0
2	69	0
2	70	0
2	71	0
2	72	1
2	73	0
2	74	1
2	75	1
2	76	1
2	77	1
2	78	1
2	79	1
2	80	1
2	81	1
2	82	1
2	83	0
2	84	0
2	85	0
2	86	0
2	87	0
2	88	0
2	89	1
2	90	0
2	91	1
2	92	1
2	93	0
2	94	0
2	95	0
2	96	1
2	97	0
2	98	1
2	99	1
2	100	0
2	101	0
2	102	1
2	103	0
2	104	0
2	105	0
2	106	0
2	107	1
2	108	0
2	109	0
2	110	1
3	4	0
3	5	1
3	6	0
3	7	1
3	8	1
3	9	1
3	10	0
3	11	1
3	12	0
3	13	0
3	14	1
3	15	0
3	16	0
3	17	0
3	18	1
3	19	0
3	20	0
3	21	0
3	22	1
3	23	0
3	24	0
3	25	1
3	26	1
3	27	1
3	28	1
3	29	0
3	30	0
3	31	0
3	32	0
3	33	1
3	34	1
3	35	1
3	36	0
3	37	1
3	38	0
3	39	1
3	40	0
3	41	0
3	42	1
3	43	1
3	44	1
3	45	0
3	46	0
3	47	0
3	48	0
3	49	1
3	50	1
3	51	1
3	52	1
3	53	1
3	54	0
3	55	0
3	56	0
3	57	0
3	58	1
3	59	0
3	60	0
3	61	0
3	62	0
3	63	0
3	64	1
3	65	0
3	66	1
3	67	0
3	68	1
3	69	0
3	70	0
3	71	0
3	72	0
3	73	0
3	74	0
3	75	1
3	76	1
3	77	0
3	78	1
3	79	0
3	80	0
3	81	1
3	82	1
3	83	0
3	84	1
3	85	1
3	86	0
3	87	1
3	88	0
3	89	0
3	90	0
3	91	0
3	92	0
3	93	0
3	94	1
3	95	0
3	96	0
3	97	1
3	98	1
3	99	1
3	100	0
3	101	1
3	102	0
3	103	0
3	104	0
3	105	0
3	106	0
3	107	0
3	108	1
3	109	1
3	110	0
4	5	0
4	6	1
4	7	0
4	8	0
4	9	0
4	10	0
4	11	1
4	12	1
4	13	0
4	14	1
4	15	0
4	16	1
4	17	0
4	18	0
4	19	1
4	20	1
4	21	1
4	22	0
4	23	1
4	24	1
4	25	0
4	26	0
4	27	1
4	28	0
4	29	1
4	30	0
4	31	1
4	32	1
4	33	1
4	34	0
4	35	0
4	36	0
4	37	1
4	38	1
4	39	1
4	40	0
4	41	1
4	42	0
4	43	0
4	44	0
4	45	0
4	46	1
4	47	0
4	48	0
4	49	0
4	50	0
4	51	1
4	52	0
4	53	1
4	54	0
4	55	1
4	56	0
4	57	0
4	58	0
4	59	1
4	60	1
4	61	1
4	62	1
4	63	0
4	64	0
4	65	1
4	66	0
4	67	0
4	68	0
4	69	0
4	70	0
4	71	1
4	72	0
4	73	0
4	74	1
4	75	0
4	76	1
4	77	1
4	78	0
4	79	0
4	80	1
4	81	0
4	82	0
4	83	1
4	84	1
4	85	1
4	86	1
4	87	1
4	88	0
4	89	0
4	90	1
4	91	0
4	92	0
4	93	1
4	94	1
4	95	1
4	96	0
4	97	0
4	98	0
4	99	0
4	100	0
4	101	1
4	102	0
4	103	0
4	104	1
4	105	0
4	106	0
4	107	1
4	108	1
4	109	0
4	110	1
5	6	0
5	7	0
5	8	1
5	9	1
5	10	0
5	11	0
5	12	1
5	13	0
5	14	1
5	15	0
5	16	0
5	17	1
5	18	1
5	19	0
5	20	0
5	21	0
5	22	0
5	23	1
5	24	1
5	25	0
5	26	0
5	27	0
5	28	1
5	29	1
5	30	0
5	31	0
5	32	0
5	33	1
5	34	1
5	35	0
5	36	1
5	37	0
5	38	1
5	39	0
5	40	1
5	41	0
5	42	1
5	43	1
5	44	1
5	45	1
5	46	0
5	47	1
5	48	0
5	49	0
5	50	0
5	51	1
5	52	1
5	53	0
5	54	1
5	55	0
5	56	0
5	57	1
5	58	1
5	59	0
5	60	0
5	61	0
5	62	1
5	63	0
5	64	1
5	65	1
5	66	1
5	67	1
5	68	1
5	69	0
5	70	0
5	71	0
5	72	0
5	73	1
5	74	0
5	75	1
5	76	1
5	77	1
5	78	1
5	79	0
5	80	0
5	81	0
5	82	0
5	83	1
5	84	0
5	85	0
5	86	0
5	87	0
5	88	0
5	89	0
5	90	1
5	91	1
5	92	0
5	93	0
5	94	1
5	95	0
5	96	1
5	97	0
5	98	0
5	99	1
5	100	0
5	101	1
5	102	0
5	103	1
5	104	0
5	105	0
5	106	0
5	107	1
5	108	0
5	109	1
5	110	0
6	7	1
6	8	0
6	9	0
6	10	0
6	11	1
6	12	1
6	13	1
6	14	1
6	15	0
6	16	1
6	17	0
6	18	1
6	19	0
6	20	0
6	21	0
6	22	1
6	23	0
6	24	1
6	25	1
6	26	1
6	27	0
6	28	1
6	29	0
6	30	1
6	31	1
6	32	0
6	33	0
6	34	0
6	35	1
6	36	0
6	37	1
6	38	0
6	39	0
6	40	0
6	41	0
6	42	1
6	43	1
6	44	0
6	45	1
6	46	0
6	47	0
6	48	1
6	49	1
6	50	0
6	51	0
6	52	1
6	53	1
6	54	1
6	55	1
6	56	1
6	57	1
6	58	1
6	59	1
6	60	0
6	61	0
6	62	1
6	63	1
6	64	0
6	65	0
6	66	1
6	67	1
6	68	0
6	69	0
6	70	0
6	71	1
6	72	0
6	73	1
6	74	0
6	75	0
6	76	1
6	77	1
6	78	1
6	79	0
6	80	0
6	81	0
6	82	1
6	83	0
6	84	1
6	85	1
6	86	0
6	87	0
6	88	0
6	89	0
6	90	0
6	91	0
6	92	1
6	93	1
6	94	1
6	95	0
6	96	1
6	97	0
6	98	1
6	99	1
6	100	0
6	101	0
6	102	0
6	103	0
6	104	1
6	105	0
6	106	0
6	107	1
6	108	0
6	109	1
6	110	0
7	8	0
7	9	0
7	10	0
7	11	0
7	12	1
7	13	1
7	14	0
7	15	0
7	16	1
7	17	1
7	18	1
7	19	0
7	20	1
7	21	0
7	22	1
7	23	0
7	24	1
7	25	1
7	26	0
7	27	0
7	28	0
7	29	0
7	30	1
7	31	0
7	32	1
7	33	0
7	34	1
7	35	0
7	36	1
7	37	0
7	38	0
7	39	1
7	40	1
7	41	1
7	42	0
7	43	0
7	44	1
7	45	0
7	46	1
7	47	1
7	48	0
7	49	1
7	50	0
7	51	1
7	52	0
7	53	1
7	54	0
7	55	1
7	56	1
7	57	1
7	58	0
7	59	0
7	60	0
7	61	0
7	62	1
7	63	1
7	64	1
7	65	0
7	66	0
7	67	1
7	68	0
7	69	0
7	70	1
7	71	0
7	72	0
7	73	1
7	74	0
7	75	0
7	76	1
7	77	0
7	78	0
7	79	0
7	80	0
7	81	0
7	82	0
7	83	1
7	84	1
7	85	1
7	86	0
7	87	0
7	88	0
7	89	1
7	90	1
7	91	1
7	92	1
7	93	1
7	94	1
7	95	1
7	96	1
7	97	1
7	98	1
7	99	0
7	100	0
7	101	0
7	102	1
7	103	1
7	104	0
7	105	1
7	106	0
7	107	1
7	108	1
7	109	1
7	110	0
8	9	0
8	10	0
8	11	0
8	12	0
8	13	0
8	14	1
8	15	1
8	16	0
8	17	0
8	18	1
8	19	1
8	20	1
8	21	0
8	22	1
8	23	1
8	24	1
8	25	0
8	26	0
8	27	1
8	28	1
8	29	0
8	30	0
8	31	0
8	32	0
8	33	0
8	34	0
8	35	0
8	36	0
8	37	0
8	38	1
8	39	1
8	40	0
8	41	1
8	42	0
8	43	0
8	44	0
8	45	0
8	46	0
8	47	0
8	48	0
8	49	0
8	50	1
8	51	1
8	52	0
8	53	1
8	54	1
8	55	0
8	56	1
8	57	1
8	58	1
8	59	1
8	60	0
8	61	1
8	62	0
8	63	1
8	64	0
8	65	1
8	66	1
8	67	0
8	68	0
8	69	0
8	70	0
8	71	1
8	72	1
8	73	0
8	74	1
8	75	0
8	76	1
8	77	1
8	78	0
8	79	0
8	80	0
8	81	1
8	82	1
8	83	1
8	84	1
8	85	0
8	86	1
8	87	1
8	88	1
8	89	0
8	90	1
8	91	0
8	92	1
8	93	0
8	94	0
8	95	1
8	96	0
8	97	0
8	98	0
8	99	1
8	100	1
8	101	0
8	102	0
8	103	1
8	104	0
8	105	1
8	106	1
8	107	1
8	108	0
8	109	1
8	110	0
9	10	1
9	11	1
9	12	1
9	13	0
9	14	0
9	15	0
9	16	1
9	17	0
9	18	0
9	19	0
9	20	1
9	21	0
9	22	0
9	23	1
9	24	1
9	25	0
9	26	1
9	27	0
9	28	1
9	29	1
9	30	0
9	31	1
9	32	1
9	33	1
9	34	0
9	35	0
9	36	1
9	37	0
9	38	1
9	39	1
9	40	0
9	41	1
9	42	1
9	43	0
9	44	1
9	45	1
9	46	0
9	47	0
9	48	1
9	49	0
9	50	0
9	51	0
9	52	0
9	53	0
9	54	1
9	55	0
9	56	1
9	57	0
9	58	0
9	59	0
9	60	1
9	61	1
9	62	0
9	63	0
9	64	1
9	65	1
9	66	0
9	67	1
9	68	1
9	69	1
9	70	0
9	71	1
9	72	1
9	73	1
9	74	1
9	75	1
9	76	1
9	77	0
9	78	0
9	79	1
9	80	0
9	81	0
9	82	0
9	83	1
9	84	1
9	85	1
9	86	0
9	87	1
9	88	1
9	89	0
9	90	0
9	91	1
9	92	1
9	93	1
9	94	1
9	95	1
9	96	0
9	97	1
9	98	1
9	99	0
9	100	0
9	101	1
9	102	0
9	103	1
9	104	0
9	105	1
9	106	0
9	107	1
9	108	0
9	109	0
9	110	0
10	11	1
10	12	1
10	13	1
10	14	0
10	15	0
10	16	0
10	17	0
10	18	1
10	19	1
10	20	0
10	21	0
10	22	1
10	23	1
10	24	1
10	25	0
10	26	1
10	27	0
10	28	0
10	29	1
10	30	0
10	31	0
10	32	1
10	33	1
10	34	1
10	35	1
10	36	1
10	37	0
10	38	1
10	39	0
10	40	0
10	41	1
10	42	1
10	43	1
10	44	0
10	45	0
10	46	1
10	47	0
10	48	0
10	49	1
10	50	1
10	51	1
10	52	1
10	53	0
10	54	1
10	55	1
10	56	1
10	57	1
10	58	1
10	59	0
10	60	1
10	61	0
10	62	1
10	63	0
10	64	1
10	65	0
10	66	0
10	67	1
10	68	1
10	69	1
10	70	0
10	71	1
10	72	1
10	73	1
10	74	1
10	75	1
10	76	1
10	77	0
10	78	1
10	79	0
10	80	0
10	81	0
10	82	1
10	83	1
10	84	1
10	85	0
10	86	0
10	87	0
10	88	0
10	89	0
10	90	1
10	91	0
10	92	1
10	93	1
10	94	0
10	95	1
10	96	1
10	97	1
10	98	0
10	99	0
10	100	0
10	101	1
10	102	1
10	103	0
10	104	0
10	105	1
10	106	1
10	107	0
10	108	0
10	109	0
10	110	0
11	12	0
11	13	0
11	14	0
11	15	1
11	16	1
11	17	1
11	18	1
11	19	1
11	20	0
11	21	1
11	22	1
11	23	1
11	24	0
11	25	1
11	26	0
11	27	1
11	28	1
11	29	1
11	30	1
11	31	1
11	32	0
11	33	1
11	34	1
11	35	0
11	36	0
11	37	1
11	38	0
11	39	1
11	40	1
11	41	0
11	42	1
11	43	1
11	44	1
11	45	0
11	46	1
11	47	0
11	48	0
11	49	0
11	50	0
11	51	1
11	52	1
11	53	1
11	54	0
11	55	1
11	56	0
11	57	1
11	58	0
11	59	1
11	60	1
11	61	0
11	62	1
11	63	0
11	64	1
11	65	1
11	66	0
11	67	0
11	68	0
11	69	1
11	70	1
11	71	0
11	72	0
11	73	0
11	74	1
11	75	0
11	76	0
11	77	0
11	78	1
11	79	1
11	80	0
11	81	0
11	82	0
11	83	0
11	84	0
11	85	0
11	86	1
11	87	0
11	88	0
11	89	0
11	90	0
11	91	1
11	92	0
11	93	0
11	94	1
11	95	0
11	96	0
11	97	1
11	98	0
11	99	0
11	100	0
11	101	1
11	102	1
11	103	0
11	104	1
11	105	1
11	106	0
11	107	1
11	108	1
11	109	0
11	110	1
12	13	1
12	14	1
12	15	0
12	16	0
12	17	1
12	18	1
12	19	0
12	20	1
12	21	0
12	22	0
12	23	1
12	24	1
12	25	0
12	26	1
12	27	1
12	28	0
12	29	1
12	30	0
12	31	1
12	32	0
12	33	0
12	34	0
12	35	1
12	36	1
12	37	1
12	38	0
12	39	1
12	40	1
12	41	0
12	42	0
12	43	1
12	44	1
12	45	0
12	46	1
12	47	0
12	48	0
12	49	0
12	50	0
12	51	1
12	52	0
12	53	0
12	54	0
12	55	0
12	56	0
12	57	0
12	58	1
12	59	0
12	60	1
12	61	1
12	62	0
12	63	0
12	64	1
12	65	1
12	66	1
12	67	1
12	68	1
12	69	0
12	70	0
12	71	0
12	72	1
12	73	0
12	74	0
12	75	1
12	76	0
12	77	1
12	78	1
12	79	0
12	80	0
12	81	0
12	82	1
12	83	0
12	84	1
12	85	1
12	86	1
12	87	0
12	88	1
12	89	0
12	90	0
12	91	1
12	92	1
12	93	0
12	94	1
12	95	1
12	96	0
12	97	0
12	98	0
12	99	0
12	100	0
12	101	1
12	102	1
12	103	1
12	104	1
12	105	0
12	106	1
12	107	1
12	108	1
12	109	1
12	110	1
13	14	0
13	15	0
13	16	0
13	17	0
13	18	0
13	19	0
13	20	1
13	21	1
13	22	0
13	23	0
13	24	1
13	25	1
13	26	0
13	27	0
13	28	0
13	29	0
13	30	1
13	31	1
13	32	1
13	33	1
13	34	0
13	35	0
13	36	0
13	37	0
13	38	0
13	39	0
13	40	0
13	41	1
13	42	1
13	43	1
13	44	1
13	45	1
13	46	0
13	47	0
13	48	0
13	49	0
13	50	1
13	51	1
13	52	1
13	53	1
13	54	0
13	55	0
13	56	0
13	57	1
13	58	1
13	59	1
13	60	0
13	61	0
13	62	0
13	63	0
13	64	0
13	65	0
13	66	0
13	67	1
13	68	0
13	69	0
13	70	1
13	71	0
13	72	1
13	73	1
13	74	0
13	75	1
13	76	0
13	77	1
13	78	1
13	79	1
13	80	0
13	81	0
13	82	0
13	83	0
13	84	1
13	85	1
13	86	1
13	87	1
13	88	0
13	89	1
13	90	0
13	91	1
13	92	1
13	93	1
13	94	1
13	95	0
13	96	1
13	97	0
13	98	0
13	99	0
13	100	0
13	101	1
13	102	0
13	103	0
13	104	1
13	105	0
13	106	1
13	107	1
13	108	1
13	109	1
13	110	1
14	15	1
14	16	0
14	17	1
14	18	0
14	19	1
14	20	1
14	21	0
14	22	0
14	23	1
14	24	1
14	25	1
14	26	1
14	27	0
14	28	0
14	29	1
14	30	1
14	31	1
14	32	1
14	33	1
14	34	1
14	35	0
14	36	1
14	37	0
14	38	1
14	39	0
14	40	0
14	41	0
14	42	1
14	43	1
14	44	1
14	45	0
14	46	1
14	47	0
14	48	0
14	49	1
14	50	0
14	51	0
14	52	1
14	53	1
14	54	1
14	55	0
14	56	0
14	57	1
14	58	1
14	59	0
14	60	0
14	61	1
14	62	1
14	63	1
14	64	1
14	65	1
14	66	0
14	67	0
14	68	1
14	69	1
14	70	1
14	71	1
14	72	1
14	73	1
14	74	0
14	75	1
14	76	0
14	77	0
14	78	1
14	79	0
14	80	1
14	81	0
14	82	1
14	83	1
14	84	1
14	85	1
14	86	1
14	87	0
14	88	0
14	89	0
14	90	1
14	91	0
14	92	0
14	93	1
14	94	1
14	95	0
14	96	0
14	97	0
14	98	0
14	99	1
14	100	1
14	101	0
14	102	1
14	103	0
14	104	1
14	105	0
14	106	0
14	107	0
14	108	1
14	109	1
14	110	1
15	16	0
15	17	1
15	18	0
15	19	1
15	20	0
15	21	1
15	22	1
15	23	1
15	24	0
15	25	1
15	26	0
15	27	0
15	28	0
15	29	0
15	30	1
15	31	0
15	32	1
15	33	1
15	34	0
15	35	0
15	36	0
15	37	1
15	38	0
15	39	1
15	40	0
15	41	1
15	42	1
15	43	0
15	44	0
15	45	0
15	46	0
15	47	1
15	48	1
15	49	0
15	50	0
15	51	0
15	52	0
15	53	1
15	54	0
15	55	1
15	56	0
15	57	0
15	58	1
15	59	0
15	60	0
15	61	0
15	62	0
15	63	0
15	64	0
15	65	1
15	66	1
15	67	1
15	68	0
15	69	0
15	70	1
15	71	0
15	72	1
15	73	0
15	74	1
15	75	1
15	76	0
15	77	0
15	78	1
15	79	0
15	80	1
15	81	0
15	82	0
15	83	1
15	84	1
15	85	1
15	86	0
15	87	0
15	88	1
15	89	1
15	90	0
15	91	1
15	92	1
15	93	1
15	94	0
15	95	0
15	96	0
15	97	1
15	98	1
15	99	1
15	100	1
15	101	1
15	102	1
15	103	1
15	104	1
15	105	0
15	106	0
15	107	0
15	108	0
15	109	1
15	110	1
16	17	1
16	18	1
16	19	0
16	20	1
16	21	1
16	22	1
16	23	1
16	24	1
16	25	0
16	26	0
16	27	0
16	28	0
16	29	0
16	30	0
16	31	1
16	32	0
16	33	1
16	34	1
16	35	1
16	36	0
16	37	0
16	38	0
16	39	0
16	40	0
16	41	1
16	42	1
16	43	0
16	44	1
16	45	0
16	46	0
16	47	0
16	48	1
16	49	0
16	50	0
16	51	1
16	52	0
16	53	1
16	54	0
16	55	1
16	56	0
16	57	0
16	58	1
16	59	1
16	60	0
16	61	1
16	62	0
16	63	1
16	64	1
16	65	1
16	66	0
16	67	1
16	68	1
16	69	0
16	70	1
16	71	1
16	72	1
16	73	0
16	74	0
16	75	1
16	76	0
16	77	1
16	78	0
16	79	0
16	80	0
16	81	1
16	82	1
16	83	1
16	84	0
16	85	1
16	86	0
16	87	0
16	88	1
16	89	1
16	90	1
16	91	0
16	92	1
16	93	1
16	94	1
16	95	0
16	96	0
16	97	0
16	98	0
16	99	0
16	100	1
16	101	1
16	102	0
16	103	1
16	104	1
16	105	0
16	106	0
16	107	1
16	108	1
16	109	1
16	110	0
17	18	1
17	19	1
17	20	1
17	21	0
17	22	1
17	23	1
17	24	0
17	25	1
17	26	0
17	27	1
17	28	0
17	29	1
17	30	0
17	31	0
17	32	0
17	33	0
17	34	1
17	35	1
17	36	1
17	37	1
17	38	1
17	39	1
17	40	1
17	41	0
17	42	0
17	43	0
17	44	0
17	45	1
17	46	1
17	47	1
17	48	0
17	49	1
17	50	1
17	51	0
17	52	1
17	53	1
17	54	1
17	55	0
17	56	0
17	57	1
17	58	1
17	59	0
17	60	1
17	61	0
17	62	1
17	63	0
17	64	0
17	65	0
17	66	0
17	67	0
17	68	0
17	69	0
17	70	1
17	71	0
17	72	1
17	73	1
17	74	1
17	75	1
17	76	0
17	77	0
17	78	0
17	79	1
17	80	1
17	81	0
17	82	0
17	83	1
17	84	0
17	85	0
17	86	1
17	87	1
17	88	0
17	89	1
17	90	0
17	91	1
17	92	0
17	93	0
17	94	1
17	95	1
17	96	1
17	97	1
17	98	1
17	99	1
17	100	0
17	101	1
17	102	1
17	103	0
17	104	1
17	105	1
17	106	1
17	107	1
17	108	0
17	109	1
17	110	1
18	19	0
18	20	0
18	21	0
18	22	1
18	23	1
18	24	0
18	25	1
18	26	1
18	27	0
18	28	0
18	29	0
18	30	0
18	31	1
18	32	1
18	33	0
18	34	0
18	35	1
18	36	0
18	37	0
18	38	0
18	39	0
18	40	0
18	41	0
18	42	1
18	43	1
18	44	0
18	45	0
18	46	1
18	47	1
18	48	1
18	49	1
18	50	0
18	51	1
18	52	1
18	53	0
18	54	0
18	55	1
18	56	0
18	57	0
18	58	0
18	59	1
18	60	0
18	61	1
18	62	0
18	63	0
18	64	1
18	65	1
18	66	1
18	67	0
18	68	0
18	69	1
18	70	1
18	71	0
18	72	0
18	73	0
18	74	0
18	75	1
18	76	1
18	77	1
18	78	0
18	79	0
18	80	0
18	81	1
18	82	1
18	83	0
18	84	0
18	85	0
18	86	1
18	87	1
18	88	1
18	89	0
18	90	0
18	91	1
18	92	1
18	93	1
18	94	1
18	95	0
18	96	0
18	97	1
18	98	1
18	99	0
18	100	0
18	101	1
18	102	1
18	103	0
18	104	1
18	105	1
18	106	1
18	107	1
18	108	0
18	109	0
18	110	0
19	20	1
19	21	0
19	22	1
19	23	1
19	24	0
19	25	0
19	26	0
19	27	0
19	28	0
19	29	0
19	30	0
19	31	0
19	32	0
19	33	0
19	34	0
19	35	0
19	36	1
19	37	0
19	38	0
19	39	1
19	40	1
19	41	0
19	42	0
19	43	0
19	44	0
19	45	0
19	46	0
19	47	1
19	48	0
19	49	0
19	50	0
19	51	0
19	52	1
19	53	1
19	54	1
19	55	0
19	56	0
19	57	1
19	58	0
19	59	1
19	60	1
19	61	1
19	62	0
19	63	0
19	64	0
19	65	0
19	66	1
19	67	0
19	68	0
19	69	0
19	70	1
19	71	0
19	72	0
19	73	1
19	74	0
19	75	1
19	76	1
19	77	1
19	78	0
19	79	1
19	80	0
19	81	0
19	82	0
19	83	0
19	84	1
19	85	0
19	86	0
19	87	1
19	88	1
19	89	0
19	90	0
19	91	1
19	92	0
19	93	0
19	94	1
19	95	1
19	96	0
19	97	0
19	98	0
19	99	0
19	100	0
19	101	1
19	102	0
19	103	1
19	104	1
19	105	1
19	106	0
19	107	1
19	108	0
19	109	0
19	110	0
20	21	0
20	22	1
20	23	1
20	24	1
20	25	1
20	26	1
20	27	1
20	28	0
20	29	1
20	30	0
20	31	1
20	32	0
20	33	0
20	34	0
20	35	0
20	36	0
20	37	0
20	38	1
20	39	0
20	40	1
20	41	1
20	42	0
20	43	1
20	44	0
20	45	0
20	46	0
20	47	1
20	48	1
20	49	1
20	50	0
20	51	1
20	52	0
20	53	0
20	54	1
20	55	1
20	56	1
20	57	0
20	58	1
20	59	1
20	60	0
20	61	1
20	62	1
20	63	1
20	64	0
20	65	1
20	66	1
20	67	1
20	68	1
20	69	1
20	70	0
20	71	0
20	72	0
20	73	1
20	74	1
20	75	0
20	76	1
20	77	1
20	78	0
20	79	1
20	80	1
20	81	1
20	82	0
20	83	1
20	84	0
20	85	0
20	86	0
20	87	1
20	88	1
20	89	1
20	90	1
20	91	1
20	92	0
20	93	0
20	94	0
20	95	0
20	96	1
20	97	1
20	98	0
20	99	1
20	100	1
20	101	0
20	102	1
20	103	1
20	104	1
20	105	1
20	106	0
20	107	1
20	108	1
20	109	1
20	110	1
21	22	0
21	23	1
21	24	0
21	25	0
21	26	0
21	27	1
21	28	1
21	29	0
21	30	0
21	31	0
21	32	0
21	33	0
21	34	0
21	35	0
21	36	0
21	37	1
21	38	1
21	39	0
21	40	1
21	41	0
21	42	1
21	43	1
21	44	0
21	45	0
21	46	1
21	47	1
21	48	1
21	49	1
21	50	0
21	51	0
21	52	0
21	53	1
21	54	1
21	55	0
21	56	0
21	57	0
21	58	0
21	59	1
21	60	0
21	61	1
21	62	0
21	63	1
21	64	1
21	65	1
21	66	1
21	67	1
21	68	1
21	69	1
21	70	1
21	71	1
21	72	0
21	73	0
21	74	0
21	75	0
21	76	1
21	77	1
21	78	1
21	79	0
21	80	1
21	81	0
21	82	0
21	83	0
21	84	0
21	85	1
21	86	0
21	87	0
21	88	0
21	89	1
21	90	1
21	91	0
21	92	0
21	93	1
21	94	0
21	95	0
21	96	0
21	97	0
21	98	0
21	99	1
21	100	0
21	101	1
21	102	0
21	103	1
21	104	0
21	105	0
21	106	1
21	107	0
21	108	1
21	109	0
21	110	1
22	23	0
22	24	0
22	25	0
22	26	0
22	27	0
22	28	0
22	29	1
22	30	0
22	31	0
22	32	0
22	33	1
22	34	0
22	35	1
22	36	1
22	37	1
22	38	0
22	39	1
22	40	1
22	41	1
22	42	0
22	43	1
22	44	1
22	45	1
22	46	1
22	47	0
22	48	0
22	49	1
22	50	0
22	51	0
22	52	0
22	53	0
22	54	1
22	55	0
22	56	0
22	57	1
22	58	0
22	59	0
22	60	1
22	61	0
22	62	1
22	63	1
22	64	1
22	65	1
22	66	1
22	67	0
22	68	1
22	69	0
22	70	0
22	71	0
22	72	0
22	73	1
22	74	0
22	75	1
22	76	0
22	77	0
22	78	0
22	79	1
22	80	0
22	81	1
22	82	1
22	83	1
22	84	0
22	85	0
22	86	0
22	87	0
22	88	0
22	89	1
22	90	1
22	91	0
22	92	1
22	93	1
22	94	1
22	95	1
22	96	0
22	97	1
22	98	0
22	99	1
22	100	1
22	101	0
22	102	1
22	103	1
22	104	1
22	105	1
22	106	0
22	107	0
22	108	0
22	109	0
22	110	1
23	24	0
23	25	0
23	26	1
23	27	0
23	28	1
23	29	0
23	30	0
23	31	1
23	32	1
23	33	0
23	34	1
23	35	0
23	36	1
23	37	1
23	38	0
23	39	1
23	40	0
23	41	1
23	42	1
23	43	1
23	44	1
23	45	1
23	46	0
23	47	0
23	48	1
23	49	1
23	50	0
23	51	0
23	52	1
23	53	1
23	54	1
23	55	0
23	56	0
23	57	1
23	58	1
23	59	1
23	60	1
23	61	1
23	62	0
23	63	0
23	64	1
23	65	1
23	66	1
23	67	0
23	68	1
23	69	1
23	70	0
23	71	0
23	72	1
23	73	0
23	74	0
23	75	0
23	76	0
23	77	0
23	78	1
23	79	0
23	80	1
23	81	1
23	82	1
23	83	0
23	84	0
23	85	0
23	86	0
23	87	0
23	88	1
23	89	0
23	90	0
23	91	1
23	92	0
23	93	0
23	94	1
23	95	1
23	96	0
23	97	0
23	98	1
23	99	1
23	100	1
23	101	1
23	102	1
23	103	0
23	104	1
23	105	0
23	106	1
23	107	0
23	108	1
23	109	0
23	110	0
24	25	0
24	26	1
24	27	1
24	28	0
24	29	0
24	30	0
24	31	1
24	32	0
24	33	0
24	34	0
24	35	0
24	36	1
24	37	0
24	38	0
24	39	1
24	40	0
24	41	0
24	42	0
24	43	0
24	44	1
24	45	1
24	46	1
24	47	0
24	48	1
24	49	0
24	50	0
24	51	1
24	52	0
24	53	0
24	54	0
24	55	1
24	56	0
24	57	0
24	58	0
24	59	0
24	60	1
24	61	0
24	62	1
24	63	0
24	64	0
24	65	0
24	66	1
24	67	1
24	68	0
24	69	1
24	70	1
24	71	1
24	72	0
24	73	0
24	74	0
24	75	1
24	76	0
24	77	1
24	78	1
24	79	0
24	80	1
24	81	1
24	82	0
24	83	0
24	84	0
24	85	0
24	86	1
24	87	1
24	88	1
24	89	1
24	90	1
24	91	0
24	92	1
24	93	1
24	94	0
24	95	0
24	96	0
24	97	0
24	98	1
24	99	0
24	100	1
24	101	1
24	102	1
24	103	0
24	104	0
24	105	1
24	106	1
24	107	1
24	108	1
24	109	1
24	110	0
25	26	1
25	27	0
25	28	0
25	29	0
25	30	0
25	31	1
25	32	0
25	33	0
25	34	0
25	35	0
25	36	1
25	37	0
25	38	0
25	39	0
25	40	0
25	41	1
25	42	0
25	43	0
25	44	1
25	45	1
25	46	0
25	47	0
25	48	1
25	49	1
25	50	0
25	51	0
25	52	0
25	53	0
25	54	1
25	55	0
25	56	1
25	57	0
25	58	1
25	59	1
25	60	0
25	61	1
25	62	1
25	63	1
25	64	1
25	65	0
25	66	0
25	67	1
25	68	1
25	69	0
25	70	0
25	71	1
25	72	0
25	73	1
25	74	0
25	75	1
25	76	0
25	77	0
25	78	1
25	79	0
25	80	0
25	81	0
25	82	1
25	83	1
25	84	1
25	85	1
25	86	1
25	87	1
25	88	0
25	89	1
25	90	1
25	91	0
25	92	0
25	93	1
25	94	1
25	95	1
25	96	0
25	97	1
25	98	0
25	99	0
25	100	1
25	101	0
25	102	0
25	103	1
25	104	1
25	105	0
25	106	1
25	107	0
25	108	0
25	109	0
25	110	1
26	27	1
26	28	0
26	29	1
26	30	1
26	31	0
26	32	0
26	33	0
26	34	1
26	35	0
26	36	1
26	37	1
26	38	0
26	39	1
26	40	0
26	41	1
26	42	1
26	43	0
26	44	0
26	45	0
26	46	0
26	47	1
26	48	1
26	49	0
26	50	0
26	51	1
26	52	1
26	53	1
26	54	1
26	55	0
26	56	0
26	57	1
26	58	0
26	59	1
26	60	0
26	61	1
26	62	1
26	63	0
26	64	0
26	65	0
26	66	1
26	67	0
26	68	0
26	69	0
26	70	1
26	71	0
26	72	0
26	73	0
26	74	1
26	75	0
26	76	1
26	77	0
26	78	0
26	79	0
26	80	0
26	81	0
26	82	1
26	83	1
26	84	0
26	85	0
26	86	0
26	87	1
26	88	0
26	89	1
26	90	0
26	91	0
26	92	1
26	93	1
26	94	1
26	95	1
26	96	1
26	97	0
26	98	0
26	99	1
26	100	0
26	101	0
26	102	1
26	103	1
26	104	1
26	105	1
26	106	0
26	107	1
26	108	1
26	109	1
26	110	0
27	28	1
27	29	1
27	30	1
27	31	1
27	32	1
27	33	1
27	34	0
27	35	1
27	36	0
27	37	0
27	38	0
27	39	1
27	40	1
27	41	1
27	42	1
27	43	1
27	44	0
27	45	0
27	46	0
27	47	0
27	48	1
27	49	0
27	50	1
27	51	0
27	52	1
27	53	1
27	54	1
27	55	1
27	56	0
27	57	0
27	58	0
27	59	0
27	60	1
27	61	1
27	62	0
27	63	1
27	64	0
27	65	0
27	66	1
27	67	0
27	68	1
27	69	1
27	70	0
27	71	1
27	72	0
27	73	0
27	74	0
27	75	0
27	76	0
27	77	1
27	78	0
27	79	1
27	80	0
27	81	1
27	82	0
27	83	1
27	84	0
27	85	1
27	86	0
27	87	0
27	88	0
27	89	0
27	90	0
27	91	1
27	92	1
27	93	1
27	94	1
27	95	0
27	96	0
27	97	0
27	98	0
27	99	1
27	100	0
27	101	0
27	102	0
27	103	1
27	104	0
27	105	0
27	106	0
27	107	1
27	108	1
27	109	0
27	110	1
28	29	1
28	30	1
28	31	0
28	32	1
28	33	0
28	34	0
28	35	1
28	36	1
28	37	1
28	38	1
28	39	1
28	40	1
28	41	0
28	42	0
28	43	0
28	44	1
28	45	0
28	46	1
28	47	0
28	48	0
28	49	1
28	50	1
28	51	1
28	52	0
28	53	1
28	54	1
28	55	1
28	56	1
28	57	1
28	58	0
28	59	0
28	60	1
28	61	1
28	62	0
28	63	0
28	64	0
28	65	0
28	66	1
28	67	0
28	68	1
28	69	0
28	70	0
28	71	1
28	72	0
28	73	0
28	74	0
28	75	0
28	76	1
28	77	1
28	78	1
28	79	1
28	80	0
28	81	1
28	82	0
28	83	1
28	84	0
28	85	1
28	86	0
28	87	1
28	88	1
28	89	0
28	90	0
28	91	0
28	92	1
28	93	0
28	94	1
28	95	0
28	96	0
28	97	1
28	98	0
28	99	1
28	100	0
28	101	1
28	102	1
28	103	1
28	104	1
28	105	0
28	106	0
28	107	1
28	108	1
28	109	0
28	110	0
29	30	1
29	31	1
29	32	1
29	33	1
29	34	0
29	35	0
29	36	1
29	37	0
29	38	1
29	39	0
29	40	1
29	41	1
29	42	0
29	43	0
29	44	0
29	45	1
29	46	0
29	47	1
29	48	1
29	49	0
29	50	0
29	51	1
29	52	1
29	53	0
29	54	0
29	55	0
29	56	0
29	57	0
29	58	1
29	59	1
29	60	1
29	61	0
29	62	0
29	63	1
29	64	0
29	65	0
29	66	1
29	67	0
29	68	0
29	69	0
29	70	1
29	71	1
29	72	1
29	73	1
29	74	1
29	75	1
29	76	1
29	77	0
29	78	1
29	79	0
29	80	0
29	81	1
29	82	0
29	83	0
29	84	0
29	85	0
29	86	0
29	87	0
29	88	1
29	89	0
29	90	1
29	91	1
29	92	1
29	93	1
29	94	0
29	95	0
29	96	1
29	97	1
29	98	0
29	99	1
29	100	0
29	101	0
29	102	0
29	103	0
29	104	1
29	105	0
29	106	1
29	107	0
29	108	1
29	109	1
29	110	1
30	31	1
30	32	1
30	33	0
30	34	0
30	35	0
30	36	0
30	37	1
30	38	1
30	39	0
30	40	1
30	41	0
30	42	0
30	43	1
30	44	1
30	45	1
30	46	1
30	47	1
30	48	1
30	49	1
30	50	1
30	51	1
30	52	1
30	53	1
30	54	1
30	55	1
30	56	1
30	57	0
30	58	1
30	59	0
30	60	0
30	61	1
30	62	1
30	63	0
30	64	0
30	65	0
30	66	0
30	67	0
30	68	0
30	69	1
30	70	0
30	71	1
30	72	1
30	73	0
30	74	0
30	75	0
30	76	1
30	77	0
30	78	0
30	79	1
30	80	1
30	81	1
30	82	0
30	83	1
30	84	1
30	85	1
30	86	1
30	87	0
30	88	1
30	89	0
30	90	0
30	91	1
30	92	0
30	93	0
30	94	0
30	95	1
30	96	1
30	97	1
30	98	1
30	99	0
30	100	0
30	101	1
30	102	0
30	103	1
30	104	0
30	105	1
30	106	0
30	107	0
30	108	0
30	109	1
30	110	0
31	32	1
31	33	0
31	34	0
31	35	1
31	36	1
31	37	1
31	38	1
31	39	0
31	40	0
31	41	1
31	42	0
31	43	1
31	44	1
31	45	1
31	46	0
31	47	1
31	48	1
31	49	1
31	50	0
31	51	0
31	52	1
31	53	1
31	54	1
31	55	1
31	56	1
31	57	1
31	58	0
31	59	1
31	60	0
31	61	0
31	62	1
31	63	0
31	64	0
31	65	0
31	66	1
31	67	1
31	68	1
31	69	0
31	70	0
31	71	1
31	72	1
31	73	1
31	74	1
31	75	1
31	76	0
31	77	1
31	78	1
31	79	1
31	80	0
31	81	1
31	82	1
31	83	1
31	84	0
31	85	0
31	86	0
31	87	1
31	88	0
31	89	1
31	90	1
31	91	1
31	92	0
31	93	0
31	94	1
31	95	0
31	96	1
31	97	1
31	98	1
31	99	1
31	100	0
31	101	1
31	102	1
31	103	1
31	104	0
31	105	1
31	106	1
31	107	1
31	108	1
31	109	0
31	110	0
32	33	0
32	34	1
32	35	1
32	36	1
32	37	1
32	38	0
32	39	0
32	40	0
32	41	1
32	42	0
32	43	0
32	44	0
32	45	0
32	46	1
32	47	0
32	48	0
32	49	0
32	50	0
32	51	0
32	52	0
32	53	1
32	54	1
32	55	0
32	56	1
32	57	0
32	58	0
32	59	0
32	60	0
32	61	1
32	62	0
32	63	1
32	64	1
32	65	0
32	66	0
32	67	0
32	68	1
32	69	1
32	70	1
32	71	0
32	72	1
32	73	0
32	74	0
32	75	0
32	76	1
32	77	0
32	78	1
32	79	1
32	80	0
32	81	0
32	82	1
32	83	1
32	84	0
32	85	0
32	86	1
32	87	0
32	88	1
32	89	0
32	90	1
32	91	0
32	92	0
32	93	0
32	94	0
32	95	0
32	96	1
32	97	0
32	98	0
32	99	1
32	100	0
32	101	0
32	102	1
32	103	0
32	104	0
32	105	1
32	106	0
32	107	0
32	108	0
32	109	1
32	110	1
33	34	0
33	35	0
33	36	1
33	37	1
33	38	1
33	39	0
33	40	1
33	41	1
33	42	0
33	43	0
33	44	0
33	45	0
33	46	0
33	47	1
33	48	1
33	49	0
33	50	1
33	51	1
33	52	0
33	53	1
33	54	1
33	55	1
33	56	0
33	57	0
33	58	1
33	59	0
33	60	1
33	61	1
33	62	0
33	63	0
33	64	0
33	65	0
33	66	1
33	67	0
33	68	1
33	69	1
33	70	1
33	71	0
33	72	0
33	73	1
33	74	1
33	75	1
33	76	0
33	77	1
33	78	0
33	79	0
33	80	1
33	81	0
33	82	0
33	83	0
33	84	1
33	85	0
33	86	1
33	87	1
33	88	0
33	89	0
33	90	1
33	91	0
33	92	0
33	93	1
33	94	1
33	95	1
33	96	0
33	97	0
33	98	1
33	99	0
33	100	0
33	101	1
33	102	1
33	103	0
33	104	0
33	105	1
33	106	0
33	107	0
33	108	1
33	109	0
33	110	0
34	35	1
34	36	0
34	37	1
34	38	1
34	39	1
34	40	1
34	41	1
34	42	0
34	43	1
34	44	0
34	45	1
34	46	0
34	47	0
34	48	1
34	49	1
34	50	1
34	51	1
34	52	0
34	53	1
34	54	0
34	55	0
34	56	1
34	57	1
34	58	1
34	59	0
34	60	0
34	61	1
34	62	1
34	63	1
34	64	0
34	65	0
34	66	1
34	67	1
34	68	1
34	69	1
34	70	1
34	71	1
34	72	0
34	73	0
34	74	1
34	75	1
34	76	0
34	77	0
34	78	1
34	79	0
34	80	1
34	81	1
34	82	1
34	83	0
34	84	0
34	85	0
34	86	0
34	87	0
34	88	1
34	89	0
34	90	0
34	91	0
34	92	0
34	93	0
34	94	1
34	95	1
34	96	0
34	97	0
34	98	1
34	99	0
34	100	0
34	101	0
34	102	1
34	103	0
34	104	0
34	105	1
34	106	1
34	107	1
34	108	0
34	109	0
34	110	1
35	36	1
35	37	1
35	38	1
35	39	0
35	40	0
35	41	1
35	42	1
35	43	1
35	44	1
35	45	1
35	46	1
35	47	0
35	48	0
35	49	0
35	50	0
35	51	1
35	52	1
35	53	1
35	54	0
35	55	0
35	56	0
35	57	0
35	58	1
35	59	1
35	60	1
35	61	1
35	62	1
35	63	0
35	64	0
35	65	1
35	66	1
35	67	1
35	68	1
35	69	1
35	70	0
35	71	0
35	72	1
35	73	0
35	74	1
35	75	1
35	76	1
35	77	1
35	78	1
35	79	1
35	80	1
35	81	1
35	82	1
35	83	1
35	84	1
35	85	1
35	86	1
35	87	0
35	88	0
35	89	1
35	90	0
35	91	1
35	92	1
35	93	0
35	94	0
35	95	1
35	96	0
35	97	0
35	98	0
35	99	0
35	100	0
35	101	0
35	102	1
35	103	0
35	104	0
35	105	0
35	106	1
35	107	0
35	108	1
35	109	1
35	110	1
36	37	1
36	38	1
36	39	0
36	40	1
36	41	0
36	42	0
36	43	0
36	44	0
36	45	1
36	46	1
36	47	0
36	48	1
36	49	1
36	50	1
36	51	0
36	52	0
36	53	1
36	54	0
36	55	1
36	56	1
36	57	0
36	58	1
36	59	1
36	60	0
36	61	0
36	62	1
36	63	1
36	64	0
36	65	1
36	66	0
36	67	1
36	68	0
36	69	1
36	70	0
36	71	1
36	72	0
36	73	1
36	74	1
36	75	0
36	76	0
36	77	1
36	78	1
36	79	0
36	80	0
36	81	0
36	82	0
36	83	0
36	84	1
36	85	1
36	86	1
36	87	0
36	88	0
36	89	0
36	90	1
36	91	1
36	92	0
36	93	0
36	94	0
36	95	1
36	96	1
36	97	1
36	98	1
36	99	0
36	100	0
36	101	0
36	102	1
36	103	0
36	104	0
36	105	0
36	106	1
36	107	1
36	108	1
36	109	0
36	110	0
37	38	1
37	39	0
37	40	0
37	41	0
37	42	0
37	43	0
37	44	0
37	45	1
37	46	0
37	47	0
37	48	1
37	49	0
37	50	1
37	51	1
37	52	0
37	53	1
37	54	1
37	55	1
37	56	0
37	57	0
37	58	1
37	59	1
37	60	0
37	61	0
37	62	1
37	63	0
37	64	0
37	65	1
37	66	1
37	67	0
37	68	1
37	69	0
37	70	0
37	71	0
37	72	0
37	73	0
37	74	0
37	75	1
37	76	0
37	77	1
37	78	0
37	79	0
37	80	1
37	81	1
37	82	0
37	83	0
37	84	1
37	85	0
37	86	0
37	87	0
37	88	0
37	89	1
37	90	1
37	91	1
37	92	0
37	93	0
37	94	1
37	95	0
37	96	0
37	97	1
37	98	0
37	99	1
37	100	1
37	101	1
37	102	0
37	103	0
37	104	0
37	105	1
37	106	1
37	107	0
37	108	1
37	109	0
37	110	0
38	39	0
38	40	0
38	41	1
38	42	1
38	43	0
38	44	0
38	45	1
38	46	0
38	47	0
38	48	1
38	49	0
38	50	1
38	51	1
38	52	0
38	53	0
38	54	1
38	55	1
38	56	1
38	57	0
38	58	1
38	59	0
38	60	1
38	61	0
38	62	0
38	63	0
38	64	1
38	65	0
38	66	0
38	67	0
38	68	0
38	69	1
38	70	1
38	71	0
38	72	0
38	73	0
38	74	0
38	75	1
38	76	0
38	77	0
38	78	1
38	79	0
38	80	0
38	81	0
38	82	1
38	83	1
38	84	0
38	85	0
38	86	1
38	87	0
38	88	0
38	89	0
38	90	1
38	91	0
38	92	1
38	93	1
38	94	0
38	95	1
38	96	1
38	97	0
38	98	0
38	99	1
38	100	0
38	101	0
38	102	0
38	103	1
38	104	1
38	105	0
38	106	0
38	107	1
38	108	0
38	109	0
38	110	0
39	40	0
39	41	0
39	42	1
39	43	1
39	44	1
39	45	1
39	46	1
39	47	0
39	48	1
39	49	0
39	50	0
39	51	0
39	52	0
39	53	1
39	54	1
39	55	1
39	56	0
39	57	0
39	58	1
39	59	0
39	60	0
39	61	0
39	62	0
39	63	0
39	64	0
39	65	0
39	66	1
39	67	1
39	68	1
39	69	0
39	70	0
39	71	0
39	72	0
39	73	0
39	74	0
39	75	0
39	76	0
39	77	0
39	78	1
39	79	0
39	80	1
39	81	1
39	82	1
39	83	1
39	84	0
39	85	1
39	86	0
39	87	1
39	88	1
39	89	1
39	90	1
39	91	1
39	92	0
39	93	1
39	94	0
39	95	1
39	96	1
39	97	1
39	98	0
39	99	1
39	100	0
39	101	1
39	102	0
39	103	1
39	104	0
39	105	1
39	106	0
39	107	0
39	108	0
39	109	1
39	110	1
40	41	0
40	42	1
40	43	1
40	44	1
40	45	0
40	46	0
40	47	1
40	48	0
40	49	1
40	50	0
40	51	0
40	52	0
40	53	1
40	54	1
40	55	0
40	56	1
40	57	1
40	58	0
40	59	1
40	60	1
40	61	1
40	62	1
40	63	1
40	64	1
40	65	0
40	66	0
40	67	1
40	68	0
40	69	1
40	70	1
40	71	0
40	72	1
40	73	0
40	74	1
40	75	1
40	76	0
40	77	1
40	78	1
40	79	0
40	80	0
40	81	0
40	82	1
40	83	1
40	84	0
40	85	1
40	86	1
40	87	0
40	88	0
40	89	0
40	90	0
40	91	1
40	92	1
40	93	0
40	94	1
40	95	0
40	96	1
40	97	0
40	98	0
40	99	1
40	100	0
40	101	1
40	102	1
40	103	1
40	104	0
40	105	1
40	106	0
40	107	0
40	108	1
40	109	1
40	110	0
41	42	1
41	43	1
41	44	0
41	45	1
41	46	1
41	47	0
41	48	1
41	49	0
41	50	0
41	51	0
41	52	1
41	53	1
41	54	0
41	55	1
41	56	0
41	57	0
41	58	0
41	59	1
41	60	1
41	61	0
41	62	0
41	63	1
41	64	0
41	65	1
41	66	0
41	67	1
41	68	1
41	69	0
41	70	0
41	71	0
41	72	1
41	73	1
41	74	1
41	75	0
41	76	1
41	77	0
41	78	0
41	79	0
41	80	0
41	81	1
41	82	0
41	83	1
41	84	0
41	85	0
41	86	1
41	87	1
41	88	1
41	89	0
41	90	1
41	91	0
41	92	0
41	93	1
41	94	1
41	95	0
41	96	0
41	97	0
41	98	1
41	99	0
41	100	1
41	101	1
41	102	1
41	103	0
41	104	0
41	105	0
41	106	0
41	107	1
41	108	0
41	109	0
41	110	0
42	43	0
42	44	1
42	45	1
42	46	1
42	47	1
42	48	0
42	49	1
42	50	1
42	51	1
42	52	0
42	53	0
42	54	1
42	55	0
42	56	0
42	57	1
42	58	0
42	59	1
42	60	1
42	61	1
42	62	1
42	63	1
42	64	1
42	65	0
42	66	1
42	67	1
42	68	0
42	69	1
42	70	0
42	71	0
42	72	1
42	73	0
42	74	0
42	75	0
42	76	1
42	77	0
42	78	0
42	79	0
42	80	0
42	81	1
42	82	1
42	83	1
42	84	1
42	85	0
42	86	0
42	87	0
42	88	1
42	89	0
42	90	0
42	91	0
42	92	0
42	93	1
42	94	0
42	95	1
42	96	0
42	97	0
42	98	1
42	99	0
42	100	0
42	101	1
42	102	0
42	103	1
42	104	1
42	105	0
42	106	0
42	107	0
42	108	1
42	109	0
42	110	0
43	44	1
43	45	1
43	46	1
43	47	1
43	48	1
43	49	0
43	50	1
43	51	0
43	52	1
43	53	0
43	54	1
43	55	0
43	56	0
43	57	0
43	58	1
43	59	1
43	60	1
43	61	1
43	62	0
43	63	1
43	64	0
43	65	1
43	66	0
43	67	1
43	68	1
43	69	0
43	70	0
43	71	0
43	72	1
43	73	0
43	74	1
43	75	0
43	76	0
43	77	1
43	78	1
43	79	0
43	80	1
43	81	1
43	82	1
43	83	0
43	84	1
43	85	1
43	86	1
43	87	1
43	88	0
43	89	1
43	90	1
43	91	0
43	92	1
43	93	0
43	94	1
43	95	0
43	96	1
43	97	1
43	98	0
43	99	0
43	100	1
43	101	0
43	102	0
43	103	0
43	104	1
43	105	0
43	106	0
43	107	1
43	108	0
43	109	0
43	110	0
44	45	0
44	46	0
44	47	0
44	48	0
44	49	0
44	50	0
44	51	0
44	52	1
44	53	0
44	54	1
44	55	0
44	56	0
44	57	1
44	58	0
44	59	0
44	60	0
44	61	1
44	62	0
44	63	1
44	64	0
44	65	0
44	66	0
44	67	1
44	68	0
44	69	1
44	70	0
44	71	0
44	72	0
44	73	1
44	74	0
44	75	1
44	76	1
44	77	1
44	78	1
44	79	0
44	80	0
44	81	1
44	82	1
44	83	0
44	84	1
44	85	1
44	86	1
44	87	0
44	88	0
44	89	0
44	90	0
44	91	0
44	92	1
44	93	0
44	94	1
44	95	0
44	96	0
44	97	1
44	98	0
44	99	0
44	100	0
44	101	0
44	102	0
44	103	1
44	104	0
44	105	0
44	106	0
44	107	0
44	108	1
44	109	1
44	110	1
45	46	0
45	47	0
45	48	0
45	49	1
45	50	1
45	51	0
45	52	1
45	53	1
45	54	1
45	55	1
45	56	0
45	57	0
45	58	0
45	59	1
45	60	0
45	61	0
45	62	1
45	63	0
45	64	0
45	65	1
45	66	0
45	67	1
45	68	0
45	69	1
45	70	1
45	71	1
45	72	0
45	73	0
45	74	0
45	75	1
45	76	1
45	77	1
45	78	0
45	79	1
45	80	0
45	81	1
45	82	0
45	83	1
45	84	1
45	85	1
45	86	1
45	87	0
45	88	0
45	89	0
45	90	0
45	91	1
45	92	0
45	93	0
45	94	1
45	95	1
45	96	1
45	97	0
45	98	0
45	99	0
45	100	0
45	101	1
45	102	0
45	103	0
45	104	1
45	105	0
45	106	0
45	107	1
45	108	0
45	109	0
45	110	1
46	47	0
46	48	0
46	49	0
46	50	0
46	51	1
46	52	1
46	53	1
46	54	0
46	55	1
46	56	1
46	57	0
46	58	1
46	59	0
46	60	0
46	61	1
46	62	0
46	63	1
46	64	0
46	65	1
46	66	1
46	67	0
46	68	0
46	69	0
46	70	1
46	71	1
46	72	0
46	73	0
46	74	0
46	75	1
46	76	0
46	77	1
46	78	0
46	79	0
46	80	0
46	81	0
46	82	1
46	83	1
46	84	0
46	85	0
46	86	0
46	87	1
46	88	0
46	89	0
46	90	1
46	91	0
46	92	0
46	93	0
46	94	0
46	95	1
46	96	1
46	97	1
46	98	0
46	99	0
46	100	0
46	101	1
46	102	0
46	103	0
46	104	1
46	105	1
46	106	1
46	107	1
46	108	1
46	109	0
46	110	0
47	48	0
47	49	1
47	50	1
47	51	1
47	52	0
47	53	1
47	54	0
47	55	1
47	56	1
47	57	0
47	58	1
47	59	0
47	60	0
47	61	1
47	62	0
47	63	1
47	64	1
47	65	1
47	66	1
47	67	1
47	68	1
47	69	1
47	70	1
47	71	1
47	72	0
47	73	0
47	74	1
47	75	0
47	76	1
47	77	1
47	78	0
47	79	0
47	80	0
47	81	1
47	82	1
47	83	1
47	84	0
47	85	0
47	86	1
47	87	0
47	88	0
47	89	0
47	90	1
47	91	0
47	92	0
47	93	0
47	94	0
47	95	1
47	96	1
47	97	0
47	98	1
47	99	0
47	100	0
47	101	1
47	102	1
47	103	0
47	104	0
47	105	0
47	106	1
47	107	1
47	108	1
47	109	1
47	110	0
48	49	0
48	50	0
48	51	1
48	52	0
48	53	0
48	54	0
48	55	0
48	56	1
48	57	1
48	58	1
48	59	0
48	60	0
48	61	1
48	62	0
48	63	0
48	64	1
48	65	1
48	66	1
48	67	0
48	68	0
48	69	0
48	70	1
48	71	0
48	72	1
48	73	0
48	74	1
48	75	0
48	76	0
48	77	0
48	78	1
48	79	0
48	80	1
48	81	1
48	82	0
48	83	0
48	84	0
48	85	0
48	86	0
48	87	1
48	88	0
48	89	1
48	90	1
48	91	1
48	92	0
48	93	1
48	94	1
48	95	1
48	96	0
48	97	0
48	98	1
48	99	1
48	100	1
48	101	0
48	102	0
48	103	0
48	104	0
48	105	0
48	106	0
48	107	1
48	108	1
48	109	1
48	110	0
49	50	0
49	51	1
49	52	1
49	53	0
49	54	0
49	55	0
49	56	0
49	57	1
49	58	1
49	59	1
49	60	1
49	61	0
49	62	0
49	63	0
49	64	0
49	65	1
49	66	1
49	67	0
49	68	1
49	69	1
49	70	0
49	71	1
49	72	0
49	73	0
49	74	1
49	75	1
49	76	1
49	77	1
49	78	0
49	79	0
49	80	0
49	81	1
49	82	1
49	83	0
49	84	0
49	85	1
49	86	1
49	87	1
49	88	1
49	89	1
49	90	1
49	91	0
49	92	0
49	93	0
49	94	0
49	95	0
49	96	0
49	97	0
49	98	1
49	99	0
49	100	0
49	101	1
49	102	1
49	103	1
49	104	0
49	105	0
49	106	1
49	107	1
49	108	1
49	109	1
49	110	0
50	51	0
50	52	1
50	53	1
50	54	1
50	55	0
50	56	0
50	57	0
50	58	0
50	59	1
50	60	1
50	61	0
50	62	0
50	63	1
50	64	1
50	65	1
50	66	0
50	67	0
50	68	1
50	69	0
50	70	1
50	71	1
50	72	1
50	73	0
50	74	0
50	75	1
50	76	1
50	77	1
50	78	0
50	79	1
50	80	0
50	81	0
50	82	1
50	83	0
50	84	0
50	85	0
50	86	0
50	87	0
50	88	0
50	89	1
50	90	0
50	91	0
50	92	0
50	93	1
50	94	1
50	95	1
50	96	1
50	97	0
50	98	1
50	99	0
50	100	1
50	101	0
50	102	1
50	103	0
50	104	1
50	105	0
50	106	1
50	107	0
50	108	0
50	109	1
50	110	0
51	52	0
51	53	1
51	54	0
51	55	0
51	56	1
51	57	1
51	58	1
51	59	0
51	60	0
51	61	0
51	62	1
51	63	1
51	64	0
51	65	0
51	66	0
51	67	1
51	68	0
51	69	0
51	70	1
51	71	0
51	72	1
51	73	0
51	74	0
51	75	1
51	76	0
51	77	0
51	78	0
51	79	0
51	80	1
51	81	0
51	82	1
51	83	1
51	84	0
51	85	0
51	86	0
51	87	1
51	88	1
51	89	0
51	90	0
51	91	0
51	92	1
51	93	1
51	94	0
51	95	0
51	96	1
51	97	1
51	98	0
51	99	0
51	100	0
51	101	0
51	102	1
51	103	1
51	104	0
51	105	0
51	106	1
51	107	1
51	108	0
51	109	1
51	110	1
52	53	0
52	54	1
52	55	1
52	56	0
52	57	1
52	58	1
52	59	1
52	60	0
52	61	1
52	62	1
52	63	0
52	64	1
52	65	0
52	66	0
52	67	0
52	68	0
52	69	1
52	70	1
52	71	1
52	72	0
52	73	1
52	74	0
52	75	0
52	76	1
52	77	0
52	78	1
52	79	1
52	80	0
52	81	0
52	82	1
52	83	0
52	84	0
52	85	1
52	86	0
52	87	0
52	88	1
52	89	0
52	90	0
52	91	1
52	92	0
52	93	0
52	94	1
52	95	1
52	96	1
52	97	1
52	98	1
52	99	1
52	100	1
52	101	0
52	102	1
52	103	1
52	104	1
52	105	0
52	106	1
52	107	1
52	108	0
52	109	1
52	110	1
53	54	0
53	55	0
53	56	0
53	57	0
53	58	1
53	59	1
53	60	1
53	61	1
53	62	1
53	63	1
53	64	1
53	65	0
53	66	0
53	67	1
53	68	1
53	69	1
53	70	0
53	71	1
53	72	0
53	73	0
53	74	1
53	75	1
53	76	1
53	77	1
53	78	1
53	79	0
53	80	0
53	81	1
53	82	1
53	83	1
53	84	1
53	85	1
53	86	1
53	87	0
53	88	0
53	89	0
53	90	1
53	91	1
53	92	1
53	93	0
53	94	0
53	95	0
53	96	0
53	97	0
53	98	0
53	99	0
53	100	1
53	101	1
53	102	1
53	103	0
53	104	1
53	105	1
53	106	0
53	107	0
53	108	0
53	109	1
53	110	0
54	55	1
54	56	1
54	57	1
54	58	1
54	59	1
54	60	0
54	61	0
54	62	1
54	63	1
54	64	0
54	65	0
54	66	0
54	67	1
54	68	0
54	69	0
54	70	1
54	71	1
54	72	0
54	73	1
54	74	1
54	75	0
54	76	0
54	77	1
54	78	1
54	79	0
54	80	1
54	81	0
54	82	1
54	83	0
54	84	1
54	85	1
54	86	1
54	87	0
54	88	1
54	89	0
54	90	0
54	91	1
54	92	1
54	93	0
54	94	0
54	95	0
54	96	0
54	97	1
54	98	1
54	99	1
54	100	0
54	101	1
54	102	1
54	103	1
54	104	0
54	105	0
54	106	0
54	107	1
54	108	1
54	109	0
54	110	1
55	56	0
55	57	0
55	58	1
55	59	0
55	60	1
55	61	0
55	62	1
55	63	1
55	64	1
55	65	0
55	66	0
55	67	0
55	68	0
55	69	0
55	70	0
55	71	0
55	72	0
55	73	0
55	74	0
55	75	1
55	76	1
55	77	0
55	78	0
55	79	1
55	80	1
55	81	0
55	82	0
55	83	1
55	84	0
55	85	1
55	86	1
55	87	1
55	88	1
55	89	1
55	90	0
55	91	0
55	92	0
55	93	0
55	94	1
55	95	0
55	96	1
55	97	1
55	98	1
55	99	0
55	100	1
55	101	0
55	102	0
55	103	0
55	104	0
55	105	0
55	106	1
55	107	0
55	108	0
55	109	1
55	110	1
56	57	1
56	58	1
56	59	1
56	60	0
56	61	1
56	62	0
56	63	0
56	64	0
56	65	1
56	66	1
56	67	1
56	68	1
56	69	1
56	70	0
56	71	0
56	72	1
56	73	0
56	74	1
56	75	1
56	76	1
56	77	0
56	78	0
56	79	1
56	80	0
56	81	1
56	82	0
56	83	0
56	84	0
56	85	1
56	86	1
56	87	0
56	88	0
56	89	0
56	90	0
56	91	1
56	92	1
56	93	0
56	94	1
56	95	0
56	96	0
56	97	1
56	98	1
56	99	1
56	100	1
56	101	1
56	102	0
56	103	1
56	104	1
56	105	0
56	106	1
56	107	1
56	108	1
56	109	1
56	110	1
57	58	1
57	59	1
57	60	1
57	61	1
57	62	1
57	63	0
57	64	1
57	65	0
57	66	1
57	67	0
57	68	1
57	69	0
57	70	0
57	71	0
57	72	0
57	73	0
57	74	1
57	75	1
57	76	0
57	77	1
57	78	1
57	79	0
57	80	1
57	81	0
57	82	0
57	83	1
57	84	1
57	85	0
57	86	1
57	87	0
57	88	0
57	89	1
57	90	0
57	91	0
57	92	1
57	93	1
57	94	1
57	95	1
57	96	1
57	97	1
57	98	1
57	99	1
57	100	1
57	101	1
57	102	1
57	103	0
57	104	1
57	105	0
57	106	1
57	107	0
57	108	0
57	109	0
57	110	1
58	59	1
58	60	0
58	61	1
58	62	0
58	63	0
58	64	0
58	65	1
58	66	1
58	67	1
58	68	1
58	69	0
58	70	0
58	71	0
58	72	1
58	73	1
58	74	1
58	75	0
58	76	1
58	77	1
58	78	0
58	79	1
58	80	1
58	81	0
58	82	1
58	83	0
58	84	1
58	85	0
58	86	0
58	87	1
58	88	0
58	89	0
58	90	1
58	91	0
58	92	0
58	93	1
58	94	1
58	95	0
58	96	0
58	97	0
58	98	1
58	99	1
58	100	1
58	101	1
58	102	1
58	103	1
58	104	1
58	105	0
58	106	0
58	107	0
58	108	1
58	109	1
58	110	1
59	60	0
59	61	1
59	62	0
59	63	0
59	64	1
59	65	1
59	66	1
59	67	0
59	68	1
59	69	1
59	70	0
59	71	0
59	72	0
59	73	0
59	74	1
59	75	0
59	76	1
59	77	1
59	78	0
59	79	1
59	80	1
59	81	0
59	82	0
59	83	0
59	84	0
59	85	1
59	86	0
59	87	1
59	88	1
59	89	0
59	90	1
59	91	0
59	92	1
59	93	0
59	94	1
59	95	0
59	96	0
59	97	0
59	98	0
59	99	1
59	100	0
59	101	0
59	102	1
59	103	1
59	104	1
59	105	0
59	106	1
59	107	0
59	108	1
59	109	1
59	110	1
60	61	1
60	62	1
60	63	1
60	64	0
60	65	1
60	66	1
60	67	1
60	68	1
60	69	1
60	70	1
60	71	1
60	72	1
60	73	1
60	74	1
60	75	1
60	76	1
60	77	0
60	78	1
60	79	1
60	80	0
60	81	1
60	82	0
60	83	1
60	84	1
60	85	0
60	86	1
60	87	1
60	88	1
60	89	1
60	90	0
60	91	1
60	92	0
60	93	0
60	94	1
60	95	0
60	96	1
60	97	0
60	98	0
60	99	1
60	100	0
60	101	0
60	102	1
60	103	0
60	104	0
60	105	0
60	106	1
60	107	0
60	108	1
60	109	0
60	110	0
61	62	1
61	63	1
61	64	1
61	65	1
61	66	1
61	67	0
61	68	1
61	69	0
61	70	0
61	71	1
61	72	0
61	73	1
61	74	1
61	75	1
61	76	0
61	77	1
61	78	1
61	79	0
61	80	1
61	81	1
61	82	0
61	83	0
61	84	1
61	85	1
61	86	1
61	87	1
61	88	1
61	89	0
61	90	1
61	91	1
61	92	1
61	93	0
61	94	1
61	95	0
61	96	0
61	97	0
61	98	1
61	99	0
61	100	0
61	101	0
61	102	0
61	103	1
61	104	0
61	105	0
61	106	0
61	107	1
61	108	0
61	109	1
61	110	0
62	63	0
62	64	1
62	65	1
62	66	0
62	67	0
62	68	0
62	69	1
62	70	1
62	71	1
62	72	1
62	73	0
62	74	1
62	75	0
62	76	0
62	77	1
62	78	1
62	79	0
62	80	1
62	81	1
62	82	1
62	83	1
62	84	1
62	85	1
62	86	1
62	87	1
62	88	1
62	89	0
62	90	0
62	91	1
62	92	1
62	93	0
62	94	1
62	95	1
62	96	1
62	97	1
62	98	0
62	99	0
62	100	1
62	101	1
62	102	1
62	103	1
62	104	0
62	105	1
62	106	1
62	107	1
62	108	0
62	109	1
62	110	1
63	64	1
63	65	0
63	66	0
63	67	0
63	68	0
63	69	0
63	70	0
63	71	1
63	72	0
63	73	1
63	74	0
63	75	0
63	76	1
63	77	1
63	78	0
63	79	0
63	80	1
63	81	0
63	82	1
63	83	1
63	84	0
63	85	0
63	86	0
63	87	1
63	88	1
63	89	0
63	90	0
63	91	1
63	92	0
63	93	0
63	94	1
63	95	1
63	96	1
63	97	0
63	98	1
63	99	1
63	100	1
63	101	1
63	102	1
63	103	0
63	104	0
63	105	1
63	106	1
63	107	0
63	108	0
63	109	1
63	110	0
64	65	1
64	66	1
64	67	0
64	68	1
64	69	1
64	70	0
64	71	0
64	72	0
64	73	0
64	74	1
64	75	0
64	76	1
64	77	0
64	78	0
64	79	1
64	80	0
64	81	0
64	82	0
64	83	1
64	84	1
64	85	0
64	86	0
64	87	0
64	88	0
64	89	0
64	90	0
64	91	0
64	92	1
64	93	0
64	94	0
64	95	0
64	96	1
64	97	1
64	98	1
64	99	1
64	100	0
64	101	0
64	102	1
64	103	1
64	104	0
64	105	0
64	106	0
64	107	1
64	108	1
64	109	1
64	110	0
65	66	1
65	67	1
65	68	1
65	69	1
65	70	0
65	71	1
65	72	0
65	73	1
65	74	0
65	75	0
65	76	0
65	77	0
65	78	0
65	79	1
65	80	1
65	81	0
65	82	0
65	83	0
65	84	0
65	85	0
65	86	1
65	87	1
65	88	1
65	89	1
65	90	0
65	91	1
65	92	1
65	93	0
65	94	0
65	95	1
65	96	1
65	97	0
65	98	1
65	99	1
65	100	1
65	101	1
65	102	1
65	103	1
65	104	1
65	105	1
65	106	0
65	107	0
65	108	1
65	109	0
65	110	0
66	67	1
66	68	1
66	69	0
66	70	0
66	71	1
66	72	1
66	73	1
66	74	0
66	75	1
66	76	0
66	77	1
66	78	0
66	79	0
66	80	1
66	81	0
66	82	1
66	83	1
66	84	1
66	85	0
66	86	0
66	87	1
66	88	1
66	89	0
66	90	1
66	91	1
66	92	1
66	93	0
66	94	0
66	95	1
66	96	1
66	97	0
66	98	0
66	99	0
66	100	1
66	101	0
66	102	0
66	103	1
66	104	0
66	105	1
66	106	0
66	107	1
66	108	1
66	109	1
66	110	1
67	68	1
67	69	1
67	70	0
67	71	0
67	72	1
67	73	1
67	74	0
67	75	1
67	76	0
67	77	0
67	78	0
67	79	1
67	80	1
67	81	1
67	82	0
67	83	1
67	84	1
67	85	0
67	86	1
67	87	0
67	88	0
67	89	1
67	90	0
67	91	1
67	92	1
67	93	0
67	94	1
67	95	0
67	96	0
67	97	0
67	98	1
67	99	0
67	100	0
67	101	1
67	102	1
67	103	0
67	104	0
67	105	0
67	106	1
67	107	1
67	108	1
67	109	1
67	110	0
68	69	0
68	70	1
68	71	0
68	72	1
68	73	0
68	74	0
68	75	1
68	76	1
68	77	1
68	78	0
68	79	0
68	80	0
68	81	1
68	82	1
68	83	1
68	84	1
68	85	1
68	86	0
68	87	0
68	88	0
68	89	1
68	90	1
68	91	1
68	92	0
68	93	1
68	94	0
68	95	1
68	96	1
68	97	0
68	98	1
68	99	1
68	100	1
68	101	0
68	102	0
68	103	0
68	104	0
68	105	1
68	106	1
68	107	1
68	108	0
68	109	0
68	110	1
69	70	0
69	71	1
69	72	0
69	73	0
69	74	0
69	75	0
69	76	1
69	77	1
69	78	0
69	79	0
69	80	0
69	81	0
69	82	0
69	83	0
69	84	0
69	85	1
69	86	0
69	87	0
69	88	1
69	89	1
69	90	1
69	91	0
69	92	0
69	93	0
69	94	0
69	95	1
69	96	0
69	97	0
69	98	0
69	99	1
69	100	0
69	101	1
69	102	1
69	103	0
69	104	0
69	105	1
69	106	0
69	107	0
69	108	0
69	109	1
69	110	0
70	71	0
70	72	1
70	73	0
70	74	1
70	75	0
70	76	0
70	77	0
70	78	1
70	79	0
70	80	0
70	81	0
70	82	0
70	83	1
70	84	0
70	85	0
70	86	0
70	87	1
70	88	1
70	89	1
70	90	1
70	91	1
70	92	0
70	93	0
70	94	1
70	95	0
70	96	1
70	97	1
70	98	1
70	99	1
70	100	0
70	101	1
70	102	1
70	103	1
70	104	1
70	105	0
70	106	0
70	107	0
70	108	1
70	109	1
70	110	1
71	72	0
71	73	1
71	74	0
71	75	0
71	76	1
71	77	1
71	78	1
71	79	0
71	80	0
71	81	1
71	82	0
71	83	1
71	84	0
71	85	0
71	86	0
71	87	0
71	88	0
71	89	1
71	90	0
71	91	1
71	92	0
71	93	1
71	94	1
71	95	1
71	96	1
71	97	0
71	98	1
71	99	0
71	100	0
71	101	1
71	102	1
71	103	0
71	104	1
71	105	1
71	106	1
71	107	0
71	108	0
71	109	1
71	110	1
72	73	0
72	74	1
72	75	1
72	76	0
72	77	1
72	78	0
72	79	0
72	80	1
72	81	1
72	82	1
72	83	1
72	84	0
72	85	0
72	86	0
72	87	1
72	88	1
72	89	1
72	90	1
72	91	0
72	92	1
72	93	1
72	94	0
72	95	1
72	96	1
72	97	1
72	98	1
72	99	0
72	100	1
72	101	1
72	102	1
72	103	0
72	104	0
72	105	0
72	106	0
72	107	1
72	108	0
72	109	1
72	110	0
73	74	0
73	75	1
73	76	1
73	77	1
73	78	0
73	79	0
73	80	1
73	81	0
73	82	0
73	83	1
73	84	1
73	85	1
73	86	0
73	87	1
73	88	1
73	89	1
73	90	1
73	91	0
73	92	0
73	93	0
73	94	0
73	95	0
73	96	1
73	97	0
73	98	1
73	99	1
73	100	0
73	101	0
73	102	1
73	103	1
73	104	0
73	105	1
73	106	0
73	107	0
73	108	0
73	109	0
73	110	1
74	75	0
74	76	0
74	77	0
74	78	0
74	79	0
74	80	0
74	81	0
74	82	0
74	83	0
74	84	1
74	85	1
74	86	0
74	87	0
74	88	0
74	89	1
74	90	1
74	91	1
74	92	0
74	93	0
74	94	1
74	95	1
74	96	1
74	97	1
74	98	1
74	99	1
74	100	0
74	101	1
74	102	0
74	103	0
74	104	1
74	105	0
74	106	0
74	107	1
74	108	1
74	109	0
74	110	0
75	76	0
75	77	0
75	78	0
75	79	0
75	80	1
75	81	0
75	82	1
75	83	1
75	84	1
75	85	0
75	86	1
75	87	1
75	88	0
75	89	1
75	90	1
75	91	1
75	92	0
75	93	0
75	94	1
75	95	1
75	96	0
75	97	0
75	98	1
75	99	0
75	100	0
75	101	1
75	102	0
75	103	1
75	104	1
75	105	0
75	106	0
75	107	1
75	108	0
75	109	0
75	110	1
76	77	0
76	78	1
76	79	0
76	80	0
76	81	0
76	82	1
76	83	0
76	84	1
76	85	1
76	86	1
76	87	0
76	88	1
76	89	0
76	90	1
76	91	0
76	92	1
76	93	1
76	94	1
76	95	0
76	96	0
76	97	1
76	98	0
76	99	0
76	100	1
76	101	1
76	102	1
76	103	0
76	104	0
76	105	1
76	106	1
76	107	0
76	108	1
76	109	1
76	110	0
77	78	1
77	79	1
77	80	0
77	81	0
77	82	0
77	83	1
77	84	0
77	85	0
77	86	1
77	87	0
77	88	1
77	89	1
77	90	1
77	91	1
77	92	0
77	93	1
77	94	0
77	95	1
77	96	1
77	97	1
77	98	1
77	99	0
77	100	1
77	101	1
77	102	0
77	103	0
77	104	0
77	105	1
77	106	1
77	107	1
77	108	1
77	109	1
77	110	0
78	79	0
78	80	0
78	81	0
78	82	0
78	83	1
78	84	1
78	85	1
78	86	1
78	87	0
78	88	1
78	89	0
78	90	1
78	91	1
78	92	1
78	93	1
78	94	0
78	95	0
78	96	1
78	97	0
78	98	1
78	99	0
78	100	0
78	101	1
78	102	0
78	103	0
78	104	0
78	105	1
78	106	0
78	107	0
78	108	1
78	109	0
78	110	1
79	80	1
79	81	1
79	82	1
79	83	0
79	84	0
79	85	1
79	86	0
79	87	1
79	88	1
79	89	1
79	90	1
79	91	1
79	92	1
79	93	0
79	94	0
79	95	1
79	96	1
79	97	0
79	98	0
79	99	0
79	100	0
79	101	0
79	102	0
79	103	0
79	104	0
79	105	0
79	106	0
79	107	0
79	108	0
79	109	1
79	110	0
80	81	1
80	82	1
80	83	1
80	84	1
80	85	0
80	86	1
80	87	1
80	88	0
80	89	1
80	90	0
80	91	0
80	92	1
80	93	0
80	94	0
80	95	1
80	96	0
80	97	1
80	98	0
80	99	1
80	100	0
80	101	1
80	102	0
80	103	0
80	104	0
80	105	1
80	106	1
80	107	0
80	108	1
80	109	1
80	110	0
81	82	0
81	83	0
81	84	1
81	85	0
81	86	0
81	87	1
81	88	0
81	89	1
81	90	0
81	91	0
81	92	1
81	93	0
81	94	1
81	95	0
81	96	0
81	97	0
81	98	0
81	99	1
81	100	0
81	101	0
81	102	1
81	103	1
81	104	0
81	105	1
81	106	0
81	107	0
81	108	1
81	109	0
81	110	0
82	83	0
82	84	0
82	85	1
82	86	0
82	87	1
82	88	1
82	89	1
82	90	1
82	91	0
82	92	1
82	93	0
82	94	0
82	95	1
82	96	0
82	97	0
82	98	0
82	99	1
82	100	0
82	101	1
82	102	0
82	103	1
82	104	0
82	105	1
82	106	0
82	107	0
82	108	1
82	109	0
82	110	1
83	84	1
83	85	1
83	86	1
83	87	1
83	88	0
83	89	0
83	90	0
83	91	0
83	92	0
83	93	1
83	94	1
83	95	1
83	96	1
83	97	1
83	98	0
83	99	1
83	100	1
83	101	0
83	102	1
83	103	1
83	104	1
83	105	0
83	106	0
83	107	0
83	108	1
83	109	0
83	110	1
84	85	1
84	86	0
84	87	1
84	88	0
84	89	1
84	90	1
84	91	0
84	92	0
84	93	0
84	94	0
84	95	1
84	96	1
84	97	0
84	98	1
84	99	0
84	100	1
84	101	0
84	102	0
84	103	0
84	104	1
84	105	1
84	106	0
84	107	1
84	108	1
84	109	1
84	110	1
85	86	0
85	87	0
85	88	1
85	89	1
85	90	1
85	91	1
85	92	0
85	93	1
85	94	1
85	95	0
85	96	1
85	97	1
85	98	0
85	99	0
85	100	1
85	101	0
85	102	0
85	103	0
85	104	0
85	105	1
85	106	0
85	107	1
85	108	1
85	109	1
85	110	0
86	87	1
86	88	1
86	89	1
86	90	1
86	91	1
86	92	0
86	93	0
86	94	1
86	95	1
86	96	0
86	97	1
86	98	0
86	99	0
86	100	0
86	101	0
86	102	1
86	103	1
86	104	1
86	105	0
86	106	1
86	107	1
86	108	0
86	109	1
86	110	1
87	88	1
87	89	1
87	90	1
87	91	0
87	92	0
87	93	0
87	94	0
87	95	1
87	96	1
87	97	0
87	98	0
87	99	1
87	100	1
87	101	0
87	102	0
87	103	1
87	104	1
87	105	1
87	106	1
87	107	1
87	108	1
87	109	1
87	110	1
88	89	0
88	90	1
88	91	1
88	92	1
88	93	0
88	94	1
88	95	1
88	96	1
88	97	1
88	98	1
88	99	0
88	100	1
88	101	0
88	102	0
88	103	0
88	104	0
88	105	1
88	106	0
88	107	1
88	108	0
88	109	1
88	110	1
89	90	0
89	91	0
89	92	0
89	93	0
89	94	1
89	95	1
89	96	1
89	97	1
89	98	1
89	99	0
89	100	0
89	101	1
89	102	0
89	103	1
89	104	0
89	105	0
89	106	0
89	107	0
89	108	0
89	109	0
89	110	0
90	91	0
90	92	0
90	93	0
90	94	0
90	95	0
90	96	1
90	97	1
90	98	1
90	99	0
90	100	0
90	101	0
90	102	1
90	103	0
90	104	0
90	105	1
90	106	0
90	107	1
90	108	1
90	109	1
90	110	0
91	92	1
91	93	0
91	94	1
91	95	0
91	96	1
91	97	0
91	98	1
91	99	0
91	100	0
91	101	0
91	102	1
91	103	0
91	104	1
91	105	0
91	106	1
91	107	1
91	108	0
91	109	1
91	110	0
92	93	1
92	94	0
92	95	0
92	96	1
92	97	0
92	98	1
92	99	1
92	100	0
92	101	1
92	102	1
92	103	1
92	104	1
92	105	1
92	106	1
92	107	0
92	108	0
92	109	1
92	110	0
93	94	0
93	95	1
93	96	1
93	97	0
93	98	1
93	99	1
93	100	0
93	101	1
93	102	0
93	103	1
93	104	0
93	105	1
93	106	1
93	107	1
93	108	0
93	109	0
93	110	1
94	95	1
94	96	0
94	97	1
94	98	0
94	99	0
94	100	1
94	101	1
94	102	0
94	103	1
94	104	0
94	105	0
94	106	1
94	107	0
94	108	1
94	109	0
94	110	1
95	96	0
95	97	0
95	98	1
95	99	1
95	100	1
95	101	0
95	102	0
95	103	0
95	104	0
95	105	0
95	106	0
95	107	0
95	108	1
95	109	1
95	110	1
96	97	1
96	98	1
96	99	1
96	100	1
96	101	0
96	102	1
96	103	0
96	104	0
96	105	1
96	106	0
96	107	1
96	108	0
96	109	0
96	110	1
97	98	0
97	99	1
97	100	1
97	101	0
97	102	0
97	103	1
97	104	1
97	105	0
97	106	0
97	107	1
97	108	0
97	109	1
97	110	0
98	99	0
98	100	0
98	101	1
98	102	0
98	103	0
98	104	1
98	105	0
98	106	1
98	107	1
98	108	1
98	109	1
98	110	1
99	100	1
99	101	1
99	102	1
99	103	0
99	104	1
99	105	0
99	106	0
99	107	0
99	108	1
99	109	1
99	110	1
100	101	1
100	102	1
100	103	1
100	104	0
100	105	0
100	106	0
100	107	0
100	108	0
100	109	1
100	110	0
101	102	0
101	103	0
101	104	0
101	105	1
101	106	0
101	107	0
101	108	1
101	109	1
101	110	1
102	103	1
102	104	0
102	105	1
102	106	1
102	107	1
102	108	1
102	109	0
102	110	0
103	104	1
103	105	0
103	106	0
103	107	0
103	108	1
103	109	0
103	110	0
104	105	0
104	106	1
104	107	1
104	108	1
104	109	0
104	110	1
105	106	1
105	107	1
105	108	1
105	109	0
105	110	1
106	107	0
106	108	0
106	109	1
106	110	1
107	108	1
107	109	0
107	110	1
108	109	1
108	110	0
109	110	0
