110	5995	0
1	2	0
1	3	0
1	4	1
1	5	0
1	6	1
1	7	0
1	8	0
1	9	0
1	10	0
1	11	0
1	12	1
1	13	1
1	14	0
1	15	0
1	16	0
1	17	0
1	18	0
1	19	1
1	20	1
1	21	0
1	22	1
1	23	0
1	24	1
1	25	1
1	26	0
1	27	0
1	28	0
1	29	1
1	30	1
1	31	0
1	32	1
1	33	0
1	34	0
1	35	0
1	36	0
1	37	0
1	38	0
1	39	0
1	40	1
1	41	0
1	42	1
1	43	1
1	44	1
1	45	0
1	46	0
1	47	1
1	48	1
1	49	1
1	50	0
1	51	1
1	52	0
1	53	1
1	54	0
1	55	1
1	56	0
1	57	0
1	58	0
1	59	1
1	60	1
1	61	1
1	62	0
1	63	0
1	64	1
1	65	1
1	66	1
1	67	0
1	68	1
1	69	0
1	70	0
1	71	1
1	72	0
1	73	1
1	74	1
1	75	0
1	76	1
1	77	0
1	78	0
1	79	0
1	80	1
1	81	1
1	82	1
1	83	0
1	84	0
1	85	1
1	86	1
1	87	1
1	88	1
1	89	0
1	90	0
1	91	0
1	92	1
1	93	0
1	94	1
1	95	0
1	96	0
1	97	1
1	98	1
1	99	0
1	100	0
1	101	0
1	102	1
1	103	0
1	104	1
1	105	1
1	106	1
1	107	0
1	108	1
1	109	0
1	110	0
2	3	1
2	4	0
2	5	0
2	6	1
2	7	0
2	8	1
2	9	1
2	10	0
2	11	1
2	12	0
2	13	0
2	14	1
2	15	1
2	16	0
2	17	0
2	18	0
2	19	1
2	20	0
2	21	0
2	22	1
2	23	0
2	24	1
2	25	0
2	26	1
2	27	0
2	28	1
2	29	1
2	30	1
2	31	1
2	32	0
2	33	1
2	34	0
2	35	1
2	36	0
2	37	0
2	38	1
2	39	1
2	40	0
2	41	0
2	42	0
2	43	1
2	44	1
2	45	1
2	46	1
2	47	1
2	48	0
2	49	0
2	50	0
2	51	0
2	52	1
2	53	0
2	54	1
2	55	1
2	56	0
2	57	1
2	58	0
2	59	0
2	60	0
2	61	0
2	62	1
2	63	0
2	64	1
2	65	0
2	66	0
2	67	1
2	68	1
2	69	0
2	70	1
2	71	0
2	72	1
2	73	0
2	74	1
2	75	0
2	76	0
2	77	1
2	78	1
2	79	0
2	80	0
2	81	1
2	82	1
2	83	0
2	84	0
2	85	1
2	86	1
2	87	0
2	88	1
2	89	1
2	90	1
2	91	0
2	92	1
2	93	1
2	94	0
2	95	1
2	96	1
2	97	0
2	98	1
2	99	0
2	100	0
2	101	0
2	102	1
2	103	0
2	104	1
2	105	1
2	106	0
2	107	1
2	108	1
2	109	1
2	110	1
3	4	1
3	5	1
3	6	1
3	7	0
3	8	0
3	9	0
3	10	0
3	11	0
3	12	1
3	13	1
3	14	0
3	15	0
3	16	0
3	17	1
3	18	0
3	19	0
3	20	0
3	21	0
3	22	0
3	23	1
3	24	0
3	25	1
3	26	1
3	27	0
3	28	0
3	29	1
3	30	1
3	31	1
3	32	0
3	33	0
3	34	0
3	35	1
3	36	0
3	37	0
3	38	0
3	39	1
3	40	0
3	41	0
3	42	1
3	43	0
3	44	1
3	45	1
3	46	0
3	47	0
3	48	0
3	49	0
3	50	1
3	51	1
3	52	1
3	53	0
3	54	1
3	55	1
3	56	0
3	57	0
3	58	1
3	59	0
3	60	0
3	61	0
3	62	1
3	63	1
3	64	1
3	65	0
3	66	1
3	67	1
3	68	0
3	69	1
3	70	1
3	71	1
3	72	0
3	73	0
3	74	1
3	75	1
3	76	0
3	77	1
3	78	0
3	79	1
3	80	0
3	81	0
3	82	0
3	83	1
3	84	1
3	85	1
3	86	1
3	87	1
3	88	1
3	89	1
3	90	1
3	91	1
3	92	1
3	93	1
3	94	0
3	95	0
3	96	1
3	97	0
3	98	0
3	99	1
3	100	0
3	101	1
3	102	1
3	103	0
3	104	1
3	105	0
3	106	0
3	107	0
3	108	0
3	109	0
3	110	1
4	5	1
4	6	1
4	7	0
4	8	1
4	9	0
4	10	0
4	11	1
4	12	1
4	13	1
4	14	1
4	15	0
4	16	1
4	17	1
4	18	0
4	19	0
4	20	0
4	21	0
4	22	1
4	23	1
4	24	0
4	25	1
4	26	0
4	27	1
4	28	1
4	29	0
4	30	1
4	31	1
4	32	1
4	33	1
4	34	1
4	35	0
4	36	0
4	37	1
4	38	0
4	39	1
4	40	0
4	41	1
4	42	0
4	43	0
4	44	0
4	45	0
4	46	0
4	47	0
4	48	0
4	49	1
4	50	0
4	51	1
4	52	0
4	53	0
4	54	1
4	55	0
4	56	0
4	57	1
4	58	1
4	59	0
4	60	1
4	61	0
4	62	0
4	63	1
4	64	0
4	65	1
4	66	1
4	67	0
4	68	0
4	69	1
4	70	1
4	71	1
4	72	1
4	73	1
4	74	1
4	75	0
4	76	1
4	77	0
4	78	0
4	79	0
4	80	1
4	81	1
4	82	0
4	83	1
4	84	1
4	85	0
4	86	0
4	87	0
4	88	1
4	89	0
4	90	0
4	91	0
4	92	1
4	93	0
4	94	0
4	95	1
4	96	1
4	97	1
4	98	1
4	99	0
4	100	0
4	101	1
4	102	0
4	103	0
4	104	1
4	105	0
4	106	1
4	107	1
4	108	1
4	109	0
4	110	1
5	6	1
5	7	1
5	8	0
5	9	0
5	10	1
5	11	1
5	12	0
5	13	1
5	14	0
5	15	1
5	16	1
5	17	0
5	18	1
5	19	1
5	20	0
5	21	1
5	22	0
5	23	0
5	24	0
5	25	1
5	26	1
5	27	0
5	28	0
5	29	1
5	30	0
5	31	1
5	32	1
5	33	1
5	34	1
5	35	0
5	36	1
5	37	0
5	38	0
5	39	0
5	40	1
5	41	0
5	42	1
5	43	0
5	44	0
5	45	1
5	46	0
5	47	1
5	48	0
5	49	1
5	50	0
5	51	0
5	52	0
5	53	0
5	54	0
5	55	0
5	56	1
5	57	0
5	58	1
5	59	0
5	60	1
5	61	0
5	62	0
5	63	0
5	64	0
5	65	1
5	66	0
5	67	1
5	68	1
5	69	1
5	70	1
5	71	0
5	72	0
5	73	1
5	74	1
5	75	1
5	76	0
5	77	0
5	78	0
5	79	0
5	80	0
5	81	1
5	82	0
5	83	0
5	84	0
5	85	0
5	86	1
5	87	0
5	88	0
5	89	1
5	90	1
5	91	1
5	92	1
5	93	1
5	94	1
5	95	0
5	96	1
5	97	1
5	98	0
5	99	1
5	100	0
5	101	0
5	102	0
5	103	1
5	104	1
5	105	0
5	106	1
5	107	0
5	108	1
5	109	1
5	110	0
6	7	0
6	8	1
6	9	0
6	10	0
6	11	0
6	12	1
6	13	1
6	14	1
6	15	0
6	16	1
6	17	0
6	18	0
6	19	0
6	20	0
6	21	0
6	22	0
6	23	1
6	24	0
6	25	1
6	26	1
6	27	1
6	28	1
6	29	0
6	30	0
6	31	1
6	32	0
6	33	1
6	34	1
6	35	0
6	36	1
6	37	0
6	38	0
6	39	0
6	40	1
6	41	1
6	42	1
6	43	1
6	44	0
6	45	0
6	46	1
6	47	0
6	48	1
6	49	0
6	50	0
6	51	1
6	52	1
6	53	0
6	54	0
6	55	1
6	56	1
6	57	1
6	58	1
6	59	0
6	60	0
6	61	0
6	62	0
6	63	1
6	64	0
6	65	1
6	66	1
6	67	1
6	68	0
6	69	0
6	70	1
6	71	1
6	72	0
6	73	1
6	74	1
6	75	1
6	76	0
6	77	1
6	78	1
6	79	1
6	80	0
6	81	0
6	82	1
6	83	1
6	84	1
6	85	0
6	86	0
6	87	0
6	88	0
6	89	0
6	90	0
6	91	0
6	92	0
6	93	1
6	94	1
6	95	0
6	96	1
6	97	0
6	98	0
6	99	1
6	100	1
6	101	0
6	102	0
6	103	1
6	104	1
6	105	1
6	106	0
6	107	1
6	108	0
6	109	0
6	110	1
7	8	0
7	9	1
7	10	1
7	11	0
7	12	1
7	13	0
7	14	1
7	15	0
7	16	0
7	17	0
7	18	1
7	19	0
7	20	0
7	21	0
7	22	0
7	23	1
7	24	1
7	25	0
7	26	1
7	27	0
7	28	1
7	29	1
7	30	1
7	31	0
7	32	0
7	33	1
7	34	0
7	35	1
7	36	1
7	37	1
7	38	1
7	39	1
7	40	0
7	41	0
7	42	0
7	43	1
7	44	1
7	45	1
7	46	0
7	47	0
7	48	1
7	49	1
7	50	0
7	51	1
7	52	1
7	53	0
7	54	0
7	55	0
7	56	1
7	57	0
7	58	1
7	59	1
7	60	0
7	61	1
7	62	1
7	63	1
7	64	0
7	65	0
7	66	1
7	67	0
7	68	0
7	69	0
7	70	0
7	71	1
7	72	1
7	73	0
7	74	1
7	75	0
7	76	0
7	77	0
7	78	1
7	79	0
7	80	0
7	81	1
7	82	0
7	83	1
7	84	0
7	85	0
7	86	0
7	87	1
7	88	1
7	89	1
7	90	1
7	91	0
7	92	0
7	93	1
7	94	0
7	95	1
7	96	1
7	97	0
7	98	0
7	99	1
7	100	0
7	101	0
7	102	0
7	103	0
7	104	0
7	105	1
7	106	0
7	107	1
7	108	0
7	109	1
7	110	1
8	9	1
8	10	1
8	11	1
8	12	1
8	13	1
8	14	0
8	15	0
8	16	0
8	17	0
8	18	1
8	19	0
8	20	1
8	21	0
8	22	1
8	23	1
8	24	0
8	25	0
8	26	1
8	27	1
8	28	0
8	29	0
8	30	0
8	31	0
8	32	1
8	33	1
8	34	1
8	35	0
8	36	0
8	37	0
8	38	0
8	39	0
8	40	1
8	41	1
8	42	1
8	43	0
8	44	1
8	45	0
8	46	0
8	47	1
8	48	0
8	49	0
8	50	1
8	51	1
8	52	0
8	53	0
8	54	0
8	55	0
8	56	0
8	57	0
8	58	1
8	59	1
8	60	1
8	61	1
8	62	1
8	63	0
8	64	1
8	65	1
8	66	0
8	67	0
8	68	0
8	69	0
8	70	0
8	71	1
8	72	0
8	73	0
8	74	1
8	75	1
8	76	1
8	77	0
8	78	1
8	79	0
8	80	1
8	81	0
8	82	0
8	83	0
8	84	1
8	85	1
8	86	0
8	87	1
8	88	1
8	89	1
8	90	0
8	91	0
8	92	0
8	93	1
8	94	0
8	95	1
8	96	0
8	97	0
8	98	1
8	99	0
8	100	0
8	101	1
8	102	0
8	103	1
8	104	1
8	105	1
8	106	1
8	107	0
8	108	0
8	109	0
8	110	0
9	10	0
9	11	1
9	12	1
9	13	0
9	14	1
9	15	0
9	16	1
9	17	1
9	18	0
9	19	0
9	20	0
9	21	1
9	22	0
9	23	1
9	24	0
9	25	0
9	26	0
9	27	0
9	28	1
9	29	0
9	30	0
9	31	0
9	32	1
9	33	1
9	34	1
9	35	1
9	36	0
9	37	0
9	38	0
9	39	0
9	40	0
9	41	0
9	42	1
9	43	0
9	44	1
9	45	1
9	46	0
9	47	0
9	48	1
9	49	1
9	50	0
9	51	0
9	52	0
9	53	1
9	54	0
9	55	1
9	56	1
9	57	1
9	58	0
9	59	1
9	60	0
9	61	0
9	62	1
9	63	0
9	64	1
9	65	1
9	66	0
9	67	0
9	68	0
9	69	1
9	70	1
9	71	0
9	72	1
9	73	1
9	74	1
9	75	0
9	76	0
9	77	1
9	78	1
9	79	0
9	80	0
9	81	0
9	82	0
9	83	1
9	84	0
9	85	1
9	86	0
9	87	1
9	88	1
9	89	0
9	90	0
9	91	1
9	92	1
9	93	0
9	94	1
9	95	1
9	96	0
9	97	0
9	98	0
9	99	0
9	100	0
9	101	1
9	102	1
9	103	0
9	104	1
9	105	0
9	106	1
9	107	0
9	108	0
9	109	0
9	110	0
10	11	1
10	12	0
10	13	0
10	14	1
10	15	0
10	16	0
10	17	0
10	18	1
10	19	0
10	20	1
10	21	1
10	22	0
10	23	0
10	24	0
10	25	0
10	26	1
10	27	1
10	28	0
10	29	0
10	30	0
10	31	0
10	32	0
10	33	0
10	34	1
10	35	1
10	36	1
10	37	1
10	38	1
10	39	0
10	40	0
10	41	1
10	42	0
10	43	1
10	44	0
10	45	1
10	46	1
10	47	1
10	48	1
10	49	1
10	50	1
10	51	0
10	52	0
10	53	0
10	54	0
10	55	0
10	56	0
10	57	0
10	58	1
10	59	0
10	60	0
10	61	0
10	62	1
10	63	1
10	64	1
10	65	1
10	66	0
10	67	0
10	68	0
10	69	1
10	70	1
10	71	0
10	72	0
10	73	0
10	74	1
10	75	0
10	76	0
10	77	1
10	78	1
10	79	1
10	80	0
10	81	0
10	82	0
10	83	0
10	84	0
10	85	1
10	86	1
10	87	1
10	88	0
10	89	0
10	90	1
10	91	0
10	92	0
10	93	0
10	94	1
10	95	1
10	96	1
10	97	0
10	98	0
10	99	1
10	100	1
10	101	1
10	102	1
10	103	0
10	104	0
10	105	0
10	106	0
10	107	0
10	108	0
10	109	0
10	110	1
11	12	0
11	13	1
11	14	0
11	15	1
11	16	0
11	17	1
11	18	1
11	19	1
11	20	0
11	21	1
11	22	0
11	23	0
11	24	0
11	25	0
11	26	0
11	27	1
11	28	1
11	29	1
11	30	1
11	31	0
11	32	0
11	33	1
11	34	1
11	35	0
11	36	1
11	37	0
11	38	0
11	39	1
11	40	1
11	41	0
11	42	1
11	43	0
11	44	1
11	45	0
11	46	0
11	47	0
11	48	1
11	49	0
11	50	1
11	51	1
11	52	1
11	53	1
11	54	0
11	55	0
11	56	1
11	57	0
11	58	0
11	59	0
11	60	0
11	61	1
11	62	1
11	63	0
11	64	1
11	65	1
11	66	1
11	67	1
11	68	1
11	69	1
11	70	0
11	71	0
11	72	0
11	73	1
11	74	0
11	75	1
11	76	1
11	77	0
11	78	1
11	79	0
11	80	1
11	81	1
11	82	1
11	83	0
11	84	0
11	85	0
11	86	0
11	87	1
11	88	0
11	89	1
11	90	1
11	91	1
11	92	1
11	93	1
11	94	0
11	95	0
11	96	1
11	97	0
11	98	0
11	99	1
11	100	1
11	101	1
11	102	0
11	103	0
11	104	0
11	105	1
11	106	0
11	107	0
11	108	0
11	109	0
11	110	0
12	13	0
12	14	1
12	15	1
12	16	1
12	17	1
12	18	0
12	19	0
12	20	0
12	21	0
12	22	0
12	23	0
12	24	1
12	25	0
12	26	1
12	27	1
12	28	1
12	29	1
12	30	1
12	31	1
12	32	0
12	33	1
12	34	1
12	35	1
12	36	1
12	37	0
12	38	0
12	39	1
12	40	0
12	41	0
12	42	1
12	43	0
12	44	1
12	45	1
12	46	0
12	47	0
12	48	1
12	49	1
12	50	0
12	51	0
12	52	1
12	53	0
12	54	0
12	55	0
12	56	1
12	57	0
12	58	0
12	59	0
12	60	1
12	61	1
12	62	1
12	63	1
12	64	0
12	65	0
12	66	1
12	67	1
12	68	1
12	69	0
12	70	0
12	71	1
12	72	1
12	73	0
12	74	1
12	75	1
12	76	1
12	77	1
12	78	1
12	79	1
12	80	1
12	81	0
12	82	0
12	83	1
12	84	1
12	85	1
12	86	0
12	87	0
12	88	0
12	89	1
12	90	0
12	91	0
12	92	0
12	93	1
12	94	0
12	95	0
12	96	0
12	97	0
12	98	1
12	99	0
12	100	1
12	101	1
12	102	1
12	103	1
12	104	1
12	105	1
12	106	0
12	107	1
12	108	0
12	109	0
12	110	0
13	14	0
13	15	1
13	16	1
13	17	1
13	18	0
13	19	1
13	20	0
13	21	1
13	22	0
13	23	0
13	24	1
13	25	1
13	26	0
13	27	1
13	28	1
13	29	1
13	30	1
13	31	0
13	32	1
13	33	1
13	34	0
13	35	1
13	36	1
13	37	0
13	38	1
13	39	0
13	40	0
13	41	1
13	42	1
13	43	0
13	44	1
13	45	1
13	46	1
13	47	0
13	48	0
13	49	1
13	50	0
13	51	1
13	52	1
13	53	1
13	54	0
13	55	1
13	56	0
13	57	0
13	58	0
13	59	0
13	60	0
13	61	1
13	62	0
13	63	1
13	64	0
13	65	0
13	66	1
13	67	0
13	68	1
13	69	0
13	70	1
13	71	1
13	72	0
13	73	0
13	74	1
13	75	0
13	76	1
13	77	1
13	78	0
13	79	1
13	80	1
13	81	0
13	82	1
13	83	1
13	84	0
13	85	1
13	86	1
13	87	1
13	88	1
13	89	0
13	90	1
13	91	0
13	92	0
13	93	0
13	94	0
13	95	0
13	96	0
13	97	0
13	98	0
13	99	1
13	100	1
13	101	0
13	102	1
13	103	1
13	104	1
13	105	0
13	106	1
13	107	0
13	108	1
13	109	1
13	110	1
14	15	0
14	16	1
14	17	1
14	18	0
14	19	1
14	20	0
14	21	0
14	22	0
14	23	1
14	24	1
14	25	1
14	26	1
14	27	1
14	28	1
14	29	1
14	30	0
14	31	1
14	32	1
14	33	0
14	34	1
14	35	0
14	36	1
14	37	0
14	38	1
14	39	1
14	40	1
14	41	0
14	42	1
14	43	1
14	44	0
14	45	0
14	46	0
14	47	1
14	48	0
14	49	1
14	50	1
14	51	0
14	52	1
14	53	0
14	54	1
14	55	1
14	56	0
14	57	1
14	58	1
14	59	0
14	60	1
14	61	1
14	62	1
14	63	1
14	64	0
14	65	1
14	66	1
14	67	1
14	68	1
14	69	0
14	70	1
14	71	0
14	72	1
14	73	0
14	74	0
14	75	1
14	76	1
14	77	0
14	78	0
14	79	0
14	80	0
14	81	0
14	82	1
14	83	1
14	84	1
14	85	0
14	86	1
14	87	1
14	88	1
14	89	1
14	90	1
14	91	1
14	92	1
14	93	0
14	94	1
14	95	1
14	96	1
14	97	0
14	98	1
14	99	0
14	100	0
14	101	1
14	102	0
14	103	0
14	104	1
14	105	0
14	106	1
14	107	0
14	108	0
14	109	0
14	110	1
15	16	0
15	17	1
15	18	1
15	19	1
15	20	1
15	21	0
15	22	1
15	23	1
15	24	1
15	25	0
15	26	1
15	27	1
15	28	1
15	29	1
15	30	1
15	31	1
15	32	1
15	33	0
15	34	1
15	35	1
15	36	0
15	37	1
15	38	1
15	39	1
15	40	0
15	41	1
15	42	1
15	43	1
15	44	0
15	45	0
15	46	0
15	47	0
15	48	0
15	49	1
15	50	0
15	51	0
15	52	0
15	53	1
15	54	1
15	55	0
15	56	0
15	57	1
15	58	1
15	59	1
15	60	1
15	61	0
15	62	1
15	63	1
15	64	1
15	65	0
15	66	1
15	67	0
15	68	1
15	69	1
15	70	0
15	71	1
15	72	1
15	73	1
15	74	1
15	75	0
15	76	0
15	77	0
15	78	0
15	79	0
15	80	1
15	81	1
15	82	0
15	83	0
15	84	0
15	85	1
15	86	0
15	87	1
15	88	0
15	89	0
15	90	1
15	91	1
15	92	1
15	93	1
15	94	0
15	95	1
15	96	1
15	97	0
15	98	1
15	99	0
15	100	1
15	101	0
15	102	0
15	103	0
15	104	0
15	105	0
15	106	1
15	107	0
15	108	0
15	109	0
15	110	1
16	17	1
16	18	1
16	19	1
16	20	0
16	21	1
16	22	1
16	23	0
16	24	0
16	25	1
16	26	1
16	27	1
16	28	1
16	29	0
16	30	1
16	31	1
16	32	1
16	33	0
16	34	1
16	35	0
16	36	1
16	37	1
16	38	0
16	39	0
16	40	1
16	41	1
16	42	1
16	43	1
16	44	1
16	45	0
16	46	1
16	47	0
16	48	1
16	49	1
16	50	1
16	51	1
16	52	1
16	53	1
16	54	1
16	55	1
16	56	0
16	57	1
16	58	1
16	59	0
16	60	1
16	61	1
16	62	1
16	63	1
16	64	0
16	65	0
16	66	1
16	67	0
16	68	1
16	69	0
16	70	0
16	71	0
16	72	0
16	73	1
16	74	1
16	75	1
16	76	0
16	77	1
16	78	0
16	79	0
16	80	1
16	81	0
16	82	0
16	83	1
16	84	0
16	85	1
16	86	0
16	87	1
16	88	0
16	89	1
16	90	1
16	91	1
16	92	1
16	93	0
16	94	1
16	95	0
16	96	1
16	97	1
16	98	0
16	99	1
16	100	0
16	101	1
16	102	0
16	103	0
16	104	0
16	105	0
16	106	1
16	107	1
16	108	1
16	109	1
16	110	1
17	18	0
17	19	0
17	20	1
17	21	1
17	22	1
17	23	1
17	24	1
17	25	1
17	26	0
17	27	0
17	28	0
17	29	0
17	30	1
17	31	0
17	32	0
17	33	0
17	34	0
17	35	0
17	36	0
17	37	0
17	38	0
17	39	1
17	40	0
17	41	1
17	42	1
17	43	0
17	44	0
17	45	1
17	46	1
17	47	0
17	48	1
17	49	1
17	50	1
17	51	0
17	52	1
17	53	0
17	54	1
17	55	0
17	56	0
17	57	1
17	58	0
17	59	1
17	60	1
17	61	1
17	62	0
17	63	0
17	64	1
17	65	1
17	66	1
17	67	0
17	68	1
17	69	1
17	70	1
17	71	0
17	72	1
17	73	0
17	74	0
17	75	0
17	76	1
17	77	1
17	78	0
17	79	1
17	80	1
17	81	1
17	82	0
17	83	0
17	84	0
17	85	1
17	86	1
17	87	0
17	88	1
17	89	0
17	90	0
17	91	1
17	92	1
17	93	1
17	94	1
17	95	1
17	96	0
17	97	1
17	98	0
17	99	1
17	100	1
17	101	0
17	102	0
17	103	0
17	104	1
17	105	1
17	106	0
17	107	0
17	108	1
17	109	1
17	110	1
18	19	0
18	20	1
18	21	1
18	22	1
18	23	1
18	24	1
18	25	1
18	26	1
18	27	1
18	28	1
18	29	1
18	30	1
18	31	0
18	32	0
18	33	0
18	34	0
18	35	1
18	36	0
18	37	0
18	38	0
18	39	0
18	40	0
18	41	0
18	42	0
18	43	1
18	44	0
18	45	1
18	46	0
18	47	0
18	48	0
18	49	1
18	50	0
18	51	1
18	52	0
18	53	1
18	54	0
18	55	1
18	56	0
18	57	0
18	58	0
18	59	0
18	60	0
18	61	1
18	62	0
18	63	0
18	64	0
18	65	1
18	66	1
18	67	0
18	68	1
18	69	0
18	70	0
18	71	1
18	72	0
18	73	1
18	74	0
18	75	0
18	76	1
18	77	0
18	78	1
18	79	0
18	80	1
18	81	0
18	82	1
18	83	1
18	84	1
18	85	1
18	86	1
18	87	0
18	88	1
18	89	1
18	90	0
18	91	0
18	92	1
18	93	0
18	94	1
18	95	0
18	96	0
18	97	1
18	98	0
18	99	1
18	100	0
18	101	1
18	102	1
18	103	1
18	104	1
18	105	0
18	106	1
18	107	1
18	108	1
18	109	1
18	110	0
19	20	0
19	21	0
19	22	0
19	23	0
19	24	1
19	25	0
19	26	1
19	27	1
19	28	1
19	29	1
19	30	0
19	31	1
19	32	0
19	33	0
19	34	0
19	35	0
19	36	1
19	37	1
19	38	0
19	39	1
19	40	1
19	41	1
19	42	0
19	43	0
19	44	1
19	45	0
19	46	1
19	47	0
19	48	0
19	49	0
19	50	1
19	51	0
19	52	0
19	53	1
19	54	1
19	55	1
19	56	0
19	57	0
19	58	0
19	59	1
19	60	0
19	61	1
19	62	0
19	63	0
19	64	1
19	65	1
19	66	0
19	67	1
19	68	0
19	69	1
19	70	1
19	71	1
19	72	0
19	73	0
19	74	0
19	75	0
19	76	1
19	77	0
19	78	1
19	79	0
19	80	0
19	81	1
19	82	0
19	83	0
19	84	1
19	85	1
19	86	0
19	87	1
19	88	1
19	89	0
19	90	1
19	91	0
19	92	1
19	93	0
19	94	1
19	95	1
19	96	0
19	97	0
19	98	1
19	99	1
19	100	0
19	101	1
19	102	1
19	103	0
19	104	1
19	105	0
19	106	1
19	107	0
19	108	1
19	109	1
19	110	0
20	21	1
20	22	1
20	23	1
20	24	1
20	25	1
20	26	1
20	27	0
20	28	1
20	29	0
20	30	1
20	31	0
20	32	0
20	33	1
20	34	1
20	35	1
20	36	0
20	37	1
20	38	1
20	39	0
20	40	1
20	41	0
20	42	0
20	43	1
20	44	1
20	45	0
20	46	1
20	47	0
20	48	1
20	49	0
20	50	0
20	51	1
20	52	1
20	53	0
20	54	0
20	55	0
20	56	0
20	57	0
20	58	1
20	59	1
20	60	1
20	61	0
20	62	1
20	63	0
20	64	0
20	65	1
20	66	0
20	67	1
20	68	0
20	69	0
20	70	1
20	71	1
20	72	1
20	73	1
20	74	1
20	75	1
20	76	0
20	77	0
20	78	0
20	79	0
20	80	0
20	81	1
20	82	0
20	83	0
20	84	1
20	85	1
20	86	1
20	87	0
20	88	1
20	89	0
20	90	0
20	91	1
20	92	1
20	93	0
20	94	0
20	95	0
20	96	1
20	97	0
20	98	0
20	99	1
20	100	0
20	101	0
20	102	0
20	103	0
20	104	0
20	105	0
20	106	0
20	107	0
20	108	1
20	109	0
20	110	1
21	22	0
21	23	1
21	24	1
21	25	0
21	26	1
21	27	1
21	28	1
21	29	0
21	30	1
21	31	0
21	32	0
21	33	1
21	34	0
21	35	0
21	36	0
21	37	1
21	38	0
21	39	0
21	40	0
21	41	1
21	42	1
21	43	1
21	44	0
21	45	0
21	46	1
21	47	0
21	48	0
21	49	0
21	50	1
21	51	1
21	52	1
21	53	1
21	54	0
21	55	0
21	56	0
21	57	0
21	58	0
21	59	0
21	60	0
21	61	1
21	62	0
21	63	0
21	64	1
21	65	1
21	66	0
21	67	1
21	68	1
21	69	0
21	70	0
21	71	1
21	72	1
21	73	0
21	74	1
21	75	1
21	76	1
21	77	0
21	78	1
21	79	0
21	80	0
21	81	0
21	82	1
21	83	1
21	84	0
21	85	1
21	86	1
21	87	1
21	88	0
21	89	1
21	90	0
21	91	1
21	92	0
21	93	0
21	94	0
21	95	1
21	96	1
21	97	0
21	98	1
21	99	1
21	100	0
21	101	0
21	102	0
21	103	1
21	104	0
21	105	1
21	106	1
21	107	1
21	108	1
21	109	0
21	110	1
22	23	1
22	24	1
22	25	0
22	26	0
22	27	1
22	28	0
22	29	1
22	30	1
22	31	1
22	32	1
22	33	1
22	34	0
22	35	1
22	36	0
22	37	1
22	38	0
22	39	1
22	40	0
22	41	1
22	42	1
22	43	0
22	44	1
22	45	1
22	46	1
22	47	1
22	48	1
22	49	0
22	50	1
22	51	1
22	52	0
22	53	1
22	54	1
22	55	0
22	56	1
22	57	0
22	58	0
22	59	0
22	60	0
22	61	0
22	62	0
22	63	0
22	64	1
22	65	1
22	66	0
22	67	0
22	68	0
22	69	0
22	70	0
22	71	1
22	72	0
22	73	1
22	74	0
22	75	1
22	76	1
22	77	0
22	78	1
22	79	0
22	80	1
22	81	0
22	82	0
22	83	0
22	84	1
22	85	0
22	86	1
22	87	1
22	88	0
22	89	1
22	90	0
22	91	1
22	92	0
22	93	0
22	94	1
22	95	1
22	96	1
22	97	1
22	98	1
22	99	0
22	100	1
22	101	1
22	102	0
22	103	0
22	104	1
22	105	0
22	106	0
22	107	0
22	108	0
22	109	1
22	110	0
23	24	1
23	25	1
23	26	1
23	27	1
23	28	1
23	29	1
23	30	1
23	31	1
23	32	0
23	33	1
23	34	1
23	35	0
23	36	0
23	37	1
23	38	0
23	39	1
23	40	1
23	41	1
23	42	0
23	43	1
23	44	1
23	45	0
23	46	1
23	47	1
23	48	1
23	49	0
23	50	0
23	51	0
23	52	1
23	53	1
23	54	1
23	55	1
23	56	0
23	57	1
23	58	0
23	59	1
23	60	1
23	61	0
23	62	0
23	63	1
23	64	1
23	65	0
23	66	1
23	67	0
23	68	1
23	69	0
23	70	0
23	71	0
23	72	1
23	73	1
23	74	0
23	75	1
23	76	0
23	77	0
23	78	0
23	79	0
23	80	0
23	81	1
23	82	0
23	83	1
23	84	0
23	85	0
23	86	1
23	87	1
23	88	0
23	89	1
23	90	0
23	91	0
23	92	1
23	93	0
23	94	0
23	95	1
23	96	0
23	97	1
23	98	0
23	99	0
23	100	1
23	101	1
23	102	1
23	103	0
23	104	1
23	105	1
23	106	0
23	107	0
23	108	1
23	109	0
23	110	0
24	25	1
24	26	0
24	27	1
24	28	1
24	29	0
24	30	1
24	31	1
24	32	1
24	33	1
24	34	1
24	35	1
24	36	1
24	37	1
24	38	0
24	39	0
24	40	1
24	41	1
24	42	1
24	43	0
24	44	0
24	45	0
24	46	0
24	47	0
24	48	0
24	49	1
24	50	1
24	51	0
24	52	1
24	53	0
24	54	0
24	55	1
24	56	1
24	57	0
24	58	1
24	59	0
24	60	1
24	61	0
24	62	1
24	63	1
24	64	0
24	65	0
24	66	0
24	67	1
24	68	0
24	69	1
24	70	1
24	71	1
24	72	1
24	73	1
24	74	0
24	75	1
24	76	1
24	77	1
24	78	1
24	79	1
24	80	1
24	81	1
24	82	0
24	83	1
24	84	1
24	85	0
24	86	0
24	87	0
24	88	0
24	89	0
24	90	1
24	91	1
24	92	1
24	93	1
24	94	0
24	95	0
24	96	0
24	97	1
24	98	0
24	99	1
24	100	1
24	101	1
24	102	1
24	103	0
24	104	0
24	105	1
24	106	0
24	107	0
24	108	1
24	109	1
24	110	0
25	26	0
25	27	0
25	28	0
25	29	1
25	30	1
25	31	0
25	32	1
25	33	0
25	34	0
25	35	1
25	36	1
25	37	0
25	38	1
25	39	1
25	40	0
25	41	0
25	42	0
25	43	1
25	44	0
25	45	1
25	46	0
25	47	1
25	48	1
25	49	1
25	50	1
25	51	0
25	52	1
25	53	0
25	54	1
25	55	1
25	56	1
25	57	1
25	58	1
25	59	1
25	60	1
25	61	0
25	62	1
25	63	1
25	64	0
25	65	1
25	66	0
25	67	0
25	68	1
25	69	0
25	70	1
25	71	1
25	72	0
25	73	0
25	74	1
25	75	1
25	76	0
25	77	0
25	78	1
25	79	0
25	80	0
25	81	0
25	82	0
25	83	0
25	84	0
25	85	0
25	86	0
25	87	0
25	88	1
25	89	1
25	90	0
25	91	1
25	92	1
25	93	0
25	94	1
25	95	1
25	96	0
25	97	1
25	98	1
25	99	1
25	100	1
25	101	1
25	102	0
25	103	0
25	104	0
25	105	0
25	106	1
25	107	1
25	108	0
25	109	0
25	110	0
26	27	0
26	28	1
26	29	1
26	30	1
26	31	0
26	32	0
26	33	1
26	34	0
26	35	1
26	36	0
26	37	1
26	38	0
26	39	1
26	40	1
26	41	1
26	42	1
26	43	0
26	44	1
26	45	0
26	46	0
26	47	0
26	48	1
26	49	1
26	50	0
26	51	1
26	52	0
26	53	1
26	54	0
26	55	1
26	56	0
26	57	0
26	58	0
26	59	1
26	60	0
26	61	1
26	62	1
26	63	0
26	64	0
26	65	0
26	66	0
26	67	0
26	68	1
26	69	1
26	70	0
26	71	1
26	72	0
26	73	1
26	74	1
26	75	0
26	76	1
26	77	0
26	78	0
26	79	0
26	80	0
26	81	0
26	82	1
26	83	1
26	84	1
26	85	1
26	86	1
26	87	0
26	88	0
26	89	1
26	90	0
26	91	1
26	92	1
26	93	1
26	94	1
26	95	0
26	96	1
26	97	1
26	98	1
26	99	1
26	100	0
26	101	1
26	102	0
26	103	1
26	104	0
26	105	1
26	106	1
26	107	1
26	108	0
26	109	0
26	110	0
27	28	1
27	29	0
27	30	0
27	31	1
27	32	0
27	33	1
27	34	0
27	35	0
27	36	1
27	37	0
27	38	0
27	39	1
27	40	0
27	41	0
27	42	0
27	43	0
27	44	1
27	45	1
27	46	0
27	47	0
27	48	0
27	49	0
27	50	0
27	51	1
27	52	1
27	53	0
27	54	1
27	55	0
27	56	0
27	57	1
27	58	1
27	59	1
27	60	0
27	61	1
27	62	1
27	63	1
27	64	1
27	65	1
27	66	1
27	67	1
27	68	1
27	69	0
27	70	1
27	71	1
27	72	1
27	73	0
27	74	0
27	75	0
27	76	0
27	77	1
27	78	1
27	79	0
27	80	0
27	81	1
27	82	1
27	83	0
27	84	0
27	85	1
27	86	0
27	87	0
27	88	1
27	89	0
27	90	0
27	91	1
27	92	1
27	93	1
27	94	0
27	95	0
27	96	1
27	97	0
27	98	0
27	99	1
27	100	0
27	101	1
27	102	1
27	103	0
27	104	1
27	105	1
27	106	1
27	107	0
27	108	1
27	109	1
27	110	1
28	29	1
28	30	0
28	31	0
28	32	1
28	33	1
28	34	1
28	35	1
28	36	0
28	37	1
28	38	1
28	39	1
28	40	0
28	41	0
28	42	1
28	43	1
28	44	0
28	45	0
28	46	0
28	47	1
28	48	0
28	49	1
28	50	1
28	51	0
28	52	0
28	53	0
28	54	1
28	55	1
28	56	1
28	57	1
28	58	0
28	59	0
28	60	1
28	61	0
28	62	1
28	63	0
28	64	1
28	65	1
28	66	1
28	67	0
28	68	0
28	69	0
28	70	1
28	71	1
28	72	0
28	73	0
28	74	0
28	75	0
28	76	1
28	77	0
28	78	0
28	79	1
28	80	1
28	81	1
28	82	1
28	83	0
28	84	1
28	85	1
28	86	1
28	87	0
28	88	0
28	89	1
28	90	1
28	91	0
28	92	0
28	93	0
28	94	1
28	95	1
28	96	0
28	97	1
28	98	0
28	99	1
28	100	1
28	101	1
28	102	0
28	103	0
28	104	0
28	105	1
28	106	1
28	107	1
28	108	0
28	109	0
28	110	0
29	30	0
29	31	1
29	32	1
29	33	0
29	34	0
29	35	0
29	36	0
29	37	0
29	38	1
29	39	0
29	40	0
29	41	0
29	42	1
29	43	1
29	44	0
29	45	1
29	46	1
29	47	0
29	48	0
29	49	1
29	50	1
29	51	0
29	52	0
29	53	0
29	54	0
29	55	1
29	56	1
29	57	1
29	58	0
29	59	0
29	60	1
29	61	0
29	62	0
29	63	1
29	64	1
29	65	0
29	66	0
29	67	0
29	68	0
29	69	1
29	70	0
29	71	0
29	72	1
29	73	0
29	74	1
29	75	1
29	76	0
29	77	1
29	78	0
29	79	0
29	80	0
29	81	0
29	82	1
29	83	1
29	84	0
29	85	0
29	86	0
29	87	0
29	88	1
29	89	0
29	90	0
29	91	1
29	92	0
29	93	1
29	94	1
29	95	1
29	96	1
29	97	1
29	98	1
29	99	1
29	100	1
29	101	1
29	102	0
29	103	1
29	104	1
29	105	1
29	106	0
29	107	1
29	108	1
29	109	1
29	110	1
30	31	0
30	32	1
30	33	1
30	34	0
30	35	1
30	36	0
30	37	0
30	38	0
30	39	1
30	40	0
30	41	1
30	42	0
30	43	0
30	44	0
30	45	1
30	46	0
30	47	0
30	48	1
30	49	1
30	50	0
30	51	1
30	52	0
30	53	0
30	54	0
30	55	1
30	56	0
30	57	1
30	58	1
30	59	0
30	60	0
30	61	0
30	62	0
30	63	0
30	64	1
30	65	0
30	66	0
30	67	0
30	68	1
30	69	1
30	70	0
30	71	0
30	72	1
30	73	0
30	74	1
30	75	1
30	76	1
30	77	1
30	78	1
30	79	0
30	80	1
30	81	0
30	82	1
30	83	1
30	84	0
30	85	0
30	86	0
30	87	1
30	88	0
30	89	0
30	90	1
30	91	0
30	92	0
30	93	0
30	94	1
30	95	1
30	96	0
30	97	1
30	98	0
30	99	1
30	100	1
30	101	0
30	102	0
30	103	0
30	104	1
30	105	0
30	106	1
30	107	1
30	108	0
30	109	1
30	110	1
31	32	1
31	33	0
31	34	1
31	35	0
31	36	0
31	37	0
31	38	1
31	39	1
31	40	0
31	41	0
31	42	1
31	43	0
31	44	0
31	45	0
31	46	0
31	47	0
31	48	1
31	49	0
31	50	0
31	51	0
31	52	1
31	53	1
31	54	0
31	55	1
31	56	0
31	57	1
31	58	0
31	59	0
31	60	1
31	61	1
31	62	1
31	63	0
31	64	1
31	65	0
31	66	1
31	67	0
31	68	0
31	69	1
31	70	1
31	71	1
31	72	1
31	73	0
31	74	1
31	75	1
31	76	0
31	77	1
31	78	0
31	79	1
31	80	0
31	81	1
31	82	1
31	83	1
31	84	0
31	85	0
31	86	0
31	87	0
31	88	1
31	89	0
31	90	0
31	91	1
31	92	0
31	93	0
31	94	1
31	95	1
31	96	0
31	97	1
31	98	1
31	99	0
31	100	1
31	101	1
31	102	0
31	103	1
31	104	0
31	105	0
31	106	0
31	107	1
31	108	1
31	109	0
31	110	1
32	33	0
32	34	1
32	35	1
32	36	1
32	37	0
32	38	1
32	39	1
32	40	0
32	41	1
32	42	0
32	43	1
32	44	1
32	45	0
32	46	0
32	47	1
32	48	1
32	49	0
32	50	1
32	51	1
32	52	0
32	53	0
32	54	0
32	55	1
32	56	1
32	57	0
32	58	1
32	59	0
32	60	0
32	61	0
32	62	1
32	63	0
32	64	1
32	65	0
32	66	1
32	67	1
32	68	0
32	69	1
32	70	0
32	71	1
32	72	0
32	73	0
32	74	1
32	75	1
32	76	1
32	77	0
32	78	1
32	79	1
32	80	1
32	81	0
32	82	0
32	83	1
32	84	0
32	85	0
32	86	0
32	87	0
32	88	0
32	89	0
32	90	1
32	91	1
32	92	1
32	93	0
32	94	1
32	95	1
32	96	1
32	97	0
32	98	0
32	99	0
32	100	1
32	101	1
32	102	0
32	103	1
32	104	0
32	105	1
32	106	0
32	107	1
32	108	0
32	109	0
32	110	0
33	34	1
33	35	0
33	36	0
33	37	0
33	38	0
33	39	1
33	40	1
33	41	0
33	42	1
33	43	0
33	44	0
33	45	1
33	46	1
33	47	0
33	48	0
33	49	1
33	50	0
33	51	1
33	52	1
33	53	1
33	54	1
33	55	0
33	56	0
33	57	0
33	58	0
33	59	0
33	60	1
33	61	1
33	62	1
33	63	1
33	64	1
33	65	0
33	66	0
33	67	0
33	68	1
33	69	1
33	70	1
33	71	1
33	72	1
33	73	1
33	74	0
33	75	1
33	76	1
33	77	1
33	78	1
33	79	0
33	80	0
33	81	0
33	82	1
33	83	0
33	84	1
33	85	0
33	86	1
33	87	0
33	88	0
33	89	1
33	90	1
33	91	1
33	92	1
33	93	0
33	94	0
33	95	1
33	96	1
33	97	0
33	98	1
33	99	0
33	100	1
33	101	1
33	102	1
33	103	0
33	104	1
33	105	1
33	106	1
33	107	1
33	108	0
33	109	0
33	110	1
34	35	0
34	36	0
34	37	1
34	38	0
34	39	0
34	40	1
34	41	0
34	42	1
34	43	1
34	44	1
34	45	1
34	46	1
34	47	1
34	48	1
34	49	0
34	50	1
34	51	0
34	52	0
34	53	0
34	54	0
34	55	1
34	56	1
34	57	0
34	58	0
34	59	1
34	60	1
34	61	0
34	62	0
34	63	0
34	64	0
34	65	1
34	66	1
34	67	1
34	68	1
34	69	0
34	70	0
34	71	1
34	72	1
34	73	1
34	74	0
34	75	1
34	76	0
34	77	1
34	78	1
34	79	1
34	80	0
34	81	1
34	82	0
34	83	1
34	84	1
34	85	1
34	86	0
34	87	1
34	88	1
34	89	0
34	90	1
34	91	0
34	92	0
34	93	1
34	94	0
34	95	0
34	96	1
34	97	0
34	98	0
34	99	1
34	100	0
34	101	0
34	102	0
34	103	1
34	104	0
34	105	1
34	106	1
34	107	1
34	108	1
34	109	0
34	110	0
35	36	0
35	37	1
35	38	1
35	39	0
35	40	0
35	41	0
35	42	1
35	43	1
35	44	0
35	45	1
35	46	1
35	47	1
35	48	1
35	49	1
35	50	0
35	51	1
35	52	0
35	53	0
35	54	0
35	55	0
35	56	1
35	57	0
35	58	1
35	59	1
35	60	1
35	61	0
35	62	0
35	63	0
35	64	1
35	65	0
35	66	0
35	67	0
35	68	1
35	69	0
35	70	1
35	71	0
35	72	1
35	73	1
35	74	1
35	75	0
35	76	1
35	77	0
35	78	1
35	79	1
35	80	0
35	81	1
35	82	1
35	83	0
35	84	1
35	85	1
35	86	1
35	87	1
35	88	0
35	89	1
35	90	0
35	91	1
35	92	0
35	93	1
35	94	0
35	95	0
35	96	0
35	97	0
35	98	0
35	99	1
35	100	0
35	101	0
35	102	1
35	103	1
35	104	1
35	105	1
35	106	1
35	107	1
35	108	0
35	109	0
35	110	0
36	37	0
36	38	0
36	39	1
36	40	0
36	41	1
36	42	0
36	43	0
36	44	1
36	45	0
36	46	0
36	47	1
36	48	0
36	49	0
36	50	1
36	51	0
36	52	1
36	53	0
36	54	1
36	55	1
36	56	0
36	57	0
36	58	0
36	59	1
36	60	1
36	61	0
36	62	1
36	63	0
36	64	1
36	65	1
36	66	1
36	67	0
36	68	1
36	69	0
36	70	1
36	71	0
36	72	1
36	73	0
36	74	0
36	75	1
36	76	0
36	77	0
36	78	1
36	79	0
36	80	0
36	81	1
36	82	1
36	83	0
36	84	1
36	85	0
36	86	0
36	87	0
36	88	1
36	89	1
36	90	1
36	91	0
36	92	1
36	93	0
36	94	0
36	95	0
36	96	1
36	97	1
36	98	0
36	99	1
36	100	1
36	101	1
36	102	0
36	103	0
36	104	0
36	105	1
36	106	1
36	107	0
36	108	1
36	109	0
36	110	1
37	38	0
37	39	1
37	40	1
37	41	1
37	42	0
37	43	0
37	44	0
37	45	1
37	46	0
37	47	0
37	48	0
37	49	1
37	50	1
37	51	0
37	52	0
37	53	0
37	54	1
37	55	0
37	56	0
37	57	1
37	58	0
37	59	0
37	60	0
37	61	1
37	62	1
37	63	1
37	64	0
37	65	1
37	66	1
37	67	0
37	68	0
37	69	0
37	70	0
37	71	1
37	72	1
37	73	1
37	74	1
37	75	0
37	76	1
37	77	0
37	78	0
37	79	1
37	80	1
37	81	0
37	82	0
37	83	0
37	84	0
37	85	0
37	86	0
37	87	1
37	88	1
37	89	0
37	90	0
37	91	1
37	92	0
37	93	0
37	94	0
37	95	1
37	96	1
37	97	0
37	98	0
37	99	0
37	100	0
37	101	0
37	102	0
37	103	0
37	104	1
37	105	1
37	106	0
37	107	1
37	108	0
37	109	0
37	110	0
38	39	0
38	40	1
38	41	1
38	42	1
38	43	0
38	44	1
38	45	1
38	46	0
38	47	1
38	48	1
38	49	1
38	50	0
38	51	1
38	52	0
38	53	1
38	54	1
38	55	1
38	56	1
38	57	0
38	58	1
38	59	1
38	60	1
38	61	1
38	62	1
38	63	0
38	64	1
38	65	0
38	66	0
38	67	1
38	68	1
38	69	0
38	70	1
38	71	1
38	72	0
38	73	0
38	74	1
38	75	0
38	76	1
38	77	1
38	78	1
38	79	0
38	80	1
38	81	0
38	82	0
38	83	0
38	84	1
38	85	0
38	86	0
38	87	1
38	88	0
38	89	0
38	90	1
38	91	0
38	92	0
38	93	0
38	94	0
38	95	0
38	96	1
38	97	0
38	98	1
38	99	1
38	100	0
38	101	0
38	102	0
38	103	0
38	104	0
38	105	0
38	106	0
38	107	0
38	108	0
38	109	1
38	110	0
39	40	0
39	41	1
39	42	1
39	43	1
39	44	1
39	45	0
39	46	1
39	47	0
39	48	0
39	49	1
39	50	0
39	51	0
39	52	0
39	53	1
39	54	1
39	55	0
39	56	1
39	57	0
39	58	0
39	59	0
39	60	1
39	61	0
39	62	0
39	63	1
39	64	1
39	65	1
39	66	1
39	67	1
39	68	0
39	69	1
39	70	1
39	71	1
39	72	1
39	73	0
39	74	0
39	75	0
39	76	0
39	77	0
39	78	0
39	79	1
39	80	0
39	81	1
39	82	1
39	83	1
39	84	1
39	85	1
39	86	1
39	87	0
39	88	0
39	89	1
39	90	1
39	91	1
39	92	1
39	93	1
39	94	0
39	95	1
39	96	0
39	97	1
39	98	0
39	99	1
39	100	0
39	101	1
39	102	0
39	103	1
39	104	1
39	105	0
39	106	0
39	107	0
39	108	1
39	109	1
39	110	0
40	41	1
40	42	0
40	43	1
40	44	0
40	45	1
40	46	0
40	47	0
40	48	0
40	49	1
40	50	0
40	51	0
40	52	1
40	53	0
40	54	0
40	55	0
40	56	1
40	57	1
40	58	1
40	59	0
40	60	1
40	61	1
40	62	0
40	63	1
40	64	0
40	65	1
40	66	0
40	67	0
40	68	0
40	69	0
40	70	0
40	71	1
40	72	1
40	73	0
40	74	0
40	75	1
40	76	0
40	77	1
40	78	1
40	79	1
40	80	0
40	81	1
40	82	0
40	83	1
40	84	1
40	85	0
40	86	0
40	87	0
40	88	1
40	89	1
40	90	1
40	91	1
40	92	1
40	93	1
40	94	0
40	95	0
40	96	1
40	97	1
40	98	0
40	99	0
40	100	1
40	101	1
40	102	0
40	103	0
40	104	1
40	105	1
40	106	0
40	107	0
40	108	1
40	109	1
40	110	0
41	42	0
41	43	1
41	44	0
41	45	0
41	46	0
41	47	0
41	48	1
41	49	1
41	50	1
41	51	1
41	52	1
41	53	1
41	54	0
41	55	0
41	56	0
41	57	0
41	58	1
41	59	0
41	60	0
41	61	0
41	62	1
41	63	0
41	64	0
41	65	0
41	66	1
41	67	1
41	68	0
41	69	1
41	70	1
41	71	0
41	72	0
41	73	1
41	74	0
41	75	0
41	76	0
41	77	0
41	78	0
41	79	1
41	80	0
41	81	0
41	82	0
41	83	0
41	84	1
41	85	1
41	86	1
41	87	0
41	88	0
41	89	0
41	90	1
41	91	1
41	92	1
41	93	1
41	94	0
41	95	0
41	96	0
41	97	1
41	98	0
41	99	1
41	100	0
41	101	0
41	102	1
41	103	1
41	104	1
41	105	0
41	106	1
41	107	0
41	108	0
41	109	0
41	110	0
42	43	0
42	44	1
42	45	1
42	46	0
42	47	0
42	48	1
42	49	1
42	50	0
42	51	1
42	52	0
42	53	1
42	54	0
42	55	0
42	56	0
42	57	1
42	58	0
42	59	0
42	60	0
42	61	0
42	62	0
42	63	0
42	64	1
42	65	1
42	66	0
42	67	1
42	68	0
42	69	1
42	70	0
42	71	1
42	72	0
42	73	1
42	74	1
42	75	0
42	76	1
42	77	1
42	78	1
42	79	1
42	80	1
42	81	1
42	82	0
42	83	0
42	84	1
42	85	0
42	86	0
42	87	1
42	88	1
42	89	1
42	90	1
42	91	1
42	92	1
42	93	1
42	94	1
42	95	1
42	96	1
42	97	0
42	98	0
42	99	1
42	100	1
42	101	0
42	102	0
42	103	1
42	104	1
42	105	1
42	106	1
42	107	1
42	108	1
42	109	0
42	110	0
43	44	0
43	45	0
43	46	0
43	47	1
43	48	1
43	49	1
43	50	0
43	51	0
43	52	0
43	53	1
43	54	0
43	55	0
43	56	0
43	57	0
43	58	0
43	59	0
43	60	1
43	61	0
43	62	1
43	63	1
43	64	0
43	65	0
43	66	1
43	67	1
43	68	1
43	69	1
43	70	1
43	71	0
43	72	0
43	73	1
43	74	0
43	75	0
43	76	1
43	77	0
43	78	1
43	79	0
43	80	1
43	81	0
43	82	0
43	83	0
43	84	0
43	85	0
43	86	0
43	87	1
43	88	1
43	89	1
43	90	0
43	91	1
43	92	0
43	93	1
43	94	1
43	95	1
43	96	0
43	97	1
43	98	1
43	99	0
43	100	1
43	101	0
43	102	0
43	103	1
43	104	0
43	105	0
43	106	1
43	107	1
43	108	1
43	109	0
43	110	1
44	45	1
44	46	1
44	47	1
44	48	0
44	49	0
44	50	0
44	51	1
44	52	1
44	53	1
44	54	1
44	55	0
44	56	0
44	57	0
44	58	0
44	59	1
44	60	0
44	61	1
44	62	0
44	63	1
44	64	0
44	65	1
44	66	1
44	67	0
44	68	0
44	69	1
44	70	1
44	71	0
44	72	0
44	73	0
44	74	1
44	75	0
44	76	1
44	77	1
44	78	1
44	79	1
44	80	0
44	81	0
44	82	1
44	83	1
44	84	1
44	85	1
44	86	0
44	87	1
44	88	1
44	89	1
44	90	1
44	91	0
44	92	1
44	93	0
44	94	0
44	95	0
44	96	0
44	97	0
44	98	1
44	99	1
44	100	1
44	101	0
44	102	1
44	103	1
44	104	1
44	105	1
44	106	0
44	107	1
44	108	1
44	109	1
44	110	0
45	46	1
45	47	0
45	48	0
45	49	1
45	50	1
45	51	1
45	52	0
45	53	0
45	54	1
45	55	1
45	56	1
45	57	1
45	58	0
45	59	0
45	60	1
45	61	1
45	62	0
45	63	1
45	64	1
45	65	0
45	66	1
45	67	0
45	68	0
45	69	0
45	70	1
45	71	0
45	72	1
45	73	0
45	74	0
45	75	1
45	76	0
45	77	0
45	78	0
45	79	0
45	80	0
45	81	1
45	82	0
45	83	0
45	84	0
45	85	0
45	86	1
45	87	1
45	88	1
45	89	1
45	90	0
45	91	0
45	92	1
45	93	1
45	94	1
45	95	0
45	96	0
45	97	1
45	98	1
45	99	0
45	100	0
45	101	0
45	102	0
45	103	0
45	104	1
45	105	1
45	106	0
45	107	1
45	108	1
45	109	0
45	110	0
46	47	0
46	48	1
46	49	0
46	50	1
46	51	0
46	52	0
46	53	0
46	54	0
46	55	1
46	56	1
46	57	1
46	58	0
46	59	1
46	60	1
46	61	0
46	62	1
46	63	1
46	64	1
46	65	1
46	66	1
46	67	1
46	68	0
46	69	1
46	70	0
46	71	1
46	72	1
46	73	0
46	74	1
46	75	1
46	76	0
46	77	1
46	78	1
46	79	0
46	80	0
46	81	0
46	82	0
46	83	1
46	84	1
46	85	1
46	86	1
46	87	1
46	88	0
46	89	1
46	90	0
46	91	1
46	92	1
46	93	0
46	94	1
46	95	1
46	96	0
46	97	1
46	98	1
46	99	0
46	100	0
46	101	1
46	102	1
46	103	1
46	104	1
46	105	0
46	106	0
46	107	0
46	108	1
46	109	0
46	110	0
47	48	1
47	49	1
47	50	0
47	51	0
47	52	0
47	53	0
47	54	0
47	55	0
47	56	0
47	57	1
47	58	0
47	59	1
47	60	1
47	61	1
47	62	0
47	63	1
47	64	0
47	65	0
47	66	1
47	67	1
47	68	1
47	69	1
47	70	0
47	71	0
47	72	0
47	73	1
47	74	0
47	75	1
47	76	1
47	77	1
47	78	0
47	79	1
47	80	1
47	81	0
47	82	1
47	83	1
47	84	1
47	85	1
47	86	0
47	87	1
47	88	0
47	89	0
47	90	0
47	91	0
47	92	1
47	93	1
47	94	1
47	95	0
47	96	0
47	97	0
47	98	1
47	99	0
47	100	1
47	101	0
47	102	0
47	103	0
47	104	1
47	105	0
47	106	0
47	107	0
47	108	0
47	109	1
47	110	1
48	49	0
48	50	0
48	51	1
48	52	1
48	53	0
48	54	0
48	55	0
48	56	1
48	57	0
48	58	0
48	59	1
48	60	1
48	61	1
48	62	0
48	63	1
48	64	1
48	65	0
48	66	0
48	67	1
48	68	0
48	69	1
48	70	0
48	71	0
48	72	0
48	73	1
48	74	0
48	75	0
48	76	1
48	77	0
48	78	1
48	79	0
48	80	1
48	81	1
48	82	0
48	83	0
48	84	0
48	85	0
48	86	0
48	87	0
48	88	1
48	89	0
48	90	0
48	91	1
48	92	0
48	93	1
48	94	0
48	95	0
48	96	1
48	97	0
48	98	1
48	99	0
48	100	1
48	101	0
48	102	0
48	103	0
48	104	0
48	105	1
48	106	1
48	107	1
48	108	0
48	109	1
48	110	1
49	50	0
49	51	1
49	52	1
49	53	0
49	54	1
49	55	1
49	56	0
49	57	1
49	58	0
49	59	0
49	60	1
49	61	1
49	62	1
49	63	0
49	64	0
49	65	0
49	66	0
49	67	1
49	68	0
49	69	1
49	70	0
49	71	0
49	72	1
49	73	1
49	74	0
49	75	1
49	76	1
49	77	0
49	78	1
49	79	1
49	80	1
49	81	1
49	82	1
49	83	1
49	84	0
49	85	1
49	86	1
49	87	0
49	88	0
49	89	0
49	90	0
49	91	1
49	92	0
49	93	1
49	94	1
49	95	1
49	96	1
49	97	1
49	98	0
49	99	1
49	100	0
49	101	0
49	102	1
49	103	1
49	104	0
49	105	0
49	106	0
49	107	0
49	108	0
49	109	0
49	110	1
50	51	0
50	52	0
50	53	1
50	54	1
50	55	1
50	56	0
50	57	1
50	58	0
50	59	0
50	60	1
50	61	0
50	62	0
50	63	1
50	64	0
50	65	0
50	66	0
50	67	0
50	68	0
50	69	0
50	70	1
50	71	0
50	72	0
50	73	0
50	74	0
50	75	0
50	76	1
50	77	0
50	78	1
50	79	0
50	80	1
50	81	0
50	82	1
50	83	1
50	84	1
50	85	0
50	86	0
50	87	1
50	88	1
50	89	1
50	90	1
50	91	0
50	92	0
50	93	1
50	94	1
50	95	1
50	96	1
50	97	1
50	98	1
50	99	0
50	100	1
50	101	1
50	102	0
50	103	1
50	104	1
50	105	1
50	106	0
50	107	0
50	108	0
50	109	1
50	110	0
51	52	1
51	53	0
51	54	0
51	55	0
51	56	1
51	57	1
51	58	1
51	59	0
51	60	0
51	61	1
51	62	1
51	63	0
51	64	1
51	65	0
51	66	0
51	67	1
51	68	0
51	69	0
51	70	0
51	71	0
51	72	1
51	73	1
51	74	1
51	75	0
51	76	0
51	77	0
51	78	1
51	79	0
51	80	1
51	81	1
51	82	1
51	83	0
51	84	1
51	85	1
51	86	0
51	87	1
51	88	0
51	89	0
51	90	0
51	91	0
51	92	0
51	93	0
51	94	1
51	95	0
51	96	0
51	97	1
51	98	1
51	99	1
51	100	0
51	101	0
51	102	1
51	103	1
51	104	1
51	105	1
51	106	0
51	107	0
51	108	0
51	109	1
51	110	1
52	53	0
52	54	1
52	55	0
52	56	1
52	57	0
52	58	0
52	59	1
52	60	0
52	61	1
52	62	0
52	63	0
52	64	1
52	65	1
52	66	1
52	67	0
52	68	1
52	69	1
52	70	0
52	71	0
52	72	0
52	73	1
52	74	1
52	75	0
52	76	1
52	77	0
52	78	0
52	79	0
52	80	0
52	81	1
52	82	0
52	83	0
52	84	0
52	85	0
52	86	0
52	87	1
52	88	1
52	89	1
52	90	0
52	91	0
52	92	0
52	93	1
52	94	0
52	95	0
52	96	1
52	97	0
52	98	1
52	99	1
52	100	1
52	101	1
52	102	0
52	103	0
52	104	0
52	105	1
52	106	0
52	107	1
52	108	1
52	109	0
52	110	1
53	54	1
53	55	0
53	56	1
53	57	1
53	58	1
53	59	1
53	60	0
53	61	1
53	62	0
53	63	1
53	64	1
53	65	1
53	66	0
53	67	0
53	68	1
53	69	1
53	70	1
53	71	1
53	72	1
53	73	1
53	74	1
53	75	1
53	76	0
53	77	1
53	78	0
53	79	0
53	80	0
53	81	0
53	82	1
53	83	0
53	84	0
53	85	0
53	86	1
53	87	1
53	88	0
53	89	0
53	90	0
53	91	0
53	92	0
53	93	1
53	94	0
53	95	0
53	96	0
53	97	1
53	98	0
53	99	0
53	100	1
53	101	0
53	102	0
53	103	0
53	104	0
53	105	1
53	106	0
53	107	0
53	108	0
53	109	1
53	110	0
54	55	1
54	56	1
54	57	1
54	58	1
54	59	1
54	60	0
54	61	0
54	62	0
54	63	1
54	64	1
54	65	1
54	66	0
54	67	1
54	68	0
54	69	1
54	70	1
54	71	1
54	72	1
54	73	1
54	74	1
54	75	1
54	76	1
54	77	1
54	78	1
54	79	1
54	80	0
54	81	1
54	82	0
54	83	1
54	84	1
54	85	0
54	86	0
54	87	0
54	88	0
54	89	0
54	90	1
54	91	1
54	92	0
54	93	0
54	94	0
54	95	1
54	96	1
54	97	0
54	98	1
54	99	1
54	100	0
54	101	1
54	102	0
54	103	1
54	104	1
54	105	1
54	106	0
54	107	1
54	108	1
54	109	1
54	110	0
55	56	0
55	57	1
55	58	1
55	59	0
55	60	1
55	61	0
55	62	1
55	63	1
55	64	0
55	65	0
55	66	0
55	67	0
55	68	0
55	69	0
55	70	0
55	71	0
55	72	0
55	73	1
55	74	1
55	75	1
55	76	1
55	77	1
55	78	0
55	79	0
55	80	1
55	81	1
55	82	1
55	83	1
55	84	1
55	85	1
55	86	0
55	87	1
55	88	1
55	89	0
55	90	0
55	91	0
55	92	1
55	93	1
55	94	1
55	95	1
55	96	0
55	97	1
55	98	0
55	99	1
55	100	1
55	101	0
55	102	1
55	103	0
55	104	0
55	105	1
55	106	0
55	107	1
55	108	0
55	109	0
55	110	1
56	57	0
56	58	1
56	59	0
56	60	0
56	61	1
56	62	0
56	63	0
56	64	0
56	65	0
56	66	1
56	67	0
56	68	0
56	69	0
56	70	0
56	71	0
56	72	0
56	73	0
56	74	1
56	75	0
56	76	0
56	77	0
56	78	1
56	79	0
56	80	0
56	81	1
56	82	1
56	83	1
56	84	0
56	85	1
56	86	1
56	87	0
56	88	1
56	89	0
56	90	0
56	91	1
56	92	0
56	93	0
56	94	1
56	95	0
56	96	1
56	97	0
56	98	1
56	99	1
56	100	1
56	101	1
56	102	1
56	103	1
56	104	0
56	105	0
56	106	0
56	107	0
56	108	1
56	109	0
56	110	1
57	58	0
57	59	0
57	60	0
57	61	0
57	62	1
57	63	1
57	64	0
57	65	1
57	66	1
57	67	1
57	68	1
57	69	0
57	70	0
57	71	1
57	72	0
57	73	1
57	74	1
57	75	0
57	76	1
57	77	1
57	78	0
57	79	1
57	80	0
57	81	1
57	82	0
57	83	1
57	84	0
57	85	0
57	86	0
57	87	0
57	88	0
57	89	1
57	90	1
57	91	1
57	92	1
57	93	1
57	94	1
57	95	0
57	96	0
57	97	0
57	98	1
57	99	1
57	100	0
57	101	1
57	102	0
57	103	0
57	104	0
57	105	0
57	106	0
57	107	0
57	108	1
57	109	0
57	110	1
58	59	1
58	60	0
58	61	1
58	62	0
58	63	0
58	64	1
58	65	1
58	66	0
58	67	0
58	68	0
58	69	1
58	70	0
58	71	0
58	72	0
58	73	1
58	74	0
58	75	0
58	76	1
58	77	1
58	78	0
58	79	1
58	80	1
58	81	0
58	82	0
58	83	1
58	84	1
58	85	1
58	86	1
58	87	1
58	88	1
58	89	0
58	90	0
58	91	1
58	92	1
58	93	1
58	94	1
58	95	1
58	96	1
58	97	0
58	98	1
58	99	1
58	100	1
58	101	0
58	102	1
58	103	0
58	104	1
58	105	0
58	106	0
58	107	0
58	108	0
58	109	0
58	110	0
59	60	1
59	61	1
59	62	1
59	63	0
59	64	1
59	65	1
59	66	0
59	67	0
59	68	0
59	69	1
59	70	0
59	71	0
59	72	1
59	73	0
59	74	0
59	75	1
59	76	1
59	77	0
59	78	1
59	79	0
59	80	0
59	81	1
59	82	0
59	83	0
59	84	1
59	85	0
59	86	1
59	87	0
59	88	1
59	89	0
59	90	1
59	91	0
59	92	0
59	93	1
59	94	1
59	95	1
59	96	0
59	97	0
59	98	1
59	99	0
59	100	1
59	101	0
59	102	1
59	103	1
59	104	0
59	105	0
59	106	0
59	107	0
59	108	0
59	109	1
59	110	1
60	61	1
60	62	1
60	63	0
60	64	0
60	65	0
60	66	0
60	67	1
60	68	1
60	69	1
60	70	0
60	71	0
60	72	1
60	73	1
60	74	1
60	75	0
60	76	1
60	77	1
60	78	0
60	79	1
60	80	0
60	81	0
60	82	1
60	83	0
60	84	0
60	85	1
60	86	0
60	87	0
60	88	0
60	89	1
60	90	0
60	91	0
60	92	0
60	93	1
60	94	1
60	95	0
60	96	1
60	97	1
60	98	0
60	99	1
60	100	0
60	101	1
60	102	1
60	103	0
60	104	1
60	105	0
60	106	1
60	107	1
60	108	1
60	109	0
60	110	0
61	62	0
61	63	1
61	64	1
61	65	1
61	66	0
61	67	0
61	68	1
61	69	0
61	70	1
61	71	1
61	72	0
61	73	1
61	74	1
61	75	1
61	76	0
61	77	0
61	78	1
61	79	1
61	80	1
61	81	1
61	82	1
61	83	1
61	84	1
61	85	1
61	86	0
61	87	1
61	88	1
61	89	0
61	90	1
61	91	0
61	92	1
61	93	0
61	94	0
61	95	1
61	96	0
61	97	1
61	98	0
61	99	1
61	100	1
61	101	0
61	102	0
61	103	0
61	104	1
61	105	1
61	106	1
61	107	0
61	108	1
61	109	1
61	110	0
62	63	0
62	64	1
62	65	1
62	66	1
62	67	1
62	68	1
62	69	0
62	70	1
62	71	0
62	72	0
62	73	1
62	74	1
62	75	1
62	76	1
62	77	1
62	78	1
62	79	0
62	80	1
62	81	0
62	82	0
62	83	0
62	84	1
62	85	1
62	86	0
62	87	0
62	88	0
62	89	0
62	90	1
62	91	0
62	92	1
62	93	0
62	94	1
62	95	0
62	96	1
62	97	1
62	98	1
62	99	0
62	100	0
62	101	0
62	102	0
62	103	0
62	104	0
62	105	0
62	106	1
62	107	0
62	108	1
62	109	0
62	110	1
63	64	1
63	65	0
63	66	0
63	67	1
63	68	0
63	69	0
63	70	1
63	71	1
63	72	0
63	73	0
63	74	1
63	75	1
63	76	0
63	77	1
63	78	0
63	79	1
63	80	1
63	81	0
63	82	1
63	83	1
63	84	0
63	85	0
63	86	0
63	87	1
63	88	0
63	89	0
63	90	1
63	91	0
63	92	1
63	93	0
63	94	1
63	95	1
63	96	1
63	97	0
63	98	0
63	99	0
63	100	1
63	101	0
63	102	0
63	103	1
63	104	0
63	105	0
63	106	1
63	107	1
63	108	0
63	109	1
63	110	1
64	65	0
64	66	1
64	67	1
64	68	0
64	69	1
64	70	1
64	71	0
64	72	0
64	73	1
64	74	0
64	75	0
64	76	1
64	77	0
64	78	0
64	79	1
64	80	0
64	81	1
64	82	1
64	83	1
64	84	0
64	85	0
64	86	0
64	87	0
64	88	1
64	89	1
64	90	0
64	91	1
64	92	1
64	93	0
64	94	0
64	95	1
64	96	1
64	97	0
64	98	0
64	99	0
64	100	0
64	101	0
64	102	1
64	103	1
64	104	1
64	105	1
64	106	1
64	107	0
64	108	1
64	109	0
64	110	1
65	66	1
65	67	0
65	68	0
65	69	1
65	70	0
65	71	1
65	72	0
65	73	0
65	74	0
65	75	1
65	76	1
65	77	1
65	78	1
65	79	0
65	80	0
65	81	0
65	82	0
65	83	0
65	84	1
65	85	1
65	86	0
65	87	1
65	88	1
65	89	1
65	90	0
65	91	1
65	92	0
65	93	0
65	94	1
65	95	1
65	96	1
65	97	1
65	98	0
65	99	1
65	100	1
65	101	1
65	102	0
65	103	1
65	104	0
65	105	1
65	106	0
65	107	0
65	108	0
65	109	0
65	110	0
66	67	1
66	68	0
66	69	0
66	70	0
66	71	1
66	72	1
66	73	0
66	74	0
66	75	1
66	76	0
66	77	1
66	78	0
66	79	1
66	80	0
66	81	1
66	82	0
66	83	1
66	84	1
66	85	0
66	86	0
66	87	1
66	88	1
66	89	0
66	90	1
66	91	0
66	92	0
66	93	0
66	94	0
66	95	0
66	96	0
66	97	1
66	98	0
66	99	0
66	100	1
66	101	0
66	102	0
66	103	0
66	104	1
66	105	1
66	106	1
66	107	1
66	108	1
66	109	1
66	110	0
67	68	1
67	69	1
67	70	1
67	71	0
67	72	0
67	73	1
67	74	0
67	75	0
67	76	1
67	77	0
67	78	1
67	79	0
67	80	0
67	81	1
67	82	0
67	83	1
67	84	0
67	85	0
67	86	1
67	87	1
67	88	0
67	89	1
67	90	1
67	91	1
67	92	1
67	93	1
67	94	1
67	95	0
67	96	1
67	97	0
67	98	0
67	99	1
67	100	0
67	101	1
67	102	0
67	103	1
67	104	0
67	105	0
67	106	0
67	107	0
67	108	1
67	109	1
67	110	0
68	69	1
68	70	0
68	71	1
68	72	1
68	73	1
68	74	1
68	75	1
68	76	0
68	77	0
68	78	0
68	79	0
68	80	1
68	81	0
68	82	1
68	83	0
68	84	0
68	85	0
68	86	0
68	87	0
68	88	0
68	89	1
68	90	1
68	91	0
68	92	1
68	93	1
68	94	0
68	95	0
68	96	0
68	97	0
68	98	0
68	99	0
68	100	1
68	101	0
68	102	0
68	103	0
68	104	1
68	105	1
68	106	0
68	107	0
68	108	1
68	109	0
68	110	0
69	70	0
69	71	1
69	72	1
69	73	0
69	74	0
69	75	1
69	76	0
69	77	1
69	78	1
69	79	0
69	80	1
69	81	1
69	82	1
69	83	0
69	84	1
69	85	0
69	86	1
69	87	1
69	88	0
69	89	1
69	90	0
69	91	1
69	92	1
69	93	0
69	94	1
69	95	0
69	96	0
69	97	0
69	98	0
69	99	1
69	100	1
69	101	1
69	102	1
69	103	1
69	104	0
69	105	0
69	106	1
69	107	1
69	108	1
69	109	0
69	110	0
70	71	1
70	72	0
70	73	0
70	74	1
70	75	0
70	76	1
70	77	0
70	78	1
70	79	1
70	80	1
70	81	0
70	82	1
70	83	0
70	84	1
70	85	1
70	86	0
70	87	0
70	88	1
70	89	0
70	90	0
70	91	0
70	92	1
70	93	0
70	94	1
70	95	1
70	96	0
70	97	1
70	98	1
70	99	0
70	100	1
70	101	0
70	102	1
70	103	1
70	104	1
70	105	0
70	106	1
70	107	0
70	108	0
70	109	1
70	110	0
71	72	1
71	73	0
71	74	1
71	75	0
71	76	1
71	77	0
71	78	0
71	79	0
71	80	0
71	81	0
71	82	0
71	83	1
71	84	1
71	85	0
71	86	0
71	87	0
71	88	1
71	89	0
71	90	0
71	91	1
71	92	0
71	93	1
71	94	1
71	95	1
71	96	1
71	97	0
71	98	0
71	99	1
71	100	1
71	101	0
71	102	1
71	103	0
71	104	1
71	105	0
71	106	0
71	107	0
71	108	1
71	109	0
71	110	1
72	73	0
72	74	1
72	75	1
72	76	0
72	77	1
72	78	0
72	79	0
72	80	1
72	81	1
72	82	1
72	83	0
72	84	0
72	85	0
72	86	1
72	87	0
72	88	0
72	89	1
72	90	1
72	91	0
72	92	0
72	93	1
72	94	0
72	95	1
72	96	0
72	97	1
72	98	0
72	99	1
72	100	0
72	101	1
72	102	1
72	103	1
72	104	1
72	105	1
72	106	0
72	107	1
72	108	1
72	109	1
72	110	0
73	74	0
73	75	0
73	76	1
73	77	1
73	78	0
73	79	0
73	80	1
73	81	0
73	82	1
73	83	1
73	84	1
73	85	1
73	86	1
73	87	0
73	88	0
73	89	1
73	90	1
73	91	1
73	92	0
73	93	1
73	94	0
73	95	0
73	96	0
73	97	0
73	98	0
73	99	1
73	100	0
73	101	1
73	102	1
73	103	1
73	104	0
73	105	1
73	106	0
73	107	1
73	108	1
73	109	1
73	110	0
74	75	0
74	76	0
74	77	0
74	78	1
74	79	1
74	80	0
74	81	0
74	82	0
74	83	1
74	84	1
74	85	1
74	86	0
74	87	0
74	88	0
74	89	0
74	90	0
74	91	1
74	92	1
74	93	0
74	94	0
74	95	0
74	96	0
74	97	0
74	98	1
74	99	0
74	100	0
74	101	0
74	102	1
74	103	0
74	104	1
74	105	1
74	106	0
74	107	1
74	108	1
74	109	0
74	110	0
75	76	0
75	77	0
75	78	1
75	79	0
75	80	0
75	81	0
75	82	1
75	83	0
75	84	0
75	85	1
75	86	0
75	87	0
75	88	0
75	89	1
75	90	1
75	91	1
75	92	0
75	93	1
75	94	1
75	95	1
75	96	0
75	97	0
75	98	0
75	99	1
75	100	0
75	101	1
75	102	1
75	103	0
75	104	0
75	105	1
75	106	1
75	107	1
75	108	0
75	109	1
75	110	0
76	77	1
76	78	0
76	79	1
76	80	1
76	81	0
76	82	0
76	83	1
76	84	0
76	85	0
76	86	1
76	87	0
76	88	1
76	89	0
76	90	0
76	91	1
76	92	0
76	93	1
76	94	0
76	95	1
76	96	1
76	97	1
76	98	1
76	99	1
76	100	1
76	101	0
76	102	1
76	103	1
76	104	1
76	105	0
76	106	1
76	107	1
76	108	1
76	109	1
76	110	1
77	78	1
77	79	1
77	80	1
77	81	0
77	82	1
77	83	1
77	84	0
77	85	0
77	86	1
77	87	0
77	88	1
77	89	1
77	90	1
77	91	0
77	92	1
77	93	0
77	94	1
77	95	1
77	96	0
77	97	0
77	98	1
77	99	0
77	100	0
77	101	0
77	102	1
77	103	1
77	104	0
77	105	1
77	106	0
77	107	1
77	108	1
77	109	1
77	110	1
78	79	0
78	80	0
78	81	1
78	82	0
78	83	1
78	84	0
78	85	0
78	86	1
78	87	0
78	88	1
78	89	0
78	90	1
78	91	0
78	92	0
78	93	0
78	94	0
78	95	0
78	96	1
78	97	1
78	98	1
78	99	0
78	100	0
78	101	0
78	102	0
78	103	0
78	104	1
78	105	1
78	106	0
78	107	1
78	108	0
78	109	0
78	110	0
79	80	0
79	81	1
79	82	1
79	83	0
79	84	1
79	85	1
79	86	0
79	87	0
79	88	1
79	89	1
79	90	0
79	91	0
79	92	1
79	93	1
79	94	1
79	95	0
79	96	0
79	97	0
79	98	1
79	99	0
79	100	1
79	101	0
79	102	0
79	103	0
79	104	1
79	105	0
79	106	1
79	107	1
79	108	1
79	109	1
79	110	0
80	81	1
80	82	1
80	83	0
80	84	1
80	85	1
80	86	0
80	87	1
80	88	1
80	89	0
80	90	1
80	91	1
80	92	1
80	93	0
80	94	0
80	95	0
80	96	0
80	97	1
80	98	0
80	99	0
80	100	0
80	101	1
80	102	1
80	103	0
80	104	1
80	105	0
80	106	1
80	107	1
80	108	1
80	109	1
80	110	0
81	82	1
81	83	0
81	84	0
81	85	0
81	86	1
81	87	1
81	88	0
81	89	1
81	90	1
81	91	1
81	92	1
81	93	0
81	94	1
81	95	0
81	96	1
81	97	0
81	98	0
81	99	1
81	100	0
81	101	1
81	102	0
81	103	0
81	104	0
81	105	0
81	106	0
81	107	1
81	108	0
81	109	1
81	110	1
82	83	1
82	84	0
82	85	0
82	86	0
82	87	1
82	88	0
82	89	0
82	90	1
82	91	1
82	92	1
82	93	1
82	94	1
82	95	1
82	96	1
82	97	1
82	98	0
82	99	1
82	100	1
82	101	0
82	102	0
82	103	0
82	104	1
82	105	0
82	106	0
82	107	1
82	108	1
82	109	0
82	110	1
83	84	1
83	85	1
83	86	0
83	87	0
83	88	1
83	89	1
83	90	1
83	91	0
83	92	1
83	93	0
83	94	1
83	95	1
83	96	0
83	97	1
83	98	1
83	99	0
83	100	0
83	101	0
83	102	1
83	103	1
83	104	0
83	105	0
83	106	1
83	107	1
83	108	0
83	109	1
83	110	1
84	85	0
84	86	1
84	87	1
84	88	1
84	89	1
84	90	1
84	91	1
84	92	0
84	93	0
84	94	1
84	95	0
84	96	1
84	97	1
84	98	0
84	99	0
84	100	0
84	101	1
84	102	1
84	103	0
84	104	1
84	105	0
84	106	0
84	107	1
84	108	1
84	109	0
84	110	0
85	86	1
85	87	1
85	88	0
85	89	1
85	90	0
85	91	0
85	92	0
85	93	1
85	94	1
85	95	0
85	96	0
85	97	1
85	98	0
85	99	1
85	100	1
85	101	0
85	102	0
85	103	1
85	104	0
85	105	1
85	106	0
85	107	0
85	108	0
85	109	1
85	110	1
86	87	1
86	88	0
86	89	0
86	90	1
86	91	1
86	92	0
86	93	0
86	94	0
86	95	1
86	96	1
86	97	1
86	98	0
86	99	1
86	100	1
86	101	1
86	102	0
86	103	1
86	104	1
86	105	0
86	106	0
86	107	1
86	108	0
86	109	0
86	110	0
87	88	0
87	89	0
87	90	0
87	91	1
87	92	1
87	93	1
87	94	0
87	95	1
87	96	0
87	97	1
87	98	0
87	99	1
87	100	1
87	101	0
87	102	0
87	103	0
87	104	0
87	105	1
87	106	0
87	107	1
87	108	1
87	109	1
87	110	1
88	89	1
88	90	0
88	91	1
88	92	0
88	93	0
88	94	1
88	95	0
88	96	1
88	97	1
88	98	1
88	99	0
88	100	1
88	101	0
88	102	0
88	103	1
88	104	0
88	105	0
88	106	1
88	107	1
88	108	1
88	109	0
88	110	1
89	90	1
89	91	1
89	92	0
89	93	0
89	94	1
89	95	0
89	96	1
89	97	1
89	98	1
89	99	0
89	100	0
89	101	1
89	102	1
89	103	1
89	104	1
89	105	0
89	106	0
89	107	1
89	108	0
89	109	0
89	110	1
90	91	0
90	92	0
90	93	1
90	94	0
90	95	1
90	96	1
90	97	1
90	98	1
90	99	1
90	100	1
90	101	1
90	102	1
90	103	0
90	104	1
90	105	1
90	106	1
90	107	0
90	108	1
90	109	0
90	110	0
91	92	1
91	93	1
91	94	1
91	95	1
91	96	0
91	97	0
91	98	0
91	99	1
91	100	0
91	101	0
91	102	0
91	103	0
91	104	0
91	105	0
91	106	0
91	107	1
91	108	1
91	109	1
91	110	0
92	93	1
92	94	1
92	95	1
92	96	0
92	97	1
92	98	0
92	99	1
92	100	1
92	101	0
92	102	0
92	103	0
92	104	0
92	105	0
92	106	0
92	107	0
92	108	1
92	109	0
92	110	0
93	94	1
93	95	0
93	96	1
93	97	1
93	98	1
93	99	0
93	100	0
93	101	0
93	102	1
93	103	1
93	104	1
93	105	0
93	106	1
93	107	0
93	108	0
93	109	0
93	110	1
94	95	1
94	96	1
94	97	0
94	98	0
94	99	0
94	100	0
94	101	1
94	102	1
94	103	1
94	104	0
94	105	0
94	106	1
94	107	1
94	108	1
94	109	1
94	110	0
95	96	1
95	97	1
95	98	1
95	99	1
95	100	0
95	101	1
95	102	1
95	103	1
95	104	0
95	105	1
95	106	1
95	107	1
95	108	0
95	109	1
95	110	1
96	97	1
96	98	1
96	99	0
96	100	0
96	101	1
96	102	0
96	103	0
96	104	1
96	105	1
96	106	0
96	107	0
96	108	0
96	109	1
96	110	1
97	98	0
97	99	1
97	100	1
97	101	0
97	102	0
97	103	1
97	104	0
97	105	1
97	106	1
97	107	1
97	108	0
97	109	0
97	110	1
98	99	1
98	100	1
98	101	1
98	102	1
98	103	0
98	104	1
98	105	0
98	106	1
98	107	0
98	108	0
98	109	1
98	110	0
99	100	0
99	101	0
99	102	0
99	103	1
99	104	0
99	105	1
99	106	1
99	107	0
99	108	0
99	109	0
99	110	1
100	101	1
100	102	1
100	103	0
100	104	1
100	105	1
100	106	1
100	107	0
100	108	0
100	109	1
100	110	0
101	102	1
101	103	1
101	104	1
101	105	0
101	106	0
101	107	1
101	108	1
101	109	0
101	110	0
102	103	0
102	104	0
102	105	0
102	106	0
102	107	1
102	108	1
102	109	1
102	110	0
103	104	1
103	105	0
103	106	0
103	107	0
103	108	1
103	109	1
103	110	0
104	105	0
104	106	1
104	107	0
104	108	0
104	109	1
104	110	1
105	106	1
105	107	0
105	108	0
105	109	0
105	110	0
106	107	1
106	108	0
106	109	0
106	110	0
107	108	1
107	109	1
107	110	0
108	109	0
108	110	0
109	110	0
