110	5995	0
1	2	1
1	3	1
1	4	0
1	5	1
1	6	1
1	7	0
1	8	1
1	9	0
1	10	0
1	11	0
1	12	1
1	13	1
1	14	0
1	15	0
1	16	1
1	17	0
1	18	1
1	19	1
1	20	1
1	21	0
1	22	0
1	23	1
1	24	0
1	25	1
1	26	1
1	27	0
1	28	1
1	29	0
1	30	0
1	31	0
1	32	0
1	33	0
1	34	1
1	35	1
1	36	0
1	37	1
1	38	1
1	39	0
1	40	1
1	41	1
1	42	1
1	43	1
1	44	1
1	45	0
1	46	0
1	47	0
1	48	1
1	49	1
1	50	0
1	51	1
1	52	1
1	53	1
1	54	0
1	55	0
1	56	1
1	57	1
1	58	1
1	59	1
1	60	0
1	61	1
1	62	0
1	63	0
1	64	0
1	65	1
1	66	1
1	67	1
1	68	1
1	69	0
1	70	0
1	71	1
1	72	1
1	73	1
1	74	1
1	75	1
1	76	0
1	77	1
1	78	0
1	79	1
1	80	1
1	81	0
1	82	1
1	83	1
1	84	1
1	85	1
1	86	1
1	87	1
1	88	0
1	89	0
1	90	0
1	91	0
1	92	1
1	93	0
1	94	1
1	95	0
1	96	0
1	97	1
1	98	0
1	99	0
1	100	1
1	101	1
1	102	1
1	103	0
1	104	0
1	105	0
1	106	1
1	107	1
1	108	0
1	109	1
1	110	0
2	3	1
2	4	1
2	5	1
2	6	0
2	7	0
2	8	0
2	9	1
2	10	0
2	11	1
2	12	0
2	13	0
2	14	1
2	15	1
2	16	1
2	17	0
2	18	1
2	19	0
2	20	1
2	21	0
2	22	0
2	23	0
2	24	0
2	25	0
2	26	1
2	27	1
2	28	1
2	29	0
2	30	1
2	31	1
2	32	1
2	33	1
2	34	1
2	35	1
2	36	0
2	37	0
2	38	0
2	39	0
2	40	0
2	41	1
2	42	0
2	43	1
2	44	0
2	45	0
2	46	1
2	47	1
2	48	1
2	49	1
2	50	1
2	51	1
2	52	0
2	53	1
2	54	1
2	55	0
2	56	0
2	57	1
2	58	1
2	59	0
2	60	1
2	61	0
2	62	1
2	63	0
2	64	1
2	65	1
2	66	1
2	67	0
2	68	0
2	69	1
2	70	1
2	71	1
2	72	0
2	73	0
2	74	0
2	75	1
2	76	1
2	77	1
2	78	0
2	79	1
2	80	1
2	81	1
2	82	1
2	83	0
2	84	0
2	85	0
2	86	0
2	87	1
2	88	0
2	89	1
2	90	1
2	91	1
2	92	0
2	93	1
2	94	1
2	95	0
2	96	1
2	97	0
2	98	1
2	99	0
2	100	0
2	101	0
2	102	0
2	103	0
2	104	0
2	105	1
2	106	0
2	107	1
2	108	0
2	109	1
2	110	1
3	4	1
3	5	1
3	6	1
3	7	0
3	8	0
3	9	0
3	10	1
3	11	1
3	12	0
3	13	0
3	14	1
3	15	0
3	16	0
3	17	0
3	18	1
3	19	0
3	20	0
3	21	0
3	22	1
3	23	1
3	24	0
3	25	0
3	26	0
3	27	1
3	28	0
3	29	1
3	30	1
3	31	0
3	32	0
3	33	0
3	34	1
3	35	0
3	36	0
3	37	1
3	38	1
3	39	0
3	40	0
3	41	0
3	42	0
3	43	0
3	44	0
3	45	0
3	46	0
3	47	0
3	48	1
3	49	0
3	50	0
3	51	1
3	52	1
3	53	0
3	54	1
3	55	1
3	56	1
3	57	0
3	58	1
3	59	1
3	60	1
3	61	0
3	62	1
3	63	1
3	64	1
3	65	0
3	66	0
3	67	0
3	68	0
3	69	1
3	70	1
3	71	0
3	72	0
3	73	0
3	74	0
3	75	1
3	76	0
3	77	0
3	78	1
3	79	1
3	80	0
3	81	0
3	82	0
3	83	0
3	84	1
3	85	0
3	86	1
3	87	0
3	88	0
3	89	0
3	90	0
3	91	1
3	92	0
3	93	0
3	94	1
3	95	1
3	96	0
3	97	0
3	98	1
3	99	0
3	100	1
3	101	0
3	102	1
3	103	1
3	104	0
3	105	0
3	106	1
3	107	1
3	108	0
3	109	0
3	110	1
4	5	1
4	6	1
4	7	1
4	8	1
4	9	1
4	10	0
4	11	1
4	12	0
4	13	1
4	14	0
4	15	0
4	16	1
4	17	0
4	18	0
4	19	1
4	20	1
4	21	1
4	22	1
4	23	1
4	24	1
4	25	1
4	26	1
4	27	1
4	28	1
4	29	1
4	30	1
4	31	0
4	32	1
4	33	0
4	34	0
4	35	0
4	36	0
4	37	1
4	38	1
4	39	0
4	40	1
4	41	1
4	42	0
4	43	0
4	44	0
4	45	0
4	46	1
4	47	1
4	48	1
4	49	0
4	50	1
4	51	1
4	52	1
4	53	0
4	54	0
4	55	0
4	56	1
4	57	0
4	58	1
4	59	1
4	60	1
4	61	0
4	62	0
4	63	1
4	64	1
4	65	0
4	66	1
4	67	1
4	68	0
4	69	0
4	70	1
4	71	1
4	72	1
4	73	1
4	74	1
4	75	0
4	76	1
4	77	1
4	78	1
4	79	1
4	80	1
4	81	1
4	82	1
4	83	0
4	84	0
4	85	0
4	86	0
4	87	1
4	88	1
4	89	1
4	90	1
4	91	1
4	92	0
4	93	0
4	94	1
4	95	0
4	96	1
4	97	0
4	98	1
4	99	1
4	100	1
4	101	0
4	102	1
4	103	0
4	104	0
4	105	0
4	106	0
4	107	0
4	108	0
4	109	0
4	110	1
5	6	0
5	7	1
5	8	1
5	9	1
5	10	0
5	11	0
5	12	0
5	13	1
5	14	0
5	15	0
5	16	1
5	17	0
5	18	1
5	19	1
5	20	0
5	21	1
5	22	1
5	23	0
5	24	1
5	25	1
5	26	1
5	27	0
5	28	1
5	29	0
5	30	0
5	31	0
5	32	0
5	33	1
5	34	0
5	35	1
5	36	0
5	37	1
5	38	0
5	39	1
5	40	1
5	41	0
5	42	0
5	43	0
5	44	0
5	45	1
5	46	1
5	47	1
5	48	0
5	49	0
5	50	1
5	51	0
5	52	1
5	53	0
5	54	1
5	55	0
5	56	1
5	57	1
5	58	1
5	59	1
5	60	1
5	61	0
5	62	0
5	63	1
5	64	0
5	65	1
5	66	1
5	67	1
5	68	1
5	69	0
5	70	0
5	71	0
5	72	0
5	73	1
5	74	1
5	75	1
5	76	1
5	77	1
5	78	0
5	79	0
5	80	0
5	81	0
5	82	0
5	83	0
5	84	0
5	85	0
5	86	0
5	87	1
5	88	1
5	89	1
5	90	1
5	91	0
5	92	1
5	93	1
5	94	0
5	95	0
5	96	1
5	97	0
5	98	1
5	99	0
5	100	0
5	101	1
5	102	1
5	103	1
5	104	1
5	105	0
5	106	0
5	107	0
5	108	1
5	109	1
5	110	1
6	7	0
6	8	0
6	9	1
6	10	0
6	11	1
6	12	0
6	13	1
6	14	1
6	15	1
6	16	1
6	17	0
6	18	1
6	19	1
6	20	0
6	21	0
6	22	1
6	23	1
6	24	1
6	25	0
6	26	0
6	27	0
6	28	0
6	29	1
6	30	1
6	31	0
6	32	1
6	33	0
6	34	1
6	35	0
6	36	1
6	37	0
6	38	0
6	39	0
6	40	1
6	41	1
6	42	1
6	43	1
6	44	0
6	45	0
6	46	0
6	47	1
6	48	1
6	49	1
6	50	1
6	51	0
6	52	1
6	53	1
6	54	1
6	55	0
6	56	0
6	57	1
6	58	1
6	59	0
6	60	0
6	61	0
6	62	0
6	63	1
6	64	0
6	65	1
6	66	1
6	67	0
6	68	1
6	69	1
6	70	0
6	71	0
6	72	1
6	73	0
6	74	0
6	75	1
6	76	0
6	77	1
6	78	0
6	79	1
6	80	0
6	81	1
6	82	0
6	83	0
6	84	1
6	85	1
6	86	1
6	87	0
6	88	1
6	89	0
6	90	1
6	91	0
6	92	1
6	93	0
6	94	0
6	95	1
6	96	0
6	97	0
6	98	0
6	99	0
6	100	0
6	101	1
6	102	1
6	103	1
6	104	0
6	105	0
6	106	1
6	107	0
6	108	0
6	109	0
6	110	0
7	8	1
7	9	0
7	10	1
7	11	0
7	12	1
7	13	0
7	14	0
7	15	0
7	16	0
7	17	1
7	18	0
7	19	0
7	20	1
7	21	1
7	22	0
7	23	1
7	24	0
7	25	0
7	26	1
7	27	0
7	28	0
7	29	0
7	30	1
7	31	0
7	32	0
7	33	1
7	34	1
7	35	1
7	36	1
7	37	0
7	38	1
7	39	0
7	40	0
7	41	1
7	42	0
7	43	0
7	44	1
7	45	0
7	46	1
7	47	1
7	48	0
7	49	1
7	50	0
7	51	0
7	52	0
7	53	0
7	54	0
7	55	0
7	56	1
7	57	0
7	58	1
7	59	0
7	60	0
7	61	1
7	62	1
7	63	1
7	64	1
7	65	0
7	66	0
7	67	0
7	68	0
7	69	1
7	70	0
7	71	0
7	72	0
7	73	0
7	74	1
7	75	1
7	76	0
7	77	0
7	78	1
7	79	1
7	80	1
7	81	0
7	82	0
7	83	0
7	84	1
7	85	1
7	86	0
7	87	1
7	88	1
7	89	0
7	90	1
7	91	1
7	92	1
7	93	0
7	94	0
7	95	0
7	96	1
7	97	1
7	98	0
7	99	0
7	100	1
7	101	0
7	102	0
7	103	0
7	104	1
7	105	0
7	106	0
7	107	0
7	108	0
7	109	1
7	110	0
8	9	0
8	10	0
8	11	0
8	12	0
8	13	1
8	14	1
8	15	1
8	16	1
8	17	0
8	18	0
8	19	0
8	20	0
8	21	1
8	22	0
8	23	1
8	24	1
8	25	0
8	26	0
8	27	1
8	28	1
8	29	0
8	30	1
8	31	0
8	32	0
8	33	0
8	34	0
8	35	1
8	36	0
8	37	1
8	38	0
8	39	1
8	40	0
8	41	0
8	42	1
8	43	0
8	44	0
8	45	1
8	46	0
8	47	1
8	48	0
8	49	1
8	50	0
8	51	0
8	52	1
8	53	0
8	54	0
8	55	0
8	56	1
8	57	0
8	58	1
8	59	0
8	60	1
8	61	1
8	62	0
8	63	0
8	64	1
8	65	0
8	66	1
8	67	1
8	68	0
8	69	0
8	70	1
8	71	1
8	72	1
8	73	0
8	74	1
8	75	0
8	76	0
8	77	0
8	78	0
8	79	1
8	80	1
8	81	0
8	82	0
8	83	1
8	84	0
8	85	1
8	86	1
8	87	1
8	88	1
8	89	0
8	90	1
8	91	1
8	92	0
8	93	1
8	94	0
8	95	1
8	96	0
8	97	0
8	98	1
8	99	0
8	100	1
8	101	1
8	102	1
8	103	0
8	104	0
8	105	1
8	106	1
8	107	1
8	108	1
8	109	1
8	110	1
9	10	0
9	11	0
9	12	0
9	13	1
9	14	0
9	15	1
9	16	0
9	17	0
9	18	0
9	19	0
9	20	0
9	21	0
9	22	1
9	23	1
9	24	0
9	25	0
9	26	1
9	27	1
9	28	0
9	29	0
9	30	0
9	31	0
9	32	0
9	33	1
9	34	0
9	35	0
9	36	0
9	37	1
9	38	1
9	39	1
9	40	0
9	41	0
9	42	0
9	43	0
9	44	1
9	45	1
9	46	1
9	47	1
9	48	0
9	49	0
9	50	1
9	51	0
9	52	1
9	53	1
9	54	1
9	55	0
9	56	1
9	57	1
9	58	1
9	59	1
9	60	0
9	61	1
9	62	0
9	63	0
9	64	1
9	65	1
9	66	1
9	67	1
9	68	0
9	69	0
9	70	1
9	71	1
9	72	1
9	73	0
9	74	0
9	75	1
9	76	1
9	77	0
9	78	0
9	79	1
9	80	1
9	81	0
9	82	1
9	83	0
9	84	0
9	85	0
9	86	0
9	87	1
9	88	1
9	89	1
9	90	1
9	91	1
9	92	0
9	93	1
9	94	1
9	95	1
9	96	0
9	97	1
9	98	0
9	99	1
9	100	1
9	101	0
9	102	1
9	103	0
9	104	1
9	105	0
9	106	0
9	107	0
9	108	0
9	109	0
9	110	0
10	11	0
10	12	0
10	13	0
10	14	1
10	15	1
10	16	1
10	17	1
10	18	0
10	19	0
10	20	0
10	21	0
10	22	0
10	23	0
10	24	1
10	25	1
10	26	0
10	27	0
10	28	1
10	29	0
10	30	0
10	31	1
10	32	0
10	33	0
10	34	1
10	35	0
10	36	0
10	37	1
10	38	1
10	39	0
10	40	1
10	41	1
10	42	0
10	43	0
10	44	0
10	45	0
10	46	1
10	47	1
10	48	1
10	49	1
10	50	0
10	51	1
10	52	1
10	53	1
10	54	1
10	55	0
10	56	0
10	57	0
10	58	1
10	59	1
10	60	0
10	61	0
10	62	1
10	63	0
10	64	0
10	65	0
10	66	0
10	67	1
10	68	1
10	69	0
10	70	1
10	71	1
10	72	0
10	73	0
10	74	0
10	75	0
10	76	1
10	77	0
10	78	1
10	79	0
10	80	0
10	81	0
10	82	1
10	83	1
10	84	0
10	85	1
10	86	0
10	87	0
10	88	1
10	89	1
10	90	1
10	91	0
10	92	1
10	93	1
10	94	0
10	95	1
10	96	0
10	97	1
10	98	0
10	99	1
10	100	1
10	101	1
10	102	0
10	103	1
10	104	1
10	105	1
10	106	0
10	107	0
10	108	1
10	109	0
10	110	0
11	12	1
11	13	1
11	14	1
11	15	1
11	16	1
11	17	0
11	18	1
11	19	0
11	20	1
11	21	1
11	22	0
11	23	1
11	24	0
11	25	1
11	26	0
11	27	0
11	28	0
11	29	0
11	30	0
11	31	0
11	32	0
11	33	0
11	34	0
11	35	0
11	36	1
11	37	1
11	38	1
11	39	0
11	40	1
11	41	1
11	42	0
11	43	1
11	44	1
11	45	1
11	46	0
11	47	0
11	48	1
11	49	0
11	50	1
11	51	1
11	52	0
11	53	0
11	54	1
11	55	0
11	56	0
11	57	0
11	58	1
11	59	0
11	60	1
11	61	0
11	62	1
11	63	0
11	64	0
11	65	0
11	66	0
11	67	0
11	68	0
11	69	0
11	70	1
11	71	0
11	72	0
11	73	0
11	74	0
11	75	1
11	76	0
11	77	0
11	78	0
11	79	0
11	80	1
11	81	0
11	82	0
11	83	0
11	84	1
11	85	0
11	86	1
11	87	1
11	88	1
11	89	0
11	90	1
11	91	0
11	92	0
11	93	0
11	94	0
11	95	0
11	96	1
11	97	0
11	98	0
11	99	0
11	100	0
11	101	0
11	102	1
11	103	1
11	104	1
11	105	1
11	106	1
11	107	0
11	108	0
11	109	0
11	110	1
12	13	1
12	14	0
12	15	1
12	16	0
12	17	1
12	18	1
12	19	1
12	20	1
12	21	0
12	22	1
12	23	1
12	24	0
12	25	0
12	26	1
12	27	1
12	28	0
12	29	1
12	30	1
12	31	0
12	32	0
12	33	1
12	34	1
12	35	1
12	36	1
12	37	1
12	38	1
12	39	0
12	40	0
12	41	1
12	42	1
12	43	1
12	44	1
12	45	0
12	46	1
12	47	1
12	48	1
12	49	1
12	50	0
12	51	1
12	52	1
12	53	0
12	54	1
12	55	1
12	56	1
12	57	1
12	58	0
12	59	1
12	60	0
12	61	1
12	62	0
12	63	0
12	64	1
12	65	0
12	66	1
12	67	1
12	68	1
12	69	1
12	70	0
12	71	0
12	72	1
12	73	1
12	74	0
12	75	0
12	76	0
12	77	0
12	78	1
12	79	1
12	80	1
12	81	0
12	82	0
12	83	0
12	84	0
12	85	0
12	86	1
12	87	1
12	88	1
12	89	0
12	90	1
12	91	1
12	92	1
12	93	1
12	94	0
12	95	0
12	96	0
12	97	1
12	98	0
12	99	1
12	100	1
12	101	1
12	102	0
12	103	1
12	104	0
12	105	1
12	106	1
12	107	1
12	108	1
12	109	0
12	110	1
13	14	0
13	15	0
13	16	0
13	17	0
13	18	1
13	19	1
13	20	1
13	21	0
13	22	1
13	23	1
13	24	0
13	25	0
13	26	0
13	27	1
13	28	1
13	29	0
13	30	1
13	31	1
13	32	0
13	33	0
13	34	0
13	35	1
13	36	1
13	37	0
13	38	1
13	39	0
13	40	0
13	41	0
13	42	1
13	43	0
13	44	0
13	45	1
13	46	0
13	47	0
13	48	0
13	49	1
13	50	0
13	51	1
13	52	0
13	53	0
13	54	0
13	55	1
13	56	1
13	57	0
13	58	0
13	59	0
13	60	1
13	61	0
13	62	1
13	63	1
13	64	1
13	65	0
13	66	0
13	67	1
13	68	1
13	69	1
13	70	0
13	71	1
13	72	0
13	73	1
13	74	1
13	75	1
13	76	0
13	77	1
13	78	1
13	79	1
13	80	1
13	81	0
13	82	1
13	83	0
13	84	1
13	85	0
13	86	1
13	87	1
13	88	0
13	89	0
13	90	0
13	91	1
13	92	0
13	93	1
13	94	1
13	95	0
13	96	0
13	97	0
13	98	1
13	99	1
13	100	0
13	101	0
13	102	0
13	103	0
13	104	1
13	105	1
13	106	1
13	107	0
13	108	1
13	109	1
13	110	0
14	15	1
14	16	1
14	17	1
14	18	1
14	19	0
14	20	1
14	21	0
14	22	1
14	23	0
14	24	0
14	25	1
14	26	0
14	27	1
14	28	1
14	29	0
14	30	1
14	31	0
14	32	0
14	33	0
14	34	0
14	35	1
14	36	0
14	37	0
14	38	1
14	39	1
14	40	1
14	41	1
14	42	1
14	43	1
14	44	0
14	45	1
14	46	0
14	47	1
14	48	0
14	49	1
14	50	0
14	51	0
14	52	1
14	53	0
14	54	0
14	55	0
14	56	0
14	57	1
14	58	1
14	59	1
14	60	0
14	61	1
14	62	0
14	63	0
14	64	0
14	65	0
14	66	1
14	67	1
14	68	0
14	69	1
14	70	1
14	71	1
14	72	1
14	73	1
14	74	1
14	75	0
14	76	1
14	77	1
14	78	0
14	79	0
14	80	1
14	81	0
14	82	1
14	83	0
14	84	0
14	85	1
14	86	0
14	87	1
14	88	1
14	89	0
14	90	0
14	91	1
14	92	0
14	93	1
14	94	0
14	95	0
14	96	1
14	97	1
14	98	1
14	99	0
14	100	0
14	101	0
14	102	1
14	103	0
14	104	1
14	105	0
14	106	1
14	107	0
14	108	0
14	109	0
14	110	1
15	16	1
15	17	0
15	18	0
15	19	1
15	20	0
15	21	0
15	22	1
15	23	1
15	24	0
15	25	0
15	26	1
15	27	1
15	28	1
15	29	0
15	30	1
15	31	0
15	32	0
15	33	1
15	34	0
15	35	1
15	36	0
15	37	0
15	38	0
15	39	0
15	40	1
15	41	0
15	42	1
15	43	1
15	44	0
15	45	0
15	46	1
15	47	0
15	48	0
15	49	1
15	50	0
15	51	1
15	52	1
15	53	1
15	54	1
15	55	0
15	56	1
15	57	1
15	58	0
15	59	1
15	60	1
15	61	1
15	62	1
15	63	1
15	64	0
15	65	1
15	66	0
15	67	1
15	68	1
15	69	0
15	70	1
15	71	0
15	72	0
15	73	1
15	74	0
15	75	0
15	76	1
15	77	0
15	78	0
15	79	1
15	80	0
15	81	0
15	82	1
15	83	0
15	84	0
15	85	1
15	86	0
15	87	1
15	88	1
15	89	0
15	90	0
15	91	0
15	92	1
15	93	1
15	94	1
15	95	0
15	96	1
15	97	1
15	98	0
15	99	0
15	100	1
15	101	0
15	102	0
15	103	0
15	104	1
15	105	1
15	106	0
15	107	1
15	108	0
15	109	0
15	110	1
16	17	1
16	18	1
16	19	0
16	20	0
16	21	0
16	22	0
16	23	0
16	24	0
16	25	0
16	26	0
16	27	0
16	28	1
16	29	1
16	30	0
16	31	1
16	32	0
16	33	0
16	34	1
16	35	0
16	36	0
16	37	1
16	38	1
16	39	0
16	40	0
16	41	1
16	42	1
16	43	0
16	44	0
16	45	0
16	46	1
16	47	1
16	48	0
16	49	0
16	50	1
16	51	0
16	52	0
16	53	1
16	54	1
16	55	0
16	56	0
16	57	1
16	58	0
16	59	1
16	60	1
16	61	1
16	62	0
16	63	1
16	64	1
16	65	0
16	66	1
16	67	0
16	68	0
16	69	0
16	70	1
16	71	1
16	72	1
16	73	1
16	74	1
16	75	0
16	76	1
16	77	0
16	78	0
16	79	1
16	80	0
16	81	1
16	82	0
16	83	0
16	84	1
16	85	1
16	86	0
16	87	1
16	88	0
16	89	0
16	90	1
16	91	1
16	92	1
16	93	0
16	94	0
16	95	0
16	96	1
16	97	0
16	98	0
16	99	0
16	100	0
16	101	1
16	102	0
16	103	1
16	104	1
16	105	1
16	106	0
16	107	1
16	108	1
16	109	1
16	110	1
17	18	0
17	19	1
17	20	0
17	21	1
17	22	1
17	23	1
17	24	0
17	25	1
17	26	1
17	27	1
17	28	1
17	29	0
17	30	0
17	31	0
17	32	1
17	33	1
17	34	1
17	35	0
17	36	1
17	37	0
17	38	0
17	39	1
17	40	0
17	41	1
17	42	0
17	43	1
17	44	1
17	45	1
17	46	0
17	47	0
17	48	0
17	49	0
17	50	1
17	51	1
17	52	0
17	53	0
17	54	1
17	55	1
17	56	1
17	57	0
17	58	0
17	59	0
17	60	0
17	61	1
17	62	1
17	63	0
17	64	1
17	65	1
17	66	0
17	67	0
17	68	0
17	69	0
17	70	0
17	71	1
17	72	1
17	73	1
17	74	0
17	75	1
17	76	1
17	77	1
17	78	0
17	79	0
17	80	0
17	81	0
17	82	0
17	83	1
17	84	0
17	85	0
17	86	1
17	87	0
17	88	0
17	89	1
17	90	0
17	91	1
17	92	1
17	93	1
17	94	1
17	95	0
17	96	0
17	97	1
17	98	1
17	99	1
17	100	1
17	101	0
17	102	0
17	103	1
17	104	0
17	105	1
17	106	1
17	107	1
17	108	1
17	109	1
17	110	0
18	19	1
18	20	0
18	21	1
18	22	0
18	23	1
18	24	1
18	25	0
18	26	1
18	27	0
18	28	1
18	29	1
18	30	1
18	31	0
18	32	0
18	33	1
18	34	1
18	35	0
18	36	0
18	37	1
18	38	0
18	39	0
18	40	0
18	41	1
18	42	0
18	43	0
18	44	0
18	45	0
18	46	0
18	47	0
18	48	1
18	49	0
18	50	1
18	51	1
18	52	1
18	53	1
18	54	0
18	55	0
18	56	0
18	57	0
18	58	1
18	59	1
18	60	1
18	61	0
18	62	0
18	63	0
18	64	1
18	65	0
18	66	1
18	67	0
18	68	0
18	69	1
18	70	0
18	71	1
18	72	0
18	73	1
18	74	1
18	75	1
18	76	0
18	77	1
18	78	1
18	79	1
18	80	1
18	81	0
18	82	0
18	83	0
18	84	0
18	85	1
18	86	0
18	87	0
18	88	0
18	89	1
18	90	1
18	91	0
18	92	1
18	93	1
18	94	1
18	95	0
18	96	0
18	97	1
18	98	0
18	99	0
18	100	1
18	101	1
18	102	0
18	103	1
18	104	0
18	105	1
18	106	1
18	107	0
18	108	0
18	109	1
18	110	0
19	20	1
19	21	1
19	22	1
19	23	1
19	24	0
19	25	0
19	26	0
19	27	1
19	28	0
19	29	0
19	30	1
19	31	0
19	32	1
19	33	0
19	34	0
19	35	0
19	36	0
19	37	1
19	38	0
19	39	0
19	40	1
19	41	0
19	42	1
19	43	0
19	44	0
19	45	0
19	46	0
19	47	0
19	48	1
19	49	1
19	50	1
19	51	1
19	52	1
19	53	0
19	54	1
19	55	0
19	56	0
19	57	0
19	58	1
19	59	1
19	60	0
19	61	0
19	62	1
19	63	1
19	64	1
19	65	1
19	66	1
19	67	1
19	68	0
19	69	0
19	70	1
19	71	1
19	72	0
19	73	0
19	74	1
19	75	1
19	76	1
19	77	1
19	78	1
19	79	0
19	80	1
19	81	0
19	82	1
19	83	1
19	84	0
19	85	1
19	86	1
19	87	0
19	88	0
19	89	1
19	90	1
19	91	0
19	92	1
19	93	0
19	94	0
19	95	1
19	96	0
19	97	1
19	98	0
19	99	0
19	100	1
19	101	0
19	102	0
19	103	1
19	104	0
19	105	0
19	106	1
19	107	0
19	108	0
19	109	1
19	110	1
20	21	1
20	22	0
20	23	1
20	24	0
20	25	0
20	26	1
20	27	0
20	28	1
20	29	0
20	30	1
20	31	1
20	32	1
20	33	0
20	34	1
20	35	0
20	36	0
20	37	0
20	38	0
20	39	1
20	40	1
20	41	0
20	42	0
20	43	1
20	44	1
20	45	1
20	46	1
20	47	0
20	48	0
20	49	0
20	50	0
20	51	1
20	52	1
20	53	0
20	54	0
20	55	0
20	56	1
20	57	1
20	58	1
20	59	0
20	60	0
20	61	1
20	62	1
20	63	0
20	64	0
20	65	0
20	66	1
20	67	1
20	68	0
20	69	1
20	70	1
20	71	0
20	72	0
20	73	1
20	74	0
20	75	0
20	76	0
20	77	0
20	78	1
20	79	0
20	80	1
20	81	1
20	82	1
20	83	1
20	84	1
20	85	1
20	86	0
20	87	1
20	88	1
20	89	1
20	90	0
20	91	0
20	92	1
20	93	0
20	94	0
20	95	0
20	96	0
20	97	0
20	98	0
20	99	0
20	100	1
20	101	0
20	102	0
20	103	0
20	104	0
20	105	0
20	106	1
20	107	0
20	108	1
20	109	0
20	110	1
21	22	1
21	23	0
21	24	1
21	25	0
21	26	1
21	27	0
21	28	0
21	29	0
21	30	0
21	31	0
21	32	1
21	33	1
21	34	1
21	35	0
21	36	0
21	37	1
21	38	0
21	39	1
21	40	0
21	41	0
21	42	1
21	43	0
21	44	0
21	45	0
21	46	0
21	47	1
21	48	0
21	49	1
21	50	0
21	51	1
21	52	1
21	53	0
21	54	1
21	55	0
21	56	1
21	57	1
21	58	1
21	59	0
21	60	0
21	61	0
21	62	0
21	63	0
21	64	0
21	65	1
21	66	1
21	67	1
21	68	1
21	69	0
21	70	0
21	71	1
21	72	0
21	73	0
21	74	0
21	75	0
21	76	0
21	77	1
21	78	1
21	79	1
21	80	0
21	81	1
21	82	0
21	83	0
21	84	1
21	85	0
21	86	0
21	87	1
21	88	0
21	89	1
21	90	0
21	91	1
21	92	1
21	93	0
21	94	0
21	95	1
21	96	0
21	97	1
21	98	1
21	99	0
21	100	1
21	101	0
21	102	0
21	103	0
21	104	1
21	105	1
21	106	1
21	107	1
21	108	0
21	109	1
21	110	0
22	23	0
22	24	1
22	25	0
22	26	1
22	27	0
22	28	0
22	29	1
22	30	0
22	31	1
22	32	0
22	33	0
22	34	0
22	35	1
22	36	1
22	37	0
22	38	1
22	39	0
22	40	1
22	41	1
22	42	1
22	43	0
22	44	1
22	45	0
22	46	1
22	47	0
22	48	0
22	49	1
22	50	1
22	51	0
22	52	1
22	53	0
22	54	0
22	55	1
22	56	0
22	57	0
22	58	0
22	59	0
22	60	0
22	61	0
22	62	0
22	63	0
22	64	1
22	65	0
22	66	1
22	67	1
22	68	0
22	69	0
22	70	1
22	71	0
22	72	0
22	73	0
22	74	1
22	75	1
22	76	0
22	77	0
22	78	1
22	79	1
22	80	0
22	81	0
22	82	0
22	83	1
22	84	0
22	85	1
22	86	1
22	87	0
22	88	0
22	89	1
22	90	1
22	91	1
22	92	1
22	93	0
22	94	1
22	95	1
22	96	0
22	97	0
22	98	0
22	99	1
22	100	1
22	101	0
22	102	0
22	103	0
22	104	0
22	105	1
22	106	1
22	107	1
22	108	0
22	109	1
22	110	0
23	24	0
23	25	0
23	26	1
23	27	1
23	28	0
23	29	0
23	30	1
23	31	0
23	32	0
23	33	0
23	34	1
23	35	1
23	36	1
23	37	0
23	38	1
23	39	0
23	40	1
23	41	0
23	42	1
23	43	0
23	44	0
23	45	1
23	46	1
23	47	0
23	48	1
23	49	0
23	50	1
23	51	0
23	52	1
23	53	1
23	54	0
23	55	0
23	56	0
23	57	0
23	58	1
23	59	0
23	60	0
23	61	0
23	62	1
23	63	1
23	64	0
23	65	1
23	66	0
23	67	0
23	68	0
23	69	1
23	70	0
23	71	0
23	72	1
23	73	1
23	74	0
23	75	0
23	76	1
23	77	1
23	78	0
23	79	1
23	80	0
23	81	1
23	82	1
23	83	1
23	84	0
23	85	1
23	86	0
23	87	1
23	88	0
23	89	0
23	90	1
23	91	0
23	92	0
23	93	0
23	94	0
23	95	0
23	96	0
23	97	0
23	98	0
23	99	1
23	100	0
23	101	1
23	102	0
23	103	0
23	104	1
23	105	0
23	106	0
23	107	1
23	108	1
23	109	1
23	110	1
24	25	0
24	26	1
24	27	1
24	28	1
24	29	1
24	30	1
24	31	0
24	32	0
24	33	1
24	34	1
24	35	0
24	36	1
24	37	0
24	38	1
24	39	0
24	40	1
24	41	1
24	42	1
24	43	0
24	44	1
24	45	0
24	46	1
24	47	0
24	48	1
24	49	1
24	50	0
24	51	1
24	52	1
24	53	0
24	54	1
24	55	1
24	56	0
24	57	1
24	58	1
24	59	1
24	60	0
24	61	1
24	62	0
24	63	1
24	64	0
24	65	1
24	66	1
24	67	0
24	68	1
24	69	0
24	70	0
24	71	0
24	72	0
24	73	1
24	74	1
24	75	0
24	76	1
24	77	0
24	78	1
24	79	0
24	80	1
24	81	0
24	82	0
24	83	1
24	84	1
24	85	0
24	86	1
24	87	0
24	88	0
24	89	1
24	90	0
24	91	1
24	92	1
24	93	1
24	94	0
24	95	0
24	96	1
24	97	0
24	98	0
24	99	0
24	100	0
24	101	1
24	102	1
24	103	0
24	104	1
24	105	0
24	106	1
24	107	1
24	108	0
24	109	0
24	110	0
25	26	1
25	27	1
25	28	1
25	29	1
25	30	1
25	31	0
25	32	1
25	33	1
25	34	0
25	35	0
25	36	0
25	37	1
25	38	0
25	39	0
25	40	0
25	41	0
25	42	1
25	43	0
25	44	1
25	45	0
25	46	0
25	47	1
25	48	1
25	49	0
25	50	1
25	51	0
25	52	0
25	53	0
25	54	0
25	55	0
25	56	0
25	57	0
25	58	0
25	59	0
25	60	1
25	61	1
25	62	0
25	63	0
25	64	1
25	65	1
25	66	0
25	67	1
25	68	1
25	69	1
25	70	0
25	71	0
25	72	0
25	73	0
25	74	0
25	75	1
25	76	1
25	77	0
25	78	1
25	79	1
25	80	0
25	81	0
25	82	0
25	83	1
25	84	0
25	85	1
25	86	1
25	87	0
25	88	1
25	89	1
25	90	1
25	91	0
25	92	1
25	93	1
25	94	0
25	95	0
25	96	1
25	97	0
25	98	0
25	99	1
25	100	0
25	101	1
25	102	1
25	103	0
25	104	0
25	105	1
25	106	0
25	107	1
25	108	1
25	109	0
25	110	1
26	27	0
26	28	1
26	29	0
26	30	1
26	31	1
26	32	1
26	33	0
26	34	0
26	35	1
26	36	0
26	37	1
26	38	0
26	39	1
26	40	1
26	41	0
26	42	0
26	43	1
26	44	1
26	45	1
26	46	0
26	47	1
26	48	0
26	49	1
26	50	0
26	51	0
26	52	0
26	53	1
26	54	1
26	55	1
26	56	1
26	57	1
26	58	1
26	59	0
26	60	1
26	61	0
26	62	0
26	63	0
26	64	0
26	65	0
26	66	0
26	67	1
26	68	0
26	69	1
26	70	1
26	71	1
26	72	0
26	73	1
26	74	1
26	75	0
26	76	1
26	77	0
26	78	1
26	79	0
26	80	0
26	81	0
26	82	1
26	83	0
26	84	0
26	85	1
26	86	1
26	87	1
26	88	0
26	89	1
26	90	0
26	91	0
26	92	1
26	93	0
26	94	0
26	95	0
26	96	1
26	97	0
26	98	0
26	99	1
26	100	1
26	101	1
26	102	0
26	103	0
26	104	1
26	105	1
26	106	1
26	107	1
26	108	1
26	109	0
26	110	1
27	28	1
27	29	1
27	30	1
27	31	0
27	32	0
27	33	0
27	34	1
27	35	1
27	36	0
27	37	0
27	38	1
27	39	0
27	40	0
27	41	1
27	42	0
27	43	1
27	44	1
27	45	1
27	46	0
27	47	1
27	48	1
27	49	0
27	50	1
27	51	0
27	52	0
27	53	1
27	54	0
27	55	1
27	56	1
27	57	1
27	58	0
27	59	1
27	60	1
27	61	0
27	62	0
27	63	1
27	64	0
27	65	1
27	66	1
27	67	0
27	68	0
27	69	0
27	70	0
27	71	0
27	72	1
27	73	0
27	74	0
27	75	0
27	76	0
27	77	0
27	78	1
27	79	0
27	80	0
27	81	1
27	82	0
27	83	1
27	84	0
27	85	1
27	86	1
27	87	0
27	88	0
27	89	0
27	90	1
27	91	0
27	92	0
27	93	1
27	94	0
27	95	1
27	96	1
27	97	0
27	98	0
27	99	1
27	100	1
27	101	0
27	102	1
27	103	0
27	104	0
27	105	0
27	106	1
27	107	1
27	108	1
27	109	1
27	110	0
28	29	0
28	30	1
28	31	1
28	32	0
28	33	1
28	34	1
28	35	1
28	36	0
28	37	1
28	38	1
28	39	1
28	40	0
28	41	1
28	42	0
28	43	1
28	44	0
28	45	0
28	46	0
28	47	0
28	48	1
28	49	1
28	50	0
28	51	1
28	52	0
28	53	0
28	54	1
28	55	0
28	56	0
28	57	1
28	58	0
28	59	1
28	60	1
28	61	1
28	62	0
28	63	1
28	64	1
28	65	0
28	66	1
28	67	0
28	68	1
28	69	0
28	70	1
28	71	1
28	72	0
28	73	1
28	74	0
28	75	0
28	76	1
28	77	1
28	78	1
28	79	1
28	80	0
28	81	0
28	82	0
28	83	1
28	84	1
28	85	1
28	86	0
28	87	1
28	88	1
28	89	1
28	90	0
28	91	1
28	92	0
28	93	0
28	94	0
28	95	1
28	96	0
28	97	1
28	98	1
28	99	1
28	100	0
28	101	0
28	102	1
28	103	0
28	104	1
28	105	0
28	106	1
28	107	0
28	108	0
28	109	0
28	110	1
29	30	1
29	31	1
29	32	0
29	33	1
29	34	1
29	35	1
29	36	1
29	37	1
29	38	0
29	39	1
29	40	1
29	41	0
29	42	1
29	43	0
29	44	1
29	45	0
29	46	0
29	47	0
29	48	1
29	49	1
29	50	1
29	51	0
29	52	1
29	53	0
29	54	0
29	55	1
29	56	0
29	57	0
29	58	0
29	59	1
29	60	0
29	61	0
29	62	0
29	63	0
29	64	1
29	65	1
29	66	1
29	67	1
29	68	1
29	69	1
29	70	1
29	71	1
29	72	0
29	73	0
29	74	0
29	75	0
29	76	0
29	77	1
29	78	1
29	79	0
29	80	1
29	81	0
29	82	1
29	83	1
29	84	0
29	85	1
29	86	1
29	87	1
29	88	1
29	89	1
29	90	1
29	91	0
29	92	1
29	93	0
29	94	1
29	95	0
29	96	1
29	97	0
29	98	0
29	99	1
29	100	0
29	101	0
29	102	0
29	103	0
29	104	0
29	105	1
29	106	0
29	107	1
29	108	0
29	109	1
29	110	1
30	31	1
30	32	0
30	33	0
30	34	0
30	35	1
30	36	1
30	37	1
30	38	0
30	39	1
30	40	1
30	41	1
30	42	0
30	43	0
30	44	1
30	45	1
30	46	1
30	47	1
30	48	1
30	49	1
30	50	1
30	51	0
30	52	1
30	53	1
30	54	1
30	55	1
30	56	0
30	57	0
30	58	0
30	59	1
30	60	1
30	61	1
30	62	0
30	63	1
30	64	0
30	65	1
30	66	0
30	67	0
30	68	1
30	69	1
30	70	0
30	71	0
30	72	1
30	73	0
30	74	1
30	75	1
30	76	0
30	77	0
30	78	0
30	79	1
30	80	1
30	81	1
30	82	0
30	83	1
30	84	0
30	85	0
30	86	1
30	87	1
30	88	1
30	89	0
30	90	1
30	91	1
30	92	0
30	93	0
30	94	0
30	95	0
30	96	0
30	97	0
30	98	1
30	99	1
30	100	0
30	101	0
30	102	0
30	103	0
30	104	0
30	105	1
30	106	1
30	107	0
30	108	0
30	109	0
30	110	0
31	32	1
31	33	0
31	34	0
31	35	0
31	36	1
31	37	0
31	38	1
31	39	0
31	40	0
31	41	0
31	42	0
31	43	0
31	44	0
31	45	1
31	46	0
31	47	1
31	48	0
31	49	1
31	50	1
31	51	0
31	52	1
31	53	0
31	54	0
31	55	0
31	56	0
31	57	1
31	58	1
31	59	1
31	60	1
31	61	0
31	62	0
31	63	1
31	64	0
31	65	1
31	66	0
31	67	1
31	68	0
31	69	0
31	70	0
31	71	1
31	72	1
31	73	0
31	74	0
31	75	1
31	76	1
31	77	0
31	78	1
31	79	1
31	80	0
31	81	1
31	82	0
31	83	0
31	84	0
31	85	1
31	86	1
31	87	1
31	88	0
31	89	0
31	90	0
31	91	0
31	92	1
31	93	0
31	94	1
31	95	0
31	96	0
31	97	1
31	98	0
31	99	1
31	100	0
31	101	1
31	102	0
31	103	1
31	104	0
31	105	0
31	106	0
31	107	1
31	108	0
31	109	0
31	110	0
32	33	1
32	34	0
32	35	1
32	36	0
32	37	0
32	38	1
32	39	0
32	40	1
32	41	1
32	42	0
32	43	0
32	44	1
32	45	1
32	46	1
32	47	1
32	48	0
32	49	0
32	50	1
32	51	0
32	52	1
32	53	0
32	54	0
32	55	1
32	56	1
32	57	0
32	58	0
32	59	1
32	60	1
32	61	1
32	62	1
32	63	1
32	64	0
32	65	1
32	66	1
32	67	1
32	68	1
32	69	0
32	70	1
32	71	1
32	72	0
32	73	1
32	74	0
32	75	1
32	76	1
32	77	1
32	78	0
32	79	0
32	80	1
32	81	0
32	82	1
32	83	0
32	84	1
32	85	0
32	86	1
32	87	0
32	88	0
32	89	1
32	90	0
32	91	0
32	92	0
32	93	0
32	94	0
32	95	0
32	96	1
32	97	1
32	98	1
32	99	0
32	100	1
32	101	1
32	102	1
32	103	1
32	104	0
32	105	0
32	106	1
32	107	0
32	108	0
32	109	0
32	110	1
33	34	0
33	35	1
33	36	0
33	37	1
33	38	1
33	39	0
33	40	0
33	41	1
33	42	1
33	43	0
33	44	1
33	45	0
33	46	1
33	47	1
33	48	1
33	49	0
33	50	0
33	51	0
33	52	1
33	53	1
33	54	1
33	55	1
33	56	1
33	57	1
33	58	0
33	59	0
33	60	0
33	61	1
33	62	0
33	63	0
33	64	0
33	65	0
33	66	0
33	67	1
33	68	1
33	69	0
33	70	1
33	71	0
33	72	1
33	73	1
33	74	1
33	75	0
33	76	1
33	77	0
33	78	1
33	79	0
33	80	0
33	81	1
33	82	1
33	83	0
33	84	1
33	85	1
33	86	1
33	87	1
33	88	1
33	89	1
33	90	0
33	91	1
33	92	0
33	93	1
33	94	1
33	95	0
33	96	0
33	97	1
33	98	1
33	99	0
33	100	1
33	101	0
33	102	1
33	103	1
33	104	0
33	105	1
33	106	0
33	107	1
33	108	0
33	109	0
33	110	0
34	35	0
34	36	0
34	37	1
34	38	1
34	39	0
34	40	1
34	41	1
34	42	1
34	43	0
34	44	0
34	45	0
34	46	1
34	47	0
34	48	1
34	49	1
34	50	0
34	51	1
34	52	0
34	53	1
34	54	1
34	55	1
34	56	0
34	57	0
34	58	1
34	59	1
34	60	1
34	61	1
34	62	1
34	63	0
34	64	1
34	65	1
34	66	0
34	67	1
34	68	0
34	69	0
34	70	1
34	71	1
34	72	0
34	73	1
34	74	1
34	75	1
34	76	0
34	77	1
34	78	0
34	79	0
34	80	0
34	81	1
34	82	0
34	83	0
34	84	0
34	85	1
34	86	0
34	87	0
34	88	0
34	89	0
34	90	0
34	91	1
34	92	0
34	93	0
34	94	0
34	95	0
34	96	1
34	97	0
34	98	1
34	99	0
34	100	0
34	101	1
34	102	1
34	103	1
34	104	1
34	105	1
34	106	0
34	107	0
34	108	0
34	109	1
34	110	1
35	36	0
35	37	0
35	38	0
35	39	1
35	40	1
35	41	1
35	42	1
35	43	1
35	44	1
35	45	1
35	46	1
35	47	0
35	48	0
35	49	0
35	50	1
35	51	0
35	52	0
35	53	0
35	54	0
35	55	0
35	56	1
35	57	1
35	58	1
35	59	1
35	60	1
35	61	1
35	62	1
35	63	1
35	64	1
35	65	0
35	66	0
35	67	1
35	68	1
35	69	0
35	70	1
35	71	0
35	72	0
35	73	0
35	74	1
35	75	0
35	76	0
35	77	0
35	78	1
35	79	0
35	80	1
35	81	1
35	82	1
35	83	0
35	84	1
35	85	1
35	86	1
35	87	0
35	88	0
35	89	1
35	90	0
35	91	1
35	92	0
35	93	1
35	94	0
35	95	1
35	96	1
35	97	0
35	98	0
35	99	0
35	100	0
35	101	0
35	102	1
35	103	1
35	104	0
35	105	0
35	106	1
35	107	0
35	108	1
35	109	0
35	110	0
36	37	1
36	38	0
36	39	0
36	40	1
36	41	1
36	42	1
36	43	0
36	44	0
36	45	0
36	46	1
36	47	1
36	48	0
36	49	1
36	50	0
36	51	0
36	52	1
36	53	1
36	54	1
36	55	0
36	56	1
36	57	1
36	58	1
36	59	1
36	60	0
36	61	0
36	62	0
36	63	1
36	64	0
36	65	0
36	66	0
36	67	0
36	68	1
36	69	1
36	70	1
36	71	0
36	72	1
36	73	0
36	74	1
36	75	1
36	76	0
36	77	0
36	78	0
36	79	0
36	80	1
36	81	0
36	82	1
36	83	0
36	84	1
36	85	0
36	86	0
36	87	0
36	88	1
36	89	0
36	90	1
36	91	0
36	92	0
36	93	1
36	94	1
36	95	0
36	96	0
36	97	0
36	98	1
36	99	1
36	100	1
36	101	0
36	102	0
36	103	0
36	104	1
36	105	0
36	106	0
36	107	0
36	108	0
36	109	0
36	110	1
37	38	1
37	39	1
37	40	0
37	41	0
37	42	0
37	43	0
37	44	1
37	45	1
37	46	0
37	47	1
37	48	1
37	49	1
37	50	0
37	51	0
37	52	1
37	53	1
37	54	1
37	55	0
37	56	0
37	57	0
37	58	0
37	59	1
37	60	0
37	61	0
37	62	1
37	63	0
37	64	0
37	65	0
37	66	1
37	67	1
37	68	1
37	69	0
37	70	1
37	71	0
37	72	1
37	73	0
37	74	0
37	75	1
37	76	1
37	77	1
37	78	1
37	79	0
37	80	0
37	81	0
37	82	1
37	83	1
37	84	0
37	85	0
37	86	1
37	87	1
37	88	1
37	89	0
37	90	0
37	91	0
37	92	1
37	93	0
37	94	0
37	95	0
37	96	0
37	97	0
37	98	0
37	99	1
37	100	0
37	101	1
37	102	1
37	103	1
37	104	0
37	105	0
37	106	0
37	107	0
37	108	0
37	109	1
37	110	0
38	39	1
38	40	0
38	41	0
38	42	0
38	43	0
38	44	1
38	45	0
38	46	0
38	47	0
38	48	0
38	49	1
38	50	1
38	51	1
38	52	0
38	53	0
38	54	0
38	55	0
38	56	0
38	57	1
38	58	0
38	59	1
38	60	0
38	61	0
38	62	1
38	63	0
38	64	1
38	65	0
38	66	1
38	67	1
38	68	0
38	69	1
38	70	1
38	71	0
38	72	1
38	73	1
38	74	0
38	75	0
38	76	1
38	77	1
38	78	0
38	79	0
38	80	0
38	81	0
38	82	1
38	83	1
38	84	1
38	85	1
38	86	0
38	87	1
38	88	0
38	89	1
38	90	0
38	91	1
38	92	0
38	93	1
38	94	1
38	95	1
38	96	1
38	97	1
38	98	0
38	99	0
38	100	1
38	101	1
38	102	1
38	103	1
38	104	1
38	105	0
38	106	0
38	107	0
38	108	1
38	109	0
38	110	0
39	40	1
39	41	1
39	42	1
39	43	1
39	44	1
39	45	1
39	46	1
39	47	1
39	48	0
39	49	0
39	50	0
39	51	0
39	52	1
39	53	0
39	54	0
39	55	0
39	56	0
39	57	0
39	58	0
39	59	1
39	60	0
39	61	1
39	62	0
39	63	0
39	64	0
39	65	0
39	66	0
39	67	0
39	68	0
39	69	0
39	70	1
39	71	0
39	72	1
39	73	1
39	74	0
39	75	1
39	76	1
39	77	0
39	78	0
39	79	0
39	80	0
39	81	0
39	82	0
39	83	0
39	84	0
39	85	1
39	86	1
39	87	0
39	88	1
39	89	0
39	90	1
39	91	1
39	92	0
39	93	0
39	94	1
39	95	1
39	96	1
39	97	1
39	98	1
39	99	1
39	100	1
39	101	0
39	102	0
39	103	0
39	104	0
39	105	1
39	106	0
39	107	0
39	108	1
39	109	1
39	110	0
40	41	1
40	42	0
40	43	1
40	44	0
40	45	0
40	46	1
40	47	0
40	48	0
40	49	1
40	50	1
40	51	1
40	52	1
40	53	0
40	54	1
40	55	0
40	56	1
40	57	0
40	58	0
40	59	1
40	60	0
40	61	1
40	62	1
40	63	0
40	64	1
40	65	0
40	66	0
40	67	0
40	68	1
40	69	1
40	70	0
40	71	1
40	72	1
40	73	0
40	74	0
40	75	1
40	76	0
40	77	0
40	78	1
40	79	0
40	80	0
40	81	1
40	82	1
40	83	1
40	84	1
40	85	1
40	86	0
40	87	0
40	88	1
40	89	0
40	90	1
40	91	1
40	92	0
40	93	1
40	94	1
40	95	1
40	96	0
40	97	0
40	98	1
40	99	1
40	100	0
40	101	0
40	102	0
40	103	0
40	104	0
40	105	0
40	106	1
40	107	0
40	108	0
40	109	0
40	110	1
41	42	1
41	43	0
41	44	1
41	45	0
41	46	0
41	47	1
41	48	0
41	49	1
41	50	0
41	51	0
41	52	1
41	53	0
41	54	0
41	55	1
41	56	0
41	57	1
41	58	1
41	59	1
41	60	0
41	61	1
41	62	0
41	63	1
41	64	0
41	65	0
41	66	1
41	67	0
41	68	0
41	69	0
41	70	1
41	71	1
41	72	0
41	73	1
41	74	1
41	75	0
41	76	1
41	77	0
41	78	0
41	79	0
41	80	1
41	81	1
41	82	1
41	83	1
41	84	1
41	85	0
41	86	0
41	87	0
41	88	1
41	89	0
41	90	1
41	91	0
41	92	0
41	93	0
41	94	1
41	95	1
41	96	1
41	97	0
41	98	1
41	99	0
41	100	1
41	101	0
41	102	0
41	103	1
41	104	1
41	105	0
41	106	0
41	107	0
41	108	0
41	109	1
41	110	0
42	43	0
42	44	1
42	45	0
42	46	0
42	47	1
42	48	1
42	49	0
42	50	1
42	51	1
42	52	1
42	53	1
42	54	1
42	55	0
42	56	0
42	57	1
42	58	1
42	59	0
42	60	0
42	61	0
42	62	1
42	63	1
42	64	0
42	65	1
42	66	0
42	67	1
42	68	0
42	69	1
42	70	1
42	71	0
42	72	1
42	73	1
42	74	1
42	75	0
42	76	1
42	77	1
42	78	1
42	79	1
42	80	1
42	81	1
42	82	0
42	83	1
42	84	0
42	85	1
42	86	0
42	87	1
42	88	0
42	89	1
42	90	1
42	91	1
42	92	1
42	93	1
42	94	0
42	95	0
42	96	1
42	97	0
42	98	0
42	99	0
42	100	0
42	101	0
42	102	0
42	103	1
42	104	0
42	105	1
42	106	1
42	107	1
42	108	0
42	109	1
42	110	1
43	44	1
43	45	1
43	46	1
43	47	1
43	48	1
43	49	0
43	50	1
43	51	1
43	52	1
43	53	0
43	54	0
43	55	0
43	56	1
43	57	0
43	58	1
43	59	1
43	60	1
43	61	0
43	62	0
43	63	1
43	64	1
43	65	0
43	66	1
43	67	1
43	68	0
43	69	0
43	70	0
43	71	0
43	72	0
43	73	1
43	74	0
43	75	0
43	76	0
43	77	0
43	78	1
43	79	0
43	80	0
43	81	1
43	82	0
43	83	1
43	84	1
43	85	1
43	86	0
43	87	1
43	88	0
43	89	1
43	90	1
43	91	1
43	92	0
43	93	1
43	94	1
43	95	1
43	96	1
43	97	0
43	98	1
43	99	1
43	100	1
43	101	1
43	102	0
43	103	1
43	104	1
43	105	0
43	106	1
43	107	0
43	108	1
43	109	1
43	110	1
44	45	0
44	46	1
44	47	0
44	48	0
44	49	1
44	50	0
44	51	0
44	52	0
44	53	0
44	54	1
44	55	0
44	56	0
44	57	1
44	58	1
44	59	1
44	60	0
44	61	0
44	62	1
44	63	0
44	64	1
44	65	1
44	66	0
44	67	0
44	68	1
44	69	0
44	70	1
44	71	0
44	72	1
44	73	0
44	74	1
44	75	1
44	76	0
44	77	1
44	78	1
44	79	1
44	80	0
44	81	0
44	82	1
44	83	1
44	84	0
44	85	0
44	86	1
44	87	1
44	88	1
44	89	0
44	90	1
44	91	1
44	92	0
44	93	0
44	94	1
44	95	1
44	96	0
44	97	0
44	98	0
44	99	0
44	100	0
44	101	0
44	102	0
44	103	0
44	104	1
44	105	1
44	106	1
44	107	1
44	108	0
44	109	1
44	110	1
45	46	0
45	47	0
45	48	1
45	49	1
45	50	0
45	51	1
45	52	1
45	53	0
45	54	0
45	55	0
45	56	0
45	57	0
45	58	1
45	59	0
45	60	0
45	61	1
45	62	0
45	63	1
45	64	1
45	65	1
45	66	0
45	67	0
45	68	0
45	69	1
45	70	1
45	71	0
45	72	0
45	73	0
45	74	1
45	75	0
45	76	1
45	77	0
45	78	0
45	79	1
45	80	1
45	81	1
45	82	1
45	83	0
45	84	0
45	85	0
45	86	0
45	87	0
45	88	1
45	89	0
45	90	0
45	91	1
45	92	0
45	93	0
45	94	0
45	95	1
45	96	0
45	97	1
45	98	1
45	99	0
45	100	1
45	101	1
45	102	0
45	103	1
45	104	1
45	105	1
45	106	1
45	107	1
45	108	1
45	109	0
45	110	1
46	47	1
46	48	0
46	49	1
46	50	1
46	51	1
46	52	1
46	53	0
46	54	0
46	55	0
46	56	0
46	57	1
46	58	1
46	59	1
46	60	0
46	61	0
46	62	0
46	63	1
46	64	1
46	65	0
46	66	0
46	67	0
46	68	0
46	69	1
46	70	0
46	71	1
46	72	1
46	73	0
46	74	1
46	75	0
46	76	1
46	77	1
46	78	0
46	79	0
46	80	0
46	81	0
46	82	0
46	83	1
46	84	0
46	85	0
46	86	0
46	87	1
46	88	1
46	89	0
46	90	1
46	91	1
46	92	0
46	93	0
46	94	1
46	95	1
46	96	1
46	97	0
46	98	1
46	99	0
46	100	0
46	101	0
46	102	1
46	103	1
46	104	0
46	105	0
46	106	1
46	107	1
46	108	1
46	109	1
46	110	1
47	48	1
47	49	0
47	50	1
47	51	0
47	52	0
47	53	1
47	54	1
47	55	1
47	56	1
47	57	0
47	58	1
47	59	0
47	60	0
47	61	1
47	62	0
47	63	0
47	64	0
47	65	1
47	66	1
47	67	1
47	68	1
47	69	0
47	70	1
47	71	0
47	72	0
47	73	0
47	74	0
47	75	1
47	76	1
47	77	0
47	78	0
47	79	0
47	80	1
47	81	1
47	82	1
47	83	0
47	84	1
47	85	1
47	86	1
47	87	0
47	88	0
47	89	0
47	90	0
47	91	1
47	92	0
47	93	1
47	94	0
47	95	1
47	96	0
47	97	1
47	98	0
47	99	0
47	100	1
47	101	0
47	102	0
47	103	1
47	104	1
47	105	0
47	106	1
47	107	0
47	108	0
47	109	1
47	110	0
48	49	1
48	50	0
48	51	1
48	52	1
48	53	1
48	54	0
48	55	1
48	56	1
48	57	1
48	58	1
48	59	1
48	60	0
48	61	0
48	62	0
48	63	1
48	64	1
48	65	0
48	66	0
48	67	1
48	68	0
48	69	1
48	70	1
48	71	0
48	72	1
48	73	0
48	74	0
48	75	0
48	76	0
48	77	0
48	78	1
48	79	0
48	80	0
48	81	1
48	82	0
48	83	1
48	84	0
48	85	1
48	86	1
48	87	1
48	88	0
48	89	0
48	90	1
48	91	1
48	92	1
48	93	1
48	94	0
48	95	0
48	96	1
48	97	0
48	98	1
48	99	1
48	100	1
48	101	1
48	102	0
48	103	1
48	104	1
48	105	0
48	106	1
48	107	0
48	108	0
48	109	1
48	110	1
49	50	1
49	51	1
49	52	1
49	53	0
49	54	0
49	55	0
49	56	0
49	57	1
49	58	0
49	59	1
49	60	0
49	61	0
49	62	1
49	63	0
49	64	0
49	65	1
49	66	0
49	67	0
49	68	0
49	69	1
49	70	0
49	71	0
49	72	1
49	73	0
49	74	0
49	75	0
49	76	1
49	77	0
49	78	1
49	79	0
49	80	1
49	81	0
49	82	1
49	83	0
49	84	0
49	85	1
49	86	1
49	87	1
49	88	0
49	89	1
49	90	1
49	91	0
49	92	0
49	93	1
49	94	1
49	95	0
49	96	0
49	97	0
49	98	1
49	99	1
49	100	0
49	101	0
49	102	1
49	103	0
49	104	0
49	105	0
49	106	0
49	107	0
49	108	0
49	109	0
49	110	0
50	51	0
50	52	1
50	53	0
50	54	1
50	55	0
50	56	1
50	57	1
50	58	1
50	59	0
50	60	0
50	61	1
50	62	1
50	63	1
50	64	1
50	65	0
50	66	1
50	67	0
50	68	0
50	69	1
50	70	1
50	71	1
50	72	1
50	73	1
50	74	1
50	75	1
50	76	0
50	77	1
50	78	1
50	79	0
50	80	0
50	81	1
50	82	1
50	83	1
50	84	1
50	85	1
50	86	0
50	87	0
50	88	0
50	89	0
50	90	1
50	91	1
50	92	1
50	93	0
50	94	0
50	95	1
50	96	0
50	97	1
50	98	1
50	99	0
50	100	1
50	101	0
50	102	0
50	103	0
50	104	1
50	105	0
50	106	0
50	107	1
50	108	1
50	109	0
50	110	0
51	52	1
51	53	0
51	54	0
51	55	1
51	56	0
51	57	0
51	58	1
51	59	0
51	60	1
51	61	0
51	62	1
51	63	1
51	64	0
51	65	0
51	66	1
51	67	1
51	68	1
51	69	1
51	70	1
51	71	0
51	72	1
51	73	1
51	74	1
51	75	1
51	76	0
51	77	1
51	78	1
51	79	1
51	80	1
51	81	1
51	82	0
51	83	0
51	84	1
51	85	1
51	86	1
51	87	0
51	88	0
51	89	0
51	90	0
51	91	1
51	92	0
51	93	1
51	94	0
51	95	0
51	96	1
51	97	1
51	98	1
51	99	0
51	100	1
51	101	0
51	102	1
51	103	0
51	104	1
51	105	0
51	106	0
51	107	0
51	108	1
51	109	0
51	110	0
52	53	0
52	54	0
52	55	1
52	56	0
52	57	1
52	58	0
52	59	0
52	60	0
52	61	1
52	62	1
52	63	1
52	64	0
52	65	0
52	66	0
52	67	1
52	68	1
52	69	1
52	70	1
52	71	1
52	72	1
52	73	0
52	74	0
52	75	0
52	76	1
52	77	0
52	78	1
52	79	1
52	80	1
52	81	1
52	82	0
52	83	0
52	84	1
52	85	1
52	86	1
52	87	1
52	88	1
52	89	1
52	90	0
52	91	0
52	92	0
52	93	1
52	94	0
52	95	1
52	96	1
52	97	1
52	98	0
52	99	1
52	100	1
52	101	0
52	102	1
52	103	1
52	104	1
52	105	0
52	106	0
52	107	0
52	108	1
52	109	0
52	110	0
53	54	1
53	55	1
53	56	1
53	57	1
53	58	0
53	59	1
53	60	0
53	61	1
53	62	1
53	63	0
53	64	1
53	65	0
53	66	1
53	67	0
53	68	0
53	69	0
53	70	0
53	71	0
53	72	0
53	73	0
53	74	1
53	75	1
53	76	0
53	77	1
53	78	1
53	79	0
53	80	1
53	81	0
53	82	1
53	83	1
53	84	1
53	85	0
53	86	0
53	87	1
53	88	1
53	89	0
53	90	1
53	91	0
53	92	1
53	93	1
53	94	0
53	95	1
53	96	1
53	97	1
53	98	0
53	99	1
53	100	0
53	101	0
53	102	0
53	103	0
53	104	0
53	105	1
53	106	0
53	107	1
53	108	1
53	109	1
53	110	1
54	55	1
54	56	1
54	57	0
54	58	0
54	59	1
54	60	1
54	61	1
54	62	1
54	63	1
54	64	1
54	65	1
54	66	1
54	67	0
54	68	0
54	69	1
54	70	1
54	71	1
54	72	1
54	73	1
54	74	1
54	75	1
54	76	0
54	77	1
54	78	0
54	79	0
54	80	0
54	81	1
54	82	0
54	83	0
54	84	0
54	85	1
54	86	1
54	87	0
54	88	1
54	89	1
54	90	1
54	91	0
54	92	1
54	93	1
54	94	0
54	95	0
54	96	0
54	97	1
54	98	1
54	99	0
54	100	1
54	101	1
54	102	0
54	103	1
54	104	1
54	105	0
54	106	0
54	107	0
54	108	0
54	109	0
54	110	1
55	56	0
55	57	1
55	58	1
55	59	1
55	60	0
55	61	1
55	62	1
55	63	0
55	64	1
55	65	1
55	66	1
55	67	0
55	68	1
55	69	0
55	70	1
55	71	0
55	72	0
55	73	0
55	74	1
55	75	1
55	76	0
55	77	0
55	78	1
55	79	1
55	80	0
55	81	1
55	82	0
55	83	1
55	84	1
55	85	1
55	86	0
55	87	1
55	88	0
55	89	1
55	90	1
55	91	1
55	92	0
55	93	1
55	94	1
55	95	0
55	96	1
55	97	0
55	98	1
55	99	1
55	100	0
55	101	0
55	102	1
55	103	0
55	104	0
55	105	0
55	106	1
55	107	1
55	108	0
55	109	0
55	110	1
56	57	1
56	58	0
56	59	0
56	60	1
56	61	0
56	62	0
56	63	0
56	64	1
56	65	0
56	66	1
56	67	0
56	68	0
56	69	0
56	70	0
56	71	0
56	72	1
56	73	0
56	74	0
56	75	1
56	76	1
56	77	0
56	78	1
56	79	0
56	80	0
56	81	0
56	82	1
56	83	0
56	84	1
56	85	0
56	86	1
56	87	0
56	88	0
56	89	1
56	90	1
56	91	0
56	92	0
56	93	1
56	94	0
56	95	0
56	96	0
56	97	0
56	98	0
56	99	1
56	100	0
56	101	0
56	102	1
56	103	1
56	104	1
56	105	0
56	106	0
56	107	0
56	108	1
56	109	0
56	110	0
57	58	1
57	59	0
57	60	1
57	61	0
57	62	1
57	63	1
57	64	0
57	65	0
57	66	0
57	67	1
57	68	0
57	69	0
57	70	1
57	71	0
57	72	1
57	73	0
57	74	1
57	75	1
57	76	0
57	77	0
57	78	0
57	79	0
57	80	0
57	81	1
57	82	1
57	83	0
57	84	1
57	85	0
57	86	1
57	87	1
57	88	0
57	89	1
57	90	0
57	91	1
57	92	1
57	93	1
57	94	0
57	95	1
57	96	1
57	97	0
57	98	0
57	99	0
57	100	1
57	101	0
57	102	0
57	103	1
57	104	0
57	105	0
57	106	0
57	107	0
57	108	1
57	109	0
57	110	1
58	59	0
58	60	0
58	61	1
58	62	1
58	63	1
58	64	0
58	65	0
58	66	1
58	67	1
58	68	1
58	69	1
58	70	1
58	71	1
58	72	0
58	73	1
58	74	0
58	75	0
58	76	1
58	77	0
58	78	0
58	79	1
58	80	1
58	81	1
58	82	1
58	83	1
58	84	0
58	85	0
58	86	1
58	87	0
58	88	0
58	89	0
58	90	1
58	91	0
58	92	1
58	93	0
58	94	1
58	95	1
58	96	0
58	97	1
58	98	1
58	99	1
58	100	0
58	101	1
58	102	1
58	103	1
58	104	0
58	105	0
58	106	0
58	107	0
58	108	1
58	109	0
58	110	1
59	60	1
59	61	0
59	62	1
59	63	0
59	64	0
59	65	0
59	66	0
59	67	0
59	68	0
59	69	1
59	70	1
59	71	1
59	72	0
59	73	1
59	74	0
59	75	0
59	76	0
59	77	1
59	78	1
59	79	0
59	80	1
59	81	0
59	82	0
59	83	1
59	84	1
59	85	1
59	86	1
59	87	1
59	88	1
59	89	1
59	90	0
59	91	1
59	92	0
59	93	1
59	94	1
59	95	1
59	96	0
59	97	0
59	98	1
59	99	1
59	100	0
59	101	1
59	102	1
59	103	1
59	104	0
59	105	0
59	106	1
59	107	1
59	108	1
59	109	0
59	110	1
60	61	0
60	62	1
60	63	0
60	64	1
60	65	1
60	66	0
60	67	0
60	68	0
60	69	1
60	70	0
60	71	0
60	72	0
60	73	1
60	74	0
60	75	0
60	76	0
60	77	1
60	78	1
60	79	1
60	80	1
60	81	0
60	82	0
60	83	1
60	84	0
60	85	0
60	86	1
60	87	1
60	88	0
60	89	1
60	90	1
60	91	0
60	92	0
60	93	1
60	94	1
60	95	0
60	96	1
60	97	1
60	98	1
60	99	0
60	100	1
60	101	0
60	102	1
60	103	0
60	104	1
60	105	0
60	106	0
60	107	0
60	108	1
60	109	1
60	110	0
61	62	0
61	63	0
61	64	1
61	65	1
61	66	0
61	67	1
61	68	0
61	69	1
61	70	0
61	71	0
61	72	1
61	73	1
61	74	0
61	75	1
61	76	1
61	77	1
61	78	1
61	79	0
61	80	1
61	81	0
61	82	1
61	83	1
61	84	1
61	85	1
61	86	0
61	87	0
61	88	1
61	89	0
61	90	1
61	91	1
61	92	1
61	93	1
61	94	0
61	95	0
61	96	1
61	97	1
61	98	0
61	99	1
61	100	0
61	101	0
61	102	0
61	103	0
61	104	1
61	105	1
61	106	1
61	107	0
61	108	0
61	109	0
61	110	0
62	63	0
62	64	0
62	65	1
62	66	0
62	67	1
62	68	0
62	69	1
62	70	0
62	71	1
62	72	0
62	73	0
62	74	0
62	75	0
62	76	1
62	77	0
62	78	1
62	79	1
62	80	0
62	81	0
62	82	1
62	83	1
62	84	0
62	85	1
62	86	1
62	87	1
62	88	1
62	89	1
62	90	0
62	91	1
62	92	0
62	93	1
62	94	1
62	95	1
62	96	0
62	97	1
62	98	1
62	99	0
62	100	0
62	101	1
62	102	1
62	103	0
62	104	1
62	105	1
62	106	0
62	107	1
62	108	1
62	109	0
62	110	1
63	64	0
63	65	1
63	66	1
63	67	0
63	68	0
63	69	0
63	70	0
63	71	0
63	72	0
63	73	0
63	74	1
63	75	1
63	76	1
63	77	1
63	78	1
63	79	0
63	80	1
63	81	0
63	82	0
63	83	0
63	84	0
63	85	1
63	86	0
63	87	0
63	88	0
63	89	0
63	90	1
63	91	1
63	92	1
63	93	0
63	94	1
63	95	0
63	96	0
63	97	1
63	98	1
63	99	1
63	100	0
63	101	1
63	102	1
63	103	1
63	104	1
63	105	0
63	106	1
63	107	1
63	108	1
63	109	1
63	110	0
64	65	1
64	66	1
64	67	1
64	68	0
64	69	0
64	70	0
64	71	0
64	72	1
64	73	1
64	74	1
64	75	1
64	76	0
64	77	0
64	78	0
64	79	1
64	80	0
64	81	0
64	82	1
64	83	1
64	84	0
64	85	0
64	86	1
64	87	1
64	88	0
64	89	0
64	90	1
64	91	1
64	92	1
64	93	0
64	94	1
64	95	1
64	96	1
64	97	0
64	98	1
64	99	1
64	100	0
64	101	1
64	102	1
64	103	1
64	104	1
64	105	0
64	106	0
64	107	1
64	108	0
64	109	0
64	110	0
65	66	0
65	67	0
65	68	0
65	69	1
65	70	1
65	71	1
65	72	0
65	73	1
65	74	1
65	75	0
65	76	0
65	77	0
65	78	1
65	79	0
65	80	0
65	81	0
65	82	0
65	83	0
65	84	1
65	85	0
65	86	0
65	87	0
65	88	0
65	89	1
65	90	0
65	91	1
65	92	0
65	93	1
65	94	0
65	95	0
65	96	1
65	97	0
65	98	0
65	99	0
65	100	0
65	101	0
65	102	1
65	103	1
65	104	1
65	105	1
65	106	1
65	107	0
65	108	1
65	109	0
65	110	1
66	67	1
66	68	0
66	69	0
66	70	1
66	71	0
66	72	1
66	73	0
66	74	0
66	75	1
66	76	0
66	77	0
66	78	0
66	79	0
66	80	1
66	81	1
66	82	1
66	83	1
66	84	1
66	85	0
66	86	0
66	87	1
66	88	1
66	89	0
66	90	0
66	91	0
66	92	1
66	93	0
66	94	0
66	95	0
66	96	0
66	97	0
66	98	0
66	99	1
66	100	1
66	101	1
66	102	1
66	103	0
66	104	0
66	105	0
66	106	1
66	107	0
66	108	1
66	109	1
66	110	1
67	68	1
67	69	1
67	70	1
67	71	1
67	72	1
67	73	0
67	74	0
67	75	0
67	76	1
67	77	1
67	78	0
67	79	1
67	80	0
67	81	0
67	82	1
67	83	1
67	84	1
67	85	0
67	86	1
67	87	1
67	88	1
67	89	1
67	90	0
67	91	1
67	92	1
67	93	1
67	94	1
67	95	1
67	96	0
67	97	1
67	98	1
67	99	0
67	100	0
67	101	0
67	102	0
67	103	0
67	104	0
67	105	1
67	106	0
67	107	1
67	108	0
67	109	1
67	110	1
68	69	1
68	70	0
68	71	0
68	72	1
68	73	1
68	74	0
68	75	1
68	76	0
68	77	1
68	78	0
68	79	1
68	80	1
68	81	0
68	82	0
68	83	1
68	84	1
68	85	1
68	86	1
68	87	1
68	88	0
68	89	0
68	90	1
68	91	1
68	92	1
68	93	1
68	94	1
68	95	0
68	96	1
68	97	1
68	98	0
68	99	0
68	100	1
68	101	0
68	102	0
68	103	1
68	104	0
68	105	1
68	106	1
68	107	0
68	108	0
68	109	1
68	110	1
69	70	1
69	71	0
69	72	0
69	73	0
69	74	0
69	75	0
69	76	0
69	77	0
69	78	1
69	79	0
69	80	1
69	81	0
69	82	1
69	83	0
69	84	1
69	85	1
69	86	1
69	87	0
69	88	0
69	89	1
69	90	0
69	91	0
69	92	1
69	93	0
69	94	1
69	95	0
69	96	1
69	97	0
69	98	0
69	99	1
69	100	0
69	101	1
69	102	1
69	103	0
69	104	1
69	105	0
69	106	0
69	107	0
69	108	0
69	109	0
69	110	0
70	71	1
70	72	0
70	73	1
70	74	1
70	75	0
70	76	0
70	77	1
70	78	0
70	79	1
70	80	1
70	81	1
70	82	0
70	83	0
70	84	1
70	85	1
70	86	1
70	87	0
70	88	0
70	89	0
70	90	0
70	91	1
70	92	0
70	93	0
70	94	0
70	95	1
70	96	0
70	97	1
70	98	0
70	99	1
70	100	0
70	101	1
70	102	0
70	103	1
70	104	1
70	105	1
70	106	0
70	107	1
70	108	0
70	109	0
70	110	0
71	72	0
71	73	1
71	74	0
71	75	1
71	76	1
71	77	1
71	78	0
71	79	1
71	80	0
71	81	0
71	82	1
71	83	0
71	84	1
71	85	1
71	86	1
71	87	0
71	88	0
71	89	0
71	90	0
71	91	1
71	92	1
71	93	1
71	94	0
71	95	0
71	96	1
71	97	0
71	98	1
71	99	0
71	100	0
71	101	0
71	102	0
71	103	1
71	104	1
71	105	1
71	106	1
71	107	0
71	108	0
71	109	0
71	110	1
72	73	1
72	74	0
72	75	1
72	76	0
72	77	1
72	78	0
72	79	0
72	80	1
72	81	0
72	82	0
72	83	1
72	84	0
72	85	0
72	86	1
72	87	0
72	88	0
72	89	1
72	90	0
72	91	0
72	92	0
72	93	1
72	94	0
72	95	0
72	96	1
72	97	0
72	98	0
72	99	1
72	100	1
72	101	1
72	102	1
72	103	1
72	104	0
72	105	0
72	106	0
72	107	0
72	108	0
72	109	0
72	110	1
73	74	0
73	75	0
73	76	1
73	77	0
73	78	1
73	79	0
73	80	0
73	81	1
73	82	0
73	83	0
73	84	1
73	85	0
73	86	1
73	87	0
73	88	0
73	89	1
73	90	0
73	91	0
73	92	0
73	93	1
73	94	0
73	95	0
73	96	0
73	97	1
73	98	1
73	99	1
73	100	0
73	101	0
73	102	0
73	103	1
73	104	1
73	105	1
73	106	1
73	107	1
73	108	1
73	109	0
73	110	1
74	75	1
74	76	0
74	77	0
74	78	1
74	79	1
74	80	1
74	81	0
74	82	1
74	83	1
74	84	1
74	85	0
74	86	1
74	87	0
74	88	1
74	89	0
74	90	1
74	91	1
74	92	0
74	93	0
74	94	1
74	95	0
74	96	1
74	97	1
74	98	1
74	99	0
74	100	0
74	101	0
74	102	0
74	103	1
74	104	1
74	105	1
74	106	1
74	107	1
74	108	0
74	109	1
74	110	1
75	76	0
75	77	0
75	78	1
75	79	0
75	80	1
75	81	1
75	82	1
75	83	1
75	84	1
75	85	1
75	86	0
75	87	0
75	88	1
75	89	1
75	90	0
75	91	0
75	92	0
75	93	0
75	94	1
75	95	1
75	96	1
75	97	0
75	98	0
75	99	1
75	100	1
75	101	0
75	102	0
75	103	1
75	104	0
75	105	0
75	106	0
75	107	1
75	108	0
75	109	0
75	110	0
76	77	1
76	78	1
76	79	1
76	80	0
76	81	0
76	82	1
76	83	0
76	84	1
76	85	1
76	86	1
76	87	0
76	88	1
76	89	0
76	90	1
76	91	1
76	92	1
76	93	1
76	94	1
76	95	0
76	96	1
76	97	1
76	98	0
76	99	1
76	100	0
76	101	1
76	102	0
76	103	0
76	104	1
76	105	0
76	106	1
76	107	1
76	108	1
76	109	1
76	110	0
77	78	1
77	79	1
77	80	1
77	81	1
77	82	1
77	83	0
77	84	1
77	85	0
77	86	1
77	87	0
77	88	1
77	89	0
77	90	1
77	91	0
77	92	0
77	93	0
77	94	0
77	95	1
77	96	1
77	97	0
77	98	1
77	99	0
77	100	0
77	101	1
77	102	1
77	103	0
77	104	0
77	105	0
77	106	0
77	107	0
77	108	0
77	109	1
77	110	1
78	79	0
78	80	0
78	81	0
78	82	1
78	83	0
78	84	1
78	85	0
78	86	1
78	87	1
78	88	0
78	89	1
78	90	0
78	91	0
78	92	0
78	93	0
78	94	0
78	95	1
78	96	0
78	97	0
78	98	0
78	99	0
78	100	1
78	101	0
78	102	1
78	103	0
78	104	0
78	105	0
78	106	1
78	107	1
78	108	0
78	109	0
78	110	1
79	80	0
79	81	1
79	82	0
79	83	1
79	84	1
79	85	0
79	86	0
79	87	0
79	88	1
79	89	1
79	90	1
79	91	1
79	92	1
79	93	0
79	94	0
79	95	0
79	96	1
79	97	0
79	98	0
79	99	1
79	100	0
79	101	0
79	102	0
79	103	0
79	104	0
79	105	1
79	106	1
79	107	0
79	108	0
79	109	1
79	110	0
80	81	1
80	82	0
80	83	1
80	84	1
80	85	0
80	86	0
80	87	1
80	88	0
80	89	0
80	90	1
80	91	1
80	92	0
80	93	0
80	94	1
80	95	1
80	96	0
80	97	0
80	98	0
80	99	0
80	100	0
80	101	0
80	102	1
80	103	1
80	104	1
80	105	0
80	106	0
80	107	1
80	108	0
80	109	1
80	110	0
81	82	1
81	83	0
81	84	0
81	85	1
81	86	1
81	87	1
81	88	1
81	89	1
81	90	1
81	91	0
81	92	1
81	93	1
81	94	1
81	95	0
81	96	0
81	97	0
81	98	1
81	99	1
81	100	0
81	101	0
81	102	0
81	103	0
81	104	1
81	105	1
81	106	0
81	107	0
81	108	1
81	109	1
81	110	1
82	83	1
82	84	0
82	85	0
82	86	1
82	87	1
82	88	0
82	89	1
82	90	0
82	91	1
82	92	1
82	93	1
82	94	0
82	95	1
82	96	0
82	97	0
82	98	0
82	99	0
82	100	0
82	101	1
82	102	0
82	103	0
82	104	0
82	105	1
82	106	1
82	107	1
82	108	1
82	109	1
82	110	1
83	84	1
83	85	1
83	86	0
83	87	0
83	88	0
83	89	1
83	90	1
83	91	0
83	92	0
83	93	0
83	94	1
83	95	0
83	96	1
83	97	1
83	98	0
83	99	1
83	100	1
83	101	1
83	102	1
83	103	0
83	104	1
83	105	0
83	106	0
83	107	1
83	108	0
83	109	0
83	110	1
84	85	0
84	86	1
84	87	0
84	88	0
84	89	0
84	90	0
84	91	0
84	92	0
84	93	0
84	94	1
84	95	0
84	96	1
84	97	0
84	98	0
84	99	1
84	100	0
84	101	1
84	102	0
84	103	1
84	104	1
84	105	0
84	106	0
84	107	0
84	108	1
84	109	1
84	110	0
85	86	1
85	87	0
85	88	0
85	89	0
85	90	1
85	91	1
85	92	0
85	93	0
85	94	1
85	95	0
85	96	1
85	97	1
85	98	1
85	99	1
85	100	1
85	101	0
85	102	0
85	103	1
85	104	0
85	105	0
85	106	1
85	107	1
85	108	0
85	109	0
85	110	1
86	87	0
86	88	0
86	89	1
86	90	0
86	91	0
86	92	0
86	93	0
86	94	1
86	95	0
86	96	0
86	97	1
86	98	1
86	99	0
86	100	1
86	101	1
86	102	0
86	103	1
86	104	1
86	105	0
86	106	1
86	107	0
86	108	0
86	109	1
86	110	0
87	88	1
87	89	1
87	90	1
87	91	1
87	92	0
87	93	0
87	94	0
87	95	1
87	96	1
87	97	0
87	98	1
87	99	0
87	100	1
87	101	0
87	102	1
87	103	1
87	104	0
87	105	0
87	106	1
87	107	0
87	108	1
87	109	0
87	110	1
88	89	1
88	90	0
88	91	1
88	92	1
88	93	0
88	94	1
88	95	0
88	96	0
88	97	0
88	98	1
88	99	1
88	100	0
88	101	0
88	102	0
88	103	0
88	104	0
88	105	0
88	106	0
88	107	0
88	108	0
88	109	0
88	110	0
89	90	0
89	91	1
89	92	0
89	93	0
89	94	0
89	95	1
89	96	1
89	97	1
89	98	1
89	99	1
89	100	1
89	101	0
89	102	0
89	103	0
89	104	1
89	105	1
89	106	0
89	107	0
89	108	0
89	109	0
89	110	1
90	91	0
90	92	0
90	93	0
90	94	0
90	95	0
90	96	0
90	97	1
90	98	0
90	99	0
90	100	1
90	101	0
90	102	1
90	103	1
90	104	0
90	105	0
90	106	1
90	107	0
90	108	0
90	109	1
90	110	1
91	92	1
91	93	0
91	94	1
91	95	0
91	96	0
91	97	1
91	98	0
91	99	0
91	100	1
91	101	0
91	102	1
91	103	1
91	104	0
91	105	0
91	106	0
91	107	0
91	108	1
91	109	0
91	110	1
92	93	1
92	94	1
92	95	0
92	96	0
92	97	0
92	98	0
92	99	0
92	100	0
92	101	0
92	102	1
92	103	1
92	104	1
92	105	0
92	106	1
92	107	1
92	108	1
92	109	0
92	110	1
93	94	0
93	95	0
93	96	1
93	97	0
93	98	0
93	99	0
93	100	1
93	101	0
93	102	1
93	103	1
93	104	0
93	105	0
93	106	0
93	107	0
93	108	1
93	109	0
93	110	0
94	95	0
94	96	1
94	97	0
94	98	1
94	99	1
94	100	1
94	101	0
94	102	1
94	103	0
94	104	1
94	105	0
94	106	1
94	107	1
94	108	0
94	109	0
94	110	0
95	96	1
95	97	1
95	98	1
95	99	1
95	100	0
95	101	1
95	102	0
95	103	1
95	104	0
95	105	0
95	106	1
95	107	0
95	108	1
95	109	0
95	110	1
96	97	0
96	98	1
96	99	0
96	100	0
96	101	0
96	102	0
96	103	1
96	104	1
96	105	0
96	106	1
96	107	0
96	108	1
96	109	1
96	110	1
97	98	1
97	99	1
97	100	1
97	101	0
97	102	0
97	103	0
97	104	1
97	105	0
97	106	1
97	107	0
97	108	1
97	109	0
97	110	0
98	99	0
98	100	0
98	101	1
98	102	1
98	103	1
98	104	1
98	105	0
98	106	1
98	107	0
98	108	1
98	109	1
98	110	0
99	100	1
99	101	0
99	102	0
99	103	0
99	104	0
99	105	0
99	106	1
99	107	1
99	108	0
99	109	0
99	110	1
100	101	1
100	102	1
100	103	1
100	104	1
100	105	0
100	106	1
100	107	1
100	108	0
100	109	1
100	110	1
101	102	0
101	103	1
101	104	0
101	105	0
101	106	1
101	107	1
101	108	1
101	109	1
101	110	1
102	103	1
102	104	0
102	105	0
102	106	0
102	107	0
102	108	0
102	109	1
102	110	1
103	104	1
103	105	1
103	106	1
103	107	0
103	108	0
103	109	1
103	110	0
104	105	0
104	106	1
104	107	0
104	108	1
104	109	1
104	110	1
105	106	0
105	107	0
105	108	1
105	109	0
105	110	1
106	107	0
106	108	1
106	109	1
106	110	0
107	108	1
107	109	0
107	110	0
108	109	1
108	110	0
109	110	0
