110	5995	0
1	2	0
1	3	0
1	4	1
1	5	1
1	6	0
1	7	1
1	8	0
1	9	1
1	10	0
1	11	1
1	12	1
1	13	1
1	14	0
1	15	0
1	16	1
1	17	0
1	18	0
1	19	0
1	20	1
1	21	1
1	22	1
1	23	0
1	24	1
1	25	1
1	26	0
1	27	0
1	28	1
1	29	1
1	30	0
1	31	0
1	32	0
1	33	1
1	34	1
1	35	1
1	36	0
1	37	0
1	38	1
1	39	1
1	40	0
1	41	0
1	42	0
1	43	0
1	44	1
1	45	1
1	46	0
1	47	0
1	48	0
1	49	0
1	50	1
1	51	0
1	52	1
1	53	1
1	54	0
1	55	0
1	56	1
1	57	1
1	58	1
1	59	1
1	60	1
1	61	0
1	62	0
1	63	1
1	64	1
1	65	0
1	66	0
1	67	1
1	68	1
1	69	1
1	70	1
1	71	0
1	72	1
1	73	0
1	74	0
1	75	1
1	76	1
1	77	0
1	78	1
1	79	0
1	80	0
1	81	1
1	82	1
1	83	0
1	84	1
1	85	1
1	86	0
1	87	0
1	88	0
1	89	0
1	90	1
1	91	1
1	92	0
1	93	1
1	94	0
1	95	1
1	96	1
1	97	0
1	98	0
1	99	1
1	100	1
1	101	0
1	102	1
1	103	1
1	104	0
1	105	1
1	106	0
1	107	1
1	108	0
1	109	0
1	110	0
2	3	1
2	4	1
2	5	0
2	6	1
2	7	1
2	8	0
2	9	1
2	10	0
2	11	0
2	12	0
2	13	0
2	14	1
2	15	0
2	16	0
2	17	0
2	18	0
2	19	1
2	20	0
2	21	1
2	22	0
2	23	0
2	24	1
2	25	0
2	26	0
2	27	0
2	28	0
2	29	0
2	30	1
2	31	1
2	32	1
2	33	1
2	34	1
2	35	1
2	36	1
2	37	1
2	38	0
2	39	1
2	40	0
2	41	0
2	42	0
2	43	0
2	44	1
2	45	1
2	46	0
2	47	1
2	48	1
2	49	0
2	50	0
2	51	0
2	52	1
2	53	0
2	54	0
2	55	0
2	56	0
2	57	1
2	58	0
2	59	0
2	60	1
2	61	0
2	62	1
2	63	0
2	64	1
2	65	1
2	66	0
2	67	0
2	68	1
2	69	0
2	70	0
2	71	1
2	72	1
2	73	1
2	74	0
2	75	1
2	76	1
2	77	1
2	78	0
2	79	1
2	80	1
2	81	1
2	82	1
2	83	1
2	84	0
2	85	1
2	86	0
2	87	1
2	88	0
2	89	1
2	90	0
2	91	0
2	92	0
2	93	1
2	94	0
2	95	1
2	96	1
2	97	1
2	98	0
2	99	0
2	100	0
2	101	0
2	102	1
2	103	1
2	104	0
2	105	0
2	106	0
2	107	0
2	108	0
2	109	1
2	110	0
3	4	1
3	5	0
3	6	0
3	7	0
3	8	1
3	9	0
3	10	0
3	11	0
3	12	1
3	13	0
3	14	0
3	15	0
3	16	0
3	17	1
3	18	1
3	19	0
3	20	0
3	21	0
3	22	0
3	23	1
3	24	1
3	25	0
3	26	1
3	27	0
3	28	0
3	29	0
3	30	1
3	31	0
3	32	0
3	33	0
3	34	0
3	35	0
3	36	0
3	37	1
3	38	1
3	39	0
3	40	1
3	41	0
3	42	1
3	43	0
3	44	0
3	45	1
3	46	0
3	47	1
3	48	1
3	49	0
3	50	1
3	51	0
3	52	0
3	53	1
3	54	1
3	55	1
3	56	1
3	57	1
3	58	0
3	59	0
3	60	0
3	61	0
3	62	0
3	63	1
3	64	0
3	65	0
3	66	0
3	67	1
3	68	0
3	69	0
3	70	0
3	71	0
3	72	0
3	73	0
3	74	0
3	75	0
3	76	1
3	77	1
3	78	0
3	79	0
3	80	1
3	81	1
3	82	1
3	83	0
3	84	1
3	85	1
3	86	0
3	87	1
3	88	1
3	89	1
3	90	0
3	91	1
3	92	1
3	93	0
3	94	1
3	95	1
3	96	1
3	97	1
3	98	0
3	99	1
3	100	1
3	101	0
3	102	1
3	103	0
3	104	0
3	105	0
3	106	1
3	107	1
3	108	0
3	109	1
3	110	1
4	5	1
4	6	0
4	7	0
4	8	0
4	9	1
4	10	0
4	11	1
4	12	0
4	13	1
4	14	1
4	15	1
4	16	0
4	17	1
4	18	0
4	19	1
4	20	0
4	21	1
4	22	0
4	23	0
4	24	1
4	25	0
4	26	0
4	27	0
4	28	0
4	29	1
4	30	0
4	31	1
4	32	0
4	33	0
4	34	1
4	35	1
4	36	1
4	37	1
4	38	0
4	39	1
4	40	1
4	41	0
4	42	1
4	43	1
4	44	0
4	45	1
4	46	1
4	47	0
4	48	0
4	49	0
4	50	0
4	51	1
4	52	1
4	53	0
4	54	0
4	55	1
4	56	0
4	57	0
4	58	1
4	59	1
4	60	0
4	61	0
4	62	0
4	63	0
4	64	1
4	65	0
4	66	0
4	67	1
4	68	0
4	69	0
4	70	1
4	71	1
4	72	0
4	73	1
4	74	1
4	75	1
4	76	1
4	77	1
4	78	0
4	79	0
4	80	1
4	81	1
4	82	0
4	83	0
4	84	0
4	85	0
4	86	0
4	87	0
4	88	0
4	89	1
4	90	0
4	91	1
4	92	0
4	93	0
4	94	1
4	95	0
4	96	1
4	97	1
4	98	1
4	99	0
4	100	1
4	101	1
4	102	0
4	103	0
4	104	0
4	105	0
4	106	0
4	107	1
4	108	0
4	109	0
4	110	1
5	6	0
5	7	1
5	8	0
5	9	1
5	10	0
5	11	1
5	12	1
5	13	0
5	14	0
5	15	0
5	16	0
5	17	1
5	18	0
5	19	0
5	20	1
5	21	1
5	22	1
5	23	0
5	24	0
5	25	0
5	26	1
5	27	1
5	28	1
5	29	0
5	30	1
5	31	0
5	32	0
5	33	1
5	34	1
5	35	0
5	36	1
5	37	0
5	38	0
5	39	0
5	40	0
5	41	1
5	42	1
5	43	0
5	44	0
5	45	0
5	46	0
5	47	1
5	48	1
5	49	0
5	50	1
5	51	1
5	52	0
5	53	0
5	54	0
5	55	1
5	56	0
5	57	1
5	58	0
5	59	1
5	60	0
5	61	1
5	62	0
5	63	0
5	64	1
5	65	1
5	66	1
5	67	1
5	68	0
5	69	0
5	70	0
5	71	1
5	72	0
5	73	1
5	74	1
5	75	1
5	76	0
5	77	1
5	78	0
5	79	1
5	80	0
5	81	0
5	82	1
5	83	0
5	84	0
5	85	0
5	86	1
5	87	1
5	88	0
5	89	0
5	90	1
5	91	1
5	92	0
5	93	0
5	94	0
5	95	1
5	96	1
5	97	1
5	98	1
5	99	0
5	100	0
5	101	0
5	102	1
5	103	1
5	104	1
5	105	0
5	106	1
5	107	1
5	108	1
5	109	0
5	110	1
6	7	0
6	8	0
6	9	1
6	10	0
6	11	0
6	12	0
6	13	0
6	14	0
6	15	1
6	16	0
6	17	0
6	18	1
6	19	0
6	20	1
6	21	0
6	22	0
6	23	1
6	24	0
6	25	1
6	26	0
6	27	0
6	28	1
6	29	1
6	30	0
6	31	1
6	32	1
6	33	1
6	34	1
6	35	0
6	36	1
6	37	1
6	38	1
6	39	0
6	40	0
6	41	1
6	42	0
6	43	1
6	44	0
6	45	1
6	46	0
6	47	1
6	48	1
6	49	0
6	50	0
6	51	1
6	52	1
6	53	0
6	54	1
6	55	0
6	56	0
6	57	1
6	58	0
6	59	0
6	60	0
6	61	0
6	62	0
6	63	1
6	64	0
6	65	0
6	66	0
6	67	0
6	68	0
6	69	1
6	70	0
6	71	1
6	72	1
6	73	0
6	74	0
6	75	1
6	76	0
6	77	0
6	78	0
6	79	1
6	80	0
6	81	1
6	82	1
6	83	0
6	84	1
6	85	0
6	86	1
6	87	1
6	88	0
6	89	0
6	90	0
6	91	1
6	92	1
6	93	0
6	94	0
6	95	1
6	96	1
6	97	1
6	98	1
6	99	0
6	100	0
6	101	1
6	102	0
6	103	1
6	104	0
6	105	0
6	106	0
6	107	1
6	108	0
6	109	0
6	110	0
7	8	1
7	9	1
7	10	0
7	11	0
7	12	0
7	13	0
7	14	1
7	15	0
7	16	1
7	17	1
7	18	1
7	19	0
7	20	1
7	21	0
7	22	1
7	23	1
7	24	1
7	25	0
7	26	0
7	27	0
7	28	0
7	29	0
7	30	1
7	31	1
7	32	0
7	33	0
7	34	1
7	35	1
7	36	0
7	37	1
7	38	1
7	39	1
7	40	0
7	41	0
7	42	1
7	43	0
7	44	0
7	45	1
7	46	0
7	47	1
7	48	1
7	49	0
7	50	0
7	51	0
7	52	0
7	53	1
7	54	0
7	55	0
7	56	0
7	57	0
7	58	0
7	59	1
7	60	0
7	61	1
7	62	1
7	63	1
7	64	0
7	65	0
7	66	1
7	67	0
7	68	0
7	69	1
7	70	1
7	71	0
7	72	0
7	73	0
7	74	0
7	75	1
7	76	1
7	77	0
7	78	0
7	79	0
7	80	0
7	81	0
7	82	1
7	83	1
7	84	0
7	85	0
7	86	0
7	87	1
7	88	0
7	89	1
7	90	1
7	91	1
7	92	0
7	93	1
7	94	1
7	95	0
7	96	1
7	97	1
7	98	0
7	99	1
7	100	0
7	101	1
7	102	0
7	103	1
7	104	1
7	105	0
7	106	1
7	107	0
7	108	1
7	109	0
7	110	1
8	9	1
8	10	1
8	11	1
8	12	0
8	13	0
8	14	1
8	15	0
8	16	1
8	17	1
8	18	0
8	19	1
8	20	0
8	21	0
8	22	0
8	23	1
8	24	0
8	25	1
8	26	1
8	27	1
8	28	1
8	29	0
8	30	1
8	31	1
8	32	0
8	33	1
8	34	1
8	35	0
8	36	1
8	37	1
8	38	0
8	39	0
8	40	1
8	41	1
8	42	0
8	43	0
8	44	0
8	45	0
8	46	1
8	47	1
8	48	1
8	49	1
8	50	1
8	51	0
8	52	0
8	53	1
8	54	0
8	55	0
8	56	1
8	57	0
8	58	0
8	59	1
8	60	0
8	61	0
8	62	1
8	63	1
8	64	0
8	65	1
8	66	0
8	67	0
8	68	1
8	69	1
8	70	0
8	71	1
8	72	0
8	73	0
8	74	0
8	75	0
8	76	1
8	77	1
8	78	1
8	79	0
8	80	1
8	81	1
8	82	0
8	83	0
8	84	0
8	85	0
8	86	0
8	87	0
8	88	0
8	89	0
8	90	1
8	91	1
8	92	1
8	93	0
8	94	0
8	95	1
8	96	1
8	97	0
8	98	0
8	99	0
8	100	1
8	101	1
8	102	1
8	103	1
8	104	0
8	105	1
8	106	0
8	107	0
8	108	1
8	109	0
8	110	1
9	10	0
9	11	0
9	12	0
9	13	1
9	14	0
9	15	1
9	16	0
9	17	1
9	18	1
9	19	1
9	20	0
9	21	0
9	22	0
9	23	1
9	24	1
9	25	0
9	26	1
9	27	0
9	28	1
9	29	1
9	30	1
9	31	0
9	32	0
9	33	0
9	34	1
9	35	1
9	36	0
9	37	1
9	38	0
9	39	1
9	40	0
9	41	0
9	42	0
9	43	1
9	44	1
9	45	1
9	46	1
9	47	1
9	48	1
9	49	1
9	50	0
9	51	0
9	52	1
9	53	0
9	54	0
9	55	1
9	56	0
9	57	0
9	58	0
9	59	0
9	60	1
9	61	1
9	62	0
9	63	1
9	64	0
9	65	0
9	66	0
9	67	0
9	68	1
9	69	0
9	70	1
9	71	1
9	72	1
9	73	0
9	74	0
9	75	1
9	76	0
9	77	1
9	78	1
9	79	0
9	80	0
9	81	1
9	82	1
9	83	1
9	84	0
9	85	0
9	86	1
9	87	1
9	88	1
9	89	0
9	90	0
9	91	1
9	92	1
9	93	0
9	94	1
9	95	1
9	96	1
9	97	0
9	98	1
9	99	0
9	100	0
9	101	0
9	102	0
9	103	1
9	104	0
9	105	0
9	106	0
9	107	1
9	108	0
9	109	0
9	110	1
10	11	1
10	12	1
10	13	1
10	14	1
10	15	0
10	16	1
10	17	1
10	18	0
10	19	1
10	20	0
10	21	1
10	22	0
10	23	1
10	24	1
10	25	0
10	26	0
10	27	1
10	28	0
10	29	1
10	30	1
10	31	1
10	32	1
10	33	0
10	34	0
10	35	1
10	36	1
10	37	1
10	38	0
10	39	0
10	40	1
10	41	0
10	42	1
10	43	1
10	44	1
10	45	0
10	46	1
10	47	1
10	48	1
10	49	0
10	50	0
10	51	1
10	52	1
10	53	1
10	54	0
10	55	0
10	56	0
10	57	0
10	58	1
10	59	1
10	60	0
10	61	1
10	62	0
10	63	0
10	64	1
10	65	0
10	66	0
10	67	1
10	68	0
10	69	0
10	70	0
10	71	1
10	72	0
10	73	0
10	74	1
10	75	0
10	76	1
10	77	0
10	78	1
10	79	0
10	80	1
10	81	0
10	82	1
10	83	0
10	84	0
10	85	0
10	86	0
10	87	0
10	88	0
10	89	0
10	90	0
10	91	1
10	92	1
10	93	0
10	94	1
10	95	1
10	96	0
10	97	1
10	98	0
10	99	1
10	100	0
10	101	1
10	102	0
10	103	0
10	104	0
10	105	0
10	106	0
10	107	1
10	108	0
10	109	1
10	110	0
11	12	1
11	13	0
11	14	0
11	15	0
11	16	0
11	17	1
11	18	0
11	19	1
11	20	0
11	21	1
11	22	1
11	23	1
11	24	1
11	25	1
11	26	1
11	27	1
11	28	0
11	29	1
11	30	0
11	31	0
11	32	0
11	33	0
11	34	1
11	35	0
11	36	0
11	37	1
11	38	0
11	39	1
11	40	1
11	41	1
11	42	1
11	43	0
11	44	1
11	45	1
11	46	0
11	47	1
11	48	1
11	49	1
11	50	1
11	51	0
11	52	1
11	53	1
11	54	0
11	55	1
11	56	0
11	57	0
11	58	0
11	59	1
11	60	0
11	61	0
11	62	1
11	63	1
11	64	0
11	65	0
11	66	0
11	67	0
11	68	1
11	69	0
11	70	0
11	71	0
11	72	1
11	73	1
11	74	1
11	75	1
11	76	1
11	77	1
11	78	0
11	79	1
11	80	1
11	81	0
11	82	1
11	83	0
11	84	0
11	85	1
11	86	0
11	87	0
11	88	1
11	89	1
11	90	0
11	91	1
11	92	1
11	93	0
11	94	1
11	95	0
11	96	1
11	97	1
11	98	0
11	99	0
11	100	0
11	101	1
11	102	1
11	103	1
11	104	1
11	105	0
11	106	0
11	107	0
11	108	1
11	109	1
11	110	1
12	13	1
12	14	0
12	15	0
12	16	0
12	17	1
12	18	1
12	19	0
12	20	1
12	21	1
12	22	0
12	23	0
12	24	0
12	25	0
12	26	0
12	27	0
12	28	1
12	29	1
12	30	0
12	31	1
12	32	0
12	33	1
12	34	1
12	35	1
12	36	1
12	37	1
12	38	1
12	39	1
12	40	1
12	41	1
12	42	1
12	43	1
12	44	1
12	45	1
12	46	1
12	47	1
12	48	0
12	49	1
12	50	1
12	51	1
12	52	0
12	53	0
12	54	0
12	55	1
12	56	0
12	57	1
12	58	1
12	59	0
12	60	0
12	61	0
12	62	0
12	63	1
12	64	0
12	65	0
12	66	1
12	67	0
12	68	0
12	69	0
12	70	0
12	71	0
12	72	1
12	73	1
12	74	1
12	75	1
12	76	1
12	77	1
12	78	1
12	79	1
12	80	1
12	81	1
12	82	0
12	83	0
12	84	1
12	85	1
12	86	1
12	87	0
12	88	1
12	89	1
12	90	0
12	91	1
12	92	0
12	93	0
12	94	0
12	95	0
12	96	0
12	97	1
12	98	1
12	99	0
12	100	0
12	101	0
12	102	0
12	103	1
12	104	0
12	105	0
12	106	0
12	107	0
12	108	1
12	109	1
12	110	0
13	14	1
13	15	1
13	16	0
13	17	0
13	18	0
13	19	1
13	20	1
13	21	1
13	22	1
13	23	0
13	24	1
13	25	1
13	26	1
13	27	0
13	28	1
13	29	0
13	30	0
13	31	0
13	32	0
13	33	0
13	34	0
13	35	0
13	36	0
13	37	1
13	38	1
13	39	1
13	40	1
13	41	0
13	42	1
13	43	0
13	44	1
13	45	1
13	46	0
13	47	0
13	48	1
13	49	0
13	50	0
13	51	0
13	52	1
13	53	1
13	54	1
13	55	0
13	56	1
13	57	0
13	58	0
13	59	0
13	60	1
13	61	0
13	62	0
13	63	0
13	64	1
13	65	0
13	66	0
13	67	1
13	68	1
13	69	1
13	70	1
13	71	0
13	72	1
13	73	0
13	74	1
13	75	0
13	76	1
13	77	1
13	78	1
13	79	1
13	80	0
13	81	1
13	82	1
13	83	1
13	84	1
13	85	0
13	86	1
13	87	1
13	88	0
13	89	0
13	90	0
13	91	0
13	92	1
13	93	0
13	94	0
13	95	0
13	96	0
13	97	1
13	98	0
13	99	0
13	100	1
13	101	0
13	102	1
13	103	1
13	104	0
13	105	1
13	106	0
13	107	1
13	108	1
13	109	1
13	110	1
14	15	1
14	16	0
14	17	0
14	18	1
14	19	0
14	20	1
14	21	0
14	22	0
14	23	1
14	24	0
14	25	0
14	26	1
14	27	0
14	28	1
14	29	1
14	30	1
14	31	0
14	32	0
14	33	0
14	34	1
14	35	1
14	36	0
14	37	0
14	38	0
14	39	1
14	40	1
14	41	0
14	42	0
14	43	0
14	44	0
14	45	0
14	46	0
14	47	1
14	48	0
14	49	1
14	50	0
14	51	0
14	52	1
14	53	0
14	54	0
14	55	1
14	56	1
14	57	0
14	58	1
14	59	0
14	60	1
14	61	0
14	62	1
14	63	1
14	64	0
14	65	0
14	66	1
14	67	1
14	68	1
14	69	1
14	70	1
14	71	1
14	72	1
14	73	1
14	74	0
14	75	1
14	76	0
14	77	1
14	78	1
14	79	1
14	80	0
14	81	1
14	82	1
14	83	1
14	84	0
14	85	1
14	86	0
14	87	1
14	88	1
14	89	1
14	90	0
14	91	1
14	92	0
14	93	1
14	94	0
14	95	1
14	96	1
14	97	0
14	98	1
14	99	0
14	100	1
14	101	1
14	102	0
14	103	1
14	104	0
14	105	1
14	106	0
14	107	1
14	108	1
14	109	0
14	110	0
15	16	0
15	17	1
15	18	1
15	19	0
15	20	0
15	21	1
15	22	1
15	23	0
15	24	0
15	25	0
15	26	0
15	27	1
15	28	1
15	29	0
15	30	0
15	31	1
15	32	1
15	33	0
15	34	0
15	35	1
15	36	1
15	37	1
15	38	0
15	39	1
15	40	0
15	41	0
15	42	0
15	43	1
15	44	1
15	45	0
15	46	1
15	47	0
15	48	1
15	49	1
15	50	0
15	51	0
15	52	0
15	53	0
15	54	0
15	55	0
15	56	0
15	57	0
15	58	0
15	59	1
15	60	1
15	61	0
15	62	0
15	63	0
15	64	0
15	65	1
15	66	0
15	67	0
15	68	0
15	69	0
15	70	0
15	71	0
15	72	0
15	73	0
15	74	1
15	75	0
15	76	0
15	77	0
15	78	1
15	79	1
15	80	1
15	81	0
15	82	1
15	83	0
15	84	1
15	85	1
15	86	1
15	87	0
15	88	0
15	89	0
15	90	0
15	91	0
15	92	1
15	93	1
15	94	1
15	95	1
15	96	0
15	97	0
15	98	0
15	99	0
15	100	0
15	101	1
15	102	1
15	103	1
15	104	0
15	105	0
15	106	0
15	107	1
15	108	1
15	109	0
15	110	1
16	17	0
16	18	1
16	19	0
16	20	0
16	21	0
16	22	1
16	23	0
16	24	1
16	25	0
16	26	0
16	27	0
16	28	1
16	29	0
16	30	0
16	31	1
16	32	0
16	33	1
16	34	0
16	35	1
16	36	0
16	37	0
16	38	1
16	39	1
16	40	1
16	41	0
16	42	1
16	43	0
16	44	1
16	45	0
16	46	0
16	47	1
16	48	1
16	49	0
16	50	0
16	51	0
16	52	0
16	53	0
16	54	1
16	55	1
16	56	0
16	57	0
16	58	1
16	59	0
16	60	1
16	61	1
16	62	0
16	63	1
16	64	1
16	65	0
16	66	1
16	67	1
16	68	0
16	69	0
16	70	1
16	71	0
16	72	1
16	73	0
16	74	0
16	75	0
16	76	1
16	77	1
16	78	0
16	79	0
16	80	0
16	81	0
16	82	0
16	83	1
16	84	0
16	85	1
16	86	0
16	87	0
16	88	1
16	89	0
16	90	1
16	91	1
16	92	1
16	93	1
16	94	0
16	95	1
16	96	0
16	97	0
16	98	0
16	99	1
16	100	1
16	101	1
16	102	1
16	103	1
16	104	0
16	105	1
16	106	1
16	107	1
16	108	0
16	109	0
16	110	1
17	18	0
17	19	0
17	20	1
17	21	0
17	22	0
17	23	1
17	24	0
17	25	1
17	26	1
17	27	0
17	28	0
17	29	0
17	30	0
17	31	1
17	32	1
17	33	0
17	34	0
17	35	0
17	36	0
17	37	1
17	38	0
17	39	1
17	40	1
17	41	0
17	42	1
17	43	1
17	44	0
17	45	0
17	46	0
17	47	1
17	48	1
17	49	0
17	50	0
17	51	0
17	52	1
17	53	0
17	54	0
17	55	0
17	56	0
17	57	0
17	58	0
17	59	0
17	60	1
17	61	0
17	62	0
17	63	1
17	64	1
17	65	0
17	66	0
17	67	1
17	68	1
17	69	0
17	70	1
17	71	1
17	72	0
17	73	0
17	74	1
17	75	0
17	76	0
17	77	0
17	78	1
17	79	0
17	80	1
17	81	0
17	82	1
17	83	1
17	84	1
17	85	1
17	86	1
17	87	0
17	88	0
17	89	1
17	90	1
17	91	1
17	92	1
17	93	1
17	94	1
17	95	0
17	96	0
17	97	0
17	98	0
17	99	0
17	100	1
17	101	0
17	102	1
17	103	0
17	104	1
17	105	1
17	106	0
17	107	1
17	108	0
17	109	1
17	110	0
18	19	1
18	20	1
18	21	1
18	22	0
18	23	1
18	24	1
18	25	1
18	26	1
18	27	1
18	28	0
18	29	1
18	30	1
18	31	0
18	32	0
18	33	1
18	34	0
18	35	0
18	36	0
18	37	1
18	38	0
18	39	1
18	40	0
18	41	0
18	42	1
18	43	0
18	44	0
18	45	1
18	46	1
18	47	1
18	48	0
18	49	0
18	50	0
18	51	1
18	52	1
18	53	1
18	54	0
18	55	0
18	56	0
18	57	1
18	58	1
18	59	0
18	60	1
18	61	0
18	62	0
18	63	0
18	64	1
18	65	1
18	66	0
18	67	0
18	68	0
18	69	1
18	70	0
18	71	0
18	72	0
18	73	0
18	74	0
18	75	1
18	76	1
18	77	1
18	78	0
18	79	1
18	80	1
18	81	1
18	82	0
18	83	1
18	84	0
18	85	1
18	86	0
18	87	1
18	88	0
18	89	0
18	90	1
18	91	0
18	92	0
18	93	0
18	94	0
18	95	0
18	96	1
18	97	1
18	98	0
18	99	0
18	100	1
18	101	1
18	102	1
18	103	1
18	104	1
18	105	0
18	106	1
18	107	1
18	108	1
18	109	0
18	110	1
19	20	0
19	21	1
19	22	0
19	23	1
19	24	0
19	25	0
19	26	1
19	27	0
19	28	0
19	29	0
19	30	1
19	31	1
19	32	0
19	33	1
19	34	1
19	35	0
19	36	0
19	37	1
19	38	0
19	39	1
19	40	0
19	41	1
19	42	0
19	43	1
19	44	0
19	45	0
19	46	1
19	47	1
19	48	1
19	49	1
19	50	1
19	51	1
19	52	0
19	53	0
19	54	1
19	55	1
19	56	1
19	57	0
19	58	1
19	59	0
19	60	0
19	61	1
19	62	1
19	63	1
19	64	1
19	65	0
19	66	0
19	67	1
19	68	0
19	69	0
19	70	1
19	71	1
19	72	1
19	73	1
19	74	0
19	75	1
19	76	1
19	77	0
19	78	1
19	79	1
19	80	0
19	81	1
19	82	0
19	83	0
19	84	0
19	85	0
19	86	0
19	87	1
19	88	1
19	89	0
19	90	0
19	91	1
19	92	1
19	93	0
19	94	0
19	95	1
19	96	0
19	97	1
19	98	0
19	99	0
19	100	1
19	101	0
19	102	0
19	103	1
19	104	0
19	105	0
19	106	1
19	107	0
19	108	1
19	109	0
19	110	0
20	21	1
20	22	1
20	23	0
20	24	1
20	25	1
20	26	0
20	27	1
20	28	1
20	29	1
20	30	1
20	31	0
20	32	1
20	33	0
20	34	0
20	35	0
20	36	0
20	37	0
20	38	0
20	39	1
20	40	1
20	41	0
20	42	1
20	43	1
20	44	0
20	45	1
20	46	1
20	47	0
20	48	1
20	49	1
20	50	1
20	51	0
20	52	0
20	53	1
20	54	1
20	55	0
20	56	1
20	57	1
20	58	1
20	59	1
20	60	1
20	61	1
20	62	1
20	63	0
20	64	1
20	65	0
20	66	0
20	67	0
20	68	0
20	69	0
20	70	1
20	71	1
20	72	0
20	73	1
20	74	0
20	75	1
20	76	1
20	77	1
20	78	0
20	79	1
20	80	1
20	81	1
20	82	0
20	83	1
20	84	0
20	85	0
20	86	1
20	87	0
20	88	0
20	89	1
20	90	0
20	91	0
20	92	0
20	93	1
20	94	0
20	95	1
20	96	0
20	97	0
20	98	0
20	99	1
20	100	0
20	101	0
20	102	0
20	103	1
20	104	0
20	105	0
20	106	0
20	107	1
20	108	0
20	109	1
20	110	1
21	22	0
21	23	1
21	24	1
21	25	0
21	26	0
21	27	0
21	28	1
21	29	1
21	30	1
21	31	1
21	32	1
21	33	0
21	34	1
21	35	1
21	36	0
21	37	0
21	38	0
21	39	0
21	40	0
21	41	0
21	42	1
21	43	0
21	44	1
21	45	1
21	46	0
21	47	1
21	48	0
21	49	1
21	50	1
21	51	1
21	52	0
21	53	0
21	54	1
21	55	0
21	56	1
21	57	1
21	58	1
21	59	0
21	60	0
21	61	1
21	62	1
21	63	1
21	64	0
21	65	1
21	66	1
21	67	1
21	68	0
21	69	1
21	70	0
21	71	0
21	72	1
21	73	0
21	74	0
21	75	0
21	76	1
21	77	1
21	78	0
21	79	0
21	80	1
21	81	1
21	82	1
21	83	0
21	84	1
21	85	1
21	86	0
21	87	0
21	88	0
21	89	0
21	90	1
21	91	0
21	92	0
21	93	1
21	94	1
21	95	1
21	96	0
21	97	1
21	98	0
21	99	1
21	100	1
21	101	0
21	102	1
21	103	1
21	104	0
21	105	0
21	106	0
21	107	0
21	108	0
21	109	1
21	110	0
22	23	1
22	24	1
22	25	0
22	26	1
22	27	0
22	28	0
22	29	0
22	30	0
22	31	1
22	32	0
22	33	0
22	34	1
22	35	0
22	36	0
22	37	1
22	38	0
22	39	1
22	40	0
22	41	0
22	42	1
22	43	1
22	44	0
22	45	1
22	46	1
22	47	0
22	48	1
22	49	0
22	50	0
22	51	1
22	52	1
22	53	1
22	54	0
22	55	1
22	56	0
22	57	0
22	58	0
22	59	0
22	60	1
22	61	0
22	62	1
22	63	1
22	64	1
22	65	0
22	66	1
22	67	0
22	68	0
22	69	0
22	70	0
22	71	1
22	72	0
22	73	1
22	74	1
22	75	0
22	76	0
22	77	1
22	78	1
22	79	0
22	80	0
22	81	0
22	82	1
22	83	1
22	84	0
22	85	1
22	86	1
22	87	1
22	88	0
22	89	0
22	90	1
22	91	1
22	92	0
22	93	1
22	94	0
22	95	0
22	96	0
22	97	1
22	98	0
22	99	1
22	100	0
22	101	0
22	102	0
22	103	1
22	104	0
22	105	0
22	106	1
22	107	1
22	108	0
22	109	1
22	110	1
23	24	0
23	25	0
23	26	0
23	27	1
23	28	1
23	29	1
23	30	1
23	31	1
23	32	1
23	33	0
23	34	1
23	35	1
23	36	0
23	37	1
23	38	1
23	39	0
23	40	1
23	41	0
23	42	0
23	43	1
23	44	1
23	45	1
23	46	1
23	47	0
23	48	1
23	49	0
23	50	1
23	51	1
23	52	0
23	53	1
23	54	0
23	55	0
23	56	0
23	57	1
23	58	1
23	59	1
23	60	1
23	61	0
23	62	1
23	63	0
23	64	1
23	65	0
23	66	0
23	67	0
23	68	1
23	69	1
23	70	0
23	71	0
23	72	1
23	73	1
23	74	0
23	75	1
23	76	1
23	77	0
23	78	0
23	79	1
23	80	1
23	81	1
23	82	0
23	83	1
23	84	0
23	85	1
23	86	1
23	87	0
23	88	0
23	89	0
23	90	1
23	91	0
23	92	1
23	93	1
23	94	0
23	95	1
23	96	1
23	97	0
23	98	0
23	99	0
23	100	0
23	101	1
23	102	0
23	103	0
23	104	1
23	105	1
23	106	0
23	107	0
23	108	1
23	109	1
23	110	1
24	25	0
24	26	1
24	27	1
24	28	1
24	29	1
24	30	0
24	31	0
24	32	1
24	33	1
24	34	1
24	35	0
24	36	0
24	37	1
24	38	0
24	39	0
24	40	1
24	41	0
24	42	0
24	43	0
24	44	0
24	45	1
24	46	1
24	47	0
24	48	0
24	49	1
24	50	1
24	51	1
24	52	1
24	53	0
24	54	0
24	55	1
24	56	0
24	57	1
24	58	0
24	59	1
24	60	1
24	61	0
24	62	0
24	63	0
24	64	0
24	65	1
24	66	0
24	67	0
24	68	1
24	69	1
24	70	1
24	71	0
24	72	1
24	73	1
24	74	0
24	75	0
24	76	0
24	77	1
24	78	0
24	79	1
24	80	0
24	81	0
24	82	1
24	83	1
24	84	1
24	85	1
24	86	1
24	87	1
24	88	1
24	89	1
24	90	1
24	91	0
24	92	0
24	93	0
24	94	1
24	95	0
24	96	1
24	97	0
24	98	1
24	99	0
24	100	0
24	101	1
24	102	1
24	103	0
24	104	0
24	105	1
24	106	1
24	107	0
24	108	0
24	109	1
24	110	1
25	26	0
25	27	0
25	28	0
25	29	1
25	30	1
25	31	0
25	32	0
25	33	0
25	34	0
25	35	0
25	36	1
25	37	0
25	38	0
25	39	1
25	40	0
25	41	1
25	42	1
25	43	0
25	44	1
25	45	0
25	46	0
25	47	0
25	48	1
25	49	1
25	50	1
25	51	0
25	52	0
25	53	1
25	54	0
25	55	1
25	56	0
25	57	1
25	58	0
25	59	0
25	60	0
25	61	1
25	62	0
25	63	1
25	64	0
25	65	1
25	66	1
25	67	0
25	68	0
25	69	1
25	70	1
25	71	0
25	72	0
25	73	1
25	74	1
25	75	1
25	76	1
25	77	1
25	78	0
25	79	1
25	80	0
25	81	1
25	82	1
25	83	1
25	84	1
25	85	0
25	86	0
25	87	0
25	88	1
25	89	1
25	90	1
25	91	1
25	92	1
25	93	0
25	94	1
25	95	0
25	96	0
25	97	1
25	98	1
25	99	1
25	100	1
25	101	0
25	102	0
25	103	1
25	104	1
25	105	0
25	106	0
25	107	1
25	108	0
25	109	0
25	110	0
26	27	0
26	28	1
26	29	1
26	30	1
26	31	1
26	32	1
26	33	0
26	34	1
26	35	0
26	36	1
26	37	0
26	38	1
26	39	1
26	40	0
26	41	0
26	42	0
26	43	1
26	44	1
26	45	1
26	46	1
26	47	1
26	48	1
26	49	1
26	50	1
26	51	0
26	52	1
26	53	0
26	54	0
26	55	1
26	56	0
26	57	1
26	58	0
26	59	1
26	60	0
26	61	0
26	62	0
26	63	1
26	64	1
26	65	1
26	66	1
26	67	1
26	68	1
26	69	0
26	70	1
26	71	0
26	72	0
26	73	0
26	74	0
26	75	0
26	76	0
26	77	0
26	78	0
26	79	0
26	80	1
26	81	1
26	82	0
26	83	0
26	84	1
26	85	1
26	86	1
26	87	1
26	88	0
26	89	0
26	90	1
26	91	1
26	92	1
26	93	1
26	94	1
26	95	0
26	96	0
26	97	0
26	98	1
26	99	1
26	100	0
26	101	1
26	102	1
26	103	1
26	104	0
26	105	0
26	106	1
26	107	1
26	108	0
26	109	0
26	110	1
27	28	1
27	29	0
27	30	1
27	31	0
27	32	1
27	33	1
27	34	1
27	35	0
27	36	1
27	37	1
27	38	0
27	39	0
27	40	0
27	41	1
27	42	1
27	43	0
27	44	1
27	45	1
27	46	1
27	47	1
27	48	0
27	49	0
27	50	1
27	51	0
27	52	1
27	53	0
27	54	0
27	55	1
27	56	0
27	57	0
27	58	1
27	59	1
27	60	0
27	61	1
27	62	0
27	63	1
27	64	1
27	65	1
27	66	1
27	67	0
27	68	1
27	69	0
27	70	1
27	71	0
27	72	1
27	73	1
27	74	0
27	75	0
27	76	0
27	77	0
27	78	1
27	79	0
27	80	0
27	81	0
27	82	1
27	83	1
27	84	0
27	85	1
27	86	0
27	87	0
27	88	1
27	89	1
27	90	1
27	91	0
27	92	1
27	93	0
27	94	1
27	95	1
27	96	0
27	97	0
27	98	0
27	99	1
27	100	0
27	101	1
27	102	0
27	103	1
27	104	0
27	105	1
27	106	0
27	107	0
27	108	1
27	109	0
27	110	0
28	29	0
28	30	1
28	31	1
28	32	0
28	33	0
28	34	1
28	35	1
28	36	1
28	37	0
28	38	1
28	39	1
28	40	0
28	41	1
28	42	1
28	43	1
28	44	0
28	45	1
28	46	1
28	47	1
28	48	1
28	49	0
28	50	0
28	51	0
28	52	0
28	53	0
28	54	1
28	55	0
28	56	0
28	57	1
28	58	1
28	59	0
28	60	0
28	61	0
28	62	0
28	63	1
28	64	1
28	65	0
28	66	1
28	67	1
28	68	0
28	69	1
28	70	0
28	71	1
28	72	0
28	73	0
28	74	1
28	75	1
28	76	1
28	77	0
28	78	1
28	79	0
28	80	0
28	81	1
28	82	1
28	83	0
28	84	0
28	85	1
28	86	0
28	87	0
28	88	0
28	89	0
28	90	0
28	91	1
28	92	0
28	93	0
28	94	1
28	95	1
28	96	1
28	97	0
28	98	0
28	99	0
28	100	1
28	101	0
28	102	0
28	103	0
28	104	0
28	105	0
28	106	0
28	107	1
28	108	0
28	109	1
28	110	1
29	30	0
29	31	1
29	32	0
29	33	1
29	34	0
29	35	0
29	36	0
29	37	1
29	38	0
29	39	0
29	40	0
29	41	1
29	42	0
29	43	0
29	44	1
29	45	1
29	46	0
29	47	1
29	48	1
29	49	1
29	50	0
29	51	1
29	52	1
29	53	1
29	54	1
29	55	0
29	56	0
29	57	1
29	58	0
29	59	1
29	60	0
29	61	1
29	62	1
29	63	0
29	64	1
29	65	0
29	66	0
29	67	1
29	68	0
29	69	1
29	70	0
29	71	0
29	72	0
29	73	0
29	74	0
29	75	1
29	76	0
29	77	0
29	78	1
29	79	1
29	80	1
29	81	0
29	82	1
29	83	1
29	84	0
29	85	0
29	86	1
29	87	1
29	88	1
29	89	1
29	90	1
29	91	0
29	92	0
29	93	1
29	94	1
29	95	1
29	96	1
29	97	1
29	98	0
29	99	1
29	100	1
29	101	0
29	102	1
29	103	1
29	104	0
29	105	0
29	106	1
29	107	0
29	108	0
29	109	0
29	110	0
30	31	1
30	32	1
30	33	0
30	34	1
30	35	0
30	36	0
30	37	1
30	38	0
30	39	0
30	40	1
30	41	0
30	42	0
30	43	1
30	44	0
30	45	0
30	46	0
30	47	1
30	48	0
30	49	1
30	50	1
30	51	0
30	52	0
30	53	0
30	54	1
30	55	1
30	56	0
30	57	0
30	58	1
30	59	1
30	60	1
30	61	0
30	62	1
30	63	1
30	64	0
30	65	0
30	66	0
30	67	1
30	68	1
30	69	1
30	70	0
30	71	1
30	72	0
30	73	1
30	74	1
30	75	0
30	76	0
30	77	0
30	78	0
30	79	0
30	80	1
30	81	1
30	82	1
30	83	0
30	84	1
30	85	0
30	86	1
30	87	1
30	88	1
30	89	1
30	90	1
30	91	0
30	92	0
30	93	0
30	94	1
30	95	1
30	96	0
30	97	1
30	98	0
30	99	0
30	100	1
30	101	0
30	102	0
30	103	0
30	104	0
30	105	0
30	106	0
30	107	1
30	108	0
30	109	1
30	110	1
31	32	0
31	33	1
31	34	0
31	35	1
31	36	0
31	37	0
31	38	0
31	39	0
31	40	0
31	41	1
31	42	0
31	43	1
31	44	0
31	45	0
31	46	1
31	47	0
31	48	0
31	49	0
31	50	1
31	51	0
31	52	0
31	53	1
31	54	1
31	55	1
31	56	0
31	57	0
31	58	0
31	59	1
31	60	0
31	61	1
31	62	1
31	63	0
31	64	1
31	65	0
31	66	1
31	67	1
31	68	0
31	69	1
31	70	0
31	71	0
31	72	0
31	73	1
31	74	0
31	75	1
31	76	0
31	77	1
31	78	0
31	79	0
31	80	0
31	81	1
31	82	1
31	83	1
31	84	0
31	85	0
31	86	1
31	87	0
31	88	1
31	89	0
31	90	0
31	91	1
31	92	1
31	93	0
31	94	0
31	95	0
31	96	0
31	97	0
31	98	1
31	99	1
31	100	1
31	101	1
31	102	0
31	103	1
31	104	0
31	105	1
31	106	1
31	107	0
31	108	0
31	109	0
31	110	0
32	33	1
32	34	0
32	35	1
32	36	0
32	37	1
32	38	1
32	39	0
32	40	1
32	41	0
32	42	0
32	43	0
32	44	1
32	45	1
32	46	0
32	47	1
32	48	1
32	49	1
32	50	0
32	51	1
32	52	0
32	53	1
32	54	1
32	55	1
32	56	1
32	57	0
32	58	1
32	59	1
32	60	1
32	61	0
32	62	0
32	63	0
32	64	0
32	65	0
32	66	1
32	67	0
32	68	1
32	69	0
32	70	1
32	71	0
32	72	1
32	73	1
32	74	0
32	75	1
32	76	0
32	77	0
32	78	0
32	79	0
32	80	0
32	81	1
32	82	0
32	83	1
32	84	0
32	85	1
32	86	0
32	87	1
32	88	0
32	89	1
32	90	1
32	91	0
32	92	1
32	93	0
32	94	0
32	95	0
32	96	1
32	97	1
32	98	0
32	99	0
32	100	1
32	101	0
32	102	1
32	103	0
32	104	0
32	105	0
32	106	0
32	107	1
32	108	1
32	109	1
32	110	1
33	34	1
33	35	1
33	36	1
33	37	1
33	38	0
33	39	1
33	40	1
33	41	0
33	42	0
33	43	1
33	44	0
33	45	1
33	46	1
33	47	1
33	48	0
33	49	0
33	50	1
33	51	0
33	52	1
33	53	1
33	54	1
33	55	0
33	56	1
33	57	0
33	58	0
33	59	1
33	60	0
33	61	0
33	62	1
33	63	1
33	64	1
33	65	1
33	66	0
33	67	1
33	68	1
33	69	0
33	70	1
33	71	1
33	72	1
33	73	0
33	74	1
33	75	1
33	76	1
33	77	1
33	78	0
33	79	0
33	80	0
33	81	0
33	82	0
33	83	0
33	84	0
33	85	1
33	86	0
33	87	0
33	88	0
33	89	1
33	90	1
33	91	0
33	92	0
33	93	1
33	94	0
33	95	0
33	96	1
33	97	0
33	98	0
33	99	0
33	100	1
33	101	0
33	102	0
33	103	1
33	104	0
33	105	0
33	106	1
33	107	0
33	108	0
33	109	0
33	110	0
34	35	1
34	36	1
34	37	1
34	38	1
34	39	0
34	40	0
34	41	0
34	42	1
34	43	1
34	44	1
34	45	1
34	46	1
34	47	0
34	48	1
34	49	0
34	50	1
34	51	1
34	52	0
34	53	0
34	54	1
34	55	1
34	56	0
34	57	1
34	58	0
34	59	1
34	60	0
34	61	1
34	62	1
34	63	0
34	64	0
34	65	1
34	66	1
34	67	1
34	68	0
34	69	1
34	70	0
34	71	0
34	72	0
34	73	0
34	74	1
34	75	0
34	76	1
34	77	1
34	78	0
34	79	1
34	80	1
34	81	0
34	82	0
34	83	1
34	84	0
34	85	0
34	86	1
34	87	1
34	88	0
34	89	1
34	90	1
34	91	1
34	92	0
34	93	0
34	94	1
34	95	1
34	96	0
34	97	0
34	98	0
34	99	0
34	100	0
34	101	0
34	102	0
34	103	0
34	104	1
34	105	1
34	106	1
34	107	0
34	108	0
34	109	1
34	110	1
35	36	0
35	37	1
35	38	0
35	39	0
35	40	0
35	41	0
35	42	0
35	43	1
35	44	1
35	45	0
35	46	1
35	47	1
35	48	0
35	49	0
35	50	0
35	51	1
35	52	1
35	53	0
35	54	1
35	55	1
35	56	0
35	57	1
35	58	1
35	59	0
35	60	0
35	61	0
35	62	1
35	63	1
35	64	1
35	65	1
35	66	0
35	67	1
35	68	1
35	69	1
35	70	1
35	71	0
35	72	0
35	73	0
35	74	0
35	75	0
35	76	0
35	77	1
35	78	1
35	79	1
35	80	0
35	81	0
35	82	0
35	83	0
35	84	1
35	85	1
35	86	1
35	87	0
35	88	1
35	89	0
35	90	0
35	91	1
35	92	1
35	93	1
35	94	1
35	95	0
35	96	1
35	97	1
35	98	1
35	99	1
35	100	1
35	101	1
35	102	1
35	103	1
35	104	0
35	105	0
35	106	0
35	107	1
35	108	1
35	109	1
35	110	1
36	37	0
36	38	0
36	39	1
36	40	0
36	41	1
36	42	0
36	43	0
36	44	1
36	45	0
36	46	0
36	47	0
36	48	1
36	49	0
36	50	0
36	51	1
36	52	0
36	53	1
36	54	0
36	55	1
36	56	0
36	57	1
36	58	0
36	59	1
36	60	0
36	61	1
36	62	1
36	63	0
36	64	1
36	65	0
36	66	0
36	67	1
36	68	1
36	69	1
36	70	0
36	71	0
36	72	1
36	73	1
36	74	1
36	75	0
36	76	0
36	77	1
36	78	1
36	79	1
36	80	0
36	81	1
36	82	1
36	83	1
36	84	0
36	85	0
36	86	0
36	87	1
36	88	1
36	89	1
36	90	1
36	91	0
36	92	1
36	93	1
36	94	1
36	95	0
36	96	0
36	97	0
36	98	0
36	99	1
36	100	0
36	101	1
36	102	1
36	103	0
36	104	0
36	105	0
36	106	0
36	107	1
36	108	1
36	109	1
36	110	0
37	38	0
37	39	0
37	40	0
37	41	1
37	42	1
37	43	0
37	44	0
37	45	1
37	46	0
37	47	0
37	48	1
37	49	0
37	50	1
37	51	0
37	52	0
37	53	0
37	54	1
37	55	0
37	56	0
37	57	1
37	58	1
37	59	0
37	60	0
37	61	0
37	62	0
37	63	0
37	64	0
37	65	1
37	66	1
37	67	1
37	68	1
37	69	0
37	70	0
37	71	1
37	72	0
37	73	0
37	74	0
37	75	1
37	76	1
37	77	0
37	78	1
37	79	1
37	80	1
37	81	0
37	82	1
37	83	0
37	84	0
37	85	1
37	86	0
37	87	1
37	88	0
37	89	0
37	90	1
37	91	0
37	92	1
37	93	1
37	94	0
37	95	1
37	96	1
37	97	0
37	98	0
37	99	0
37	100	1
37	101	1
37	102	1
37	103	1
37	104	1
37	105	0
37	106	0
37	107	1
37	108	1
37	109	0
37	110	0
38	39	0
38	40	1
38	41	0
38	42	0
38	43	0
38	44	0
38	45	1
38	46	1
38	47	0
38	48	1
38	49	0
38	50	0
38	51	0
38	52	1
38	53	1
38	54	1
38	55	1
38	56	1
38	57	0
38	58	0
38	59	1
38	60	1
38	61	0
38	62	0
38	63	1
38	64	1
38	65	1
38	66	1
38	67	0
38	68	0
38	69	0
38	70	0
38	71	0
38	72	1
38	73	0
38	74	0
38	75	0
38	76	1
38	77	0
38	78	0
38	79	1
38	80	0
38	81	1
38	82	1
38	83	0
38	84	0
38	85	0
38	86	0
38	87	1
38	88	1
38	89	1
38	90	1
38	91	1
38	92	1
38	93	1
38	94	1
38	95	0
38	96	0
38	97	1
38	98	0
38	99	1
38	100	0
38	101	1
38	102	0
38	103	0
38	104	1
38	105	1
38	106	0
38	107	0
38	108	1
38	109	0
38	110	1
39	40	0
39	41	0
39	42	0
39	43	1
39	44	0
39	45	0
39	46	1
39	47	0
39	48	0
39	49	1
39	50	1
39	51	0
39	52	0
39	53	1
39	54	1
39	55	0
39	56	1
39	57	1
39	58	1
39	59	0
39	60	1
39	61	0
39	62	0
39	63	0
39	64	1
39	65	0
39	66	1
39	67	1
39	68	0
39	69	0
39	70	1
39	71	0
39	72	0
39	73	0
39	74	0
39	75	0
39	76	0
39	77	1
39	78	1
39	79	0
39	80	0
39	81	1
39	82	0
39	83	1
39	84	0
39	85	0
39	86	1
39	87	1
39	88	1
39	89	0
39	90	0
39	91	1
39	92	1
39	93	0
39	94	1
39	95	0
39	96	1
39	97	0
39	98	1
39	99	1
39	100	0
39	101	1
39	102	1
39	103	1
39	104	0
39	105	1
39	106	1
39	107	1
39	108	0
39	109	1
39	110	1
40	41	0
40	42	1
40	43	0
40	44	0
40	45	1
40	46	1
40	47	0
40	48	0
40	49	1
40	50	0
40	51	1
40	52	1
40	53	1
40	54	0
40	55	1
40	56	1
40	57	0
40	58	0
40	59	0
40	60	1
40	61	1
40	62	0
40	63	0
40	64	1
40	65	1
40	66	1
40	67	1
40	68	1
40	69	1
40	70	1
40	71	0
40	72	0
40	73	0
40	74	0
40	75	1
40	76	0
40	77	1
40	78	1
40	79	0
40	80	1
40	81	1
40	82	1
40	83	0
40	84	0
40	85	0
40	86	1
40	87	1
40	88	0
40	89	1
40	90	0
40	91	1
40	92	0
40	93	0
40	94	1
40	95	1
40	96	1
40	97	1
40	98	1
40	99	1
40	100	0
40	101	0
40	102	0
40	103	0
40	104	1
40	105	1
40	106	1
40	107	0
40	108	1
40	109	1
40	110	1
41	42	1
41	43	1
41	44	0
41	45	1
41	46	0
41	47	0
41	48	1
41	49	0
41	50	1
41	51	0
41	52	1
41	53	1
41	54	1
41	55	1
41	56	1
41	57	0
41	58	0
41	59	0
41	60	0
41	61	1
41	62	0
41	63	1
41	64	0
41	65	1
41	66	1
41	67	1
41	68	1
41	69	0
41	70	1
41	71	0
41	72	0
41	73	0
41	74	1
41	75	1
41	76	0
41	77	0
41	78	0
41	79	0
41	80	0
41	81	1
41	82	1
41	83	1
41	84	1
41	85	1
41	86	0
41	87	0
41	88	1
41	89	1
41	90	0
41	91	0
41	92	0
41	93	0
41	94	0
41	95	1
41	96	0
41	97	1
41	98	0
41	99	0
41	100	1
41	101	1
41	102	1
41	103	0
41	104	0
41	105	0
41	106	0
41	107	0
41	108	1
41	109	0
41	110	1
42	43	1
42	44	1
42	45	0
42	46	1
42	47	0
42	48	0
42	49	0
42	50	1
42	51	0
42	52	0
42	53	1
42	54	0
42	55	0
42	56	0
42	57	0
42	58	0
42	59	0
42	60	0
42	61	0
42	62	1
42	63	0
42	64	1
42	65	1
42	66	1
42	67	1
42	68	1
42	69	0
42	70	1
42	71	1
42	72	0
42	73	0
42	74	1
42	75	1
42	76	0
42	77	0
42	78	1
42	79	0
42	80	1
42	81	1
42	82	0
42	83	0
42	84	0
42	85	1
42	86	1
42	87	0
42	88	1
42	89	0
42	90	0
42	91	1
42	92	0
42	93	0
42	94	0
42	95	1
42	96	1
42	97	1
42	98	1
42	99	0
42	100	1
42	101	0
42	102	1
42	103	1
42	104	1
42	105	0
42	106	0
42	107	0
42	108	1
42	109	0
42	110	0
43	44	1
43	45	1
43	46	1
43	47	1
43	48	0
43	49	1
43	50	0
43	51	0
43	52	0
43	53	0
43	54	1
43	55	1
43	56	0
43	57	0
43	58	1
43	59	0
43	60	1
43	61	1
43	62	1
43	63	0
43	64	1
43	65	0
43	66	0
43	67	0
43	68	0
43	69	1
43	70	0
43	71	0
43	72	1
43	73	1
43	74	1
43	75	1
43	76	1
43	77	0
43	78	1
43	79	0
43	80	1
43	81	0
43	82	1
43	83	1
43	84	0
43	85	1
43	86	0
43	87	0
43	88	0
43	89	1
43	90	1
43	91	1
43	92	1
43	93	1
43	94	0
43	95	1
43	96	1
43	97	0
43	98	0
43	99	1
43	100	1
43	101	1
43	102	0
43	103	1
43	104	0
43	105	0
43	106	0
43	107	0
43	108	1
43	109	1
43	110	0
44	45	1
44	46	0
44	47	0
44	48	1
44	49	0
44	50	1
44	51	0
44	52	0
44	53	0
44	54	1
44	55	1
44	56	1
44	57	1
44	58	1
44	59	0
44	60	0
44	61	0
44	62	1
44	63	0
44	64	1
44	65	1
44	66	0
44	67	0
44	68	1
44	69	1
44	70	0
44	71	0
44	72	1
44	73	1
44	74	0
44	75	1
44	76	1
44	77	1
44	78	0
44	79	1
44	80	1
44	81	0
44	82	1
44	83	0
44	84	0
44	85	0
44	86	1
44	87	0
44	88	0
44	89	1
44	90	1
44	91	0
44	92	0
44	93	0
44	94	0
44	95	1
44	96	0
44	97	0
44	98	0
44	99	1
44	100	1
44	101	1
44	102	1
44	103	1
44	104	0
44	105	0
44	106	1
44	107	1
44	108	0
44	109	0
44	110	0
45	46	1
45	47	1
45	48	0
45	49	1
45	50	1
45	51	0
45	52	0
45	53	1
45	54	1
45	55	0
45	56	0
45	57	0
45	58	1
45	59	0
45	60	0
45	61	0
45	62	0
45	63	1
45	64	1
45	65	1
45	66	0
45	67	1
45	68	1
45	69	0
45	70	1
45	71	1
45	72	0
45	73	0
45	74	1
45	75	0
45	76	0
45	77	0
45	78	1
45	79	0
45	80	0
45	81	0
45	82	0
45	83	0
45	84	1
45	85	0
45	86	1
45	87	1
45	88	0
45	89	0
45	90	0
45	91	0
45	92	1
45	93	1
45	94	1
45	95	0
45	96	0
45	97	1
45	98	1
45	99	0
45	100	1
45	101	0
45	102	0
45	103	0
45	104	0
45	105	0
45	106	0
45	107	1
45	108	1
45	109	1
45	110	0
46	47	0
46	48	1
46	49	0
46	50	1
46	51	1
46	52	0
46	53	1
46	54	1
46	55	0
46	56	0
46	57	0
46	58	1
46	59	1
46	60	1
46	61	0
46	62	0
46	63	1
46	64	1
46	65	1
46	66	0
46	67	1
46	68	0
46	69	0
46	70	0
46	71	1
46	72	0
46	73	0
46	74	1
46	75	1
46	76	1
46	77	0
46	78	1
46	79	1
46	80	0
46	81	1
46	82	0
46	83	1
46	84	1
46	85	1
46	86	1
46	87	1
46	88	0
46	89	0
46	90	0
46	91	0
46	92	0
46	93	0
46	94	0
46	95	0
46	96	0
46	97	0
46	98	1
46	99	0
46	100	0
46	101	1
46	102	1
46	103	1
46	104	0
46	105	0
46	106	1
46	107	0
46	108	1
46	109	1
46	110	1
47	48	0
47	49	0
47	50	0
47	51	1
47	52	1
47	53	0
47	54	0
47	55	1
47	56	1
47	57	1
47	58	1
47	59	1
47	60	1
47	61	0
47	62	1
47	63	0
47	64	0
47	65	0
47	66	1
47	67	0
47	68	1
47	69	1
47	70	0
47	71	1
47	72	1
47	73	1
47	74	1
47	75	1
47	76	1
47	77	1
47	78	1
47	79	1
47	80	1
47	81	1
47	82	1
47	83	1
47	84	0
47	85	0
47	86	0
47	87	0
47	88	0
47	89	0
47	90	1
47	91	1
47	92	1
47	93	0
47	94	0
47	95	1
47	96	0
47	97	0
47	98	0
47	99	0
47	100	0
47	101	0
47	102	0
47	103	1
47	104	1
47	105	1
47	106	1
47	107	1
47	108	0
47	109	0
47	110	0
48	49	0
48	50	1
48	51	1
48	52	0
48	53	0
48	54	1
48	55	1
48	56	0
48	57	0
48	58	1
48	59	1
48	60	1
48	61	0
48	62	0
48	63	1
48	64	1
48	65	1
48	66	0
48	67	0
48	68	1
48	69	0
48	70	1
48	71	0
48	72	0
48	73	0
48	74	0
48	75	1
48	76	1
48	77	0
48	78	1
48	79	0
48	80	1
48	81	1
48	82	0
48	83	0
48	84	0
48	85	0
48	86	0
48	87	0
48	88	1
48	89	1
48	90	1
48	91	0
48	92	1
48	93	0
48	94	1
48	95	1
48	96	1
48	97	1
48	98	0
48	99	0
48	100	1
48	101	0
48	102	0
48	103	0
48	104	0
48	105	0
48	106	1
48	107	0
48	108	1
48	109	1
48	110	1
49	50	0
49	51	1
49	52	1
49	53	0
49	54	1
49	55	1
49	56	0
49	57	0
49	58	0
49	59	0
49	60	0
49	61	0
49	62	1
49	63	0
49	64	1
49	65	0
49	66	0
49	67	1
49	68	1
49	69	0
49	70	1
49	71	1
49	72	1
49	73	1
49	74	1
49	75	0
49	76	1
49	77	1
49	78	1
49	79	0
49	80	1
49	81	0
49	82	0
49	83	1
49	84	0
49	85	1
49	86	0
49	87	0
49	88	0
49	89	1
49	90	1
49	91	1
49	92	0
49	93	0
49	94	1
49	95	0
49	96	0
49	97	1
49	98	0
49	99	1
49	100	1
49	101	0
49	102	1
49	103	1
49	104	1
49	105	1
49	106	0
49	107	1
49	108	0
49	109	1
49	110	0
50	51	1
50	52	0
50	53	0
50	54	1
50	55	0
50	56	1
50	57	0
50	58	1
50	59	1
50	60	0
50	61	0
50	62	0
50	63	1
50	64	1
50	65	0
50	66	0
50	67	0
50	68	1
50	69	1
50	70	1
50	71	1
50	72	0
50	73	0
50	74	0
50	75	0
50	76	0
50	77	0
50	78	0
50	79	0
50	80	0
50	81	1
50	82	1
50	83	0
50	84	1
50	85	0
50	86	0
50	87	1
50	88	1
50	89	1
50	90	0
50	91	0
50	92	0
50	93	0
50	94	0
50	95	1
50	96	1
50	97	0
50	98	1
50	99	1
50	100	1
50	101	0
50	102	1
50	103	0
50	104	0
50	105	0
50	106	1
50	107	1
50	108	0
50	109	0
50	110	0
51	52	1
51	53	1
51	54	1
51	55	1
51	56	1
51	57	0
51	58	0
51	59	0
51	60	0
51	61	1
51	62	0
51	63	1
51	64	1
51	65	1
51	66	1
51	67	0
51	68	0
51	69	1
51	70	0
51	71	1
51	72	1
51	73	1
51	74	0
51	75	1
51	76	0
51	77	0
51	78	0
51	79	1
51	80	0
51	81	0
51	82	1
51	83	1
51	84	0
51	85	0
51	86	1
51	87	1
51	88	0
51	89	1
51	90	1
51	91	1
51	92	0
51	93	0
51	94	0
51	95	0
51	96	1
51	97	0
51	98	0
51	99	1
51	100	0
51	101	0
51	102	1
51	103	0
51	104	1
51	105	1
51	106	0
51	107	0
51	108	1
51	109	1
51	110	0
52	53	0
52	54	0
52	55	1
52	56	1
52	57	1
52	58	1
52	59	1
52	60	1
52	61	1
52	62	0
52	63	0
52	64	1
52	65	1
52	66	0
52	67	0
52	68	1
52	69	1
52	70	1
52	71	1
52	72	1
52	73	0
52	74	0
52	75	0
52	76	0
52	77	1
52	78	0
52	79	1
52	80	0
52	81	0
52	82	0
52	83	1
52	84	0
52	85	1
52	86	1
52	87	0
52	88	1
52	89	1
52	90	1
52	91	0
52	92	0
52	93	0
52	94	0
52	95	0
52	96	1
52	97	0
52	98	1
52	99	1
52	100	1
52	101	1
52	102	1
52	103	0
52	104	1
52	105	0
52	106	1
52	107	1
52	108	1
52	109	1
52	110	1
53	54	0
53	55	0
53	56	1
53	57	0
53	58	1
53	59	1
53	60	1
53	61	0
53	62	1
53	63	1
53	64	1
53	65	0
53	66	1
53	67	0
53	68	0
53	69	1
53	70	0
53	71	0
53	72	0
53	73	1
53	74	0
53	75	0
53	76	1
53	77	1
53	78	0
53	79	0
53	80	1
53	81	1
53	82	0
53	83	0
53	84	0
53	85	1
53	86	0
53	87	1
53	88	1
53	89	0
53	90	1
53	91	0
53	92	0
53	93	0
53	94	1
53	95	1
53	96	0
53	97	1
53	98	1
53	99	1
53	100	1
53	101	0
53	102	0
53	103	1
53	104	1
53	105	1
53	106	1
53	107	0
53	108	0
53	109	1
53	110	0
54	55	1
54	56	0
54	57	0
54	58	1
54	59	0
54	60	1
54	61	1
54	62	0
54	63	0
54	64	1
54	65	0
54	66	1
54	67	0
54	68	1
54	69	1
54	70	1
54	71	1
54	72	1
54	73	1
54	74	0
54	75	1
54	76	0
54	77	1
54	78	1
54	79	1
54	80	0
54	81	0
54	82	1
54	83	1
54	84	0
54	85	1
54	86	1
54	87	1
54	88	0
54	89	1
54	90	0
54	91	1
54	92	1
54	93	1
54	94	1
54	95	1
54	96	0
54	97	0
54	98	0
54	99	1
54	100	1
54	101	1
54	102	0
54	103	1
54	104	0
54	105	1
54	106	0
54	107	0
54	108	0
54	109	0
54	110	0
55	56	0
55	57	1
55	58	1
55	59	0
55	60	1
55	61	0
55	62	1
55	63	1
55	64	1
55	65	1
55	66	0
55	67	1
55	68	1
55	69	0
55	70	0
55	71	1
55	72	0
55	73	0
55	74	0
55	75	0
55	76	0
55	77	1
55	78	0
55	79	1
55	80	0
55	81	1
55	82	1
55	83	0
55	84	1
55	85	1
55	86	0
55	87	0
55	88	0
55	89	1
55	90	0
55	91	1
55	92	0
55	93	1
55	94	0
55	95	1
55	96	1
55	97	0
55	98	1
55	99	1
55	100	0
55	101	1
55	102	1
55	103	1
55	104	0
55	105	1
55	106	0
55	107	1
55	108	0
55	109	0
55	110	1
56	57	0
56	58	1
56	59	0
56	60	0
56	61	1
56	62	0
56	63	1
56	64	0
56	65	1
56	66	0
56	67	1
56	68	0
56	69	0
56	70	1
56	71	0
56	72	1
56	73	1
56	74	1
56	75	1
56	76	1
56	77	0
56	78	0
56	79	0
56	80	0
56	81	0
56	82	0
56	83	1
56	84	0
56	85	0
56	86	0
56	87	0
56	88	0
56	89	1
56	90	0
56	91	1
56	92	1
56	93	0
56	94	1
56	95	0
56	96	1
56	97	1
56	98	0
56	99	0
56	100	1
56	101	0
56	102	1
56	103	0
56	104	1
56	105	1
56	106	1
56	107	0
56	108	1
56	109	0
56	110	0
57	58	1
57	59	0
57	60	1
57	61	0
57	62	0
57	63	0
57	64	1
57	65	1
57	66	1
57	67	0
57	68	0
57	69	0
57	70	0
57	71	0
57	72	1
57	73	0
57	74	0
57	75	1
57	76	1
57	77	0
57	78	1
57	79	0
57	80	0
57	81	1
57	82	0
57	83	1
57	84	0
57	85	0
57	86	1
57	87	1
57	88	1
57	89	1
57	90	0
57	91	0
57	92	1
57	93	1
57	94	0
57	95	1
57	96	1
57	97	1
57	98	0
57	99	1
57	100	0
57	101	1
57	102	0
57	103	1
57	104	1
57	105	1
57	106	0
57	107	0
57	108	0
57	109	1
57	110	0
58	59	0
58	60	1
58	61	1
58	62	1
58	63	1
58	64	0
58	65	1
58	66	0
58	67	0
58	68	0
58	69	1
58	70	0
58	71	1
58	72	1
58	73	0
58	74	0
58	75	1
58	76	0
58	77	1
58	78	1
58	79	1
58	80	1
58	81	1
58	82	1
58	83	0
58	84	0
58	85	0
58	86	0
58	87	1
58	88	0
58	89	1
58	90	0
58	91	1
58	92	1
58	93	0
58	94	1
58	95	1
58	96	0
58	97	0
58	98	1
58	99	1
58	100	0
58	101	0
58	102	1
58	103	0
58	104	0
58	105	1
58	106	1
58	107	1
58	108	0
58	109	0
58	110	0
59	60	1
59	61	1
59	62	1
59	63	0
59	64	0
59	65	1
59	66	0
59	67	0
59	68	1
59	69	0
59	70	1
59	71	0
59	72	0
59	73	0
59	74	1
59	75	0
59	76	1
59	77	0
59	78	0
59	79	0
59	80	1
59	81	1
59	82	0
59	83	1
59	84	1
59	85	1
59	86	0
59	87	1
59	88	0
59	89	0
59	90	0
59	91	0
59	92	1
59	93	1
59	94	0
59	95	0
59	96	0
59	97	0
59	98	0
59	99	0
59	100	1
59	101	0
59	102	1
59	103	0
59	104	1
59	105	0
59	106	1
59	107	0
59	108	1
59	109	1
59	110	1
60	61	1
60	62	0
60	63	1
60	64	0
60	65	0
60	66	0
60	67	0
60	68	0
60	69	0
60	70	1
60	71	0
60	72	0
60	73	1
60	74	1
60	75	0
60	76	0
60	77	0
60	78	1
60	79	0
60	80	1
60	81	0
60	82	1
60	83	0
60	84	0
60	85	0
60	86	1
60	87	0
60	88	1
60	89	1
60	90	0
60	91	0
60	92	0
60	93	1
60	94	0
60	95	1
60	96	1
60	97	0
60	98	0
60	99	0
60	100	0
60	101	0
60	102	1
60	103	1
60	104	0
60	105	0
60	106	0
60	107	0
60	108	1
60	109	1
60	110	1
61	62	0
61	63	1
61	64	1
61	65	1
61	66	1
61	67	0
61	68	0
61	69	0
61	70	1
61	71	1
61	72	0
61	73	0
61	74	0
61	75	1
61	76	1
61	77	1
61	78	1
61	79	1
61	80	0
61	81	0
61	82	0
61	83	1
61	84	0
61	85	1
61	86	0
61	87	0
61	88	1
61	89	1
61	90	0
61	91	1
61	92	1
61	93	1
61	94	0
61	95	1
61	96	0
61	97	1
61	98	0
61	99	1
61	100	1
61	101	1
61	102	1
61	103	1
61	104	1
61	105	0
61	106	0
61	107	1
61	108	0
61	109	1
61	110	0
62	63	1
62	64	1
62	65	0
62	66	0
62	67	0
62	68	1
62	69	1
62	70	0
62	71	0
62	72	0
62	73	0
62	74	1
62	75	0
62	76	0
62	77	0
62	78	0
62	79	0
62	80	1
62	81	0
62	82	0
62	83	1
62	84	1
62	85	1
62	86	1
62	87	0
62	88	1
62	89	1
62	90	0
62	91	0
62	92	0
62	93	0
62	94	1
62	95	0
62	96	0
62	97	1
62	98	1
62	99	1
62	100	1
62	101	0
62	102	1
62	103	0
62	104	1
62	105	1
62	106	1
62	107	1
62	108	1
62	109	1
62	110	0
63	64	1
63	65	0
63	66	1
63	67	1
63	68	1
63	69	1
63	70	0
63	71	0
63	72	0
63	73	1
63	74	0
63	75	1
63	76	0
63	77	1
63	78	0
63	79	1
63	80	1
63	81	1
63	82	0
63	83	1
63	84	1
63	85	0
63	86	1
63	87	1
63	88	1
63	89	0
63	90	1
63	91	0
63	92	0
63	93	0
63	94	0
63	95	1
63	96	0
63	97	1
63	98	1
63	99	1
63	100	1
63	101	1
63	102	0
63	103	0
63	104	1
63	105	0
63	106	1
63	107	1
63	108	0
63	109	1
63	110	1
64	65	0
64	66	0
64	67	0
64	68	0
64	69	0
64	70	0
64	71	0
64	72	0
64	73	0
64	74	1
64	75	0
64	76	0
64	77	0
64	78	0
64	79	0
64	80	0
64	81	0
64	82	0
64	83	1
64	84	1
64	85	1
64	86	1
64	87	0
64	88	1
64	89	1
64	90	1
64	91	0
64	92	1
64	93	1
64	94	1
64	95	0
64	96	0
64	97	1
64	98	1
64	99	0
64	100	1
64	101	1
64	102	0
64	103	0
64	104	1
64	105	1
64	106	0
64	107	1
64	108	0
64	109	0
64	110	1
65	66	1
65	67	1
65	68	0
65	69	1
65	70	1
65	71	1
65	72	0
65	73	1
65	74	1
65	75	0
65	76	1
65	77	0
65	78	0
65	79	0
65	80	0
65	81	0
65	82	1
65	83	0
65	84	1
65	85	0
65	86	0
65	87	1
65	88	0
65	89	0
65	90	1
65	91	0
65	92	1
65	93	1
65	94	0
65	95	0
65	96	1
65	97	0
65	98	1
65	99	1
65	100	1
65	101	0
65	102	0
65	103	0
65	104	1
65	105	0
65	106	1
65	107	1
65	108	1
65	109	1
65	110	1
66	67	1
66	68	0
66	69	1
66	70	1
66	71	1
66	72	0
66	73	0
66	74	1
66	75	0
66	76	0
66	77	0
66	78	0
66	79	1
66	80	1
66	81	1
66	82	1
66	83	1
66	84	1
66	85	0
66	86	0
66	87	1
66	88	0
66	89	1
66	90	1
66	91	0
66	92	1
66	93	0
66	94	1
66	95	0
66	96	1
66	97	0
66	98	0
66	99	0
66	100	1
66	101	1
66	102	0
66	103	1
66	104	0
66	105	1
66	106	1
66	107	1
66	108	0
66	109	0
66	110	1
67	68	0
67	69	0
67	70	0
67	71	0
67	72	1
67	73	1
67	74	0
67	75	1
67	76	0
67	77	0
67	78	1
67	79	0
67	80	0
67	81	0
67	82	0
67	83	1
67	84	0
67	85	0
67	86	1
67	87	0
67	88	0
67	89	0
67	90	1
67	91	0
67	92	0
67	93	1
67	94	0
67	95	0
67	96	0
67	97	1
67	98	1
67	99	1
67	100	0
67	101	0
67	102	1
67	103	1
67	104	1
67	105	1
67	106	1
67	107	1
67	108	0
67	109	0
67	110	1
68	69	0
68	70	1
68	71	0
68	72	1
68	73	0
68	74	0
68	75	1
68	76	0
68	77	1
68	78	1
68	79	1
68	80	0
68	81	1
68	82	0
68	83	1
68	84	1
68	85	0
68	86	0
68	87	1
68	88	1
68	89	0
68	90	0
68	91	1
68	92	1
68	93	1
68	94	0
68	95	0
68	96	0
68	97	0
68	98	1
68	99	1
68	100	1
68	101	1
68	102	0
68	103	0
68	104	0
68	105	0
68	106	0
68	107	1
68	108	1
68	109	1
68	110	0
69	70	0
69	71	1
69	72	1
69	73	0
69	74	1
69	75	1
69	76	0
69	77	0
69	78	1
69	79	0
69	80	1
69	81	1
69	82	0
69	83	1
69	84	0
69	85	1
69	86	0
69	87	1
69	88	1
69	89	1
69	90	1
69	91	1
69	92	1
69	93	0
69	94	0
69	95	1
69	96	1
69	97	0
69	98	1
69	99	0
69	100	1
69	101	1
69	102	1
69	103	0
69	104	1
69	105	0
69	106	1
69	107	0
69	108	0
69	109	1
69	110	0
70	71	0
70	72	0
70	73	1
70	74	1
70	75	0
70	76	1
70	77	0
70	78	0
70	79	1
70	80	0
70	81	0
70	82	1
70	83	1
70	84	0
70	85	0
70	86	1
70	87	1
70	88	1
70	89	1
70	90	1
70	91	0
70	92	0
70	93	0
70	94	0
70	95	1
70	96	0
70	97	1
70	98	0
70	99	1
70	100	1
70	101	0
70	102	1
70	103	0
70	104	0
70	105	0
70	106	0
70	107	0
70	108	0
70	109	0
70	110	1
71	72	1
71	73	0
71	74	0
71	75	0
71	76	0
71	77	1
71	78	0
71	79	1
71	80	0
71	81	0
71	82	0
71	83	1
71	84	1
71	85	0
71	86	1
71	87	0
71	88	0
71	89	0
71	90	0
71	91	0
71	92	0
71	93	1
71	94	0
71	95	0
71	96	1
71	97	1
71	98	1
71	99	1
71	100	1
71	101	0
71	102	0
71	103	0
71	104	1
71	105	1
71	106	1
71	107	0
71	108	1
71	109	0
71	110	0
72	73	1
72	74	0
72	75	0
72	76	0
72	77	0
72	78	1
72	79	0
72	80	0
72	81	1
72	82	0
72	83	1
72	84	1
72	85	1
72	86	0
72	87	0
72	88	1
72	89	1
72	90	1
72	91	1
72	92	1
72	93	0
72	94	0
72	95	0
72	96	1
72	97	1
72	98	0
72	99	0
72	100	1
72	101	0
72	102	1
72	103	1
72	104	0
72	105	1
72	106	1
72	107	1
72	108	0
72	109	0
72	110	1
73	74	0
73	75	0
73	76	1
73	77	1
73	78	0
73	79	1
73	80	1
73	81	1
73	82	0
73	83	0
73	84	0
73	85	0
73	86	0
73	87	0
73	88	1
73	89	1
73	90	0
73	91	1
73	92	1
73	93	0
73	94	1
73	95	1
73	96	1
73	97	1
73	98	1
73	99	1
73	100	0
73	101	1
73	102	1
73	103	1
73	104	1
73	105	1
73	106	0
73	107	0
73	108	1
73	109	0
73	110	0
74	75	0
74	76	1
74	77	0
74	78	0
74	79	0
74	80	0
74	81	1
74	82	1
74	83	1
74	84	0
74	85	1
74	86	0
74	87	0
74	88	1
74	89	1
74	90	0
74	91	0
74	92	1
74	93	0
74	94	0
74	95	0
74	96	0
74	97	0
74	98	1
74	99	1
74	100	0
74	101	1
74	102	1
74	103	1
74	104	1
74	105	0
74	106	1
74	107	1
74	108	0
74	109	1
74	110	0
75	76	1
75	77	1
75	78	0
75	79	0
75	80	0
75	81	1
75	82	0
75	83	1
75	84	1
75	85	1
75	86	1
75	87	0
75	88	0
75	89	0
75	90	0
75	91	1
75	92	0
75	93	1
75	94	1
75	95	0
75	96	1
75	97	0
75	98	1
75	99	1
75	100	0
75	101	1
75	102	0
75	103	0
75	104	0
75	105	0
75	106	0
75	107	1
75	108	1
75	109	1
75	110	1
76	77	0
76	78	0
76	79	0
76	80	1
76	81	1
76	82	0
76	83	1
76	84	1
76	85	0
76	86	0
76	87	1
76	88	1
76	89	1
76	90	0
76	91	1
76	92	0
76	93	1
76	94	1
76	95	0
76	96	0
76	97	0
76	98	1
76	99	1
76	100	0
76	101	1
76	102	1
76	103	1
76	104	1
76	105	0
76	106	1
76	107	0
76	108	1
76	109	1
76	110	0
77	78	0
77	79	1
77	80	0
77	81	0
77	82	1
77	83	0
77	84	1
77	85	0
77	86	1
77	87	1
77	88	1
77	89	0
77	90	0
77	91	1
77	92	0
77	93	1
77	94	1
77	95	1
77	96	0
77	97	0
77	98	0
77	99	1
77	100	0
77	101	0
77	102	1
77	103	1
77	104	0
77	105	0
77	106	1
77	107	0
77	108	1
77	109	0
77	110	0
78	79	1
78	80	1
78	81	1
78	82	0
78	83	1
78	84	1
78	85	0
78	86	0
78	87	1
78	88	0
78	89	1
78	90	1
78	91	1
78	92	1
78	93	1
78	94	1
78	95	0
78	96	0
78	97	0
78	98	0
78	99	1
78	100	1
78	101	1
78	102	1
78	103	1
78	104	0
78	105	1
78	106	0
78	107	1
78	108	0
78	109	1
78	110	1
79	80	0
79	81	1
79	82	0
79	83	1
79	84	0
79	85	1
79	86	1
79	87	0
79	88	1
79	89	1
79	90	0
79	91	1
79	92	1
79	93	0
79	94	0
79	95	1
79	96	1
79	97	1
79	98	1
79	99	1
79	100	1
79	101	1
79	102	0
79	103	1
79	104	1
79	105	0
79	106	0
79	107	0
79	108	1
79	109	1
79	110	0
80	81	0
80	82	0
80	83	1
80	84	1
80	85	1
80	86	1
80	87	0
80	88	1
80	89	1
80	90	1
80	91	1
80	92	0
80	93	1
80	94	1
80	95	1
80	96	0
80	97	0
80	98	1
80	99	0
80	100	1
80	101	0
80	102	1
80	103	0
80	104	1
80	105	1
80	106	0
80	107	1
80	108	0
80	109	0
80	110	1
81	82	0
81	83	1
81	84	0
81	85	1
81	86	0
81	87	0
81	88	1
81	89	1
81	90	1
81	91	1
81	92	1
81	93	0
81	94	0
81	95	1
81	96	1
81	97	1
81	98	1
81	99	0
81	100	1
81	101	0
81	102	0
81	103	1
81	104	1
81	105	0
81	106	1
81	107	1
81	108	0
81	109	1
81	110	1
82	83	0
82	84	0
82	85	0
82	86	1
82	87	0
82	88	0
82	89	1
82	90	1
82	91	1
82	92	0
82	93	0
82	94	1
82	95	1
82	96	0
82	97	1
82	98	1
82	99	0
82	100	1
82	101	0
82	102	0
82	103	1
82	104	1
82	105	1
82	106	0
82	107	0
82	108	0
82	109	0
82	110	0
83	84	1
83	85	1
83	86	1
83	87	1
83	88	0
83	89	1
83	90	0
83	91	0
83	92	1
83	93	1
83	94	1
83	95	0
83	96	0
83	97	0
83	98	0
83	99	1
83	100	0
83	101	1
83	102	1
83	103	0
83	104	1
83	105	1
83	106	0
83	107	1
83	108	0
83	109	1
83	110	1
84	85	1
84	86	1
84	87	0
84	88	0
84	89	1
84	90	1
84	91	1
84	92	1
84	93	0
84	94	1
84	95	0
84	96	1
84	97	1
84	98	0
84	99	0
84	100	1
84	101	0
84	102	1
84	103	0
84	104	1
84	105	0
84	106	1
84	107	0
84	108	0
84	109	1
84	110	0
85	86	1
85	87	0
85	88	0
85	89	1
85	90	0
85	91	1
85	92	1
85	93	1
85	94	1
85	95	0
85	96	0
85	97	1
85	98	0
85	99	0
85	100	0
85	101	0
85	102	0
85	103	1
85	104	0
85	105	1
85	106	1
85	107	1
85	108	0
85	109	1
85	110	1
86	87	0
86	88	0
86	89	1
86	90	0
86	91	1
86	92	0
86	93	1
86	94	1
86	95	0
86	96	1
86	97	1
86	98	1
86	99	1
86	100	1
86	101	1
86	102	0
86	103	1
86	104	0
86	105	0
86	106	0
86	107	0
86	108	1
86	109	0
86	110	1
87	88	0
87	89	0
87	90	1
87	91	0
87	92	0
87	93	0
87	94	1
87	95	0
87	96	1
87	97	1
87	98	0
87	99	1
87	100	0
87	101	1
87	102	0
87	103	0
87	104	0
87	105	0
87	106	0
87	107	0
87	108	0
87	109	0
87	110	1
88	89	0
88	90	0
88	91	0
88	92	0
88	93	1
88	94	1
88	95	1
88	96	0
88	97	0
88	98	1
88	99	1
88	100	1
88	101	1
88	102	0
88	103	1
88	104	1
88	105	0
88	106	0
88	107	1
88	108	1
88	109	1
88	110	0
89	90	1
89	91	0
89	92	0
89	93	0
89	94	0
89	95	1
89	96	0
89	97	1
89	98	1
89	99	0
89	100	0
89	101	0
89	102	1
89	103	1
89	104	0
89	105	1
89	106	0
89	107	1
89	108	0
89	109	0
89	110	0
90	91	0
90	92	0
90	93	1
90	94	0
90	95	1
90	96	0
90	97	0
90	98	1
90	99	1
90	100	0
90	101	1
90	102	0
90	103	1
90	104	0
90	105	0
90	106	1
90	107	1
90	108	0
90	109	1
90	110	1
91	92	1
91	93	0
91	94	1
91	95	0
91	96	1
91	97	1
91	98	1
91	99	1
91	100	0
91	101	0
91	102	1
91	103	1
91	104	1
91	105	1
91	106	0
91	107	0
91	108	1
91	109	0
91	110	0
92	93	1
92	94	1
92	95	0
92	96	1
92	97	0
92	98	1
92	99	1
92	100	0
92	101	0
92	102	0
92	103	0
92	104	1
92	105	1
92	106	1
92	107	1
92	108	0
92	109	1
92	110	0
93	94	0
93	95	1
93	96	1
93	97	1
93	98	1
93	99	1
93	100	0
93	101	1
93	102	0
93	103	0
93	104	0
93	105	1
93	106	1
93	107	0
93	108	0
93	109	1
93	110	1
94	95	0
94	96	0
94	97	1
94	98	0
94	99	1
94	100	0
94	101	0
94	102	0
94	103	1
94	104	0
94	105	0
94	106	0
94	107	0
94	108	0
94	109	1
94	110	0
95	96	1
95	97	1
95	98	1
95	99	1
95	100	0
95	101	1
95	102	1
95	103	0
95	104	0
95	105	0
95	106	0
95	107	0
95	108	1
95	109	0
95	110	1
96	97	1
96	98	0
96	99	1
96	100	0
96	101	0
96	102	1
96	103	1
96	104	1
96	105	1
96	106	1
96	107	0
96	108	0
96	109	0
96	110	1
97	98	0
97	99	0
97	100	0
97	101	1
97	102	1
97	103	0
97	104	0
97	105	0
97	106	0
97	107	1
97	108	0
97	109	1
97	110	1
98	99	1
98	100	1
98	101	0
98	102	1
98	103	1
98	104	0
98	105	0
98	106	0
98	107	1
98	108	0
98	109	1
98	110	0
99	100	0
99	101	0
99	102	1
99	103	0
99	104	0
99	105	0
99	106	1
99	107	0
99	108	1
99	109	1
99	110	0
100	101	0
100	102	1
100	103	1
100	104	0
100	105	1
100	106	1
100	107	0
100	108	0
100	109	0
100	110	1
101	102	0
101	103	1
101	104	1
101	105	0
101	106	0
101	107	0
101	108	0
101	109	1
101	110	1
102	103	0
102	104	0
102	105	1
102	106	0
102	107	0
102	108	0
102	109	1
102	110	0
103	104	0
103	105	1
103	106	1
103	107	0
103	108	0
103	109	0
103	110	1
104	105	0
104	106	1
104	107	0
104	108	0
104	109	1
104	110	0
105	106	1
105	107	0
105	108	1
105	109	0
105	110	0
106	107	0
106	108	0
106	109	1
106	110	0
107	108	0
107	109	1
107	110	1
108	109	0
108	110	1
109	110	1
