110	5995	0
1	2	1
1	3	0
1	4	0
1	5	1
1	6	0
1	7	1
1	8	0
1	9	0
1	10	1
1	11	1
1	12	1
1	13	1
1	14	1
1	15	1
1	16	0
1	17	0
1	18	1
1	19	0
1	20	0
1	21	0
1	22	0
1	23	1
1	24	0
1	25	1
1	26	1
1	27	0
1	28	1
1	29	1
1	30	0
1	31	0
1	32	1
1	33	0
1	34	1
1	35	0
1	36	1
1	37	1
1	38	1
1	39	0
1	40	0
1	41	1
1	42	1
1	43	1
1	44	0
1	45	1
1	46	0
1	47	0
1	48	0
1	49	1
1	50	1
1	51	0
1	52	1
1	53	0
1	54	1
1	55	0
1	56	1
1	57	0
1	58	1
1	59	0
1	60	0
1	61	0
1	62	1
1	63	1
1	64	0
1	65	0
1	66	1
1	67	1
1	68	1
1	69	1
1	70	0
1	71	0
1	72	1
1	73	0
1	74	0
1	75	0
1	76	1
1	77	1
1	78	1
1	79	1
1	80	1
1	81	1
1	82	0
1	83	0
1	84	1
1	85	1
1	86	1
1	87	0
1	88	0
1	89	0
1	90	1
1	91	0
1	92	0
1	93	1
1	94	1
1	95	1
1	96	0
1	97	1
1	98	1
1	99	0
1	100	0
1	101	1
1	102	0
1	103	1
1	104	0
1	105	0
1	106	1
1	107	0
1	108	1
1	109	1
1	110	1
2	3	1
2	4	0
2	5	0
2	6	0
2	7	0
2	8	1
2	9	0
2	10	0
2	11	0
2	12	1
2	13	0
2	14	1
2	15	0
2	16	1
2	17	0
2	18	1
2	19	1
2	20	0
2	21	1
2	22	0
2	23	0
2	24	0
2	25	0
2	26	1
2	27	1
2	28	0
2	29	1
2	30	1
2	31	1
2	32	1
2	33	0
2	34	1
2	35	1
2	36	1
2	37	1
2	38	1
2	39	1
2	40	1
2	41	0
2	42	0
2	43	0
2	44	1
2	45	1
2	46	1
2	47	0
2	48	0
2	49	1
2	50	0
2	51	1
2	52	1
2	53	0
2	54	0
2	55	1
2	56	1
2	57	0
2	58	0
2	59	0
2	60	0
2	61	1
2	62	1
2	63	0
2	64	0
2	65	1
2	66	1
2	67	1
2	68	1
2	69	0
2	70	0
2	71	1
2	72	0
2	73	0
2	74	0
2	75	1
2	76	0
2	77	1
2	78	1
2	79	1
2	80	0
2	81	1
2	82	0
2	83	0
2	84	1
2	85	1
2	86	0
2	87	0
2	88	0
2	89	0
2	90	1
2	91	0
2	92	0
2	93	1
2	94	1
2	95	1
2	96	1
2	97	0
2	98	1
2	99	1
2	100	1
2	101	0
2	102	1
2	103	0
2	104	1
2	105	1
2	106	0
2	107	1
2	108	1
2	109	0
2	110	1
3	4	1
3	5	1
3	6	0
3	7	0
3	8	0
3	9	1
3	10	1
3	11	0
3	12	0
3	13	0
3	14	1
3	15	0
3	16	1
3	17	1
3	18	1
3	19	0
3	20	1
3	21	1
3	22	1
3	23	1
3	24	1
3	25	0
3	26	1
3	27	1
3	28	0
3	29	0
3	30	1
3	31	1
3	32	1
3	33	0
3	34	1
3	35	0
3	36	0
3	37	0
3	38	0
3	39	0
3	40	1
3	41	1
3	42	0
3	43	0
3	44	1
3	45	0
3	46	0
3	47	0
3	48	0
3	49	1
3	50	1
3	51	1
3	52	1
3	53	1
3	54	1
3	55	1
3	56	0
3	57	1
3	58	0
3	59	0
3	60	1
3	61	1
3	62	1
3	63	1
3	64	0
3	65	1
3	66	0
3	67	1
3	68	0
3	69	1
3	70	1
3	71	1
3	72	0
3	73	0
3	74	0
3	75	0
3	76	1
3	77	1
3	78	1
3	79	0
3	80	0
3	81	1
3	82	1
3	83	1
3	84	1
3	85	0
3	86	0
3	87	0
3	88	1
3	89	0
3	90	1
3	91	0
3	92	0
3	93	0
3	94	0
3	95	1
3	96	0
3	97	1
3	98	0
3	99	1
3	100	0
3	101	1
3	102	0
3	103	1
3	104	0
3	105	0
3	106	1
3	107	1
3	108	1
3	109	1
3	110	1
4	5	1
4	6	1
4	7	0
4	8	1
4	9	0
4	10	0
4	11	1
4	12	0
4	13	1
4	14	1
4	15	0
4	16	1
4	17	1
4	18	0
4	19	1
4	20	1
4	21	0
4	22	1
4	23	0
4	24	0
4	25	1
4	26	1
4	27	1
4	28	1
4	29	1
4	30	0
4	31	0
4	32	1
4	33	0
4	34	1
4	35	0
4	36	0
4	37	0
4	38	0
4	39	0
4	40	1
4	41	0
4	42	0
4	43	1
4	44	1
4	45	0
4	46	1
4	47	0
4	48	1
4	49	0
4	50	1
4	51	0
4	52	1
4	53	1
4	54	0
4	55	0
4	56	0
4	57	1
4	58	0
4	59	1
4	60	0
4	61	0
4	62	1
4	63	0
4	64	1
4	65	1
4	66	1
4	67	0
4	68	0
4	69	1
4	70	0
4	71	1
4	72	1
4	73	0
4	74	1
4	75	0
4	76	1
4	77	0
4	78	0
4	79	1
4	80	1
4	81	1
4	82	1
4	83	0
4	84	1
4	85	1
4	86	1
4	87	0
4	88	0
4	89	0
4	90	1
4	91	1
4	92	0
4	93	1
4	94	0
4	95	1
4	96	1
4	97	0
4	98	0
4	99	1
4	100	0
4	101	0
4	102	1
4	103	0
4	104	1
4	105	1
4	106	1
4	107	1
4	108	0
4	109	1
4	110	0
5	6	0
5	7	0
5	8	1
5	9	1
5	10	1
5	11	1
5	12	0
5	13	1
5	14	1
5	15	0
5	16	0
5	17	1
5	18	1
5	19	0
5	20	1
5	21	0
5	22	1
5	23	0
5	24	0
5	25	0
5	26	0
5	27	0
5	28	0
5	29	0
5	30	1
5	31	1
5	32	1
5	33	1
5	34	0
5	35	1
5	36	0
5	37	1
5	38	1
5	39	1
5	40	1
5	41	1
5	42	1
5	43	0
5	44	0
5	45	1
5	46	0
5	47	1
5	48	1
5	49	1
5	50	1
5	51	1
5	52	0
5	53	1
5	54	1
5	55	1
5	56	0
5	57	1
5	58	0
5	59	1
5	60	0
5	61	0
5	62	0
5	63	0
5	64	0
5	65	0
5	66	0
5	67	0
5	68	0
5	69	0
5	70	1
5	71	1
5	72	0
5	73	1
5	74	0
5	75	0
5	76	1
5	77	1
5	78	0
5	79	1
5	80	1
5	81	1
5	82	1
5	83	0
5	84	0
5	85	1
5	86	1
5	87	0
5	88	0
5	89	1
5	90	0
5	91	0
5	92	1
5	93	1
5	94	1
5	95	1
5	96	0
5	97	1
5	98	1
5	99	0
5	100	0
5	101	1
5	102	0
5	103	0
5	104	1
5	105	1
5	106	1
5	107	1
5	108	1
5	109	1
5	110	1
6	7	1
6	8	0
6	9	1
6	10	0
6	11	1
6	12	1
6	13	0
6	14	0
6	15	1
6	16	0
6	17	0
6	18	0
6	19	1
6	20	1
6	21	1
6	22	1
6	23	1
6	24	1
6	25	1
6	26	0
6	27	1
6	28	1
6	29	0
6	30	1
6	31	1
6	32	1
6	33	0
6	34	1
6	35	0
6	36	1
6	37	1
6	38	0
6	39	1
6	40	0
6	41	1
6	42	1
6	43	0
6	44	0
6	45	0
6	46	0
6	47	1
6	48	1
6	49	0
6	50	0
6	51	1
6	52	0
6	53	0
6	54	0
6	55	0
6	56	0
6	57	1
6	58	0
6	59	0
6	60	1
6	61	1
6	62	0
6	63	1
6	64	1
6	65	1
6	66	1
6	67	1
6	68	0
6	69	0
6	70	0
6	71	1
6	72	1
6	73	1
6	74	0
6	75	1
6	76	1
6	77	0
6	78	0
6	79	0
6	80	1
6	81	1
6	82	0
6	83	1
6	84	0
6	85	0
6	86	1
6	87	0
6	88	0
6	89	0
6	90	1
6	91	1
6	92	0
6	93	1
6	94	0
6	95	0
6	96	1
6	97	1
6	98	0
6	99	0
6	100	1
6	101	1
6	102	0
6	103	1
6	104	0
6	105	1
6	106	1
6	107	0
6	108	0
6	109	1
6	110	1
7	8	1
7	9	0
7	10	1
7	11	0
7	12	0
7	13	0
7	14	0
7	15	1
7	16	0
7	17	1
7	18	0
7	19	0
7	20	0
7	21	1
7	22	0
7	23	0
7	24	1
7	25	0
7	26	1
7	27	1
7	28	0
7	29	1
7	30	1
7	31	1
7	32	1
7	33	1
7	34	1
7	35	1
7	36	1
7	37	1
7	38	1
7	39	0
7	40	1
7	41	0
7	42	1
7	43	0
7	44	1
7	45	0
7	46	0
7	47	1
7	48	0
7	49	1
7	50	0
7	51	1
7	52	0
7	53	0
7	54	0
7	55	0
7	56	1
7	57	0
7	58	0
7	59	0
7	60	0
7	61	0
7	62	0
7	63	1
7	64	1
7	65	1
7	66	0
7	67	0
7	68	1
7	69	1
7	70	0
7	71	0
7	72	0
7	73	0
7	74	0
7	75	0
7	76	0
7	77	1
7	78	0
7	79	0
7	80	0
7	81	0
7	82	0
7	83	1
7	84	1
7	85	0
7	86	0
7	87	1
7	88	1
7	89	1
7	90	1
7	91	1
7	92	0
7	93	1
7	94	1
7	95	0
7	96	1
7	97	0
7	98	1
7	99	0
7	100	1
7	101	0
7	102	1
7	103	0
7	104	0
7	105	1
7	106	0
7	107	1
7	108	0
7	109	1
7	110	0
8	9	0
8	10	0
8	11	0
8	12	1
8	13	0
8	14	0
8	15	1
8	16	1
8	17	1
8	18	0
8	19	1
8	20	1
8	21	1
8	22	0
8	23	1
8	24	0
8	25	1
8	26	1
8	27	0
8	28	1
8	29	1
8	30	1
8	31	1
8	32	0
8	33	0
8	34	0
8	35	0
8	36	0
8	37	1
8	38	0
8	39	0
8	40	1
8	41	1
8	42	1
8	43	0
8	44	0
8	45	0
8	46	0
8	47	0
8	48	0
8	49	0
8	50	1
8	51	0
8	52	0
8	53	0
8	54	1
8	55	1
8	56	1
8	57	0
8	58	0
8	59	0
8	60	0
8	61	0
8	62	0
8	63	0
8	64	0
8	65	0
8	66	0
8	67	1
8	68	1
8	69	1
8	70	0
8	71	0
8	72	1
8	73	1
8	74	1
8	75	0
8	76	1
8	77	1
8	78	0
8	79	1
8	80	0
8	81	0
8	82	0
8	83	0
8	84	0
8	85	0
8	86	1
8	87	1
8	88	1
8	89	1
8	90	0
8	91	0
8	92	1
8	93	0
8	94	1
8	95	0
8	96	0
8	97	0
8	98	0
8	99	0
8	100	0
8	101	0
8	102	0
8	103	1
8	104	0
8	105	1
8	106	0
8	107	0
8	108	1
8	109	1
8	110	1
9	10	1
9	11	0
9	12	0
9	13	1
9	14	1
9	15	1
9	16	1
9	17	1
9	18	1
9	19	0
9	20	1
9	21	1
9	22	1
9	23	0
9	24	0
9	25	1
9	26	1
9	27	1
9	28	0
9	29	0
9	30	0
9	31	1
9	32	1
9	33	1
9	34	1
9	35	1
9	36	0
9	37	1
9	38	1
9	39	0
9	40	0
9	41	0
9	42	0
9	43	0
9	44	0
9	45	1
9	46	1
9	47	1
9	48	1
9	49	1
9	50	1
9	51	1
9	52	0
9	53	0
9	54	0
9	55	0
9	56	0
9	57	0
9	58	1
9	59	1
9	60	0
9	61	0
9	62	0
9	63	0
9	64	0
9	65	1
9	66	1
9	67	1
9	68	1
9	69	1
9	70	1
9	71	1
9	72	0
9	73	0
9	74	0
9	75	0
9	76	0
9	77	0
9	78	0
9	79	1
9	80	1
9	81	0
9	82	1
9	83	1
9	84	1
9	85	0
9	86	0
9	87	0
9	88	1
9	89	0
9	90	0
9	91	1
9	92	1
9	93	1
9	94	0
9	95	1
9	96	1
9	97	0
9	98	1
9	99	1
9	100	1
9	101	1
9	102	1
9	103	1
9	104	0
9	105	1
9	106	0
9	107	0
9	108	1
9	109	1
9	110	1
10	11	0
10	12	1
10	13	1
10	14	0
10	15	1
10	16	1
10	17	0
10	18	1
10	19	0
10	20	0
10	21	0
10	22	1
10	23	1
10	24	0
10	25	1
10	26	1
10	27	1
10	28	0
10	29	1
10	30	0
10	31	0
10	32	0
10	33	0
10	34	1
10	35	1
10	36	0
10	37	1
10	38	1
10	39	0
10	40	0
10	41	1
10	42	0
10	43	1
10	44	1
10	45	1
10	46	1
10	47	1
10	48	1
10	49	1
10	50	1
10	51	0
10	52	1
10	53	1
10	54	0
10	55	1
10	56	1
10	57	0
10	58	0
10	59	1
10	60	0
10	61	1
10	62	0
10	63	0
10	64	1
10	65	0
10	66	0
10	67	0
10	68	0
10	69	0
10	70	0
10	71	1
10	72	0
10	73	1
10	74	0
10	75	1
10	76	1
10	77	1
10	78	1
10	79	1
10	80	1
10	81	0
10	82	1
10	83	0
10	84	1
10	85	0
10	86	0
10	87	1
10	88	1
10	89	0
10	90	0
10	91	1
10	92	1
10	93	0
10	94	0
10	95	0
10	96	1
10	97	1
10	98	0
10	99	1
10	100	0
10	101	0
10	102	0
10	103	1
10	104	0
10	105	0
10	106	0
10	107	1
10	108	0
10	109	1
10	110	0
11	12	1
11	13	0
11	14	0
11	15	0
11	16	1
11	17	1
11	18	1
11	19	1
11	20	1
11	21	0
11	22	1
11	23	1
11	24	1
11	25	1
11	26	0
11	27	1
11	28	1
11	29	0
11	30	0
11	31	0
11	32	1
11	33	0
11	34	1
11	35	0
11	36	1
11	37	0
11	38	0
11	39	1
11	40	1
11	41	1
11	42	1
11	43	0
11	44	1
11	45	1
11	46	0
11	47	1
11	48	0
11	49	1
11	50	1
11	51	0
11	52	0
11	53	1
11	54	0
11	55	0
11	56	0
11	57	1
11	58	0
11	59	1
11	60	1
11	61	0
11	62	1
11	63	0
11	64	0
11	65	0
11	66	0
11	67	0
11	68	0
11	69	1
11	70	0
11	71	1
11	72	0
11	73	0
11	74	1
11	75	0
11	76	1
11	77	1
11	78	1
11	79	1
11	80	0
11	81	0
11	82	0
11	83	0
11	84	1
11	85	0
11	86	1
11	87	0
11	88	0
11	89	1
11	90	1
11	91	0
11	92	1
11	93	1
11	94	0
11	95	1
11	96	0
11	97	1
11	98	1
11	99	1
11	100	0
11	101	1
11	102	1
11	103	1
11	104	1
11	105	0
11	106	0
11	107	0
11	108	0
11	109	0
11	110	0
12	13	1
12	14	1
12	15	0
12	16	0
12	17	0
12	18	0
12	19	1
12	20	1
12	21	1
12	22	1
12	23	0
12	24	0
12	25	0
12	26	0
12	27	1
12	28	1
12	29	0
12	30	1
12	31	1
12	32	1
12	33	0
12	34	0
12	35	0
12	36	0
12	37	1
12	38	1
12	39	0
12	40	1
12	41	0
12	42	1
12	43	1
12	44	0
12	45	0
12	46	0
12	47	1
12	48	1
12	49	1
12	50	1
12	51	1
12	52	1
12	53	0
12	54	1
12	55	0
12	56	0
12	57	1
12	58	0
12	59	1
12	60	0
12	61	1
12	62	1
12	63	1
12	64	0
12	65	1
12	66	0
12	67	0
12	68	0
12	69	1
12	70	0
12	71	1
12	72	1
12	73	1
12	74	1
12	75	0
12	76	1
12	77	0
12	78	1
12	79	1
12	80	1
12	81	0
12	82	0
12	83	1
12	84	1
12	85	0
12	86	0
12	87	1
12	88	0
12	89	0
12	90	0
12	91	0
12	92	1
12	93	1
12	94	0
12	95	0
12	96	0
12	97	1
12	98	1
12	99	0
12	100	1
12	101	0
12	102	0
12	103	1
12	104	1
12	105	0
12	106	0
12	107	1
12	108	0
12	109	1
12	110	1
13	14	1
13	15	1
13	16	0
13	17	1
13	18	1
13	19	1
13	20	1
13	21	0
13	22	0
13	23	0
13	24	1
13	25	0
13	26	1
13	27	0
13	28	1
13	29	1
13	30	1
13	31	1
13	32	0
13	33	0
13	34	0
13	35	1
13	36	0
13	37	1
13	38	1
13	39	0
13	40	1
13	41	1
13	42	1
13	43	1
13	44	1
13	45	1
13	46	1
13	47	0
13	48	1
13	49	0
13	50	0
13	51	1
13	52	0
13	53	0
13	54	1
13	55	1
13	56	0
13	57	1
13	58	0
13	59	0
13	60	0
13	61	0
13	62	0
13	63	1
13	64	0
13	65	1
13	66	1
13	67	1
13	68	0
13	69	0
13	70	0
13	71	0
13	72	0
13	73	0
13	74	1
13	75	0
13	76	1
13	77	1
13	78	0
13	79	1
13	80	1
13	81	1
13	82	0
13	83	0
13	84	1
13	85	1
13	86	0
13	87	1
13	88	1
13	89	1
13	90	0
13	91	1
13	92	1
13	93	0
13	94	0
13	95	1
13	96	1
13	97	1
13	98	1
13	99	1
13	100	1
13	101	1
13	102	0
13	103	0
13	104	1
13	105	0
13	106	0
13	107	1
13	108	1
13	109	1
13	110	1
14	15	1
14	16	1
14	17	0
14	18	1
14	19	0
14	20	1
14	21	1
14	22	0
14	23	0
14	24	0
14	25	1
14	26	0
14	27	1
14	28	0
14	29	1
14	30	1
14	31	1
14	32	1
14	33	0
14	34	0
14	35	0
14	36	1
14	37	1
14	38	1
14	39	0
14	40	0
14	41	0
14	42	0
14	43	0
14	44	0
14	45	0
14	46	1
14	47	0
14	48	1
14	49	1
14	50	0
14	51	1
14	52	0
14	53	0
14	54	1
14	55	0
14	56	0
14	57	1
14	58	1
14	59	1
14	60	0
14	61	0
14	62	0
14	63	0
14	64	1
14	65	0
14	66	0
14	67	1
14	68	1
14	69	0
14	70	1
14	71	1
14	72	0
14	73	1
14	74	1
14	75	0
14	76	0
14	77	0
14	78	0
14	79	0
14	80	0
14	81	0
14	82	1
14	83	0
14	84	0
14	85	1
14	86	0
14	87	1
14	88	0
14	89	0
14	90	0
14	91	0
14	92	1
14	93	0
14	94	1
14	95	1
14	96	0
14	97	1
14	98	0
14	99	0
14	100	0
14	101	1
14	102	0
14	103	1
14	104	1
14	105	0
14	106	1
14	107	0
14	108	0
14	109	1
14	110	1
15	16	1
15	17	1
15	18	1
15	19	1
15	20	0
15	21	0
15	22	1
15	23	0
15	24	0
15	25	1
15	26	0
15	27	0
15	28	1
15	29	0
15	30	0
15	31	1
15	32	1
15	33	1
15	34	0
15	35	1
15	36	0
15	37	1
15	38	1
15	39	1
15	40	1
15	41	0
15	42	0
15	43	0
15	44	1
15	45	0
15	46	1
15	47	0
15	48	1
15	49	0
15	50	0
15	51	0
15	52	0
15	53	0
15	54	1
15	55	0
15	56	0
15	57	0
15	58	0
15	59	1
15	60	0
15	61	0
15	62	1
15	63	1
15	64	1
15	65	0
15	66	1
15	67	0
15	68	0
15	69	1
15	70	1
15	71	1
15	72	1
15	73	0
15	74	0
15	75	0
15	76	1
15	77	0
15	78	1
15	79	1
15	80	1
15	81	1
15	82	0
15	83	0
15	84	1
15	85	1
15	86	1
15	87	0
15	88	1
15	89	1
15	90	0
15	91	0
15	92	1
15	93	1
15	94	1
15	95	0
15	96	0
15	97	1
15	98	1
15	99	1
15	100	1
15	101	1
15	102	0
15	103	0
15	104	1
15	105	1
15	106	1
15	107	1
15	108	0
15	109	1
15	110	0
16	17	1
16	18	1
16	19	1
16	20	1
16	21	1
16	22	0
16	23	0
16	24	1
16	25	0
16	26	0
16	27	1
16	28	1
16	29	1
16	30	0
16	31	0
16	32	0
16	33	1
16	34	0
16	35	1
16	36	0
16	37	1
16	38	0
16	39	1
16	40	0
16	41	0
16	42	1
16	43	1
16	44	1
16	45	0
16	46	0
16	47	1
16	48	1
16	49	0
16	50	1
16	51	1
16	52	1
16	53	0
16	54	0
16	55	1
16	56	1
16	57	1
16	58	0
16	59	1
16	60	0
16	61	1
16	62	0
16	63	1
16	64	0
16	65	1
16	66	0
16	67	1
16	68	1
16	69	0
16	70	0
16	71	0
16	72	1
16	73	1
16	74	1
16	75	0
16	76	0
16	77	0
16	78	1
16	79	1
16	80	0
16	81	1
16	82	1
16	83	1
16	84	1
16	85	1
16	86	1
16	87	1
16	88	0
16	89	1
16	90	1
16	91	1
16	92	0
16	93	0
16	94	0
16	95	0
16	96	0
16	97	0
16	98	0
16	99	0
16	100	0
16	101	1
16	102	1
16	103	0
16	104	1
16	105	1
16	106	1
16	107	1
16	108	0
16	109	1
16	110	1
17	18	1
17	19	1
17	20	1
17	21	0
17	22	0
17	23	0
17	24	0
17	25	1
17	26	0
17	27	1
17	28	1
17	29	1
17	30	0
17	31	0
17	32	1
17	33	1
17	34	1
17	35	0
17	36	1
17	37	1
17	38	0
17	39	1
17	40	1
17	41	1
17	42	0
17	43	0
17	44	1
17	45	1
17	46	1
17	47	1
17	48	0
17	49	1
17	50	1
17	51	1
17	52	0
17	53	0
17	54	0
17	55	0
17	56	1
17	57	1
17	58	0
17	59	1
17	60	0
17	61	0
17	62	0
17	63	0
17	64	0
17	65	1
17	66	1
17	67	0
17	68	0
17	69	0
17	70	0
17	71	1
17	72	0
17	73	1
17	74	1
17	75	1
17	76	0
17	77	0
17	78	1
17	79	0
17	80	1
17	81	0
17	82	0
17	83	0
17	84	1
17	85	0
17	86	1
17	87	0
17	88	0
17	89	0
17	90	1
17	91	0
17	92	0
17	93	1
17	94	0
17	95	1
17	96	0
17	97	1
17	98	0
17	99	1
17	100	1
17	101	0
17	102	0
17	103	1
17	104	0
17	105	1
17	106	1
17	107	0
17	108	1
17	109	0
17	110	1
18	19	1
18	20	1
18	21	0
18	22	1
18	23	1
18	24	1
18	25	1
18	26	0
18	27	1
18	28	0
18	29	1
18	30	1
18	31	1
18	32	0
18	33	1
18	34	0
18	35	0
18	36	1
18	37	1
18	38	1
18	39	1
18	40	0
18	41	1
18	42	1
18	43	0
18	44	1
18	45	1
18	46	1
18	47	1
18	48	0
18	49	0
18	50	0
18	51	1
18	52	1
18	53	1
18	54	0
18	55	1
18	56	1
18	57	1
18	58	0
18	59	0
18	60	0
18	61	1
18	62	0
18	63	1
18	64	0
18	65	1
18	66	0
18	67	0
18	68	0
18	69	1
18	70	1
18	71	1
18	72	0
18	73	1
18	74	0
18	75	0
18	76	0
18	77	0
18	78	0
18	79	1
18	80	0
18	81	1
18	82	0
18	83	1
18	84	0
18	85	1
18	86	0
18	87	1
18	88	0
18	89	1
18	90	0
18	91	0
18	92	0
18	93	1
18	94	1
18	95	0
18	96	0
18	97	1
18	98	1
18	99	0
18	100	1
18	101	0
18	102	0
18	103	0
18	104	0
18	105	1
18	106	1
18	107	1
18	108	1
18	109	0
18	110	0
19	20	1
19	21	0
19	22	1
19	23	0
19	24	1
19	25	0
19	26	1
19	27	0
19	28	0
19	29	0
19	30	0
19	31	0
19	32	0
19	33	0
19	34	0
19	35	0
19	36	1
19	37	1
19	38	1
19	39	0
19	40	1
19	41	0
19	42	0
19	43	0
19	44	0
19	45	0
19	46	0
19	47	0
19	48	1
19	49	1
19	50	0
19	51	1
19	52	0
19	53	0
19	54	1
19	55	0
19	56	1
19	57	1
19	58	1
19	59	1
19	60	0
19	61	0
19	62	1
19	63	1
19	64	0
19	65	1
19	66	1
19	67	1
19	68	0
19	69	1
19	70	1
19	71	0
19	72	1
19	73	1
19	74	0
19	75	1
19	76	1
19	77	0
19	78	1
19	79	1
19	80	1
19	81	1
19	82	1
19	83	1
19	84	1
19	85	0
19	86	1
19	87	0
19	88	0
19	89	0
19	90	0
19	91	1
19	92	0
19	93	0
19	94	0
19	95	0
19	96	0
19	97	1
19	98	0
19	99	0
19	100	0
19	101	1
19	102	1
19	103	0
19	104	1
19	105	0
19	106	0
19	107	0
19	108	1
19	109	0
19	110	0
20	21	0
20	22	0
20	23	0
20	24	1
20	25	1
20	26	1
20	27	1
20	28	0
20	29	0
20	30	1
20	31	1
20	32	0
20	33	1
20	34	0
20	35	0
20	36	1
20	37	0
20	38	1
20	39	1
20	40	0
20	41	1
20	42	1
20	43	0
20	44	1
20	45	0
20	46	0
20	47	1
20	48	1
20	49	1
20	50	0
20	51	0
20	52	1
20	53	0
20	54	0
20	55	0
20	56	0
20	57	1
20	58	1
20	59	0
20	60	1
20	61	1
20	62	0
20	63	0
20	64	0
20	65	0
20	66	0
20	67	1
20	68	0
20	69	1
20	70	1
20	71	0
20	72	0
20	73	1
20	74	1
20	75	0
20	76	1
20	77	1
20	78	0
20	79	0
20	80	0
20	81	0
20	82	0
20	83	1
20	84	0
20	85	1
20	86	1
20	87	0
20	88	1
20	89	0
20	90	1
20	91	1
20	92	1
20	93	0
20	94	1
20	95	1
20	96	0
20	97	1
20	98	0
20	99	0
20	100	0
20	101	1
20	102	1
20	103	0
20	104	1
20	105	1
20	106	0
20	107	1
20	108	0
20	109	0
20	110	0
21	22	1
21	23	0
21	24	0
21	25	1
21	26	1
21	27	1
21	28	0
21	29	1
21	30	0
21	31	0
21	32	0
21	33	0
21	34	0
21	35	1
21	36	1
21	37	1
21	38	0
21	39	0
21	40	1
21	41	0
21	42	0
21	43	1
21	44	0
21	45	0
21	46	1
21	47	0
21	48	0
21	49	0
21	50	0
21	51	1
21	52	1
21	53	1
21	54	1
21	55	0
21	56	1
21	57	0
21	58	0
21	59	0
21	60	0
21	61	0
21	62	0
21	63	1
21	64	0
21	65	0
21	66	0
21	67	1
21	68	1
21	69	1
21	70	0
21	71	0
21	72	1
21	73	1
21	74	1
21	75	1
21	76	1
21	77	0
21	78	1
21	79	1
21	80	0
21	81	1
21	82	0
21	83	0
21	84	0
21	85	0
21	86	0
21	87	0
21	88	1
21	89	0
21	90	0
21	91	0
21	92	0
21	93	0
21	94	0
21	95	1
21	96	0
21	97	1
21	98	0
21	99	0
21	100	1
21	101	1
21	102	0
21	103	1
21	104	0
21	105	0
21	106	0
21	107	0
21	108	0
21	109	0
21	110	0
22	23	0
22	24	0
22	25	1
22	26	1
22	27	0
22	28	0
22	29	1
22	30	1
22	31	0
22	32	0
22	33	1
22	34	1
22	35	0
22	36	1
22	37	0
22	38	0
22	39	1
22	40	0
22	41	0
22	42	1
22	43	1
22	44	1
22	45	0
22	46	1
22	47	0
22	48	0
22	49	1
22	50	0
22	51	0
22	52	0
22	53	1
22	54	0
22	55	1
22	56	0
22	57	1
22	58	1
22	59	1
22	60	0
22	61	1
22	62	0
22	63	1
22	64	0
22	65	0
22	66	0
22	67	0
22	68	1
22	69	1
22	70	0
22	71	1
22	72	0
22	73	1
22	74	1
22	75	0
22	76	1
22	77	0
22	78	0
22	79	0
22	80	1
22	81	1
22	82	1
22	83	1
22	84	0
22	85	0
22	86	0
22	87	1
22	88	1
22	89	1
22	90	0
22	91	0
22	92	1
22	93	0
22	94	0
22	95	0
22	96	1
22	97	1
22	98	1
22	99	1
22	100	1
22	101	0
22	102	0
22	103	1
22	104	1
22	105	1
22	106	0
22	107	0
22	108	1
22	109	1
22	110	0
23	24	0
23	25	0
23	26	1
23	27	0
23	28	0
23	29	0
23	30	0
23	31	1
23	32	0
23	33	1
23	34	1
23	35	0
23	36	0
23	37	0
23	38	1
23	39	0
23	40	0
23	41	1
23	42	0
23	43	0
23	44	0
23	45	0
23	46	1
23	47	1
23	48	1
23	49	1
23	50	1
23	51	0
23	52	1
23	53	1
23	54	0
23	55	0
23	56	0
23	57	1
23	58	1
23	59	0
23	60	1
23	61	0
23	62	0
23	63	1
23	64	0
23	65	0
23	66	0
23	67	0
23	68	1
23	69	1
23	70	1
23	71	0
23	72	0
23	73	1
23	74	0
23	75	0
23	76	0
23	77	1
23	78	0
23	79	1
23	80	0
23	81	0
23	82	1
23	83	0
23	84	1
23	85	1
23	86	0
23	87	1
23	88	1
23	89	0
23	90	1
23	91	1
23	92	1
23	93	1
23	94	0
23	95	0
23	96	0
23	97	1
23	98	1
23	99	0
23	100	1
23	101	0
23	102	1
23	103	0
23	104	1
23	105	1
23	106	1
23	107	0
23	108	1
23	109	0
23	110	0
24	25	0
24	26	1
24	27	0
24	28	1
24	29	1
24	30	0
24	31	0
24	32	1
24	33	1
24	34	1
24	35	1
24	36	1
24	37	1
24	38	1
24	39	1
24	40	0
24	41	1
24	42	1
24	43	1
24	44	0
24	45	1
24	46	1
24	47	1
24	48	1
24	49	1
24	50	1
24	51	1
24	52	1
24	53	0
24	54	1
24	55	0
24	56	0
24	57	1
24	58	1
24	59	1
24	60	1
24	61	1
24	62	0
24	63	1
24	64	0
24	65	0
24	66	0
24	67	1
24	68	0
24	69	0
24	70	1
24	71	0
24	72	0
24	73	0
24	74	0
24	75	1
24	76	0
24	77	1
24	78	1
24	79	0
24	80	0
24	81	1
24	82	0
24	83	1
24	84	1
24	85	0
24	86	0
24	87	0
24	88	1
24	89	0
24	90	0
24	91	1
24	92	1
24	93	0
24	94	0
24	95	0
24	96	1
24	97	1
24	98	0
24	99	0
24	100	1
24	101	0
24	102	1
24	103	1
24	104	1
24	105	0
24	106	0
24	107	0
24	108	1
24	109	0
24	110	1
25	26	1
25	27	1
25	28	0
25	29	1
25	30	0
25	31	0
25	32	1
25	33	0
25	34	1
25	35	0
25	36	1
25	37	0
25	38	0
25	39	1
25	40	1
25	41	0
25	42	1
25	43	1
25	44	1
25	45	0
25	46	1
25	47	1
25	48	0
25	49	0
25	50	1
25	51	1
25	52	0
25	53	0
25	54	0
25	55	0
25	56	0
25	57	1
25	58	0
25	59	0
25	60	0
25	61	1
25	62	0
25	63	0
25	64	1
25	65	0
25	66	1
25	67	1
25	68	0
25	69	1
25	70	1
25	71	0
25	72	0
25	73	1
25	74	0
25	75	0
25	76	0
25	77	0
25	78	1
25	79	1
25	80	0
25	81	0
25	82	0
25	83	0
25	84	0
25	85	0
25	86	1
25	87	1
25	88	0
25	89	1
25	90	0
25	91	1
25	92	0
25	93	1
25	94	0
25	95	0
25	96	1
25	97	1
25	98	1
25	99	0
25	100	1
25	101	1
25	102	1
25	103	1
25	104	1
25	105	1
25	106	0
25	107	0
25	108	0
25	109	0
25	110	1
26	27	1
26	28	1
26	29	0
26	30	1
26	31	1
26	32	1
26	33	1
26	34	0
26	35	0
26	36	0
26	37	1
26	38	1
26	39	1
26	40	1
26	41	0
26	42	0
26	43	0
26	44	1
26	45	0
26	46	1
26	47	1
26	48	1
26	49	1
26	50	0
26	51	0
26	52	0
26	53	0
26	54	1
26	55	0
26	56	0
26	57	1
26	58	0
26	59	0
26	60	1
26	61	1
26	62	1
26	63	0
26	64	0
26	65	1
26	66	0
26	67	1
26	68	0
26	69	1
26	70	1
26	71	1
26	72	0
26	73	1
26	74	1
26	75	1
26	76	1
26	77	1
26	78	1
26	79	1
26	80	0
26	81	0
26	82	0
26	83	1
26	84	1
26	85	0
26	86	1
26	87	1
26	88	1
26	89	0
26	90	1
26	91	1
26	92	0
26	93	0
26	94	0
26	95	1
26	96	0
26	97	1
26	98	1
26	99	1
26	100	0
26	101	1
26	102	1
26	103	0
26	104	0
26	105	0
26	106	1
26	107	0
26	108	1
26	109	1
26	110	1
27	28	0
27	29	1
27	30	1
27	31	0
27	32	0
27	33	1
27	34	0
27	35	0
27	36	0
27	37	0
27	38	1
27	39	1
27	40	0
27	41	0
27	42	1
27	43	1
27	44	1
27	45	1
27	46	0
27	47	1
27	48	1
27	49	0
27	50	0
27	51	1
27	52	0
27	53	0
27	54	0
27	55	0
27	56	0
27	57	1
27	58	1
27	59	0
27	60	1
27	61	1
27	62	1
27	63	0
27	64	1
27	65	0
27	66	1
27	67	1
27	68	0
27	69	1
27	70	0
27	71	0
27	72	0
27	73	0
27	74	0
27	75	0
27	76	0
27	77	1
27	78	0
27	79	0
27	80	0
27	81	1
27	82	0
27	83	1
27	84	1
27	85	0
27	86	0
27	87	0
27	88	1
27	89	1
27	90	0
27	91	0
27	92	0
27	93	0
27	94	1
27	95	0
27	96	0
27	97	1
27	98	0
27	99	0
27	100	1
27	101	0
27	102	0
27	103	0
27	104	1
27	105	1
27	106	1
27	107	1
27	108	0
27	109	1
27	110	1
28	29	1
28	30	0
28	31	1
28	32	0
28	33	0
28	34	0
28	35	1
28	36	0
28	37	0
28	38	0
28	39	0
28	40	0
28	41	0
28	42	0
28	43	1
28	44	0
28	45	0
28	46	1
28	47	0
28	48	0
28	49	0
28	50	1
28	51	0
28	52	1
28	53	0
28	54	0
28	55	0
28	56	1
28	57	1
28	58	1
28	59	1
28	60	1
28	61	1
28	62	0
28	63	0
28	64	0
28	65	1
28	66	0
28	67	1
28	68	0
28	69	0
28	70	0
28	71	1
28	72	0
28	73	0
28	74	0
28	75	0
28	76	0
28	77	1
28	78	0
28	79	0
28	80	0
28	81	0
28	82	1
28	83	1
28	84	0
28	85	0
28	86	0
28	87	1
28	88	1
28	89	0
28	90	1
28	91	0
28	92	1
28	93	0
28	94	0
28	95	0
28	96	0
28	97	1
28	98	1
28	99	1
28	100	0
28	101	0
28	102	0
28	103	1
28	104	0
28	105	1
28	106	1
28	107	1
28	108	0
28	109	1
28	110	1
29	30	0
29	31	1
29	32	1
29	33	1
29	34	1
29	35	0
29	36	0
29	37	0
29	38	0
29	39	0
29	40	1
29	41	0
29	42	0
29	43	0
29	44	0
29	45	0
29	46	0
29	47	1
29	48	0
29	49	0
29	50	1
29	51	1
29	52	1
29	53	1
29	54	0
29	55	0
29	56	0
29	57	0
29	58	0
29	59	1
29	60	1
29	61	1
29	62	1
29	63	1
29	64	0
29	65	1
29	66	0
29	67	1
29	68	0
29	69	1
29	70	0
29	71	0
29	72	0
29	73	1
29	74	1
29	75	1
29	76	0
29	77	0
29	78	0
29	79	1
29	80	1
29	81	0
29	82	1
29	83	1
29	84	0
29	85	1
29	86	0
29	87	0
29	88	0
29	89	1
29	90	0
29	91	1
29	92	1
29	93	0
29	94	0
29	95	0
29	96	1
29	97	1
29	98	1
29	99	1
29	100	1
29	101	0
29	102	0
29	103	1
29	104	1
29	105	1
29	106	1
29	107	1
29	108	0
29	109	1
29	110	1
30	31	0
30	32	1
30	33	0
30	34	0
30	35	1
30	36	0
30	37	1
30	38	0
30	39	0
30	40	1
30	41	0
30	42	1
30	43	1
30	44	1
30	45	1
30	46	1
30	47	0
30	48	1
30	49	0
30	50	1
30	51	0
30	52	0
30	53	0
30	54	1
30	55	0
30	56	0
30	57	1
30	58	1
30	59	1
30	60	1
30	61	1
30	62	1
30	63	1
30	64	0
30	65	0
30	66	1
30	67	0
30	68	1
30	69	1
30	70	0
30	71	0
30	72	1
30	73	1
30	74	1
30	75	0
30	76	1
30	77	1
30	78	0
30	79	1
30	80	0
30	81	1
30	82	1
30	83	1
30	84	0
30	85	1
30	86	0
30	87	1
30	88	1
30	89	1
30	90	1
30	91	1
30	92	1
30	93	0
30	94	0
30	95	0
30	96	0
30	97	0
30	98	0
30	99	1
30	100	0
30	101	1
30	102	0
30	103	1
30	104	1
30	105	1
30	106	0
30	107	0
30	108	0
30	109	0
30	110	1
31	32	0
31	33	1
31	34	1
31	35	0
31	36	1
31	37	0
31	38	1
31	39	1
31	40	0
31	41	1
31	42	0
31	43	1
31	44	1
31	45	1
31	46	1
31	47	1
31	48	0
31	49	0
31	50	1
31	51	1
31	52	1
31	53	1
31	54	0
31	55	1
31	56	0
31	57	1
31	58	0
31	59	0
31	60	1
31	61	0
31	62	0
31	63	1
31	64	1
31	65	0
31	66	1
31	67	0
31	68	1
31	69	1
31	70	1
31	71	0
31	72	1
31	73	1
31	74	1
31	75	1
31	76	1
31	77	1
31	78	0
31	79	1
31	80	1
31	81	1
31	82	1
31	83	0
31	84	0
31	85	0
31	86	1
31	87	0
31	88	0
31	89	0
31	90	1
31	91	1
31	92	1
31	93	1
31	94	0
31	95	1
31	96	1
31	97	0
31	98	0
31	99	0
31	100	0
31	101	0
31	102	1
31	103	0
31	104	1
31	105	1
31	106	0
31	107	1
31	108	0
31	109	0
31	110	1
32	33	1
32	34	1
32	35	0
32	36	0
32	37	0
32	38	0
32	39	1
32	40	1
32	41	0
32	42	1
32	43	0
32	44	1
32	45	1
32	46	1
32	47	1
32	48	1
32	49	1
32	50	1
32	51	1
32	52	0
32	53	0
32	54	0
32	55	0
32	56	1
32	57	0
32	58	0
32	59	0
32	60	0
32	61	0
32	62	1
32	63	0
32	64	1
32	65	0
32	66	1
32	67	1
32	68	0
32	69	0
32	70	1
32	71	1
32	72	0
32	73	0
32	74	1
32	75	1
32	76	1
32	77	1
32	78	1
32	79	1
32	80	1
32	81	1
32	82	1
32	83	0
32	84	1
32	85	0
32	86	0
32	87	1
32	88	0
32	89	1
32	90	0
32	91	1
32	92	0
32	93	1
32	94	1
32	95	0
32	96	1
32	97	0
32	98	0
32	99	1
32	100	0
32	101	1
32	102	0
32	103	0
32	104	0
32	105	0
32	106	0
32	107	1
32	108	0
32	109	1
32	110	1
33	34	0
33	35	1
33	36	0
33	37	0
33	38	1
33	39	0
33	40	1
33	41	1
33	42	0
33	43	1
33	44	0
33	45	1
33	46	0
33	47	1
33	48	0
33	49	0
33	50	0
33	51	0
33	52	0
33	53	0
33	54	1
33	55	1
33	56	1
33	57	1
33	58	1
33	59	0
33	60	1
33	61	1
33	62	0
33	63	0
33	64	1
33	65	0
33	66	1
33	67	1
33	68	0
33	69	0
33	70	0
33	71	0
33	72	0
33	73	0
33	74	1
33	75	1
33	76	1
33	77	1
33	78	1
33	79	1
33	80	1
33	81	0
33	82	0
33	83	1
33	84	1
33	85	1
33	86	0
33	87	0
33	88	1
33	89	1
33	90	1
33	91	0
33	92	1
33	93	0
33	94	1
33	95	1
33	96	0
33	97	1
33	98	1
33	99	1
33	100	0
33	101	0
33	102	1
33	103	0
33	104	1
33	105	1
33	106	1
33	107	0
33	108	1
33	109	1
33	110	0
34	35	1
34	36	0
34	37	0
34	38	1
34	39	1
34	40	0
34	41	1
34	42	0
34	43	1
34	44	0
34	45	1
34	46	1
34	47	0
34	48	1
34	49	0
34	50	1
34	51	1
34	52	0
34	53	1
34	54	0
34	55	0
34	56	1
34	57	0
34	58	0
34	59	0
34	60	0
34	61	1
34	62	1
34	63	1
34	64	0
34	65	0
34	66	0
34	67	1
34	68	1
34	69	1
34	70	1
34	71	0
34	72	0
34	73	1
34	74	1
34	75	1
34	76	0
34	77	0
34	78	0
34	79	0
34	80	0
34	81	1
34	82	0
34	83	1
34	84	1
34	85	1
34	86	0
34	87	0
34	88	0
34	89	0
34	90	0
34	91	0
34	92	1
34	93	1
34	94	1
34	95	0
34	96	1
34	97	0
34	98	1
34	99	1
34	100	0
34	101	0
34	102	0
34	103	0
34	104	0
34	105	0
34	106	0
34	107	1
34	108	1
34	109	0
34	110	0
35	36	1
35	37	0
35	38	1
35	39	0
35	40	1
35	41	1
35	42	0
35	43	1
35	44	1
35	45	1
35	46	0
35	47	0
35	48	0
35	49	0
35	50	1
35	51	1
35	52	1
35	53	0
35	54	0
35	55	0
35	56	1
35	57	1
35	58	1
35	59	0
35	60	0
35	61	1
35	62	1
35	63	0
35	64	1
35	65	0
35	66	1
35	67	1
35	68	0
35	69	0
35	70	1
35	71	0
35	72	1
35	73	1
35	74	1
35	75	0
35	76	1
35	77	1
35	78	0
35	79	0
35	80	1
35	81	1
35	82	0
35	83	0
35	84	1
35	85	0
35	86	0
35	87	1
35	88	0
35	89	0
35	90	1
35	91	1
35	92	1
35	93	0
35	94	0
35	95	1
35	96	1
35	97	0
35	98	0
35	99	0
35	100	1
35	101	1
35	102	0
35	103	1
35	104	0
35	105	0
35	106	1
35	107	0
35	108	1
35	109	1
35	110	0
36	37	1
36	38	0
36	39	0
36	40	1
36	41	0
36	42	1
36	43	1
36	44	1
36	45	1
36	46	1
36	47	1
36	48	1
36	49	0
36	50	0
36	51	1
36	52	0
36	53	1
36	54	1
36	55	0
36	56	0
36	57	0
36	58	1
36	59	0
36	60	0
36	61	1
36	62	1
36	63	1
36	64	0
36	65	1
36	66	0
36	67	1
36	68	0
36	69	0
36	70	1
36	71	1
36	72	1
36	73	1
36	74	1
36	75	0
36	76	1
36	77	1
36	78	0
36	79	0
36	80	1
36	81	1
36	82	1
36	83	0
36	84	0
36	85	1
36	86	0
36	87	0
36	88	0
36	89	0
36	90	0
36	91	1
36	92	1
36	93	1
36	94	0
36	95	0
36	96	1
36	97	1
36	98	0
36	99	1
36	100	0
36	101	1
36	102	1
36	103	0
36	104	1
36	105	1
36	106	1
36	107	0
36	108	0
36	109	0
36	110	0
37	38	1
37	39	1
37	40	1
37	41	1
37	42	1
37	43	1
37	44	0
37	45	1
37	46	0
37	47	0
37	48	1
37	49	1
37	50	0
37	51	1
37	52	0
37	53	1
37	54	1
37	55	0
37	56	0
37	57	0
37	58	1
37	59	1
37	60	1
37	61	1
37	62	1
37	63	1
37	64	1
37	65	0
37	66	1
37	67	1
37	68	0
37	69	1
37	70	1
37	71	0
37	72	1
37	73	1
37	74	1
37	75	0
37	76	1
37	77	1
37	78	0
37	79	1
37	80	1
37	81	1
37	82	1
37	83	1
37	84	1
37	85	0
37	86	1
37	87	0
37	88	1
37	89	1
37	90	1
37	91	1
37	92	0
37	93	0
37	94	0
37	95	0
37	96	0
37	97	1
37	98	1
37	99	1
37	100	0
37	101	1
37	102	1
37	103	0
37	104	1
37	105	1
37	106	1
37	107	1
37	108	1
37	109	1
37	110	1
38	39	1
38	40	0
38	41	0
38	42	0
38	43	0
38	44	0
38	45	1
38	46	1
38	47	1
38	48	0
38	49	1
38	50	0
38	51	1
38	52	1
38	53	0
38	54	1
38	55	0
38	56	1
38	57	0
38	58	1
38	59	1
38	60	1
38	61	0
38	62	0
38	63	1
38	64	0
38	65	1
38	66	0
38	67	1
38	68	0
38	69	1
38	70	0
38	71	0
38	72	0
38	73	0
38	74	1
38	75	1
38	76	0
38	77	1
38	78	1
38	79	0
38	80	1
38	81	0
38	82	0
38	83	1
38	84	1
38	85	1
38	86	1
38	87	1
38	88	0
38	89	0
38	90	0
38	91	1
38	92	1
38	93	1
38	94	0
38	95	0
38	96	0
38	97	0
38	98	0
38	99	0
38	100	1
38	101	1
38	102	1
38	103	0
38	104	0
38	105	0
38	106	0
38	107	0
38	108	1
38	109	1
38	110	1
39	40	1
39	41	1
39	42	0
39	43	0
39	44	1
39	45	0
39	46	0
39	47	0
39	48	0
39	49	1
39	50	1
39	51	1
39	52	1
39	53	0
39	54	0
39	55	0
39	56	0
39	57	1
39	58	0
39	59	0
39	60	1
39	61	0
39	62	1
39	63	0
39	64	1
39	65	0
39	66	1
39	67	0
39	68	0
39	69	1
39	70	1
39	71	0
39	72	1
39	73	1
39	74	1
39	75	1
39	76	1
39	77	1
39	78	1
39	79	0
39	80	1
39	81	0
39	82	0
39	83	1
39	84	1
39	85	1
39	86	0
39	87	1
39	88	0
39	89	1
39	90	0
39	91	0
39	92	1
39	93	0
39	94	0
39	95	1
39	96	0
39	97	0
39	98	0
39	99	0
39	100	1
39	101	1
39	102	0
39	103	1
39	104	0
39	105	1
39	106	0
39	107	0
39	108	0
39	109	1
39	110	1
40	41	1
40	42	0
40	43	1
40	44	1
40	45	0
40	46	0
40	47	0
40	48	1
40	49	1
40	50	1
40	51	1
40	52	0
40	53	0
40	54	0
40	55	0
40	56	1
40	57	0
40	58	0
40	59	1
40	60	0
40	61	1
40	62	0
40	63	0
40	64	0
40	65	0
40	66	0
40	67	1
40	68	1
40	69	1
40	70	0
40	71	0
40	72	0
40	73	0
40	74	1
40	75	1
40	76	0
40	77	1
40	78	1
40	79	1
40	80	0
40	81	0
40	82	1
40	83	1
40	84	1
40	85	1
40	86	0
40	87	1
40	88	0
40	89	0
40	90	0
40	91	1
40	92	1
40	93	0
40	94	0
40	95	0
40	96	1
40	97	0
40	98	0
40	99	1
40	100	1
40	101	1
40	102	1
40	103	0
40	104	1
40	105	1
40	106	1
40	107	0
40	108	0
40	109	0
40	110	1
41	42	0
41	43	1
41	44	1
41	45	1
41	46	0
41	47	1
41	48	0
41	49	0
41	50	0
41	51	0
41	52	1
41	53	1
41	54	0
41	55	0
41	56	1
41	57	0
41	58	1
41	59	1
41	60	0
41	61	0
41	62	0
41	63	0
41	64	1
41	65	0
41	66	1
41	67	0
41	68	1
41	69	1
41	70	1
41	71	0
41	72	1
41	73	0
41	74	1
41	75	0
41	76	1
41	77	1
41	78	0
41	79	0
41	80	0
41	81	1
41	82	0
41	83	1
41	84	0
41	85	0
41	86	1
41	87	1
41	88	1
41	89	1
41	90	1
41	91	0
41	92	1
41	93	1
41	94	1
41	95	1
41	96	0
41	97	0
41	98	1
41	99	0
41	100	0
41	101	1
41	102	0
41	103	1
41	104	0
41	105	0
41	106	1
41	107	1
41	108	1
41	109	1
41	110	1
42	43	0
42	44	0
42	45	1
42	46	1
42	47	1
42	48	0
42	49	0
42	50	0
42	51	0
42	52	1
42	53	1
42	54	0
42	55	1
42	56	1
42	57	1
42	58	0
42	59	1
42	60	1
42	61	0
42	62	1
42	63	1
42	64	0
42	65	0
42	66	1
42	67	0
42	68	1
42	69	0
42	70	0
42	71	1
42	72	0
42	73	1
42	74	0
42	75	0
42	76	1
42	77	1
42	78	1
42	79	1
42	80	1
42	81	0
42	82	0
42	83	0
42	84	1
42	85	1
42	86	1
42	87	0
42	88	0
42	89	0
42	90	1
42	91	1
42	92	0
42	93	0
42	94	0
42	95	1
42	96	1
42	97	0
42	98	1
42	99	0
42	100	0
42	101	0
42	102	1
42	103	0
42	104	1
42	105	0
42	106	0
42	107	0
42	108	0
42	109	1
42	110	0
43	44	1
43	45	1
43	46	1
43	47	1
43	48	0
43	49	1
43	50	0
43	51	1
43	52	1
43	53	0
43	54	1
43	55	0
43	56	1
43	57	0
43	58	1
43	59	0
43	60	0
43	61	0
43	62	0
43	63	1
43	64	0
43	65	0
43	66	0
43	67	0
43	68	1
43	69	1
43	70	0
43	71	0
43	72	1
43	73	1
43	74	1
43	75	0
43	76	0
43	77	1
43	78	0
43	79	1
43	80	1
43	81	1
43	82	0
43	83	0
43	84	1
43	85	0
43	86	1
43	87	0
43	88	1
43	89	1
43	90	0
43	91	1
43	92	1
43	93	1
43	94	1
43	95	0
43	96	1
43	97	0
43	98	0
43	99	1
43	100	1
43	101	1
43	102	0
43	103	1
43	104	1
43	105	1
43	106	0
43	107	0
43	108	1
43	109	1
43	110	1
44	45	1
44	46	0
44	47	1
44	48	1
44	49	0
44	50	0
44	51	0
44	52	1
44	53	0
44	54	0
44	55	0
44	56	0
44	57	1
44	58	0
44	59	0
44	60	0
44	61	0
44	62	1
44	63	1
44	64	0
44	65	0
44	66	0
44	67	0
44	68	1
44	69	1
44	70	0
44	71	1
44	72	1
44	73	0
44	74	0
44	75	1
44	76	1
44	77	0
44	78	1
44	79	1
44	80	1
44	81	0
44	82	1
44	83	1
44	84	1
44	85	0
44	86	1
44	87	1
44	88	1
44	89	0
44	90	1
44	91	1
44	92	0
44	93	0
44	94	1
44	95	0
44	96	0
44	97	1
44	98	1
44	99	0
44	100	0
44	101	0
44	102	0
44	103	0
44	104	0
44	105	0
44	106	1
44	107	1
44	108	1
44	109	0
44	110	1
45	46	1
45	47	0
45	48	0
45	49	0
45	50	1
45	51	1
45	52	1
45	53	1
45	54	1
45	55	1
45	56	1
45	57	1
45	58	0
45	59	1
45	60	0
45	61	0
45	62	0
45	63	1
45	64	0
45	65	0
45	66	1
45	67	0
45	68	0
45	69	1
45	70	0
45	71	1
45	72	1
45	73	1
45	74	0
45	75	0
45	76	1
45	77	1
45	78	0
45	79	0
45	80	0
45	81	0
45	82	0
45	83	1
45	84	0
45	85	0
45	86	0
45	87	1
45	88	1
45	89	1
45	90	1
45	91	0
45	92	1
45	93	0
45	94	0
45	95	1
45	96	0
45	97	1
45	98	1
45	99	1
45	100	0
45	101	0
45	102	0
45	103	0
45	104	0
45	105	0
45	106	0
45	107	0
45	108	1
45	109	1
45	110	0
46	47	1
46	48	1
46	49	1
46	50	0
46	51	1
46	52	0
46	53	1
46	54	0
46	55	0
46	56	0
46	57	0
46	58	1
46	59	0
46	60	0
46	61	1
46	62	0
46	63	1
46	64	1
46	65	1
46	66	1
46	67	0
46	68	1
46	69	0
46	70	0
46	71	1
46	72	1
46	73	1
46	74	0
46	75	1
46	76	1
46	77	0
46	78	1
46	79	1
46	80	0
46	81	0
46	82	0
46	83	1
46	84	0
46	85	0
46	86	1
46	87	0
46	88	0
46	89	0
46	90	0
46	91	0
46	92	1
46	93	0
46	94	0
46	95	0
46	96	1
46	97	0
46	98	1
46	99	1
46	100	0
46	101	1
46	102	1
46	103	1
46	104	1
46	105	1
46	106	1
46	107	0
46	108	1
46	109	0
46	110	1
47	48	0
47	49	1
47	50	1
47	51	1
47	52	1
47	53	0
47	54	1
47	55	0
47	56	0
47	57	0
47	58	1
47	59	1
47	60	1
47	61	1
47	62	1
47	63	1
47	64	0
47	65	1
47	66	1
47	67	0
47	68	1
47	69	1
47	70	0
47	71	0
47	72	0
47	73	1
47	74	1
47	75	0
47	76	0
47	77	1
47	78	1
47	79	0
47	80	0
47	81	1
47	82	1
47	83	0
47	84	1
47	85	1
47	86	0
47	87	0
47	88	1
47	89	0
47	90	1
47	91	0
47	92	1
47	93	0
47	94	0
47	95	0
47	96	0
47	97	1
47	98	1
47	99	1
47	100	1
47	101	1
47	102	0
47	103	0
47	104	1
47	105	1
47	106	0
47	107	0
47	108	0
47	109	0
47	110	0
48	49	1
48	50	0
48	51	0
48	52	1
48	53	1
48	54	1
48	55	0
48	56	0
48	57	1
48	58	0
48	59	0
48	60	0
48	61	0
48	62	0
48	63	0
48	64	0
48	65	0
48	66	0
48	67	0
48	68	1
48	69	1
48	70	1
48	71	1
48	72	0
48	73	1
48	74	0
48	75	1
48	76	0
48	77	1
48	78	1
48	79	1
48	80	0
48	81	0
48	82	0
48	83	0
48	84	1
48	85	0
48	86	1
48	87	0
48	88	1
48	89	1
48	90	1
48	91	0
48	92	1
48	93	0
48	94	0
48	95	0
48	96	1
48	97	1
48	98	1
48	99	0
48	100	0
48	101	0
48	102	0
48	103	0
48	104	0
48	105	0
48	106	0
48	107	1
48	108	1
48	109	0
48	110	0
49	50	0
49	51	1
49	52	0
49	53	1
49	54	1
49	55	1
49	56	1
49	57	1
49	58	0
49	59	0
49	60	0
49	61	0
49	62	0
49	63	0
49	64	0
49	65	0
49	66	1
49	67	0
49	68	0
49	69	0
49	70	1
49	71	1
49	72	1
49	73	1
49	74	1
49	75	0
49	76	1
49	77	0
49	78	1
49	79	0
49	80	0
49	81	1
49	82	0
49	83	0
49	84	0
49	85	1
49	86	0
49	87	1
49	88	1
49	89	0
49	90	1
49	91	1
49	92	1
49	93	1
49	94	1
49	95	0
49	96	0
49	97	0
49	98	0
49	99	0
49	100	0
49	101	1
49	102	0
49	103	1
49	104	1
49	105	0
49	106	1
49	107	1
49	108	0
49	109	0
49	110	0
50	51	0
50	52	0
50	53	0
50	54	1
50	55	1
50	56	1
50	57	1
50	58	1
50	59	0
50	60	1
50	61	1
50	62	0
50	63	0
50	64	0
50	65	1
50	66	0
50	67	0
50	68	1
50	69	1
50	70	0
50	71	0
50	72	0
50	73	0
50	74	0
50	75	1
50	76	1
50	77	1
50	78	0
50	79	1
50	80	1
50	81	0
50	82	0
50	83	0
50	84	1
50	85	0
50	86	0
50	87	1
50	88	1
50	89	1
50	90	0
50	91	0
50	92	0
50	93	0
50	94	0
50	95	1
50	96	1
50	97	0
50	98	0
50	99	1
50	100	1
50	101	1
50	102	1
50	103	1
50	104	1
50	105	1
50	106	0
50	107	0
50	108	0
50	109	1
50	110	0
51	52	0
51	53	0
51	54	0
51	55	1
51	56	0
51	57	0
51	58	0
51	59	0
51	60	0
51	61	0
51	62	1
51	63	1
51	64	1
51	65	1
51	66	1
51	67	0
51	68	0
51	69	0
51	70	0
51	71	1
51	72	1
51	73	0
51	74	0
51	75	0
51	76	1
51	77	0
51	78	1
51	79	1
51	80	0
51	81	0
51	82	0
51	83	0
51	84	0
51	85	1
51	86	1
51	87	1
51	88	0
51	89	0
51	90	1
51	91	0
51	92	0
51	93	0
51	94	0
51	95	1
51	96	1
51	97	1
51	98	1
51	99	1
51	100	1
51	101	0
51	102	1
51	103	0
51	104	1
51	105	0
51	106	0
51	107	1
51	108	0
51	109	1
51	110	0
52	53	0
52	54	1
52	55	0
52	56	1
52	57	0
52	58	1
52	59	1
52	60	0
52	61	1
52	62	1
52	63	0
52	64	0
52	65	1
52	66	0
52	67	1
52	68	1
52	69	1
52	70	1
52	71	1
52	72	0
52	73	0
52	74	1
52	75	0
52	76	0
52	77	0
52	78	0
52	79	1
52	80	0
52	81	0
52	82	1
52	83	0
52	84	0
52	85	0
52	86	1
52	87	1
52	88	0
52	89	1
52	90	1
52	91	1
52	92	1
52	93	0
52	94	1
52	95	0
52	96	1
52	97	1
52	98	1
52	99	1
52	100	0
52	101	1
52	102	0
52	103	1
52	104	0
52	105	1
52	106	1
52	107	1
52	108	1
52	109	1
52	110	1
53	54	0
53	55	0
53	56	0
53	57	1
53	58	0
53	59	1
53	60	1
53	61	1
53	62	0
53	63	1
53	64	1
53	65	1
53	66	0
53	67	0
53	68	0
53	69	0
53	70	1
53	71	0
53	72	1
53	73	0
53	74	0
53	75	1
53	76	0
53	77	1
53	78	1
53	79	0
53	80	0
53	81	0
53	82	1
53	83	1
53	84	0
53	85	1
53	86	0
53	87	1
53	88	0
53	89	1
53	90	1
53	91	0
53	92	1
53	93	0
53	94	0
53	95	1
53	96	1
53	97	1
53	98	1
53	99	0
53	100	1
53	101	1
53	102	0
53	103	1
53	104	0
53	105	1
53	106	0
53	107	1
53	108	1
53	109	1
53	110	0
54	55	1
54	56	0
54	57	0
54	58	1
54	59	0
54	60	0
54	61	0
54	62	0
54	63	1
54	64	0
54	65	1
54	66	0
54	67	0
54	68	0
54	69	1
54	70	0
54	71	1
54	72	0
54	73	1
54	74	1
54	75	1
54	76	1
54	77	1
54	78	1
54	79	1
54	80	0
54	81	0
54	82	0
54	83	0
54	84	1
54	85	1
54	86	0
54	87	0
54	88	0
54	89	1
54	90	1
54	91	0
54	92	1
54	93	1
54	94	0
54	95	1
54	96	0
54	97	1
54	98	0
54	99	0
54	100	1
54	101	1
54	102	1
54	103	1
54	104	1
54	105	1
54	106	0
54	107	1
54	108	0
54	109	0
54	110	0
55	56	0
55	57	1
55	58	1
55	59	0
55	60	1
55	61	1
55	62	0
55	63	0
55	64	1
55	65	0
55	66	0
55	67	0
55	68	1
55	69	1
55	70	1
55	71	1
55	72	1
55	73	1
55	74	0
55	75	1
55	76	0
55	77	0
55	78	0
55	79	0
55	80	0
55	81	1
55	82	0
55	83	0
55	84	0
55	85	1
55	86	0
55	87	1
55	88	1
55	89	1
55	90	1
55	91	0
55	92	1
55	93	1
55	94	1
55	95	1
55	96	0
55	97	1
55	98	1
55	99	1
55	100	0
55	101	1
55	102	0
55	103	0
55	104	1
55	105	1
55	106	0
55	107	1
55	108	1
55	109	1
55	110	1
56	57	1
56	58	0
56	59	0
56	60	0
56	61	0
56	62	0
56	63	0
56	64	1
56	65	0
56	66	1
56	67	0
56	68	1
56	69	0
56	70	1
56	71	0
56	72	0
56	73	1
56	74	0
56	75	0
56	76	0
56	77	0
56	78	1
56	79	1
56	80	0
56	81	1
56	82	0
56	83	0
56	84	0
56	85	1
56	86	1
56	87	0
56	88	0
56	89	0
56	90	0
56	91	1
56	92	1
56	93	0
56	94	1
56	95	1
56	96	1
56	97	0
56	98	1
56	99	0
56	100	0
56	101	1
56	102	1
56	103	0
56	104	0
56	105	0
56	106	0
56	107	0
56	108	0
56	109	1
56	110	1
57	58	0
57	59	0
57	60	0
57	61	0
57	62	0
57	63	1
57	64	0
57	65	0
57	66	1
57	67	1
57	68	0
57	69	0
57	70	0
57	71	1
57	72	0
57	73	0
57	74	1
57	75	0
57	76	1
57	77	1
57	78	1
57	79	0
57	80	1
57	81	1
57	82	1
57	83	0
57	84	1
57	85	1
57	86	0
57	87	0
57	88	0
57	89	1
57	90	1
57	91	0
57	92	0
57	93	1
57	94	0
57	95	1
57	96	0
57	97	0
57	98	1
57	99	1
57	100	1
57	101	1
57	102	0
57	103	1
57	104	1
57	105	0
57	106	1
57	107	0
57	108	1
57	109	1
57	110	0
58	59	0
58	60	1
58	61	0
58	62	1
58	63	0
58	64	0
58	65	1
58	66	0
58	67	0
58	68	1
58	69	1
58	70	1
58	71	0
58	72	0
58	73	1
58	74	0
58	75	1
58	76	1
58	77	1
58	78	1
58	79	1
58	80	1
58	81	1
58	82	0
58	83	0
58	84	0
58	85	0
58	86	1
58	87	1
58	88	0
58	89	1
58	90	1
58	91	1
58	92	0
58	93	1
58	94	1
58	95	0
58	96	1
58	97	1
58	98	1
58	99	0
58	100	0
58	101	1
58	102	0
58	103	1
58	104	0
58	105	1
58	106	1
58	107	1
58	108	1
58	109	1
58	110	0
59	60	0
59	61	0
59	62	0
59	63	0
59	64	1
59	65	0
59	66	0
59	67	1
59	68	0
59	69	0
59	70	1
59	71	1
59	72	1
59	73	1
59	74	0
59	75	1
59	76	1
59	77	1
59	78	0
59	79	0
59	80	1
59	81	1
59	82	1
59	83	0
59	84	1
59	85	0
59	86	1
59	87	0
59	88	0
59	89	1
59	90	0
59	91	1
59	92	0
59	93	0
59	94	1
59	95	0
59	96	0
59	97	0
59	98	0
59	99	0
59	100	1
59	101	0
59	102	1
59	103	1
59	104	0
59	105	0
59	106	1
59	107	0
59	108	1
59	109	0
59	110	0
60	61	1
60	62	1
60	63	1
60	64	0
60	65	0
60	66	0
60	67	1
60	68	0
60	69	0
60	70	0
60	71	0
60	72	1
60	73	1
60	74	1
60	75	1
60	76	1
60	77	0
60	78	0
60	79	0
60	80	0
60	81	0
60	82	1
60	83	0
60	84	1
60	85	0
60	86	1
60	87	1
60	88	1
60	89	1
60	90	1
60	91	1
60	92	0
60	93	0
60	94	0
60	95	1
60	96	0
60	97	0
60	98	0
60	99	0
60	100	1
60	101	0
60	102	1
60	103	0
60	104	0
60	105	1
60	106	1
60	107	1
60	108	1
60	109	1
60	110	1
61	62	0
61	63	0
61	64	0
61	65	0
61	66	0
61	67	1
61	68	0
61	69	0
61	70	1
61	71	0
61	72	1
61	73	1
61	74	0
61	75	0
61	76	1
61	77	0
61	78	0
61	79	1
61	80	0
61	81	1
61	82	1
61	83	1
61	84	1
61	85	0
61	86	1
61	87	1
61	88	1
61	89	1
61	90	0
61	91	0
61	92	1
61	93	1
61	94	0
61	95	0
61	96	0
61	97	1
61	98	1
61	99	0
61	100	1
61	101	0
61	102	0
61	103	0
61	104	1
61	105	0
61	106	0
61	107	1
61	108	1
61	109	0
61	110	0
62	63	0
62	64	0
62	65	1
62	66	1
62	67	1
62	68	1
62	69	1
62	70	1
62	71	0
62	72	0
62	73	0
62	74	0
62	75	1
62	76	1
62	77	1
62	78	0
62	79	0
62	80	1
62	81	0
62	82	0
62	83	0
62	84	1
62	85	0
62	86	1
62	87	1
62	88	1
62	89	0
62	90	0
62	91	1
62	92	0
62	93	1
62	94	0
62	95	0
62	96	0
62	97	0
62	98	0
62	99	0
62	100	0
62	101	0
62	102	1
62	103	0
62	104	0
62	105	1
62	106	0
62	107	1
62	108	1
62	109	1
62	110	1
63	64	1
63	65	0
63	66	0
63	67	0
63	68	1
63	69	0
63	70	0
63	71	1
63	72	1
63	73	0
63	74	1
63	75	1
63	76	1
63	77	0
63	78	0
63	79	0
63	80	1
63	81	1
63	82	0
63	83	1
63	84	1
63	85	1
63	86	1
63	87	0
63	88	0
63	89	0
63	90	1
63	91	0
63	92	1
63	93	1
63	94	0
63	95	0
63	96	1
63	97	0
63	98	0
63	99	0
63	100	1
63	101	0
63	102	1
63	103	0
63	104	1
63	105	0
63	106	1
63	107	1
63	108	1
63	109	0
63	110	0
64	65	0
64	66	0
64	67	0
64	68	0
64	69	0
64	70	0
64	71	1
64	72	1
64	73	0
64	74	0
64	75	1
64	76	1
64	77	1
64	78	1
64	79	1
64	80	0
64	81	0
64	82	0
64	83	1
64	84	1
64	85	1
64	86	0
64	87	0
64	88	1
64	89	1
64	90	0
64	91	0
64	92	1
64	93	1
64	94	1
64	95	1
64	96	0
64	97	1
64	98	0
64	99	0
64	100	1
64	101	0
64	102	1
64	103	1
64	104	1
64	105	0
64	106	1
64	107	0
64	108	0
64	109	1
64	110	0
65	66	0
65	67	0
65	68	0
65	69	1
65	70	0
65	71	0
65	72	0
65	73	1
65	74	0
65	75	1
65	76	1
65	77	1
65	78	0
65	79	1
65	80	1
65	81	1
65	82	1
65	83	0
65	84	0
65	85	1
65	86	0
65	87	0
65	88	1
65	89	1
65	90	0
65	91	1
65	92	0
65	93	0
65	94	0
65	95	0
65	96	0
65	97	0
65	98	0
65	99	0
65	100	1
65	101	1
65	102	0
65	103	0
65	104	1
65	105	1
65	106	1
65	107	0
65	108	1
65	109	1
65	110	1
66	67	0
66	68	0
66	69	0
66	70	1
66	71	1
66	72	1
66	73	1
66	74	0
66	75	0
66	76	0
66	77	0
66	78	0
66	79	1
66	80	1
66	81	1
66	82	1
66	83	1
66	84	0
66	85	1
66	86	0
66	87	1
66	88	0
66	89	0
66	90	1
66	91	1
66	92	0
66	93	1
66	94	1
66	95	1
66	96	1
66	97	0
66	98	1
66	99	1
66	100	0
66	101	0
66	102	0
66	103	0
66	104	1
66	105	1
66	106	1
66	107	1
66	108	0
66	109	0
66	110	0
67	68	1
67	69	0
67	70	1
67	71	1
67	72	0
67	73	1
67	74	0
67	75	1
67	76	0
67	77	1
67	78	0
67	79	1
67	80	1
67	81	0
67	82	0
67	83	0
67	84	0
67	85	1
67	86	0
67	87	0
67	88	1
67	89	0
67	90	1
67	91	1
67	92	0
67	93	1
67	94	0
67	95	1
67	96	0
67	97	0
67	98	1
67	99	1
67	100	0
67	101	0
67	102	0
67	103	0
67	104	0
67	105	1
67	106	0
67	107	0
67	108	1
67	109	0
67	110	0
68	69	0
68	70	0
68	71	1
68	72	1
68	73	0
68	74	0
68	75	1
68	76	0
68	77	1
68	78	0
68	79	0
68	80	1
68	81	0
68	82	1
68	83	1
68	84	1
68	85	1
68	86	1
68	87	0
68	88	1
68	89	0
68	90	0
68	91	0
68	92	0
68	93	0
68	94	1
68	95	0
68	96	1
68	97	0
68	98	0
68	99	1
68	100	1
68	101	0
68	102	0
68	103	1
68	104	0
68	105	0
68	106	0
68	107	1
68	108	1
68	109	1
68	110	1
69	70	0
69	71	1
69	72	0
69	73	0
69	74	0
69	75	1
69	76	0
69	77	1
69	78	0
69	79	0
69	80	1
69	81	1
69	82	0
69	83	1
69	84	1
69	85	1
69	86	0
69	87	1
69	88	1
69	89	0
69	90	1
69	91	0
69	92	1
69	93	1
69	94	0
69	95	1
69	96	0
69	97	1
69	98	0
69	99	1
69	100	1
69	101	0
69	102	0
69	103	1
69	104	1
69	105	0
69	106	0
69	107	1
69	108	0
69	109	1
69	110	1
70	71	0
70	72	0
70	73	1
70	74	1
70	75	1
70	76	0
70	77	1
70	78	0
70	79	1
70	80	1
70	81	0
70	82	1
70	83	1
70	84	1
70	85	1
70	86	1
70	87	1
70	88	0
70	89	1
70	90	1
70	91	0
70	92	0
70	93	1
70	94	1
70	95	0
70	96	0
70	97	1
70	98	0
70	99	1
70	100	0
70	101	1
70	102	0
70	103	1
70	104	0
70	105	1
70	106	1
70	107	1
70	108	0
70	109	0
70	110	0
71	72	1
71	73	0
71	74	0
71	75	1
71	76	0
71	77	0
71	78	0
71	79	0
71	80	1
71	81	0
71	82	0
71	83	0
71	84	0
71	85	0
71	86	0
71	87	1
71	88	1
71	89	0
71	90	1
71	91	1
71	92	0
71	93	1
71	94	1
71	95	0
71	96	0
71	97	1
71	98	0
71	99	0
71	100	1
71	101	1
71	102	0
71	103	0
71	104	0
71	105	1
71	106	1
71	107	1
71	108	0
71	109	0
71	110	0
72	73	0
72	74	0
72	75	0
72	76	1
72	77	1
72	78	1
72	79	1
72	80	1
72	81	0
72	82	1
72	83	1
72	84	1
72	85	1
72	86	1
72	87	0
72	88	1
72	89	1
72	90	1
72	91	0
72	92	1
72	93	0
72	94	0
72	95	0
72	96	0
72	97	0
72	98	1
72	99	1
72	100	1
72	101	0
72	102	0
72	103	0
72	104	1
72	105	0
72	106	0
72	107	0
72	108	1
72	109	0
72	110	0
73	74	0
73	75	1
73	76	0
73	77	0
73	78	1
73	79	1
73	80	0
73	81	1
73	82	0
73	83	1
73	84	0
73	85	1
73	86	0
73	87	0
73	88	1
73	89	0
73	90	1
73	91	0
73	92	0
73	93	1
73	94	1
73	95	0
73	96	0
73	97	1
73	98	1
73	99	0
73	100	0
73	101	0
73	102	1
73	103	1
73	104	0
73	105	0
73	106	0
73	107	1
73	108	0
73	109	0
73	110	0
74	75	0
74	76	1
74	77	0
74	78	0
74	79	1
74	80	0
74	81	0
74	82	1
74	83	1
74	84	0
74	85	0
74	86	1
74	87	0
74	88	0
74	89	0
74	90	1
74	91	1
74	92	0
74	93	0
74	94	0
74	95	1
74	96	0
74	97	1
74	98	1
74	99	1
74	100	1
74	101	1
74	102	0
74	103	0
74	104	0
74	105	1
74	106	0
74	107	1
74	108	1
74	109	0
74	110	1
75	76	0
75	77	0
75	78	1
75	79	1
75	80	1
75	81	0
75	82	0
75	83	0
75	84	0
75	85	0
75	86	1
75	87	1
75	88	1
75	89	0
75	90	1
75	91	0
75	92	1
75	93	1
75	94	1
75	95	0
75	96	0
75	97	1
75	98	1
75	99	0
75	100	1
75	101	1
75	102	1
75	103	1
75	104	1
75	105	0
75	106	0
75	107	1
75	108	0
75	109	1
75	110	0
76	77	1
76	78	0
76	79	0
76	80	1
76	81	1
76	82	1
76	83	0
76	84	1
76	85	0
76	86	1
76	87	0
76	88	0
76	89	0
76	90	1
76	91	1
76	92	0
76	93	1
76	94	0
76	95	1
76	96	0
76	97	0
76	98	0
76	99	1
76	100	0
76	101	1
76	102	0
76	103	0
76	104	1
76	105	0
76	106	0
76	107	1
76	108	1
76	109	0
76	110	0
77	78	0
77	79	1
77	80	1
77	81	0
77	82	0
77	83	1
77	84	0
77	85	1
77	86	1
77	87	1
77	88	0
77	89	0
77	90	1
77	91	1
77	92	0
77	93	1
77	94	0
77	95	1
77	96	0
77	97	0
77	98	1
77	99	0
77	100	0
77	101	1
77	102	1
77	103	1
77	104	1
77	105	1
77	106	0
77	107	1
77	108	1
77	109	0
77	110	1
78	79	0
78	80	1
78	81	0
78	82	0
78	83	1
78	84	0
78	85	1
78	86	1
78	87	1
78	88	0
78	89	0
78	90	1
78	91	0
78	92	0
78	93	1
78	94	1
78	95	1
78	96	1
78	97	1
78	98	0
78	99	0
78	100	1
78	101	0
78	102	1
78	103	0
78	104	1
78	105	1
78	106	0
78	107	1
78	108	0
78	109	0
78	110	1
79	80	1
79	81	0
79	82	0
79	83	1
79	84	0
79	85	0
79	86	0
79	87	1
79	88	0
79	89	1
79	90	0
79	91	0
79	92	1
79	93	1
79	94	1
79	95	0
79	96	0
79	97	0
79	98	1
79	99	0
79	100	1
79	101	0
79	102	1
79	103	0
79	104	1
79	105	0
79	106	1
79	107	0
79	108	0
79	109	0
79	110	0
80	81	0
80	82	1
80	83	0
80	84	1
80	85	0
80	86	1
80	87	0
80	88	0
80	89	1
80	90	0
80	91	1
80	92	0
80	93	1
80	94	0
80	95	0
80	96	1
80	97	1
80	98	1
80	99	1
80	100	0
80	101	1
80	102	0
80	103	1
80	104	0
80	105	0
80	106	0
80	107	0
80	108	0
80	109	1
80	110	0
81	82	1
81	83	0
81	84	0
81	85	0
81	86	1
81	87	1
81	88	0
81	89	1
81	90	1
81	91	0
81	92	0
81	93	1
81	94	0
81	95	1
81	96	0
81	97	0
81	98	1
81	99	1
81	100	1
81	101	0
81	102	1
81	103	0
81	104	0
81	105	1
81	106	0
81	107	0
81	108	1
81	109	1
81	110	1
82	83	0
82	84	0
82	85	1
82	86	0
82	87	0
82	88	0
82	89	1
82	90	0
82	91	1
82	92	0
82	93	0
82	94	0
82	95	1
82	96	0
82	97	0
82	98	1
82	99	1
82	100	0
82	101	0
82	102	0
82	103	1
82	104	1
82	105	1
82	106	0
82	107	1
82	108	1
82	109	0
82	110	1
83	84	1
83	85	1
83	86	0
83	87	0
83	88	0
83	89	1
83	90	0
83	91	1
83	92	1
83	93	1
83	94	0
83	95	1
83	96	1
83	97	1
83	98	0
83	99	0
83	100	1
83	101	1
83	102	1
83	103	1
83	104	1
83	105	1
83	106	1
83	107	0
83	108	0
83	109	1
83	110	1
84	85	0
84	86	0
84	87	1
84	88	1
84	89	1
84	90	1
84	91	1
84	92	1
84	93	1
84	94	0
84	95	0
84	96	1
84	97	0
84	98	1
84	99	1
84	100	0
84	101	1
84	102	1
84	103	0
84	104	1
84	105	0
84	106	0
84	107	0
84	108	0
84	109	0
84	110	0
85	86	1
85	87	0
85	88	0
85	89	1
85	90	1
85	91	1
85	92	0
85	93	0
85	94	1
85	95	0
85	96	1
85	97	1
85	98	0
85	99	1
85	100	0
85	101	1
85	102	0
85	103	0
85	104	1
85	105	0
85	106	1
85	107	0
85	108	1
85	109	1
85	110	0
86	87	0
86	88	1
86	89	1
86	90	1
86	91	1
86	92	0
86	93	1
86	94	1
86	95	0
86	96	0
86	97	1
86	98	0
86	99	0
86	100	1
86	101	0
86	102	0
86	103	1
86	104	0
86	105	0
86	106	0
86	107	0
86	108	0
86	109	1
86	110	1
87	88	1
87	89	1
87	90	0
87	91	1
87	92	1
87	93	0
87	94	1
87	95	1
87	96	0
87	97	0
87	98	1
87	99	0
87	100	0
87	101	1
87	102	0
87	103	0
87	104	0
87	105	0
87	106	0
87	107	0
87	108	1
87	109	0
87	110	1
88	89	0
88	90	1
88	91	1
88	92	1
88	93	0
88	94	0
88	95	0
88	96	1
88	97	0
88	98	1
88	99	1
88	100	0
88	101	0
88	102	1
88	103	1
88	104	0
88	105	1
88	106	1
88	107	0
88	108	0
88	109	0
88	110	1
89	90	1
89	91	1
89	92	1
89	93	0
89	94	0
89	95	0
89	96	0
89	97	0
89	98	1
89	99	1
89	100	0
89	101	1
89	102	1
89	103	0
89	104	0
89	105	1
89	106	1
89	107	0
89	108	0
89	109	0
89	110	0
90	91	1
90	92	1
90	93	0
90	94	0
90	95	0
90	96	1
90	97	1
90	98	0
90	99	0
90	100	1
90	101	0
90	102	0
90	103	1
90	104	1
90	105	0
90	106	0
90	107	1
90	108	1
90	109	0
90	110	0
91	92	1
91	93	1
91	94	1
91	95	0
91	96	0
91	97	0
91	98	1
91	99	0
91	100	1
91	101	1
91	102	0
91	103	1
91	104	0
91	105	1
91	106	0
91	107	1
91	108	1
91	109	1
91	110	0
92	93	1
92	94	0
92	95	1
92	96	1
92	97	0
92	98	1
92	99	1
92	100	0
92	101	0
92	102	0
92	103	1
92	104	0
92	105	0
92	106	0
92	107	1
92	108	1
92	109	1
92	110	1
93	94	0
93	95	0
93	96	1
93	97	0
93	98	0
93	99	0
93	100	0
93	101	1
93	102	0
93	103	1
93	104	1
93	105	1
93	106	1
93	107	0
93	108	0
93	109	0
93	110	1
94	95	0
94	96	0
94	97	0
94	98	1
94	99	1
94	100	0
94	101	1
94	102	1
94	103	0
94	104	1
94	105	0
94	106	0
94	107	0
94	108	1
94	109	0
94	110	0
95	96	0
95	97	1
95	98	0
95	99	1
95	100	1
95	101	1
95	102	1
95	103	1
95	104	1
95	105	1
95	106	1
95	107	1
95	108	0
95	109	1
95	110	1
96	97	1
96	98	0
96	99	0
96	100	0
96	101	1
96	102	1
96	103	0
96	104	0
96	105	1
96	106	0
96	107	0
96	108	1
96	109	1
96	110	1
97	98	1
97	99	1
97	100	0
97	101	1
97	102	1
97	103	1
97	104	0
97	105	1
97	106	1
97	107	0
97	108	0
97	109	1
97	110	0
98	99	1
98	100	0
98	101	1
98	102	1
98	103	0
98	104	0
98	105	0
98	106	0
98	107	1
98	108	1
98	109	1
98	110	1
99	100	0
99	101	1
99	102	1
99	103	0
99	104	1
99	105	1
99	106	1
99	107	1
99	108	1
99	109	0
99	110	1
100	101	0
100	102	1
100	103	0
100	104	0
100	105	1
100	106	0
100	107	0
100	108	1
100	109	0
100	110	1
101	102	0
101	103	1
101	104	1
101	105	0
101	106	1
101	107	0
101	108	0
101	109	0
101	110	0
102	103	1
102	104	1
102	105	1
102	106	1
102	107	0
102	108	1
102	109	1
102	110	1
103	104	0
103	105	0
103	106	1
103	107	1
103	108	0
103	109	1
103	110	0
104	105	0
104	106	0
104	107	1
104	108	0
104	109	1
104	110	1
105	106	1
105	107	1
105	108	0
105	109	0
105	110	1
106	107	0
106	108	1
106	109	0
106	110	1
107	108	0
107	109	0
107	110	0
108	109	1
108	110	0
109	110	0
