120	7140	0
1	2	0
1	3	0
1	4	0
1	5	0
1	6	0
1	7	0
1	8	0
1	9	1
1	10	1
1	11	1
1	12	1
1	13	1
1	14	0
1	15	0
1	16	0
1	17	0
1	18	1
1	19	0
1	20	1
1	21	0
1	22	0
1	23	0
1	24	1
1	25	0
1	26	0
1	27	0
1	28	0
1	29	1
1	30	0
1	31	1
1	32	0
1	33	0
1	34	0
1	35	1
1	36	1
1	37	0
1	38	1
1	39	1
1	40	0
1	41	0
1	42	1
1	43	1
1	44	0
1	45	1
1	46	1
1	47	0
1	48	0
1	49	0
1	50	1
1	51	0
1	52	1
1	53	1
1	54	0
1	55	0
1	56	0
1	57	1
1	58	1
1	59	0
1	60	1
1	61	0
1	62	0
1	63	0
1	64	0
1	65	0
1	66	0
1	67	0
1	68	1
1	69	0
1	70	1
1	71	1
1	72	0
1	73	0
1	74	1
1	75	0
1	76	0
1	77	0
1	78	0
1	79	0
1	80	1
1	81	1
1	82	0
1	83	0
1	84	0
1	85	0
1	86	1
1	87	0
1	88	1
1	89	1
1	90	1
1	91	0
1	92	1
1	93	0
1	94	0
1	95	1
1	96	0
1	97	1
1	98	1
1	99	1
1	100	1
1	101	0
1	102	1
1	103	1
1	104	1
1	105	1
1	106	1
1	107	0
1	108	0
1	109	1
1	110	0
1	111	0
1	112	1
1	113	0
1	114	0
1	115	0
1	116	0
1	117	1
1	118	1
1	119	0
1	120	0
2	3	1
2	4	1
2	5	0
2	6	1
2	7	0
2	8	1
2	9	1
2	10	1
2	11	0
2	12	0
2	13	0
2	14	0
2	15	0
2	16	1
2	17	0
2	18	0
2	19	0
2	20	1
2	21	1
2	22	1
2	23	1
2	24	0
2	25	0
2	26	0
2	27	0
2	28	0
2	29	1
2	30	0
2	31	1
2	32	0
2	33	1
2	34	1
2	35	0
2	36	0
2	37	0
2	38	0
2	39	0
2	40	0
2	41	0
2	42	1
2	43	0
2	44	1
2	45	1
2	46	0
2	47	1
2	48	0
2	49	0
2	50	1
2	51	0
2	52	0
2	53	1
2	54	1
2	55	1
2	56	0
2	57	0
2	58	1
2	59	0
2	60	1
2	61	0
2	62	1
2	63	0
2	64	1
2	65	1
2	66	0
2	67	0
2	68	1
2	69	0
2	70	1
2	71	0
2	72	0
2	73	1
2	74	1
2	75	0
2	76	1
2	77	1
2	78	0
2	79	1
2	80	0
2	81	1
2	82	1
2	83	0
2	84	0
2	85	1
2	86	1
2	87	0
2	88	0
2	89	1
2	90	1
2	91	0
2	92	1
2	93	1
2	94	1
2	95	0
2	96	0
2	97	0
2	98	1
2	99	1
2	100	1
2	101	0
2	102	1
2	103	1
2	104	1
2	105	1
2	106	0
2	107	0
2	108	1
2	109	0
2	110	1
2	111	1
2	112	0
2	113	0
2	114	1
2	115	1
2	116	1
2	117	1
2	118	1
2	119	1
2	120	1
3	4	0
3	5	0
3	6	0
3	7	0
3	8	1
3	9	1
3	10	1
3	11	0
3	12	1
3	13	0
3	14	0
3	15	0
3	16	0
3	17	1
3	18	1
3	19	1
3	20	0
3	21	1
3	22	1
3	23	1
3	24	0
3	25	1
3	26	0
3	27	1
3	28	1
3	29	0
3	30	0
3	31	1
3	32	1
3	33	0
3	34	1
3	35	1
3	36	0
3	37	1
3	38	1
3	39	0
3	40	1
3	41	1
3	42	0
3	43	0
3	44	1
3	45	1
3	46	1
3	47	1
3	48	1
3	49	1
3	50	0
3	51	0
3	52	0
3	53	1
3	54	0
3	55	1
3	56	1
3	57	0
3	58	1
3	59	0
3	60	0
3	61	0
3	62	1
3	63	0
3	64	1
3	65	1
3	66	1
3	67	0
3	68	0
3	69	0
3	70	1
3	71	0
3	72	0
3	73	1
3	74	0
3	75	1
3	76	0
3	77	1
3	78	0
3	79	0
3	80	0
3	81	0
3	82	1
3	83	1
3	84	0
3	85	1
3	86	1
3	87	1
3	88	1
3	89	0
3	90	0
3	91	0
3	92	1
3	93	0
3	94	1
3	95	1
3	96	0
3	97	0
3	98	0
3	99	0
3	100	0
3	101	1
3	102	1
3	103	0
3	104	0
3	105	1
3	106	0
3	107	0
3	108	1
3	109	0
3	110	1
3	111	0
3	112	1
3	113	0
3	114	1
3	115	1
3	116	0
3	117	0
3	118	0
3	119	1
3	120	0
4	5	1
4	6	1
4	7	1
4	8	1
4	9	1
4	10	1
4	11	1
4	12	0
4	13	1
4	14	0
4	15	0
4	16	0
4	17	0
4	18	0
4	19	1
4	20	1
4	21	1
4	22	1
4	23	1
4	24	1
4	25	0
4	26	1
4	27	0
4	28	0
4	29	1
4	30	0
4	31	0
4	32	0
4	33	1
4	34	1
4	35	0
4	36	0
4	37	0
4	38	0
4	39	0
4	40	0
4	41	1
4	42	1
4	43	1
4	44	1
4	45	1
4	46	1
4	47	0
4	48	0
4	49	0
4	50	1
4	51	1
4	52	0
4	53	1
4	54	0
4	55	0
4	56	1
4	57	1
4	58	0
4	59	0
4	60	0
4	61	0
4	62	1
4	63	0
4	64	0
4	65	0
4	66	0
4	67	0
4	68	1
4	69	0
4	70	0
4	71	1
4	72	1
4	73	0
4	74	1
4	75	1
4	76	1
4	77	0
4	78	1
4	79	0
4	80	1
4	81	1
4	82	1
4	83	0
4	84	0
4	85	0
4	86	0
4	87	1
4	88	1
4	89	1
4	90	0
4	91	0
4	92	0
4	93	1
4	94	0
4	95	1
4	96	1
4	97	0
4	98	0
4	99	1
4	100	1
4	101	0
4	102	0
4	103	0
4	104	1
4	105	0
4	106	1
4	107	1
4	108	0
4	109	0
4	110	1
4	111	1
4	112	0
4	113	0
4	114	0
4	115	0
4	116	1
4	117	0
4	118	1
4	119	0
4	120	0
5	6	1
5	7	0
5	8	1
5	9	0
5	10	0
5	11	1
5	12	1
5	13	0
5	14	0
5	15	1
5	16	1
5	17	1
5	18	1
5	19	0
5	20	0
5	21	0
5	22	0
5	23	0
5	24	1
5	25	0
5	26	0
5	27	0
5	28	1
5	29	1
5	30	1
5	31	1
5	32	0
5	33	1
5	34	1
5	35	0
5	36	0
5	37	0
5	38	0
5	39	1
5	40	0
5	41	0
5	42	1
5	43	1
5	44	0
5	45	0
5	46	0
5	47	1
5	48	1
5	49	1
5	50	1
5	51	1
5	52	0
5	53	0
5	54	1
5	55	0
5	56	0
5	57	1
5	58	0
5	59	1
5	60	0
5	61	1
5	62	0
5	63	1
5	64	0
5	65	0
5	66	0
5	67	0
5	68	0
5	69	1
5	70	1
5	71	0
5	72	0
5	73	0
5	74	1
5	75	1
5	76	1
5	77	1
5	78	1
5	79	1
5	80	1
5	81	0
5	82	1
5	83	1
5	84	1
5	85	0
5	86	1
5	87	0
5	88	0
5	89	0
5	90	1
5	91	1
5	92	1
5	93	1
5	94	0
5	95	1
5	96	1
5	97	0
5	98	1
5	99	1
5	100	1
5	101	1
5	102	1
5	103	1
5	104	1
5	105	1
5	106	1
5	107	1
5	108	1
5	109	1
5	110	1
5	111	1
5	112	0
5	113	0
5	114	1
5	115	1
5	116	1
5	117	0
5	118	0
5	119	1
5	120	1
6	7	0
6	8	1
6	9	0
6	10	0
6	11	0
6	12	0
6	13	1
6	14	0
6	15	1
6	16	0
6	17	1
6	18	0
6	19	0
6	20	1
6	21	0
6	22	0
6	23	0
6	24	1
6	25	1
6	26	1
6	27	0
6	28	0
6	29	1
6	30	0
6	31	0
6	32	0
6	33	0
6	34	1
6	35	0
6	36	0
6	37	1
6	38	1
6	39	1
6	40	0
6	41	1
6	42	1
6	43	1
6	44	1
6	45	0
6	46	0
6	47	0
6	48	1
6	49	0
6	50	0
6	51	1
6	52	0
6	53	1
6	54	1
6	55	1
6	56	1
6	57	0
6	58	0
6	59	1
6	60	1
6	61	1
6	62	1
6	63	0
6	64	0
6	65	1
6	66	0
6	67	0
6	68	0
6	69	1
6	70	1
6	71	1
6	72	1
6	73	1
6	74	1
6	75	0
6	76	1
6	77	0
6	78	1
6	79	1
6	80	0
6	81	1
6	82	1
6	83	0
6	84	0
6	85	0
6	86	0
6	87	0
6	88	1
6	89	1
6	90	1
6	91	1
6	92	1
6	93	0
6	94	0
6	95	0
6	96	0
6	97	1
6	98	1
6	99	1
6	100	1
6	101	0
6	102	1
6	103	1
6	104	1
6	105	0
6	106	0
6	107	1
6	108	0
6	109	0
6	110	1
6	111	0
6	112	0
6	113	1
6	114	1
6	115	0
6	116	1
6	117	1
6	118	1
6	119	0
6	120	1
7	8	0
7	9	1
7	10	0
7	11	0
7	12	1
7	13	0
7	14	1
7	15	1
7	16	1
7	17	1
7	18	1
7	19	1
7	20	1
7	21	1
7	22	1
7	23	1
7	24	1
7	25	1
7	26	1
7	27	1
7	28	0
7	29	1
7	30	0
7	31	1
7	32	0
7	33	0
7	34	0
7	35	0
7	36	1
7	37	0
7	38	1
7	39	0
7	40	0
7	41	0
7	42	1
7	43	0
7	44	0
7	45	0
7	46	0
7	47	1
7	48	1
7	49	0
7	50	1
7	51	0
7	52	0
7	53	1
7	54	0
7	55	1
7	56	1
7	57	0
7	58	1
7	59	0
7	60	0
7	61	1
7	62	0
7	63	1
7	64	1
7	65	1
7	66	1
7	67	1
7	68	1
7	69	1
7	70	0
7	71	1
7	72	1
7	73	0
7	74	0
7	75	1
7	76	1
7	77	1
7	78	0
7	79	1
7	80	0
7	81	0
7	82	0
7	83	1
7	84	0
7	85	1
7	86	1
7	87	1
7	88	1
7	89	1
7	90	0
7	91	0
7	92	1
7	93	1
7	94	0
7	95	1
7	96	0
7	97	0
7	98	1
7	99	1
7	100	1
7	101	0
7	102	1
7	103	1
7	104	0
7	105	1
7	106	0
7	107	1
7	108	0
7	109	0
7	110	1
7	111	1
7	112	0
7	113	0
7	114	1
7	115	1
7	116	1
7	117	1
7	118	1
7	119	0
7	120	0
8	9	1
8	10	0
8	11	0
8	12	1
8	13	0
8	14	0
8	15	0
8	16	0
8	17	1
8	18	1
8	19	1
8	20	1
8	21	0
8	22	0
8	23	0
8	24	0
8	25	1
8	26	1
8	27	0
8	28	0
8	29	0
8	30	0
8	31	0
8	32	1
8	33	0
8	34	1
8	35	1
8	36	1
8	37	0
8	38	1
8	39	1
8	40	1
8	41	1
8	42	0
8	43	0
8	44	1
8	45	0
8	46	1
8	47	1
8	48	0
8	49	0
8	50	1
8	51	1
8	52	0
8	53	1
8	54	1
8	55	0
8	56	0
8	57	0
8	58	0
8	59	1
8	60	0
8	61	0
8	62	0
8	63	0
8	64	1
8	65	0
8	66	1
8	67	0
8	68	0
8	69	0
8	70	1
8	71	1
8	72	0
8	73	0
8	74	0
8	75	0
8	76	0
8	77	0
8	78	0
8	79	0
8	80	0
8	81	0
8	82	1
8	83	1
8	84	0
8	85	1
8	86	1
8	87	1
8	88	0
8	89	0
8	90	0
8	91	0
8	92	1
8	93	0
8	94	1
8	95	0
8	96	0
8	97	0
8	98	1
8	99	1
8	100	0
8	101	1
8	102	0
8	103	1
8	104	1
8	105	1
8	106	1
8	107	0
8	108	0
8	109	1
8	110	0
8	111	1
8	112	0
8	113	0
8	114	0
8	115	1
8	116	0
8	117	0
8	118	0
8	119	0
8	120	1
9	10	0
9	11	1
9	12	1
9	13	0
9	14	1
9	15	0
9	16	0
9	17	0
9	18	1
9	19	1
9	20	0
9	21	1
9	22	0
9	23	0
9	24	1
9	25	0
9	26	1
9	27	1
9	28	1
9	29	0
9	30	1
9	31	0
9	32	1
9	33	1
9	34	1
9	35	1
9	36	0
9	37	0
9	38	0
9	39	1
9	40	0
9	41	1
9	42	0
9	43	0
9	44	0
9	45	1
9	46	1
9	47	1
9	48	0
9	49	1
9	50	0
9	51	0
9	52	0
9	53	0
9	54	0
9	55	0
9	56	1
9	57	0
9	58	1
9	59	0
9	60	0
9	61	1
9	62	0
9	63	0
9	64	0
9	65	0
9	66	1
9	67	1
9	68	0
9	69	1
9	70	1
9	71	1
9	72	0
9	73	0
9	74	0
9	75	1
9	76	1
9	77	0
9	78	0
9	79	1
9	80	0
9	81	1
9	82	1
9	83	0
9	84	1
9	85	0
9	86	0
9	87	0
9	88	1
9	89	1
9	90	1
9	91	1
9	92	0
9	93	1
9	94	1
9	95	0
9	96	0
9	97	0
9	98	1
9	99	1
9	100	0
9	101	1
9	102	0
9	103	0
9	104	1
9	105	0
9	106	1
9	107	0
9	108	0
9	109	0
9	110	0
9	111	0
9	112	0
9	113	0
9	114	1
9	115	1
9	116	1
9	117	1
9	118	1
9	119	1
9	120	0
10	11	1
10	12	1
10	13	1
10	14	1
10	15	0
10	16	0
10	17	1
10	18	1
10	19	0
10	20	1
10	21	1
10	22	0
10	23	1
10	24	1
10	25	1
10	26	0
10	27	1
10	28	0
10	29	1
10	30	1
10	31	0
10	32	0
10	33	0
10	34	1
10	35	0
10	36	0
10	37	1
10	38	1
10	39	0
10	40	0
10	41	0
10	42	1
10	43	0
10	44	1
10	45	0
10	46	1
10	47	0
10	48	0
10	49	1
10	50	0
10	51	0
10	52	0
10	53	0
10	54	0
10	55	0
10	56	1
10	57	0
10	58	1
10	59	1
10	60	0
10	61	0
10	62	0
10	63	0
10	64	0
10	65	0
10	66	0
10	67	0
10	68	1
10	69	0
10	70	0
10	71	1
10	72	1
10	73	1
10	74	0
10	75	1
10	76	0
10	77	0
10	78	0
10	79	0
10	80	1
10	81	1
10	82	0
10	83	1
10	84	0
10	85	1
10	86	0
10	87	0
10	88	1
10	89	1
10	90	1
10	91	1
10	92	0
10	93	1
10	94	1
10	95	0
10	96	0
10	97	0
10	98	0
10	99	0
10	100	1
10	101	0
10	102	0
10	103	1
10	104	0
10	105	0
10	106	0
10	107	0
10	108	0
10	109	1
10	110	0
10	111	1
10	112	0
10	113	0
10	114	1
10	115	0
10	116	1
10	117	1
10	118	0
10	119	0
10	120	1
11	12	0
11	13	0
11	14	1
11	15	1
11	16	1
11	17	1
11	18	0
11	19	0
11	20	0
11	21	1
11	22	0
11	23	1
11	24	1
11	25	1
11	26	1
11	27	0
11	28	0
11	29	0
11	30	0
11	31	0
11	32	1
11	33	0
11	34	1
11	35	0
11	36	0
11	37	0
11	38	1
11	39	0
11	40	0
11	41	1
11	42	1
11	43	0
11	44	1
11	45	0
11	46	1
11	47	0
11	48	1
11	49	1
11	50	1
11	51	1
11	52	1
11	53	0
11	54	0
11	55	0
11	56	1
11	57	0
11	58	1
11	59	1
11	60	1
11	61	0
11	62	1
11	63	1
11	64	1
11	65	1
11	66	1
11	67	0
11	68	0
11	69	0
11	70	1
11	71	1
11	72	0
11	73	1
11	74	1
11	75	0
11	76	1
11	77	0
11	78	0
11	79	0
11	80	0
11	81	0
11	82	0
11	83	0
11	84	1
11	85	0
11	86	0
11	87	1
11	88	0
11	89	0
11	90	1
11	91	0
11	92	0
11	93	1
11	94	0
11	95	0
11	96	0
11	97	1
11	98	0
11	99	1
11	100	1
11	101	0
11	102	1
11	103	0
11	104	0
11	105	1
11	106	1
11	107	1
11	108	0
11	109	1
11	110	0
11	111	1
11	112	0
11	113	1
11	114	1
11	115	1
11	116	1
11	117	1
11	118	1
11	119	0
11	120	1
12	13	0
12	14	0
12	15	0
12	16	0
12	17	1
12	18	1
12	19	1
12	20	1
12	21	1
12	22	0
12	23	0
12	24	0
12	25	1
12	26	0
12	27	1
12	28	1
12	29	0
12	30	0
12	31	0
12	32	0
12	33	1
12	34	0
12	35	1
12	36	1
12	37	0
12	38	0
12	39	0
12	40	0
12	41	1
12	42	0
12	43	0
12	44	0
12	45	1
12	46	1
12	47	0
12	48	1
12	49	0
12	50	0
12	51	1
12	52	1
12	53	1
12	54	0
12	55	0
12	56	0
12	57	1
12	58	0
12	59	0
12	60	1
12	61	1
12	62	1
12	63	0
12	64	0
12	65	1
12	66	0
12	67	0
12	68	0
12	69	0
12	70	1
12	71	1
12	72	1
12	73	1
12	74	1
12	75	1
12	76	0
12	77	0
12	78	1
12	79	0
12	80	1
12	81	0
12	82	1
12	83	0
12	84	0
12	85	1
12	86	0
12	87	1
12	88	1
12	89	0
12	90	0
12	91	0
12	92	0
12	93	0
12	94	1
12	95	1
12	96	1
12	97	1
12	98	0
12	99	1
12	100	0
12	101	0
12	102	1
12	103	0
12	104	0
12	105	0
12	106	0
12	107	0
12	108	1
12	109	0
12	110	0
12	111	1
12	112	1
12	113	0
12	114	1
12	115	1
12	116	1
12	117	1
12	118	0
12	119	0
12	120	1
13	14	0
13	15	1
13	16	0
13	17	0
13	18	1
13	19	1
13	20	1
13	21	0
13	22	1
13	23	1
13	24	0
13	25	0
13	26	1
13	27	0
13	28	0
13	29	0
13	30	0
13	31	1
13	32	1
13	33	1
13	34	1
13	35	0
13	36	1
13	37	0
13	38	1
13	39	1
13	40	1
13	41	0
13	42	0
13	43	1
13	44	0
13	45	0
13	46	0
13	47	1
13	48	0
13	49	0
13	50	1
13	51	1
13	52	0
13	53	1
13	54	0
13	55	1
13	56	0
13	57	1
13	58	0
13	59	1
13	60	1
13	61	1
13	62	1
13	63	1
13	64	1
13	65	1
13	66	0
13	67	1
13	68	0
13	69	1
13	70	0
13	71	0
13	72	0
13	73	0
13	74	1
13	75	1
13	76	0
13	77	1
13	78	1
13	79	1
13	80	0
13	81	0
13	82	0
13	83	0
13	84	1
13	85	1
13	86	0
13	87	1
13	88	0
13	89	0
13	90	0
13	91	1
13	92	1
13	93	1
13	94	0
13	95	1
13	96	0
13	97	0
13	98	1
13	99	0
13	100	1
13	101	0
13	102	0
13	103	1
13	104	0
13	105	1
13	106	1
13	107	0
13	108	1
13	109	1
13	110	1
13	111	0
13	112	1
13	113	0
13	114	0
13	115	0
13	116	1
13	117	0
13	118	1
13	119	1
13	120	0
14	15	0
14	16	0
14	17	0
14	18	0
14	19	0
14	20	1
14	21	0
14	22	1
14	23	1
14	24	1
14	25	0
14	26	0
14	27	0
14	28	1
14	29	0
14	30	1
14	31	1
14	32	1
14	33	0
14	34	0
14	35	0
14	36	1
14	37	1
14	38	1
14	39	0
14	40	1
14	41	1
14	42	1
14	43	1
14	44	1
14	45	1
14	46	1
14	47	0
14	48	0
14	49	0
14	50	0
14	51	1
14	52	1
14	53	1
14	54	1
14	55	0
14	56	0
14	57	1
14	58	0
14	59	1
14	60	0
14	61	0
14	62	1
14	63	1
14	64	1
14	65	1
14	66	0
14	67	0
14	68	1
14	69	1
14	70	1
14	71	0
14	72	1
14	73	1
14	74	0
14	75	0
14	76	0
14	77	1
14	78	0
14	79	1
14	80	1
14	81	0
14	82	0
14	83	0
14	84	0
14	85	1
14	86	1
14	87	1
14	88	1
14	89	0
14	90	0
14	91	1
14	92	0
14	93	0
14	94	1
14	95	0
14	96	1
14	97	1
14	98	0
14	99	0
14	100	0
14	101	1
14	102	1
14	103	1
14	104	0
14	105	0
14	106	1
14	107	0
14	108	1
14	109	0
14	110	0
14	111	1
14	112	1
14	113	0
14	114	1
14	115	1
14	116	1
14	117	1
14	118	0
14	119	1
14	120	0
15	16	1
15	17	0
15	18	1
15	19	0
15	20	0
15	21	0
15	22	0
15	23	1
15	24	0
15	25	0
15	26	0
15	27	1
15	28	0
15	29	1
15	30	0
15	31	0
15	32	0
15	33	1
15	34	0
15	35	1
15	36	1
15	37	1
15	38	0
15	39	0
15	40	1
15	41	0
15	42	1
15	43	0
15	44	1
15	45	1
15	46	1
15	47	1
15	48	0
15	49	0
15	50	0
15	51	0
15	52	0
15	53	0
15	54	1
15	55	0
15	56	0
15	57	1
15	58	1
15	59	0
15	60	0
15	61	0
15	62	1
15	63	1
15	64	1
15	65	0
15	66	0
15	67	1
15	68	0
15	69	1
15	70	1
15	71	1
15	72	1
15	73	0
15	74	0
15	75	1
15	76	0
15	77	1
15	78	0
15	79	1
15	80	1
15	81	1
15	82	0
15	83	1
15	84	0
15	85	1
15	86	1
15	87	1
15	88	1
15	89	0
15	90	0
15	91	1
15	92	0
15	93	0
15	94	1
15	95	0
15	96	0
15	97	0
15	98	0
15	99	0
15	100	1
15	101	0
15	102	0
15	103	1
15	104	0
15	105	1
15	106	1
15	107	1
15	108	1
15	109	0
15	110	1
15	111	1
15	112	1
15	113	0
15	114	0
15	115	0
15	116	1
15	117	1
15	118	0
15	119	1
15	120	1
16	17	0
16	18	1
16	19	1
16	20	0
16	21	0
16	22	1
16	23	0
16	24	1
16	25	0
16	26	0
16	27	0
16	28	1
16	29	0
16	30	1
16	31	1
16	32	1
16	33	1
16	34	1
16	35	0
16	36	1
16	37	0
16	38	0
16	39	1
16	40	1
16	41	0
16	42	0
16	43	0
16	44	0
16	45	1
16	46	1
16	47	1
16	48	1
16	49	1
16	50	0
16	51	0
16	52	0
16	53	0
16	54	1
16	55	1
16	56	1
16	57	1
16	58	0
16	59	0
16	60	1
16	61	0
16	62	1
16	63	0
16	64	1
16	65	1
16	66	0
16	67	1
16	68	1
16	69	1
16	70	0
16	71	1
16	72	0
16	73	0
16	74	0
16	75	0
16	76	1
16	77	0
16	78	1
16	79	0
16	80	1
16	81	1
16	82	0
16	83	0
16	84	1
16	85	0
16	86	0
16	87	0
16	88	1
16	89	1
16	90	1
16	91	0
16	92	1
16	93	1
16	94	1
16	95	0
16	96	1
16	97	0
16	98	1
16	99	0
16	100	1
16	101	0
16	102	1
16	103	1
16	104	1
16	105	0
16	106	1
16	107	0
16	108	0
16	109	0
16	110	1
16	111	0
16	112	0
16	113	0
16	114	0
16	115	1
16	116	1
16	117	1
16	118	0
16	119	0
16	120	0
17	18	1
17	19	0
17	20	0
17	21	0
17	22	0
17	23	0
17	24	0
17	25	0
17	26	0
17	27	1
17	28	0
17	29	1
17	30	1
17	31	1
17	32	1
17	33	0
17	34	1
17	35	0
17	36	0
17	37	0
17	38	1
17	39	0
17	40	1
17	41	0
17	42	1
17	43	1
17	44	1
17	45	1
17	46	1
17	47	1
17	48	0
17	49	0
17	50	0
17	51	0
17	52	1
17	53	0
17	54	1
17	55	0
17	56	0
17	57	0
17	58	1
17	59	0
17	60	1
17	61	0
17	62	0
17	63	1
17	64	1
17	65	1
17	66	0
17	67	1
17	68	0
17	69	0
17	70	1
17	71	0
17	72	0
17	73	1
17	74	1
17	75	0
17	76	0
17	77	1
17	78	0
17	79	1
17	80	0
17	81	1
17	82	1
17	83	1
17	84	1
17	85	1
17	86	1
17	87	0
17	88	0
17	89	1
17	90	0
17	91	1
17	92	0
17	93	1
17	94	0
17	95	1
17	96	0
17	97	0
17	98	1
17	99	0
17	100	0
17	101	1
17	102	1
17	103	1
17	104	1
17	105	0
17	106	0
17	107	1
17	108	0
17	109	0
17	110	1
17	111	1
17	112	1
17	113	1
17	114	1
17	115	0
17	116	1
17	117	0
17	118	1
17	119	0
17	120	1
18	19	1
18	20	1
18	21	0
18	22	1
18	23	0
18	24	0
18	25	1
18	26	0
18	27	1
18	28	0
18	29	0
18	30	0
18	31	0
18	32	1
18	33	1
18	34	1
18	35	1
18	36	0
18	37	0
18	38	1
18	39	1
18	40	0
18	41	1
18	42	1
18	43	0
18	44	0
18	45	1
18	46	1
18	47	0
18	48	0
18	49	1
18	50	1
18	51	0
18	52	0
18	53	0
18	54	0
18	55	0
18	56	1
18	57	1
18	58	1
18	59	1
18	60	1
18	61	0
18	62	0
18	63	0
18	64	1
18	65	1
18	66	1
18	67	0
18	68	0
18	69	1
18	70	0
18	71	0
18	72	0
18	73	0
18	74	0
18	75	0
18	76	0
18	77	1
18	78	0
18	79	0
18	80	1
18	81	1
18	82	0
18	83	1
18	84	0
18	85	1
18	86	0
18	87	0
18	88	0
18	89	0
18	90	0
18	91	0
18	92	0
18	93	0
18	94	1
18	95	0
18	96	1
18	97	0
18	98	0
18	99	0
18	100	1
18	101	0
18	102	1
18	103	1
18	104	0
18	105	0
18	106	1
18	107	1
18	108	0
18	109	1
18	110	1
18	111	0
18	112	1
18	113	0
18	114	1
18	115	1
18	116	1
18	117	0
18	118	1
18	119	1
18	120	0
19	20	1
19	21	0
19	22	0
19	23	0
19	24	1
19	25	0
19	26	1
19	27	0
19	28	0
19	29	1
19	30	0
19	31	0
19	32	1
19	33	1
19	34	1
19	35	1
19	36	1
19	37	1
19	38	0
19	39	1
19	40	1
19	41	1
19	42	1
19	43	1
19	44	0
19	45	0
19	46	0
19	47	0
19	48	1
19	49	0
19	50	0
19	51	0
19	52	0
19	53	1
19	54	1
19	55	0
19	56	1
19	57	0
19	58	0
19	59	1
19	60	1
19	61	0
19	62	1
19	63	1
19	64	0
19	65	0
19	66	1
19	67	0
19	68	1
19	69	0
19	70	0
19	71	1
19	72	0
19	73	1
19	74	0
19	75	0
19	76	1
19	77	0
19	78	0
19	79	1
19	80	0
19	81	0
19	82	0
19	83	1
19	84	0
19	85	1
19	86	0
19	87	1
19	88	0
19	89	0
19	90	1
19	91	0
19	92	1
19	93	1
19	94	1
19	95	1
19	96	1
19	97	1
19	98	1
19	99	0
19	100	0
19	101	1
19	102	1
19	103	1
19	104	0
19	105	1
19	106	0
19	107	1
19	108	1
19	109	0
19	110	1
19	111	1
19	112	0
19	113	0
19	114	1
19	115	1
19	116	1
19	117	0
19	118	0
19	119	0
19	120	1
20	21	1
20	22	0
20	23	0
20	24	1
20	25	1
20	26	0
20	27	0
20	28	1
20	29	1
20	30	1
20	31	1
20	32	1
20	33	1
20	34	0
20	35	0
20	36	1
20	37	1
20	38	1
20	39	1
20	40	1
20	41	0
20	42	1
20	43	1
20	44	1
20	45	1
20	46	0
20	47	1
20	48	1
20	49	1
20	50	0
20	51	1
20	52	0
20	53	1
20	54	1
20	55	1
20	56	1
20	57	1
20	58	1
20	59	1
20	60	0
20	61	0
20	62	1
20	63	0
20	64	0
20	65	1
20	66	1
20	67	0
20	68	0
20	69	1
20	70	0
20	71	1
20	72	1
20	73	0
20	74	1
20	75	1
20	76	1
20	77	1
20	78	0
20	79	0
20	80	0
20	81	0
20	82	1
20	83	1
20	84	1
20	85	0
20	86	0
20	87	1
20	88	1
20	89	1
20	90	1
20	91	1
20	92	0
20	93	0
20	94	1
20	95	0
20	96	1
20	97	0
20	98	0
20	99	1
20	100	0
20	101	0
20	102	1
20	103	0
20	104	1
20	105	0
20	106	0
20	107	0
20	108	1
20	109	0
20	110	0
20	111	1
20	112	1
20	113	1
20	114	0
20	115	0
20	116	1
20	117	0
20	118	0
20	119	1
20	120	1
21	22	1
21	23	1
21	24	1
21	25	1
21	26	1
21	27	0
21	28	1
21	29	0
21	30	0
21	31	0
21	32	0
21	33	1
21	34	1
21	35	1
21	36	1
21	37	1
21	38	1
21	39	1
21	40	0
21	41	0
21	42	1
21	43	1
21	44	0
21	45	1
21	46	1
21	47	0
21	48	1
21	49	0
21	50	1
21	51	1
21	52	1
21	53	0
21	54	1
21	55	1
21	56	1
21	57	1
21	58	0
21	59	1
21	60	1
21	61	1
21	62	1
21	63	0
21	64	1
21	65	0
21	66	1
21	67	0
21	68	0
21	69	1
21	70	0
21	71	1
21	72	1
21	73	1
21	74	0
21	75	0
21	76	0
21	77	0
21	78	1
21	79	1
21	80	0
21	81	1
21	82	0
21	83	0
21	84	1
21	85	0
21	86	0
21	87	0
21	88	1
21	89	1
21	90	0
21	91	1
21	92	0
21	93	1
21	94	1
21	95	1
21	96	0
21	97	1
21	98	1
21	99	1
21	100	1
21	101	0
21	102	1
21	103	1
21	104	0
21	105	0
21	106	0
21	107	1
21	108	0
21	109	0
21	110	1
21	111	0
21	112	1
21	113	0
21	114	0
21	115	0
21	116	1
21	117	0
21	118	1
21	119	0
21	120	0
22	23	0
22	24	1
22	25	0
22	26	0
22	27	1
22	28	0
22	29	1
22	30	0
22	31	0
22	32	1
22	33	0
22	34	0
22	35	1
22	36	0
22	37	0
22	38	1
22	39	0
22	40	0
22	41	1
22	42	0
22	43	0
22	44	1
22	45	0
22	46	0
22	47	0
22	48	1
22	49	1
22	50	1
22	51	0
22	52	0
22	53	0
22	54	0
22	55	1
22	56	1
22	57	1
22	58	1
22	59	1
22	60	1
22	61	1
22	62	0
22	63	0
22	64	0
22	65	0
22	66	0
22	67	0
22	68	0
22	69	1
22	70	0
22	71	0
22	72	0
22	73	1
22	74	0
22	75	1
22	76	1
22	77	0
22	78	1
22	79	1
22	80	0
22	81	0
22	82	1
22	83	1
22	84	1
22	85	1
22	86	1
22	87	0
22	88	0
22	89	0
22	90	1
22	91	0
22	92	1
22	93	0
22	94	1
22	95	0
22	96	1
22	97	1
22	98	1
22	99	0
22	100	0
22	101	1
22	102	0
22	103	0
22	104	0
22	105	0
22	106	1
22	107	1
22	108	0
22	109	1
22	110	1
22	111	1
22	112	0
22	113	0
22	114	1
22	115	1
22	116	0
22	117	1
22	118	1
22	119	0
22	120	0
23	24	0
23	25	1
23	26	0
23	27	0
23	28	1
23	29	0
23	30	1
23	31	0
23	32	0
23	33	0
23	34	1
23	35	0
23	36	0
23	37	1
23	38	1
23	39	1
23	40	1
23	41	1
23	42	0
23	43	0
23	44	0
23	45	1
23	46	0
23	47	1
23	48	1
23	49	1
23	50	1
23	51	1
23	52	0
23	53	1
23	54	0
23	55	0
23	56	0
23	57	1
23	58	0
23	59	0
23	60	1
23	61	1
23	62	1
23	63	1
23	64	0
23	65	1
23	66	0
23	67	1
23	68	1
23	69	0
23	70	1
23	71	1
23	72	1
23	73	0
23	74	1
23	75	1
23	76	0
23	77	1
23	78	0
23	79	1
23	80	0
23	81	1
23	82	1
23	83	1
23	84	1
23	85	0
23	86	0
23	87	0
23	88	1
23	89	0
23	90	0
23	91	0
23	92	1
23	93	0
23	94	0
23	95	1
23	96	0
23	97	0
23	98	0
23	99	1
23	100	1
23	101	1
23	102	1
23	103	1
23	104	1
23	105	1
23	106	0
23	107	0
23	108	1
23	109	1
23	110	1
23	111	1
23	112	1
23	113	1
23	114	0
23	115	1
23	116	0
23	117	0
23	118	1
23	119	0
23	120	0
24	25	1
24	26	0
24	27	0
24	28	0
24	29	0
24	30	1
24	31	1
24	32	0
24	33	1
24	34	0
24	35	0
24	36	0
24	37	0
24	38	1
24	39	0
24	40	0
24	41	0
24	42	0
24	43	1
24	44	0
24	45	1
24	46	1
24	47	0
24	48	0
24	49	0
24	50	1
24	51	0
24	52	1
24	53	1
24	54	1
24	55	0
24	56	0
24	57	1
24	58	1
24	59	0
24	60	1
24	61	0
24	62	1
24	63	1
24	64	0
24	65	1
24	66	1
24	67	0
24	68	0
24	69	1
24	70	1
24	71	0
24	72	0
24	73	0
24	74	1
24	75	1
24	76	0
24	77	1
24	78	1
24	79	1
24	80	1
24	81	1
24	82	1
24	83	1
24	84	0
24	85	1
24	86	1
24	87	0
24	88	1
24	89	0
24	90	1
24	91	1
24	92	0
24	93	0
24	94	0
24	95	1
24	96	0
24	97	1
24	98	1
24	99	0
24	100	0
24	101	1
24	102	1
24	103	1
24	104	0
24	105	1
24	106	1
24	107	0
24	108	0
24	109	0
24	110	1
24	111	1
24	112	0
24	113	0
24	114	0
24	115	1
24	116	1
24	117	0
24	118	1
24	119	0
24	120	1
25	26	1
25	27	1
25	28	1
25	29	1
25	30	0
25	31	1
25	32	1
25	33	1
25	34	1
25	35	0
25	36	1
25	37	0
25	38	0
25	39	0
25	40	1
25	41	0
25	42	0
25	43	0
25	44	1
25	45	0
25	46	0
25	47	0
25	48	0
25	49	0
25	50	0
25	51	1
25	52	0
25	53	1
25	54	1
25	55	0
25	56	1
25	57	1
25	58	0
25	59	1
25	60	1
25	61	1
25	62	0
25	63	0
25	64	1
25	65	0
25	66	1
25	67	1
25	68	1
25	69	1
25	70	0
25	71	0
25	72	1
25	73	0
25	74	1
25	75	1
25	76	0
25	77	0
25	78	0
25	79	1
25	80	0
25	81	1
25	82	0
25	83	1
25	84	0
25	85	1
25	86	0
25	87	0
25	88	0
25	89	0
25	90	0
25	91	0
25	92	1
25	93	0
25	94	1
25	95	0
25	96	0
25	97	0
25	98	1
25	99	1
25	100	0
25	101	1
25	102	1
25	103	1
25	104	1
25	105	0
25	106	0
25	107	0
25	108	0
25	109	1
25	110	0
25	111	0
25	112	0
25	113	0
25	114	1
25	115	0
25	116	0
25	117	1
25	118	0
25	119	0
25	120	0
26	27	0
26	28	0
26	29	1
26	30	0
26	31	0
26	32	0
26	33	0
26	34	0
26	35	1
26	36	0
26	37	0
26	38	1
26	39	0
26	40	1
26	41	0
26	42	0
26	43	1
26	44	1
26	45	1
26	46	0
26	47	0
26	48	1
26	49	0
26	50	0
26	51	1
26	52	1
26	53	0
26	54	0
26	55	1
26	56	0
26	57	1
26	58	1
26	59	0
26	60	0
26	61	1
26	62	0
26	63	0
26	64	0
26	65	1
26	66	1
26	67	1
26	68	0
26	69	1
26	70	1
26	71	0
26	72	0
26	73	0
26	74	1
26	75	1
26	76	0
26	77	1
26	78	0
26	79	0
26	80	0
26	81	0
26	82	0
26	83	0
26	84	1
26	85	1
26	86	1
26	87	1
26	88	0
26	89	0
26	90	0
26	91	0
26	92	1
26	93	1
26	94	0
26	95	0
26	96	0
26	97	1
26	98	1
26	99	0
26	100	1
26	101	0
26	102	1
26	103	1
26	104	1
26	105	0
26	106	0
26	107	0
26	108	0
26	109	0
26	110	0
26	111	0
26	112	1
26	113	1
26	114	0
26	115	0
26	116	0
26	117	0
26	118	0
26	119	0
26	120	0
27	28	0
27	29	0
27	30	0
27	31	1
27	32	0
27	33	1
27	34	1
27	35	0
27	36	0
27	37	1
27	38	1
27	39	1
27	40	1
27	41	0
27	42	1
27	43	1
27	44	0
27	45	1
27	46	1
27	47	0
27	48	1
27	49	0
27	50	0
27	51	1
27	52	1
27	53	0
27	54	1
27	55	1
27	56	0
27	57	0
27	58	1
27	59	1
27	60	1
27	61	1
27	62	1
27	63	0
27	64	1
27	65	1
27	66	0
27	67	0
27	68	1
27	69	0
27	70	0
27	71	1
27	72	1
27	73	0
27	74	0
27	75	1
27	76	1
27	77	0
27	78	0
27	79	1
27	80	1
27	81	0
27	82	0
27	83	0
27	84	1
27	85	1
27	86	1
27	87	1
27	88	0
27	89	0
27	90	0
27	91	0
27	92	0
27	93	1
27	94	1
27	95	1
27	96	1
27	97	1
27	98	0
27	99	1
27	100	1
27	101	1
27	102	1
27	103	1
27	104	1
27	105	0
27	106	1
27	107	0
27	108	0
27	109	1
27	110	0
27	111	1
27	112	1
27	113	0
27	114	1
27	115	0
27	116	1
27	117	0
27	118	1
27	119	1
27	120	1
28	29	1
28	30	0
28	31	1
28	32	0
28	33	0
28	34	0
28	35	0
28	36	0
28	37	0
28	38	1
28	39	1
28	40	0
28	41	0
28	42	1
28	43	1
28	44	1
28	45	0
28	46	0
28	47	0
28	48	1
28	49	1
28	50	0
28	51	0
28	52	1
28	53	1
28	54	1
28	55	1
28	56	1
28	57	0
28	58	0
28	59	0
28	60	0
28	61	1
28	62	1
28	63	0
28	64	1
28	65	1
28	66	1
28	67	0
28	68	0
28	69	0
28	70	1
28	71	0
28	72	0
28	73	1
28	74	1
28	75	1
28	76	0
28	77	1
28	78	1
28	79	1
28	80	0
28	81	0
28	82	0
28	83	0
28	84	0
28	85	0
28	86	0
28	87	1
28	88	1
28	89	1
28	90	0
28	91	1
28	92	0
28	93	1
28	94	1
28	95	1
28	96	1
28	97	1
28	98	0
28	99	1
28	100	0
28	101	1
28	102	1
28	103	0
28	104	0
28	105	1
28	106	0
28	107	0
28	108	0
28	109	0
28	110	0
28	111	1
28	112	0
28	113	0
28	114	1
28	115	1
28	116	1
28	117	1
28	118	1
28	119	1
28	120	1
29	30	0
29	31	0
29	32	1
29	33	1
29	34	0
29	35	1
29	36	0
29	37	1
29	38	1
29	39	0
29	40	1
29	41	0
29	42	1
29	43	1
29	44	1
29	45	1
29	46	0
29	47	0
29	48	0
29	49	0
29	50	0
29	51	0
29	52	1
29	53	1
29	54	1
29	55	1
29	56	0
29	57	0
29	58	1
29	59	1
29	60	1
29	61	1
29	62	1
29	63	0
29	64	0
29	65	0
29	66	1
29	67	1
29	68	0
29	69	1
29	70	1
29	71	0
29	72	1
29	73	0
29	74	1
29	75	1
29	76	1
29	77	1
29	78	0
29	79	1
29	80	1
29	81	1
29	82	1
29	83	1
29	84	1
29	85	0
29	86	0
29	87	0
29	88	1
29	89	1
29	90	1
29	91	0
29	92	0
29	93	0
29	94	0
29	95	0
29	96	1
29	97	0
29	98	0
29	99	1
29	100	0
29	101	0
29	102	1
29	103	1
29	104	1
29	105	1
29	106	1
29	107	1
29	108	0
29	109	0
29	110	1
29	111	1
29	112	0
29	113	0
29	114	0
29	115	1
29	116	1
29	117	0
29	118	1
29	119	1
29	120	1
30	31	1
30	32	0
30	33	0
30	34	0
30	35	1
30	36	1
30	37	0
30	38	1
30	39	1
30	40	1
30	41	1
30	42	0
30	43	0
30	44	1
30	45	0
30	46	0
30	47	0
30	48	1
30	49	1
30	50	0
30	51	1
30	52	0
30	53	0
30	54	0
30	55	0
30	56	1
30	57	1
30	58	0
30	59	1
30	60	1
30	61	1
30	62	0
30	63	1
30	64	1
30	65	0
30	66	0
30	67	1
30	68	1
30	69	0
30	70	1
30	71	1
30	72	1
30	73	0
30	74	1
30	75	1
30	76	1
30	77	1
30	78	0
30	79	1
30	80	1
30	81	1
30	82	1
30	83	0
30	84	1
30	85	0
30	86	1
30	87	0
30	88	1
30	89	1
30	90	1
30	91	0
30	92	0
30	93	1
30	94	1
30	95	0
30	96	0
30	97	1
30	98	0
30	99	0
30	100	1
30	101	1
30	102	0
30	103	1
30	104	0
30	105	1
30	106	1
30	107	1
30	108	1
30	109	1
30	110	1
30	111	0
30	112	0
30	113	1
30	114	0
30	115	0
30	116	1
30	117	0
30	118	1
30	119	1
30	120	1
31	32	1
31	33	0
31	34	0
31	35	0
31	36	1
31	37	1
31	38	1
31	39	1
31	40	1
31	41	1
31	42	1
31	43	1
31	44	0
31	45	1
31	46	1
31	47	0
31	48	0
31	49	0
31	50	1
31	51	0
31	52	0
31	53	0
31	54	1
31	55	0
31	56	1
31	57	0
31	58	0
31	59	0
31	60	0
31	61	0
31	62	1
31	63	1
31	64	0
31	65	1
31	66	1
31	67	0
31	68	0
31	69	1
31	70	0
31	71	1
31	72	1
31	73	1
31	74	0
31	75	0
31	76	1
31	77	0
31	78	0
31	79	1
31	80	0
31	81	1
31	82	0
31	83	0
31	84	0
31	85	0
31	86	1
31	87	0
31	88	0
31	89	1
31	90	0
31	91	1
31	92	0
31	93	1
31	94	1
31	95	0
31	96	0
31	97	0
31	98	1
31	99	0
31	100	1
31	101	0
31	102	0
31	103	0
31	104	1
31	105	0
31	106	0
31	107	1
31	108	0
31	109	1
31	110	0
31	111	1
31	112	0
31	113	0
31	114	1
31	115	1
31	116	0
31	117	1
31	118	0
31	119	0
31	120	0
32	33	1
32	34	0
32	35	0
32	36	1
32	37	0
32	38	0
32	39	1
32	40	0
32	41	1
32	42	1
32	43	1
32	44	0
32	45	0
32	46	1
32	47	1
32	48	0
32	49	0
32	50	1
32	51	1
32	52	0
32	53	0
32	54	1
32	55	1
32	56	1
32	57	1
32	58	0
32	59	0
32	60	0
32	61	0
32	62	1
32	63	1
32	64	0
32	65	1
32	66	0
32	67	0
32	68	1
32	69	0
32	70	1
32	71	0
32	72	1
32	73	1
32	74	1
32	75	0
32	76	1
32	77	1
32	78	1
32	79	0
32	80	0
32	81	1
32	82	1
32	83	1
32	84	0
32	85	0
32	86	1
32	87	1
32	88	1
32	89	1
32	90	0
32	91	1
32	92	0
32	93	0
32	94	1
32	95	0
32	96	0
32	97	0
32	98	1
32	99	0
32	100	1
32	101	1
32	102	1
32	103	1
32	104	1
32	105	1
32	106	1
32	107	1
32	108	0
32	109	0
32	110	1
32	111	0
32	112	1
32	113	1
32	114	1
32	115	1
32	116	0
32	117	0
32	118	0
32	119	0
32	120	0
33	34	0
33	35	1
33	36	1
33	37	1
33	38	1
33	39	1
33	40	1
33	41	0
33	42	0
33	43	0
33	44	0
33	45	0
33	46	0
33	47	1
33	48	0
33	49	0
33	50	0
33	51	1
33	52	1
33	53	0
33	54	0
33	55	0
33	56	1
33	57	1
33	58	1
33	59	0
33	60	0
33	61	1
33	62	0
33	63	0
33	64	1
33	65	0
33	66	1
33	67	0
33	68	0
33	69	1
33	70	1
33	71	1
33	72	0
33	73	1
33	74	0
33	75	0
33	76	0
33	77	1
33	78	0
33	79	1
33	80	0
33	81	1
33	82	1
33	83	0
33	84	1
33	85	0
33	86	1
33	87	0
33	88	1
33	89	0
33	90	0
33	91	1
33	92	1
33	93	1
33	94	1
33	95	1
33	96	0
33	97	0
33	98	1
33	99	0
33	100	0
33	101	1
33	102	0
33	103	1
33	104	1
33	105	0
33	106	1
33	107	0
33	108	1
33	109	1
33	110	0
33	111	1
33	112	0
33	113	0
33	114	0
33	115	1
33	116	0
33	117	0
33	118	1
33	119	0
33	120	0
34	35	0
34	36	1
34	37	1
34	38	1
34	39	1
34	40	0
34	41	0
34	42	0
34	43	0
34	44	1
34	45	0
34	46	1
34	47	0
34	48	1
34	49	0
34	50	0
34	51	0
34	52	1
34	53	0
34	54	0
34	55	1
34	56	0
34	57	1
34	58	1
34	59	0
34	60	0
34	61	1
34	62	1
34	63	0
34	64	1
34	65	0
34	66	0
34	67	1
34	68	1
34	69	0
34	70	0
34	71	0
34	72	0
34	73	0
34	74	1
34	75	1
34	76	0
34	77	0
34	78	0
34	79	1
34	80	0
34	81	0
34	82	1
34	83	0
34	84	0
34	85	1
34	86	0
34	87	1
34	88	1
34	89	1
34	90	0
34	91	1
34	92	0
34	93	0
34	94	1
34	95	0
34	96	1
34	97	1
34	98	0
34	99	0
34	100	1
34	101	1
34	102	0
34	103	1
34	104	1
34	105	0
34	106	1
34	107	1
34	108	0
34	109	0
34	110	0
34	111	0
34	112	0
34	113	0
34	114	1
34	115	1
34	116	0
34	117	1
34	118	0
34	119	0
34	120	0
35	36	0
35	37	0
35	38	0
35	39	0
35	40	0
35	41	0
35	42	0
35	43	1
35	44	1
35	45	1
35	46	0
35	47	1
35	48	1
35	49	1
35	50	0
35	51	0
35	52	1
35	53	1
35	54	0
35	55	0
35	56	0
35	57	0
35	58	0
35	59	1
35	60	1
35	61	0
35	62	0
35	63	0
35	64	0
35	65	1
35	66	1
35	67	1
35	68	1
35	69	0
35	70	1
35	71	1
35	72	1
35	73	0
35	74	0
35	75	0
35	76	1
35	77	1
35	78	1
35	79	1
35	80	1
35	81	1
35	82	1
35	83	1
35	84	1
35	85	0
35	86	0
35	87	0
35	88	0
35	89	1
35	90	1
35	91	0
35	92	0
35	93	0
35	94	0
35	95	1
35	96	1
35	97	1
35	98	0
35	99	0
35	100	0
35	101	0
35	102	0
35	103	1
35	104	1
35	105	0
35	106	1
35	107	0
35	108	1
35	109	1
35	110	0
35	111	0
35	112	0
35	113	0
35	114	1
35	115	0
35	116	1
35	117	1
35	118	1
35	119	1
35	120	0
36	37	1
36	38	1
36	39	1
36	40	0
36	41	1
36	42	1
36	43	0
36	44	0
36	45	1
36	46	0
36	47	1
36	48	1
36	49	0
36	50	1
36	51	0
36	52	1
36	53	1
36	54	0
36	55	1
36	56	1
36	57	1
36	58	0
36	59	0
36	60	1
36	61	1
36	62	0
36	63	1
36	64	0
36	65	0
36	66	0
36	67	1
36	68	0
36	69	1
36	70	1
36	71	0
36	72	0
36	73	0
36	74	1
36	75	0
36	76	0
36	77	0
36	78	1
36	79	1
36	80	0
36	81	0
36	82	1
36	83	1
36	84	0
36	85	1
36	86	1
36	87	1
36	88	1
36	89	1
36	90	0
36	91	1
36	92	0
36	93	0
36	94	0
36	95	1
36	96	0
36	97	1
36	98	0
36	99	0
36	100	1
36	101	1
36	102	1
36	103	0
36	104	0
36	105	0
36	106	1
36	107	0
36	108	0
36	109	1
36	110	0
36	111	0
36	112	0
36	113	1
36	114	1
36	115	0
36	116	0
36	117	0
36	118	1
36	119	0
36	120	1
37	38	1
37	39	0
37	40	0
37	41	0
37	42	1
37	43	1
37	44	1
37	45	1
37	46	0
37	47	1
37	48	0
37	49	0
37	50	0
37	51	1
37	52	1
37	53	0
37	54	0
37	55	0
37	56	0
37	57	0
37	58	0
37	59	1
37	60	1
37	61	1
37	62	0
37	63	0
37	64	1
37	65	1
37	66	1
37	67	0
37	68	0
37	69	0
37	70	1
37	71	0
37	72	0
37	73	0
37	74	1
37	75	1
37	76	0
37	77	1
37	78	0
37	79	1
37	80	1
37	81	1
37	82	0
37	83	0
37	84	1
37	85	1
37	86	0
37	87	1
37	88	1
37	89	1
37	90	1
37	91	0
37	92	0
37	93	1
37	94	1
37	95	0
37	96	0
37	97	0
37	98	1
37	99	0
37	100	1
37	101	1
37	102	0
37	103	1
37	104	0
37	105	1
37	106	0
37	107	0
37	108	1
37	109	0
37	110	1
37	111	0
37	112	1
37	113	0
37	114	1
37	115	0
37	116	0
37	117	1
37	118	0
37	119	1
37	120	0
38	39	0
38	40	0
38	41	0
38	42	0
38	43	1
38	44	1
38	45	0
38	46	1
38	47	0
38	48	1
38	49	1
38	50	0
38	51	1
38	52	1
38	53	0
38	54	1
38	55	1
38	56	0
38	57	0
38	58	1
38	59	1
38	60	1
38	61	0
38	62	0
38	63	0
38	64	0
38	65	1
38	66	0
38	67	0
38	68	1
38	69	1
38	70	0
38	71	0
38	72	0
38	73	1
38	74	0
38	75	1
38	76	1
38	77	0
38	78	0
38	79	1
38	80	0
38	81	0
38	82	0
38	83	1
38	84	1
38	85	1
38	86	0
38	87	0
38	88	1
38	89	0
38	90	0
38	91	1
38	92	0
38	93	0
38	94	1
38	95	0
38	96	1
38	97	0
38	98	1
38	99	1
38	100	0
38	101	1
38	102	1
38	103	1
38	104	0
38	105	1
38	106	0
38	107	0
38	108	0
38	109	0
38	110	0
38	111	0
38	112	1
38	113	0
38	114	0
38	115	1
38	116	1
38	117	0
38	118	0
38	119	0
38	120	0
39	40	0
39	41	1
39	42	0
39	43	1
39	44	1
39	45	0
39	46	0
39	47	0
39	48	1
39	49	1
39	50	0
39	51	1
39	52	1
39	53	0
39	54	1
39	55	0
39	56	1
39	57	1
39	58	1
39	59	1
39	60	1
39	61	0
39	62	1
39	63	1
39	64	1
39	65	1
39	66	0
39	67	1
39	68	1
39	69	0
39	70	0
39	71	0
39	72	1
39	73	0
39	74	0
39	75	1
39	76	0
39	77	0
39	78	1
39	79	0
39	80	0
39	81	0
39	82	1
39	83	1
39	84	0
39	85	1
39	86	1
39	87	0
39	88	0
39	89	1
39	90	0
39	91	0
39	92	0
39	93	1
39	94	1
39	95	0
39	96	1
39	97	0
39	98	1
39	99	1
39	100	1
39	101	0
39	102	0
39	103	0
39	104	0
39	105	1
39	106	0
39	107	1
39	108	0
39	109	0
39	110	0
39	111	0
39	112	0
39	113	0
39	114	0
39	115	0
39	116	0
39	117	0
39	118	0
39	119	0
39	120	1
40	41	1
40	42	1
40	43	1
40	44	0
40	45	0
40	46	1
40	47	0
40	48	1
40	49	1
40	50	0
40	51	1
40	52	0
40	53	0
40	54	0
40	55	0
40	56	1
40	57	0
40	58	0
40	59	1
40	60	1
40	61	0
40	62	0
40	63	0
40	64	1
40	65	1
40	66	1
40	67	1
40	68	1
40	69	1
40	70	0
40	71	0
40	72	1
40	73	0
40	74	0
40	75	0
40	76	0
40	77	1
40	78	1
40	79	0
40	80	1
40	81	0
40	82	0
40	83	0
40	84	1
40	85	0
40	86	0
40	87	1
40	88	0
40	89	0
40	90	0
40	91	1
40	92	0
40	93	1
40	94	0
40	95	0
40	96	0
40	97	1
40	98	0
40	99	0
40	100	1
40	101	1
40	102	0
40	103	1
40	104	0
40	105	0
40	106	0
40	107	1
40	108	1
40	109	1
40	110	0
40	111	1
40	112	1
40	113	1
40	114	0
40	115	1
40	116	0
40	117	0
40	118	1
40	119	0
40	120	1
41	42	0
41	43	1
41	44	1
41	45	0
41	46	0
41	47	1
41	48	1
41	49	0
41	50	0
41	51	0
41	52	1
41	53	1
41	54	0
41	55	0
41	56	0
41	57	1
41	58	1
41	59	1
41	60	1
41	61	0
41	62	1
41	63	1
41	64	1
41	65	1
41	66	0
41	67	0
41	68	0
41	69	0
41	70	0
41	71	0
41	72	0
41	73	0
41	74	1
41	75	0
41	76	1
41	77	0
41	78	1
41	79	0
41	80	1
41	81	0
41	82	0
41	83	1
41	84	0
41	85	1
41	86	1
41	87	1
41	88	0
41	89	1
41	90	0
41	91	0
41	92	0
41	93	0
41	94	1
41	95	1
41	96	1
41	97	0
41	98	1
41	99	1
41	100	0
41	101	0
41	102	0
41	103	1
41	104	0
41	105	0
41	106	0
41	107	1
41	108	0
41	109	0
41	110	0
41	111	0
41	112	0
41	113	0
41	114	0
41	115	0
41	116	1
41	117	1
41	118	0
41	119	0
41	120	0
42	43	1
42	44	0
42	45	0
42	46	1
42	47	0
42	48	0
42	49	0
42	50	1
42	51	1
42	52	0
42	53	0
42	54	0
42	55	0
42	56	0
42	57	0
42	58	1
42	59	0
42	60	1
42	61	1
42	62	0
42	63	1
42	64	1
42	65	1
42	66	0
42	67	1
42	68	0
42	69	1
42	70	0
42	71	1
42	72	1
42	73	0
42	74	0
42	75	1
42	76	0
42	77	1
42	78	1
42	79	1
42	80	1
42	81	0
42	82	1
42	83	0
42	84	1
42	85	0
42	86	0
42	87	1
42	88	0
42	89	1
42	90	1
42	91	1
42	92	1
42	93	0
42	94	0
42	95	0
42	96	1
42	97	0
42	98	1
42	99	1
42	100	1
42	101	1
42	102	0
42	103	1
42	104	1
42	105	0
42	106	1
42	107	1
42	108	0
42	109	1
42	110	1
42	111	1
42	112	0
42	113	1
42	114	1
42	115	1
42	116	0
42	117	1
42	118	0
42	119	0
42	120	1
43	44	1
43	45	0
43	46	1
43	47	1
43	48	0
43	49	0
43	50	1
43	51	0
43	52	0
43	53	1
43	54	1
43	55	0
43	56	0
43	57	1
43	58	1
43	59	0
43	60	1
43	61	0
43	62	0
43	63	1
43	64	0
43	65	1
43	66	1
43	67	1
43	68	1
43	69	1
43	70	1
43	71	0
43	72	1
43	73	1
43	74	1
43	75	0
43	76	0
43	77	1
43	78	0
43	79	1
43	80	1
43	81	1
43	82	0
43	83	1
43	84	1
43	85	1
43	86	1
43	87	0
43	88	1
43	89	0
43	90	1
43	91	0
43	92	0
43	93	0
43	94	0
43	95	0
43	96	0
43	97	1
43	98	0
43	99	1
43	100	0
43	101	0
43	102	1
43	103	0
43	104	0
43	105	0
43	106	1
43	107	0
43	108	0
43	109	0
43	110	1
43	111	1
43	112	1
43	113	1
43	114	1
43	115	0
43	116	0
43	117	1
43	118	0
43	119	1
43	120	0
44	45	1
44	46	1
44	47	0
44	48	0
44	49	0
44	50	0
44	51	0
44	52	1
44	53	1
44	54	0
44	55	1
44	56	0
44	57	1
44	58	0
44	59	0
44	60	0
44	61	1
44	62	1
44	63	0
44	64	1
44	65	1
44	66	0
44	67	0
44	68	1
44	69	0
44	70	0
44	71	1
44	72	1
44	73	1
44	74	0
44	75	1
44	76	0
44	77	1
44	78	0
44	79	0
44	80	0
44	81	1
44	82	1
44	83	1
44	84	0
44	85	1
44	86	0
44	87	0
44	88	1
44	89	1
44	90	0
44	91	0
44	92	1
44	93	1
44	94	1
44	95	0
44	96	0
44	97	0
44	98	1
44	99	0
44	100	0
44	101	1
44	102	1
44	103	1
44	104	1
44	105	0
44	106	1
44	107	0
44	108	1
44	109	0
44	110	1
44	111	0
44	112	1
44	113	1
44	114	0
44	115	1
44	116	0
44	117	1
44	118	1
44	119	0
44	120	1
45	46	1
45	47	1
45	48	0
45	49	1
45	50	1
45	51	0
45	52	1
45	53	1
45	54	0
45	55	0
45	56	1
45	57	0
45	58	1
45	59	0
45	60	1
45	61	0
45	62	0
45	63	1
45	64	1
45	65	0
45	66	1
45	67	0
45	68	0
45	69	0
45	70	1
45	71	0
45	72	0
45	73	0
45	74	1
45	75	1
45	76	0
45	77	1
45	78	1
45	79	0
45	80	1
45	81	0
45	82	0
45	83	0
45	84	1
45	85	0
45	86	1
45	87	0
45	88	1
45	89	1
45	90	0
45	91	1
45	92	0
45	93	1
45	94	0
45	95	1
45	96	0
45	97	1
45	98	0
45	99	1
45	100	1
45	101	0
45	102	0
45	103	1
45	104	1
45	105	0
45	106	1
45	107	0
45	108	1
45	109	0
45	110	0
45	111	0
45	112	1
45	113	1
45	114	0
45	115	0
45	116	0
45	117	1
45	118	0
45	119	1
45	120	0
46	47	1
46	48	1
46	49	0
46	50	0
46	51	0
46	52	0
46	53	0
46	54	0
46	55	0
46	56	0
46	57	0
46	58	1
46	59	0
46	60	1
46	61	0
46	62	0
46	63	0
46	64	1
46	65	1
46	66	0
46	67	0
46	68	0
46	69	1
46	70	1
46	71	1
46	72	1
46	73	0
46	74	1
46	75	0
46	76	0
46	77	0
46	78	0
46	79	1
46	80	0
46	81	0
46	82	0
46	83	1
46	84	1
46	85	0
46	86	0
46	87	0
46	88	1
46	89	0
46	90	0
46	91	1
46	92	1
46	93	0
46	94	0
46	95	1
46	96	1
46	97	0
46	98	0
46	99	1
46	100	0
46	101	0
46	102	0
46	103	1
46	104	0
46	105	1
46	106	1
46	107	1
46	108	1
46	109	1
46	110	1
46	111	0
46	112	1
46	113	0
46	114	1
46	115	1
46	116	0
46	117	1
46	118	0
46	119	1
46	120	1
47	48	1
47	49	1
47	50	1
47	51	1
47	52	0
47	53	1
47	54	0
47	55	0
47	56	1
47	57	1
47	58	0
47	59	0
47	60	1
47	61	1
47	62	1
47	63	1
47	64	0
47	65	1
47	66	0
47	67	1
47	68	1
47	69	0
47	70	0
47	71	0
47	72	1
47	73	0
47	74	1
47	75	0
47	76	0
47	77	0
47	78	0
47	79	0
47	80	0
47	81	0
47	82	1
47	83	0
47	84	1
47	85	0
47	86	1
47	87	0
47	88	0
47	89	1
47	90	1
47	91	1
47	92	0
47	93	0
47	94	1
47	95	1
47	96	0
47	97	0
47	98	1
47	99	1
47	100	0
47	101	0
47	102	1
47	103	1
47	104	0
47	105	0
47	106	0
47	107	0
47	108	1
47	109	0
47	110	0
47	111	0
47	112	1
47	113	0
47	114	0
47	115	1
47	116	0
47	117	1
47	118	1
47	119	0
47	120	1
48	49	1
48	50	0
48	51	0
48	52	0
48	53	1
48	54	1
48	55	1
48	56	0
48	57	1
48	58	0
48	59	0
48	60	0
48	61	0
48	62	0
48	63	0
48	64	1
48	65	1
48	66	1
48	67	0
48	68	1
48	69	0
48	70	0
48	71	1
48	72	0
48	73	1
48	74	0
48	75	0
48	76	0
48	77	1
48	78	0
48	79	1
48	80	1
48	81	1
48	82	1
48	83	0
48	84	1
48	85	1
48	86	1
48	87	0
48	88	0
48	89	1
48	90	0
48	91	1
48	92	0
48	93	1
48	94	0
48	95	1
48	96	1
48	97	1
48	98	0
48	99	1
48	100	0
48	101	1
48	102	1
48	103	1
48	104	0
48	105	1
48	106	1
48	107	1
48	108	0
48	109	1
48	110	0
48	111	0
48	112	1
48	113	0
48	114	0
48	115	1
48	116	1
48	117	1
48	118	1
48	119	1
48	120	0
49	50	1
49	51	1
49	52	1
49	53	0
49	54	1
49	55	1
49	56	1
49	57	0
49	58	0
49	59	0
49	60	1
49	61	1
49	62	0
49	63	1
49	64	0
49	65	0
49	66	0
49	67	0
49	68	0
49	69	1
49	70	1
49	71	1
49	72	1
49	73	1
49	74	1
49	75	1
49	76	1
49	77	0
49	78	0
49	79	0
49	80	0
49	81	0
49	82	1
49	83	0
49	84	1
49	85	1
49	86	1
49	87	1
49	88	1
49	89	1
49	90	0
49	91	1
49	92	0
49	93	0
49	94	0
49	95	1
49	96	0
49	97	1
49	98	0
49	99	0
49	100	1
49	101	1
49	102	0
49	103	0
49	104	1
49	105	1
49	106	1
49	107	1
49	108	1
49	109	0
49	110	0
49	111	0
49	112	0
49	113	0
49	114	0
49	115	1
49	116	0
49	117	0
49	118	0
49	119	1
49	120	0
50	51	0
50	52	1
50	53	1
50	54	1
50	55	1
50	56	0
50	57	0
50	58	0
50	59	1
50	60	1
50	61	1
50	62	0
50	63	1
50	64	0
50	65	0
50	66	1
50	67	0
50	68	0
50	69	1
50	70	0
50	71	0
50	72	1
50	73	0
50	74	0
50	75	1
50	76	0
50	77	0
50	78	1
50	79	1
50	80	1
50	81	1
50	82	0
50	83	1
50	84	1
50	85	0
50	86	0
50	87	0
50	88	1
50	89	1
50	90	1
50	91	1
50	92	1
50	93	0
50	94	0
50	95	1
50	96	0
50	97	1
50	98	0
50	99	1
50	100	1
50	101	0
50	102	0
50	103	1
50	104	1
50	105	0
50	106	1
50	107	1
50	108	0
50	109	1
50	110	1
50	111	0
50	112	1
50	113	1
50	114	0
50	115	1
50	116	0
50	117	0
50	118	0
50	119	1
50	120	1
51	52	0
51	53	0
51	54	0
51	55	0
51	56	0
51	57	1
51	58	0
51	59	0
51	60	0
51	61	0
51	62	1
51	63	0
51	64	1
51	65	1
51	66	1
51	67	1
51	68	0
51	69	1
51	70	0
51	71	0
51	72	1
51	73	0
51	74	0
51	75	1
51	76	0
51	77	0
51	78	1
51	79	1
51	80	1
51	81	0
51	82	1
51	83	0
51	84	1
51	85	0
51	86	1
51	87	1
51	88	0
51	89	1
51	90	1
51	91	1
51	92	0
51	93	1
51	94	0
51	95	1
51	96	0
51	97	1
51	98	0
51	99	1
51	100	0
51	101	0
51	102	1
51	103	1
51	104	0
51	105	1
51	106	0
51	107	0
51	108	0
51	109	0
51	110	0
51	111	1
51	112	0
51	113	1
51	114	1
51	115	1
51	116	0
51	117	1
51	118	1
51	119	0
51	120	1
52	53	0
52	54	1
52	55	0
52	56	0
52	57	1
52	58	0
52	59	1
52	60	0
52	61	1
52	62	1
52	63	0
52	64	0
52	65	1
52	66	1
52	67	0
52	68	1
52	69	0
52	70	1
52	71	1
52	72	1
52	73	1
52	74	1
52	75	0
52	76	1
52	77	1
52	78	1
52	79	1
52	80	0
52	81	0
52	82	1
52	83	0
52	84	0
52	85	1
52	86	1
52	87	1
52	88	0
52	89	0
52	90	0
52	91	0
52	92	1
52	93	1
52	94	0
52	95	1
52	96	0
52	97	0
52	98	1
52	99	0
52	100	1
52	101	0
52	102	1
52	103	0
52	104	1
52	105	1
52	106	0
52	107	0
52	108	1
52	109	1
52	110	0
52	111	0
52	112	1
52	113	0
52	114	0
52	115	1
52	116	0
52	117	1
52	118	0
52	119	1
52	120	1
53	54	0
53	55	1
53	56	0
53	57	0
53	58	0
53	59	1
53	60	0
53	61	0
53	62	1
53	63	1
53	64	1
53	65	1
53	66	0
53	67	1
53	68	1
53	69	0
53	70	1
53	71	0
53	72	0
53	73	0
53	74	1
53	75	1
53	76	0
53	77	0
53	78	0
53	79	0
53	80	0
53	81	1
53	82	1
53	83	0
53	84	0
53	85	0
53	86	0
53	87	0
53	88	1
53	89	0
53	90	1
53	91	0
53	92	1
53	93	0
53	94	0
53	95	1
53	96	1
53	97	1
53	98	1
53	99	1
53	100	0
53	101	0
53	102	1
53	103	1
53	104	1
53	105	1
53	106	1
53	107	1
53	108	0
53	109	0
53	110	0
53	111	0
53	112	1
53	113	0
53	114	0
53	115	0
53	116	1
53	117	1
53	118	0
53	119	0
53	120	0
54	55	0
54	56	0
54	57	1
54	58	0
54	59	1
54	60	1
54	61	1
54	62	1
54	63	1
54	64	0
54	65	0
54	66	1
54	67	1
54	68	1
54	69	1
54	70	0
54	71	1
54	72	0
54	73	1
54	74	1
54	75	1
54	76	0
54	77	1
54	78	1
54	79	0
54	80	0
54	81	1
54	82	1
54	83	1
54	84	1
54	85	0
54	86	1
54	87	1
54	88	0
54	89	0
54	90	0
54	91	1
54	92	1
54	93	1
54	94	1
54	95	1
54	96	1
54	97	1
54	98	0
54	99	1
54	100	1
54	101	0
54	102	0
54	103	1
54	104	0
54	105	1
54	106	0
54	107	0
54	108	1
54	109	0
54	110	1
54	111	0
54	112	0
54	113	1
54	114	1
54	115	0
54	116	0
54	117	1
54	118	0
54	119	1
54	120	1
55	56	1
55	57	0
55	58	0
55	59	1
55	60	1
55	61	0
55	62	1
55	63	0
55	64	0
55	65	0
55	66	1
55	67	0
55	68	0
55	69	1
55	70	1
55	71	1
55	72	0
55	73	0
55	74	1
55	75	1
55	76	0
55	77	1
55	78	1
55	79	0
55	80	1
55	81	1
55	82	1
55	83	1
55	84	0
55	85	0
55	86	1
55	87	1
55	88	1
55	89	0
55	90	0
55	91	0
55	92	0
55	93	0
55	94	1
55	95	0
55	96	1
55	97	0
55	98	1
55	99	1
55	100	1
55	101	1
55	102	0
55	103	0
55	104	1
55	105	1
55	106	1
55	107	1
55	108	0
55	109	1
55	110	0
55	111	0
55	112	0
55	113	0
55	114	1
55	115	1
55	116	0
55	117	1
55	118	1
55	119	0
55	120	1
56	57	1
56	58	0
56	59	0
56	60	0
56	61	0
56	62	1
56	63	0
56	64	0
56	65	1
56	66	1
56	67	0
56	68	1
56	69	0
56	70	1
56	71	1
56	72	1
56	73	1
56	74	0
56	75	1
56	76	1
56	77	0
56	78	1
56	79	1
56	80	0
56	81	0
56	82	0
56	83	0
56	84	0
56	85	0
56	86	0
56	87	0
56	88	1
56	89	1
56	90	1
56	91	1
56	92	1
56	93	0
56	94	1
56	95	0
56	96	0
56	97	0
56	98	1
56	99	1
56	100	1
56	101	0
56	102	0
56	103	0
56	104	1
56	105	1
56	106	0
56	107	0
56	108	1
56	109	0
56	110	1
56	111	0
56	112	0
56	113	1
56	114	1
56	115	1
56	116	1
56	117	1
56	118	1
56	119	0
56	120	1
57	58	0
57	59	1
57	60	1
57	61	0
57	62	0
57	63	0
57	64	1
57	65	1
57	66	0
57	67	0
57	68	0
57	69	1
57	70	0
57	71	0
57	72	0
57	73	0
57	74	1
57	75	1
57	76	1
57	77	1
57	78	1
57	79	1
57	80	0
57	81	1
57	82	0
57	83	0
57	84	1
57	85	0
57	86	1
57	87	0
57	88	1
57	89	0
57	90	1
57	91	0
57	92	0
57	93	1
57	94	1
57	95	0
57	96	0
57	97	0
57	98	1
57	99	0
57	100	0
57	101	0
57	102	0
57	103	0
57	104	0
57	105	0
57	106	1
57	107	1
57	108	1
57	109	0
57	110	1
57	111	0
57	112	0
57	113	1
57	114	0
57	115	1
57	116	1
57	117	0
57	118	0
57	119	1
57	120	0
58	59	0
58	60	0
58	61	1
58	62	0
58	63	1
58	64	1
58	65	1
58	66	1
58	67	0
58	68	1
58	69	0
58	70	0
58	71	1
58	72	1
58	73	0
58	74	1
58	75	1
58	76	0
58	77	0
58	78	1
58	79	0
58	80	0
58	81	0
58	82	1
58	83	0
58	84	1
58	85	0
58	86	0
58	87	1
58	88	1
58	89	1
58	90	0
58	91	1
58	92	1
58	93	1
58	94	0
58	95	0
58	96	1
58	97	0
58	98	0
58	99	0
58	100	0
58	101	1
58	102	0
58	103	0
58	104	0
58	105	1
58	106	1
58	107	1
58	108	0
58	109	1
58	110	1
58	111	1
58	112	0
58	113	1
58	114	1
58	115	1
58	116	0
58	117	0
58	118	1
58	119	0
58	120	1
59	60	1
59	61	1
59	62	1
59	63	1
59	64	0
59	65	0
59	66	0
59	67	1
59	68	0
59	69	1
59	70	1
59	71	0
59	72	0
59	73	0
59	74	0
59	75	0
59	76	1
59	77	0
59	78	1
59	79	1
59	80	1
59	81	0
59	82	1
59	83	0
59	84	0
59	85	0
59	86	1
59	87	0
59	88	1
59	89	1
59	90	1
59	91	1
59	92	1
59	93	0
59	94	1
59	95	1
59	96	0
59	97	1
59	98	1
59	99	1
59	100	1
59	101	0
59	102	1
59	103	1
59	104	0
59	105	1
59	106	0
59	107	0
59	108	0
59	109	0
59	110	0
59	111	1
59	112	0
59	113	1
59	114	0
59	115	1
59	116	0
59	117	1
59	118	1
59	119	0
59	120	0
60	61	1
60	62	1
60	63	0
60	64	1
60	65	1
60	66	0
60	67	0
60	68	0
60	69	1
60	70	1
60	71	0
60	72	0
60	73	1
60	74	0
60	75	1
60	76	0
60	77	0
60	78	1
60	79	0
60	80	0
60	81	1
60	82	1
60	83	1
60	84	0
60	85	0
60	86	0
60	87	1
60	88	0
60	89	1
60	90	1
60	91	0
60	92	1
60	93	0
60	94	1
60	95	0
60	96	0
60	97	0
60	98	0
60	99	0
60	100	0
60	101	1
60	102	1
60	103	0
60	104	0
60	105	1
60	106	1
60	107	1
60	108	1
60	109	0
60	110	0
60	111	1
60	112	0
60	113	1
60	114	0
60	115	0
60	116	0
60	117	1
60	118	0
60	119	0
60	120	0
61	62	0
61	63	0
61	64	1
61	65	1
61	66	1
61	67	0
61	68	1
61	69	0
61	70	1
61	71	0
61	72	1
61	73	1
61	74	0
61	75	1
61	76	0
61	77	0
61	78	0
61	79	1
61	80	1
61	81	0
61	82	1
61	83	0
61	84	1
61	85	1
61	86	0
61	87	1
61	88	0
61	89	1
61	90	1
61	91	1
61	92	1
61	93	0
61	94	1
61	95	1
61	96	0
61	97	0
61	98	1
61	99	0
61	100	0
61	101	1
61	102	0
61	103	1
61	104	1
61	105	0
61	106	0
61	107	1
61	108	0
61	109	0
61	110	0
61	111	1
61	112	0
61	113	0
61	114	1
61	115	0
61	116	1
61	117	0
61	118	1
61	119	1
61	120	0
62	63	0
62	64	0
62	65	1
62	66	1
62	67	1
62	68	1
62	69	0
62	70	1
62	71	1
62	72	0
62	73	0
62	74	1
62	75	0
62	76	1
62	77	0
62	78	0
62	79	1
62	80	1
62	81	1
62	82	0
62	83	1
62	84	1
62	85	0
62	86	1
62	87	0
62	88	0
62	89	0
62	90	0
62	91	0
62	92	0
62	93	1
62	94	1
62	95	1
62	96	1
62	97	1
62	98	1
62	99	1
62	100	1
62	101	0
62	102	0
62	103	1
62	104	1
62	105	1
62	106	0
62	107	1
62	108	1
62	109	1
62	110	1
62	111	1
62	112	0
62	113	0
62	114	1
62	115	1
62	116	0
62	117	1
62	118	1
62	119	1
62	120	0
63	64	0
63	65	0
63	66	1
63	67	0
63	68	1
63	69	0
63	70	1
63	71	0
63	72	0
63	73	0
63	74	0
63	75	0
63	76	1
63	77	0
63	78	0
63	79	0
63	80	0
63	81	1
63	82	1
63	83	1
63	84	1
63	85	1
63	86	0
63	87	1
63	88	0
63	89	1
63	90	1
63	91	1
63	92	1
63	93	0
63	94	1
63	95	1
63	96	0
63	97	1
63	98	0
63	99	0
63	100	1
63	101	1
63	102	1
63	103	1
63	104	0
63	105	1
63	106	0
63	107	1
63	108	1
63	109	0
63	110	1
63	111	1
63	112	0
63	113	0
63	114	0
63	115	0
63	116	1
63	117	0
63	118	1
63	119	1
63	120	0
64	65	0
64	66	0
64	67	1
64	68	0
64	69	0
64	70	0
64	71	0
64	72	0
64	73	0
64	74	1
64	75	1
64	76	0
64	77	1
64	78	1
64	79	1
64	80	1
64	81	0
64	82	0
64	83	1
64	84	1
64	85	0
64	86	1
64	87	0
64	88	1
64	89	0
64	90	0
64	91	0
64	92	1
64	93	1
64	94	0
64	95	1
64	96	0
64	97	0
64	98	0
64	99	1
64	100	0
64	101	1
64	102	1
64	103	0
64	104	0
64	105	1
64	106	1
64	107	0
64	108	1
64	109	0
64	110	1
64	111	1
64	112	1
64	113	1
64	114	1
64	115	0
64	116	0
64	117	1
64	118	1
64	119	0
64	120	0
65	66	1
65	67	1
65	68	0
65	69	0
65	70	0
65	71	0
65	72	1
65	73	0
65	74	0
65	75	0
65	76	0
65	77	0
65	78	1
65	79	1
65	80	1
65	81	1
65	82	1
65	83	1
65	84	0
65	85	1
65	86	1
65	87	0
65	88	0
65	89	0
65	90	1
65	91	0
65	92	1
65	93	0
65	94	1
65	95	1
65	96	1
65	97	1
65	98	1
65	99	1
65	100	0
65	101	0
65	102	0
65	103	1
65	104	1
65	105	0
65	106	0
65	107	0
65	108	0
65	109	0
65	110	1
65	111	1
65	112	1
65	113	0
65	114	1
65	115	0
65	116	1
65	117	0
65	118	1
65	119	0
65	120	1
66	67	0
66	68	1
66	69	0
66	70	1
66	71	1
66	72	0
66	73	1
66	74	1
66	75	1
66	76	0
66	77	1
66	78	1
66	79	0
66	80	1
66	81	1
66	82	1
66	83	1
66	84	1
66	85	1
66	86	1
66	87	0
66	88	0
66	89	0
66	90	0
66	91	1
66	92	0
66	93	1
66	94	1
66	95	0
66	96	1
66	97	0
66	98	0
66	99	0
66	100	1
66	101	1
66	102	1
66	103	0
66	104	1
66	105	1
66	106	1
66	107	0
66	108	0
66	109	1
66	110	0
66	111	0
66	112	1
66	113	1
66	114	0
66	115	0
66	116	0
66	117	1
66	118	1
66	119	1
66	120	1
67	68	0
67	69	1
67	70	1
67	71	1
67	72	0
67	73	1
67	74	0
67	75	1
67	76	1
67	77	0
67	78	0
67	79	1
67	80	0
67	81	1
67	82	1
67	83	0
67	84	1
67	85	0
67	86	1
67	87	1
67	88	0
67	89	1
67	90	0
67	91	1
67	92	1
67	93	1
67	94	0
67	95	0
67	96	1
67	97	1
67	98	0
67	99	1
67	100	1
67	101	0
67	102	1
67	103	1
67	104	1
67	105	0
67	106	0
67	107	0
67	108	0
67	109	1
67	110	1
67	111	0
67	112	0
67	113	0
67	114	0
67	115	0
67	116	0
67	117	1
67	118	1
67	119	0
67	120	1
68	69	1
68	70	1
68	71	1
68	72	0
68	73	1
68	74	0
68	75	0
68	76	0
68	77	0
68	78	0
68	79	0
68	80	0
68	81	0
68	82	0
68	83	0
68	84	1
68	85	0
68	86	0
68	87	1
68	88	0
68	89	1
68	90	1
68	91	1
68	92	0
68	93	0
68	94	0
68	95	1
68	96	1
68	97	1
68	98	0
68	99	0
68	100	1
68	101	1
68	102	0
68	103	1
68	104	1
68	105	1
68	106	0
68	107	1
68	108	1
68	109	1
68	110	0
68	111	0
68	112	0
68	113	0
68	114	1
68	115	1
68	116	1
68	117	0
68	118	1
68	119	1
68	120	1
69	70	1
69	71	0
69	72	0
69	73	0
69	74	1
69	75	0
69	76	0
69	77	0
69	78	0
69	79	0
69	80	0
69	81	1
69	82	1
69	83	1
69	84	0
69	85	0
69	86	1
69	87	1
69	88	1
69	89	1
69	90	0
69	91	0
69	92	1
69	93	1
69	94	0
69	95	0
69	96	1
69	97	0
69	98	0
69	99	1
69	100	1
69	101	1
69	102	0
69	103	0
69	104	0
69	105	1
69	106	0
69	107	1
69	108	1
69	109	0
69	110	1
69	111	0
69	112	1
69	113	1
69	114	0
69	115	0
69	116	0
69	117	0
69	118	0
69	119	0
69	120	0
70	71	1
70	72	0
70	73	0
70	74	0
70	75	0
70	76	0
70	77	0
70	78	0
70	79	1
70	80	1
70	81	1
70	82	0
70	83	1
70	84	0
70	85	1
70	86	0
70	87	0
70	88	1
70	89	0
70	90	0
70	91	1
70	92	0
70	93	1
70	94	1
70	95	1
70	96	0
70	97	0
70	98	1
70	99	1
70	100	1
70	101	1
70	102	0
70	103	1
70	104	1
70	105	1
70	106	1
70	107	1
70	108	0
70	109	0
70	110	0
70	111	1
70	112	1
70	113	1
70	114	1
70	115	0
70	116	1
70	117	1
70	118	0
70	119	0
70	120	1
71	72	1
71	73	1
71	74	1
71	75	0
71	76	1
71	77	0
71	78	1
71	79	0
71	80	0
71	81	0
71	82	1
71	83	1
71	84	0
71	85	0
71	86	0
71	87	1
71	88	1
71	89	1
71	90	1
71	91	1
71	92	0
71	93	0
71	94	0
71	95	0
71	96	0
71	97	0
71	98	1
71	99	1
71	100	1
71	101	1
71	102	1
71	103	0
71	104	0
71	105	1
71	106	0
71	107	1
71	108	1
71	109	1
71	110	0
71	111	1
71	112	0
71	113	0
71	114	1
71	115	0
71	116	1
71	117	0
71	118	0
71	119	0
71	120	0
72	73	1
72	74	0
72	75	0
72	76	1
72	77	0
72	78	0
72	79	0
72	80	1
72	81	1
72	82	1
72	83	0
72	84	1
72	85	1
72	86	1
72	87	0
72	88	0
72	89	0
72	90	1
72	91	0
72	92	1
72	93	1
72	94	1
72	95	1
72	96	0
72	97	1
72	98	1
72	99	0
72	100	0
72	101	0
72	102	0
72	103	0
72	104	0
72	105	0
72	106	1
72	107	0
72	108	1
72	109	1
72	110	1
72	111	1
72	112	1
72	113	1
72	114	0
72	115	0
72	116	1
72	117	0
72	118	0
72	119	1
72	120	0
73	74	0
73	75	1
73	76	0
73	77	1
73	78	1
73	79	1
73	80	0
73	81	1
73	82	0
73	83	0
73	84	0
73	85	0
73	86	1
73	87	0
73	88	0
73	89	0
73	90	1
73	91	0
73	92	0
73	93	1
73	94	1
73	95	0
73	96	1
73	97	1
73	98	1
73	99	0
73	100	0
73	101	0
73	102	1
73	103	1
73	104	1
73	105	1
73	106	1
73	107	1
73	108	1
73	109	1
73	110	0
73	111	0
73	112	1
73	113	1
73	114	1
73	115	1
73	116	1
73	117	0
73	118	0
73	119	1
73	120	0
74	75	0
74	76	0
74	77	0
74	78	1
74	79	1
74	80	0
74	81	0
74	82	0
74	83	0
74	84	0
74	85	0
74	86	0
74	87	1
74	88	1
74	89	0
74	90	0
74	91	1
74	92	0
74	93	1
74	94	0
74	95	0
74	96	0
74	97	1
74	98	1
74	99	0
74	100	1
74	101	1
74	102	1
74	103	0
74	104	1
74	105	0
74	106	1
74	107	0
74	108	1
74	109	1
74	110	0
74	111	0
74	112	1
74	113	0
74	114	1
74	115	0
74	116	0
74	117	0
74	118	1
74	119	1
74	120	1
75	76	0
75	77	1
75	78	1
75	79	1
75	80	0
75	81	1
75	82	1
75	83	1
75	84	0
75	85	1
75	86	1
75	87	1
75	88	1
75	89	1
75	90	1
75	91	0
75	92	1
75	93	1
75	94	1
75	95	0
75	96	0
75	97	1
75	98	1
75	99	1
75	100	0
75	101	0
75	102	0
75	103	0
75	104	1
75	105	1
75	106	0
75	107	0
75	108	1
75	109	0
75	110	1
75	111	0
75	112	1
75	113	1
75	114	0
75	115	1
75	116	1
75	117	1
75	118	0
75	119	0
75	120	1
76	77	1
76	78	0
76	79	0
76	80	0
76	81	1
76	82	0
76	83	0
76	84	1
76	85	0
76	86	0
76	87	1
76	88	0
76	89	0
76	90	0
76	91	1
76	92	1
76	93	0
76	94	0
76	95	0
76	96	1
76	97	1
76	98	1
76	99	0
76	100	1
76	101	0
76	102	0
76	103	1
76	104	0
76	105	1
76	106	1
76	107	1
76	108	0
76	109	0
76	110	0
76	111	0
76	112	0
76	113	0
76	114	1
76	115	1
76	116	0
76	117	1
76	118	0
76	119	0
76	120	0
77	78	1
77	79	1
77	80	1
77	81	1
77	82	0
77	83	1
77	84	0
77	85	1
77	86	0
77	87	1
77	88	1
77	89	0
77	90	1
77	91	1
77	92	1
77	93	1
77	94	1
77	95	1
77	96	1
77	97	0
77	98	1
77	99	0
77	100	1
77	101	0
77	102	0
77	103	1
77	104	1
77	105	1
77	106	0
77	107	1
77	108	0
77	109	0
77	110	1
77	111	0
77	112	0
77	113	0
77	114	1
77	115	1
77	116	0
77	117	0
77	118	0
77	119	0
77	120	1
78	79	1
78	80	0
78	81	0
78	82	0
78	83	1
78	84	1
78	85	1
78	86	0
78	87	0
78	88	0
78	89	1
78	90	1
78	91	1
78	92	0
78	93	1
78	94	0
78	95	1
78	96	1
78	97	1
78	98	1
78	99	0
78	100	1
78	101	0
78	102	1
78	103	1
78	104	1
78	105	0
78	106	1
78	107	1
78	108	1
78	109	0
78	110	1
78	111	1
78	112	1
78	113	0
78	114	1
78	115	0
78	116	1
78	117	1
78	118	0
78	119	1
78	120	1
79	80	0
79	81	1
79	82	0
79	83	1
79	84	0
79	85	0
79	86	1
79	87	1
79	88	0
79	89	1
79	90	1
79	91	1
79	92	1
79	93	0
79	94	0
79	95	0
79	96	1
79	97	0
79	98	1
79	99	0
79	100	0
79	101	1
79	102	1
79	103	0
79	104	0
79	105	1
79	106	1
79	107	1
79	108	1
79	109	0
79	110	1
79	111	0
79	112	0
79	113	1
79	114	1
79	115	0
79	116	1
79	117	0
79	118	0
79	119	1
79	120	0
80	81	1
80	82	1
80	83	0
80	84	1
80	85	1
80	86	1
80	87	0
80	88	1
80	89	1
80	90	1
80	91	0
80	92	1
80	93	0
80	94	1
80	95	1
80	96	1
80	97	1
80	98	1
80	99	0
80	100	0
80	101	0
80	102	0
80	103	1
80	104	0
80	105	1
80	106	0
80	107	1
80	108	0
80	109	1
80	110	0
80	111	1
80	112	1
80	113	0
80	114	1
80	115	0
80	116	1
80	117	0
80	118	1
80	119	0
80	120	0
81	82	0
81	83	0
81	84	0
81	85	1
81	86	0
81	87	0
81	88	1
81	89	0
81	90	0
81	91	0
81	92	0
81	93	1
81	94	1
81	95	1
81	96	0
81	97	1
81	98	0
81	99	0
81	100	0
81	101	1
81	102	1
81	103	1
81	104	0
81	105	1
81	106	1
81	107	1
81	108	0
81	109	0
81	110	0
81	111	1
81	112	1
81	113	0
81	114	1
81	115	1
81	116	0
81	117	1
81	118	0
81	119	1
81	120	0
82	83	1
82	84	0
82	85	1
82	86	1
82	87	0
82	88	0
82	89	0
82	90	0
82	91	0
82	92	1
82	93	0
82	94	0
82	95	0
82	96	1
82	97	0
82	98	0
82	99	0
82	100	0
82	101	1
82	102	0
82	103	1
82	104	0
82	105	0
82	106	0
82	107	1
82	108	1
82	109	1
82	110	1
82	111	0
82	112	0
82	113	0
82	114	0
82	115	0
82	116	1
82	117	0
82	118	0
82	119	1
82	120	1
83	84	0
83	85	0
83	86	0
83	87	0
83	88	0
83	89	0
83	90	0
83	91	0
83	92	1
83	93	0
83	94	1
83	95	1
83	96	0
83	97	0
83	98	1
83	99	1
83	100	1
83	101	1
83	102	0
83	103	1
83	104	0
83	105	0
83	106	0
83	107	0
83	108	1
83	109	0
83	110	1
83	111	0
83	112	0
83	113	0
83	114	1
83	115	1
83	116	0
83	117	0
83	118	1
83	119	1
83	120	1
84	85	1
84	86	1
84	87	0
84	88	0
84	89	1
84	90	1
84	91	1
84	92	0
84	93	1
84	94	0
84	95	1
84	96	1
84	97	1
84	98	1
84	99	1
84	100	0
84	101	0
84	102	0
84	103	1
84	104	1
84	105	1
84	106	0
84	107	0
84	108	1
84	109	0
84	110	1
84	111	1
84	112	0
84	113	1
84	114	1
84	115	0
84	116	1
84	117	0
84	118	1
84	119	1
84	120	1
85	86	1
85	87	0
85	88	0
85	89	1
85	90	0
85	91	0
85	92	1
85	93	1
85	94	1
85	95	0
85	96	1
85	97	0
85	98	1
85	99	1
85	100	0
85	101	1
85	102	0
85	103	0
85	104	1
85	105	1
85	106	1
85	107	1
85	108	1
85	109	1
85	110	0
85	111	0
85	112	1
85	113	1
85	114	1
85	115	0
85	116	0
85	117	1
85	118	1
85	119	0
85	120	0
86	87	0
86	88	0
86	89	0
86	90	1
86	91	0
86	92	0
86	93	1
86	94	0
86	95	0
86	96	0
86	97	1
86	98	0
86	99	1
86	100	0
86	101	0
86	102	0
86	103	0
86	104	0
86	105	0
86	106	0
86	107	1
86	108	1
86	109	0
86	110	1
86	111	1
86	112	1
86	113	1
86	114	0
86	115	1
86	116	0
86	117	0
86	118	1
86	119	1
86	120	1
87	88	0
87	89	1
87	90	0
87	91	1
87	92	1
87	93	1
87	94	0
87	95	1
87	96	1
87	97	1
87	98	0
87	99	0
87	100	0
87	101	0
87	102	1
87	103	1
87	104	1
87	105	0
87	106	1
87	107	0
87	108	0
87	109	1
87	110	0
87	111	0
87	112	0
87	113	1
87	114	1
87	115	0
87	116	0
87	117	1
87	118	1
87	119	0
87	120	0
88	89	1
88	90	0
88	91	1
88	92	0
88	93	1
88	94	1
88	95	1
88	96	0
88	97	1
88	98	0
88	99	1
88	100	1
88	101	0
88	102	1
88	103	0
88	104	1
88	105	0
88	106	1
88	107	0
88	108	1
88	109	1
88	110	1
88	111	1
88	112	1
88	113	0
88	114	1
88	115	1
88	116	1
88	117	0
88	118	0
88	119	1
88	120	0
89	90	0
89	91	1
89	92	1
89	93	0
89	94	0
89	95	0
89	96	0
89	97	1
89	98	0
89	99	1
89	100	0
89	101	0
89	102	1
89	103	1
89	104	0
89	105	0
89	106	1
89	107	1
89	108	0
89	109	1
89	110	0
89	111	0
89	112	0
89	113	1
89	114	1
89	115	0
89	116	0
89	117	0
89	118	1
89	119	0
89	120	0
90	91	1
90	92	1
90	93	1
90	94	0
90	95	0
90	96	0
90	97	0
90	98	1
90	99	0
90	100	0
90	101	0
90	102	1
90	103	0
90	104	0
90	105	0
90	106	0
90	107	1
90	108	0
90	109	0
90	110	1
90	111	1
90	112	0
90	113	1
90	114	1
90	115	0
90	116	0
90	117	1
90	118	0
90	119	1
90	120	0
91	92	0
91	93	0
91	94	0
91	95	1
91	96	1
91	97	1
91	98	1
91	99	0
91	100	0
91	101	0
91	102	1
91	103	1
91	104	0
91	105	0
91	106	0
91	107	0
91	108	0
91	109	1
91	110	0
91	111	0
91	112	1
91	113	1
91	114	1
91	115	1
91	116	0
91	117	1
91	118	0
91	119	0
91	120	1
92	93	0
92	94	0
92	95	0
92	96	0
92	97	0
92	98	0
92	99	1
92	100	1
92	101	0
92	102	1
92	103	0
92	104	1
92	105	0
92	106	1
92	107	1
92	108	0
92	109	1
92	110	1
92	111	1
92	112	1
92	113	1
92	114	1
92	115	1
92	116	1
92	117	0
92	118	0
92	119	0
92	120	1
93	94	1
93	95	1
93	96	1
93	97	1
93	98	0
93	99	0
93	100	1
93	101	0
93	102	0
93	103	1
93	104	0
93	105	1
93	106	0
93	107	1
93	108	1
93	109	0
93	110	0
93	111	1
93	112	1
93	113	0
93	114	0
93	115	1
93	116	1
93	117	0
93	118	1
93	119	0
93	120	0
94	95	0
94	96	1
94	97	0
94	98	0
94	99	1
94	100	1
94	101	1
94	102	0
94	103	0
94	104	0
94	105	1
94	106	0
94	107	0
94	108	1
94	109	1
94	110	1
94	111	0
94	112	0
94	113	0
94	114	1
94	115	0
94	116	0
94	117	1
94	118	0
94	119	0
94	120	0
95	96	1
95	97	1
95	98	0
95	99	1
95	100	1
95	101	1
95	102	0
95	103	0
95	104	0
95	105	1
95	106	0
95	107	1
95	108	1
95	109	0
95	110	0
95	111	1
95	112	0
95	113	0
95	114	0
95	115	1
95	116	1
95	117	0
95	118	0
95	119	1
95	120	0
96	97	0
96	98	1
96	99	1
96	100	0
96	101	1
96	102	1
96	103	0
96	104	0
96	105	0
96	106	1
96	107	0
96	108	1
96	109	1
96	110	1
96	111	1
96	112	0
96	113	0
96	114	0
96	115	0
96	116	0
96	117	1
96	118	0
96	119	1
96	120	1
97	98	1
97	99	0
97	100	0
97	101	0
97	102	1
97	103	0
97	104	1
97	105	0
97	106	0
97	107	0
97	108	1
97	109	0
97	110	1
97	111	0
97	112	1
97	113	1
97	114	1
97	115	1
97	116	0
97	117	1
97	118	1
97	119	1
97	120	0
98	99	0
98	100	1
98	101	1
98	102	1
98	103	0
98	104	0
98	105	1
98	106	1
98	107	1
98	108	0
98	109	1
98	110	1
98	111	0
98	112	1
98	113	1
98	114	1
98	115	0
98	116	1
98	117	1
98	118	1
98	119	1
98	120	0
99	100	0
99	101	0
99	102	0
99	103	1
99	104	1
99	105	0
99	106	1
99	107	0
99	108	1
99	109	0
99	110	0
99	111	0
99	112	0
99	113	0
99	114	0
99	115	1
99	116	0
99	117	1
99	118	0
99	119	0
99	120	1
100	101	0
100	102	1
100	103	0
100	104	1
100	105	1
100	106	0
100	107	0
100	108	1
100	109	1
100	110	0
100	111	0
100	112	0
100	113	0
100	114	1
100	115	1
100	116	0
100	117	0
100	118	1
100	119	1
100	120	1
101	102	1
101	103	1
101	104	0
101	105	0
101	106	1
101	107	0
101	108	1
101	109	1
101	110	0
101	111	1
101	112	0
101	113	0
101	114	0
101	115	0
101	116	1
101	117	1
101	118	0
101	119	0
101	120	1
102	103	1
102	104	0
102	105	0
102	106	1
102	107	1
102	108	1
102	109	1
102	110	0
102	111	1
102	112	0
102	113	1
102	114	0
102	115	0
102	116	1
102	117	1
102	118	0
102	119	1
102	120	1
103	104	0
103	105	1
103	106	1
103	107	0
103	108	0
103	109	1
103	110	0
103	111	0
103	112	0
103	113	0
103	114	1
103	115	1
103	116	0
103	117	1
103	118	1
103	119	0
103	120	1
104	105	0
104	106	1
104	107	1
104	108	1
104	109	0
104	110	1
104	111	1
104	112	0
104	113	0
104	114	0
104	115	0
104	116	0
104	117	0
104	118	0
104	119	1
104	120	0
105	106	1
105	107	0
105	108	1
105	109	0
105	110	0
105	111	1
105	112	0
105	113	0
105	114	1
105	115	1
105	116	0
105	117	0
105	118	0
105	119	1
105	120	0
106	107	1
106	108	0
106	109	0
106	110	0
106	111	0
106	112	1
106	113	0
106	114	1
106	115	0
106	116	0
106	117	1
106	118	1
106	119	1
106	120	0
107	108	1
107	109	0
107	110	0
107	111	0
107	112	0
107	113	0
107	114	1
107	115	0
107	116	0
107	117	0
107	118	1
107	119	0
107	120	1
108	109	0
108	110	0
108	111	1
108	112	1
108	113	1
108	114	0
108	115	0
108	116	0
108	117	1
108	118	0
108	119	0
108	120	0
109	110	1
109	111	1
109	112	0
109	113	1
109	114	1
109	115	0
109	116	0
109	117	0
109	118	0
109	119	1
109	120	0
110	111	0
110	112	0
110	113	1
110	114	1
110	115	0
110	116	0
110	117	0
110	118	0
110	119	0
110	120	0
111	112	0
111	113	0
111	114	1
111	115	0
111	116	1
111	117	0
111	118	0
111	119	1
111	120	1
112	113	0
112	114	1
112	115	1
112	116	1
112	117	0
112	118	1
112	119	1
112	120	1
113	114	1
113	115	1
113	116	1
113	117	1
113	118	0
113	119	0
113	120	0
114	115	1
114	116	1
114	117	0
114	118	1
114	119	0
114	120	0
115	116	0
115	117	1
115	118	1
115	119	1
115	120	1
116	117	1
116	118	1
116	119	0
116	120	0
117	118	0
117	119	0
117	120	1
118	119	1
118	120	0
119	120	1
