120	7140	0
1	2	1
1	3	0
1	4	0
1	5	0
1	6	1
1	7	1
1	8	0
1	9	0
1	10	1
1	11	0
1	12	1
1	13	1
1	14	0
1	15	0
1	16	0
1	17	0
1	18	0
1	19	1
1	20	0
1	21	1
1	22	0
1	23	0
1	24	1
1	25	0
1	26	0
1	27	0
1	28	0
1	29	1
1	30	1
1	31	0
1	32	0
1	33	0
1	34	1
1	35	1
1	36	1
1	37	0
1	38	0
1	39	0
1	40	1
1	41	0
1	42	1
1	43	0
1	44	0
1	45	1
1	46	1
1	47	0
1	48	0
1	49	0
1	50	1
1	51	0
1	52	1
1	53	0
1	54	1
1	55	1
1	56	0
1	57	1
1	58	0
1	59	1
1	60	0
1	61	0
1	62	0
1	63	0
1	64	1
1	65	0
1	66	0
1	67	1
1	68	1
1	69	1
1	70	0
1	71	1
1	72	0
1	73	1
1	74	1
1	75	1
1	76	0
1	77	0
1	78	1
1	79	0
1	80	0
1	81	0
1	82	1
1	83	1
1	84	0
1	85	1
1	86	1
1	87	0
1	88	1
1	89	1
1	90	0
1	91	0
1	92	0
1	93	1
1	94	1
1	95	1
1	96	1
1	97	0
1	98	0
1	99	0
1	100	1
1	101	0
1	102	1
1	103	0
1	104	1
1	105	1
1	106	1
1	107	0
1	108	1
1	109	1
1	110	0
1	111	1
1	112	0
1	113	0
1	114	1
1	115	1
1	116	1
1	117	1
1	118	1
1	119	0
1	120	0
2	3	0
2	4	1
2	5	1
2	6	1
2	7	0
2	8	0
2	9	1
2	10	0
2	11	0
2	12	1
2	13	0
2	14	0
2	15	1
2	16	0
2	17	0
2	18	0
2	19	0
2	20	1
2	21	0
2	22	1
2	23	0
2	24	1
2	25	0
2	26	1
2	27	1
2	28	0
2	29	0
2	30	0
2	31	1
2	32	0
2	33	1
2	34	1
2	35	1
2	36	1
2	37	1
2	38	1
2	39	0
2	40	1
2	41	0
2	42	0
2	43	1
2	44	1
2	45	1
2	46	1
2	47	1
2	48	1
2	49	1
2	50	0
2	51	0
2	52	1
2	53	1
2	54	1
2	55	1
2	56	0
2	57	0
2	58	0
2	59	1
2	60	1
2	61	0
2	62	1
2	63	0
2	64	0
2	65	0
2	66	1
2	67	1
2	68	0
2	69	1
2	70	1
2	71	0
2	72	0
2	73	1
2	74	0
2	75	1
2	76	1
2	77	0
2	78	1
2	79	1
2	80	1
2	81	0
2	82	0
2	83	1
2	84	0
2	85	1
2	86	1
2	87	0
2	88	1
2	89	0
2	90	1
2	91	0
2	92	1
2	93	0
2	94	1
2	95	1
2	96	1
2	97	0
2	98	0
2	99	1
2	100	0
2	101	1
2	102	1
2	103	0
2	104	1
2	105	1
2	106	1
2	107	0
2	108	1
2	109	0
2	110	0
2	111	1
2	112	1
2	113	1
2	114	0
2	115	0
2	116	1
2	117	0
2	118	0
2	119	1
2	120	0
3	4	1
3	5	0
3	6	0
3	7	1
3	8	1
3	9	1
3	10	1
3	11	0
3	12	1
3	13	0
3	14	0
3	15	1
3	16	0
3	17	1
3	18	0
3	19	1
3	20	1
3	21	0
3	22	0
3	23	1
3	24	1
3	25	1
3	26	1
3	27	1
3	28	0
3	29	1
3	30	1
3	31	1
3	32	1
3	33	1
3	34	0
3	35	1
3	36	1
3	37	1
3	38	0
3	39	0
3	40	1
3	41	0
3	42	1
3	43	1
3	44	1
3	45	0
3	46	0
3	47	0
3	48	1
3	49	1
3	50	0
3	51	1
3	52	0
3	53	1
3	54	0
3	55	0
3	56	1
3	57	1
3	58	0
3	59	0
3	60	0
3	61	0
3	62	0
3	63	1
3	64	0
3	65	0
3	66	1
3	67	0
3	68	0
3	69	1
3	70	1
3	71	0
3	72	1
3	73	1
3	74	1
3	75	1
3	76	1
3	77	1
3	78	0
3	79	1
3	80	0
3	81	0
3	82	0
3	83	0
3	84	0
3	85	1
3	86	0
3	87	1
3	88	0
3	89	0
3	90	1
3	91	0
3	92	1
3	93	0
3	94	0
3	95	1
3	96	0
3	97	1
3	98	0
3	99	1
3	100	0
3	101	1
3	102	1
3	103	0
3	104	1
3	105	1
3	106	0
3	107	1
3	108	1
3	109	0
3	110	0
3	111	0
3	112	0
3	113	1
3	114	0
3	115	0
3	116	0
3	117	0
3	118	1
3	119	1
3	120	1
4	5	1
4	6	1
4	7	1
4	8	1
4	9	1
4	10	0
4	11	0
4	12	0
4	13	0
4	14	1
4	15	1
4	16	0
4	17	0
4	18	0
4	19	1
4	20	1
4	21	0
4	22	1
4	23	0
4	24	1
4	25	0
4	26	1
4	27	1
4	28	0
4	29	0
4	30	0
4	31	1
4	32	0
4	33	0
4	34	1
4	35	0
4	36	1
4	37	1
4	38	1
4	39	1
4	40	1
4	41	0
4	42	1
4	43	0
4	44	0
4	45	1
4	46	1
4	47	1
4	48	1
4	49	1
4	50	1
4	51	1
4	52	1
4	53	0
4	54	1
4	55	1
4	56	1
4	57	1
4	58	1
4	59	1
4	60	0
4	61	0
4	62	1
4	63	0
4	64	1
4	65	1
4	66	1
4	67	0
4	68	1
4	69	1
4	70	1
4	71	0
4	72	1
4	73	1
4	74	0
4	75	0
4	76	1
4	77	0
4	78	1
4	79	1
4	80	1
4	81	1
4	82	0
4	83	0
4	84	1
4	85	0
4	86	1
4	87	1
4	88	1
4	89	0
4	90	0
4	91	0
4	92	1
4	93	1
4	94	1
4	95	1
4	96	1
4	97	0
4	98	1
4	99	1
4	100	1
4	101	0
4	102	0
4	103	0
4	104	1
4	105	0
4	106	1
4	107	0
4	108	0
4	109	0
4	110	0
4	111	0
4	112	1
4	113	0
4	114	1
4	115	1
4	116	1
4	117	1
4	118	1
4	119	0
4	120	0
5	6	1
5	7	1
5	8	1
5	9	0
5	10	0
5	11	0
5	12	1
5	13	1
5	14	0
5	15	0
5	16	0
5	17	0
5	18	0
5	19	0
5	20	1
5	21	1
5	22	1
5	23	0
5	24	1
5	25	0
5	26	1
5	27	1
5	28	1
5	29	1
5	30	0
5	31	0
5	32	1
5	33	0
5	34	1
5	35	1
5	36	0
5	37	1
5	38	1
5	39	1
5	40	0
5	41	1
5	42	0
5	43	0
5	44	0
5	45	0
5	46	1
5	47	1
5	48	0
5	49	0
5	50	0
5	51	1
5	52	0
5	53	1
5	54	1
5	55	0
5	56	0
5	57	0
5	58	0
5	59	0
5	60	1
5	61	0
5	62	1
5	63	0
5	64	0
5	65	0
5	66	1
5	67	1
5	68	0
5	69	0
5	70	0
5	71	1
5	72	1
5	73	0
5	74	0
5	75	0
5	76	0
5	77	0
5	78	1
5	79	1
5	80	0
5	81	0
5	82	1
5	83	0
5	84	1
5	85	1
5	86	1
5	87	0
5	88	1
5	89	1
5	90	0
5	91	1
5	92	1
5	93	1
5	94	1
5	95	0
5	96	0
5	97	1
5	98	0
5	99	0
5	100	1
5	101	1
5	102	0
5	103	1
5	104	0
5	105	1
5	106	0
5	107	0
5	108	0
5	109	1
5	110	0
5	111	1
5	112	1
5	113	1
5	114	1
5	115	1
5	116	1
5	117	1
5	118	0
5	119	1
5	120	1
6	7	1
6	8	1
6	9	1
6	10	1
6	11	0
6	12	0
6	13	1
6	14	1
6	15	1
6	16	1
6	17	0
6	18	0
6	19	1
6	20	0
6	21	1
6	22	1
6	23	1
6	24	1
6	25	1
6	26	0
6	27	1
6	28	1
6	29	1
6	30	1
6	31	0
6	32	1
6	33	0
6	34	0
6	35	0
6	36	0
6	37	1
6	38	0
6	39	0
6	40	0
6	41	1
6	42	0
6	43	0
6	44	0
6	45	0
6	46	1
6	47	0
6	48	1
6	49	1
6	50	1
6	51	0
6	52	1
6	53	1
6	54	0
6	55	0
6	56	0
6	57	1
6	58	1
6	59	1
6	60	1
6	61	1
6	62	0
6	63	1
6	64	0
6	65	0
6	66	0
6	67	1
6	68	0
6	69	0
6	70	1
6	71	1
6	72	0
6	73	0
6	74	0
6	75	0
6	76	0
6	77	1
6	78	0
6	79	1
6	80	0
6	81	0
6	82	0
6	83	0
6	84	1
6	85	1
6	86	1
6	87	1
6	88	1
6	89	0
6	90	0
6	91	1
6	92	1
6	93	0
6	94	0
6	95	1
6	96	1
6	97	1
6	98	0
6	99	0
6	100	0
6	101	1
6	102	1
6	103	1
6	104	1
6	105	0
6	106	0
6	107	1
6	108	1
6	109	1
6	110	1
6	111	1
6	112	1
6	113	1
6	114	1
6	115	0
6	116	0
6	117	1
6	118	0
6	119	0
6	120	0
7	8	1
7	9	1
7	10	1
7	11	1
7	12	0
7	13	1
7	14	0
7	15	0
7	16	0
7	17	0
7	18	0
7	19	0
7	20	0
7	21	1
7	22	0
7	23	0
7	24	0
7	25	1
7	26	1
7	27	1
7	28	0
7	29	1
7	30	0
7	31	0
7	32	0
7	33	1
7	34	1
7	35	0
7	36	0
7	37	1
7	38	1
7	39	0
7	40	0
7	41	0
7	42	0
7	43	0
7	44	1
7	45	1
7	46	0
7	47	0
7	48	1
7	49	0
7	50	0
7	51	1
7	52	0
7	53	0
7	54	0
7	55	0
7	56	1
7	57	0
7	58	1
7	59	0
7	60	0
7	61	0
7	62	0
7	63	0
7	64	0
7	65	0
7	66	0
7	67	0
7	68	0
7	69	0
7	70	1
7	71	1
7	72	0
7	73	0
7	74	1
7	75	1
7	76	0
7	77	0
7	78	1
7	79	1
7	80	0
7	81	1
7	82	0
7	83	0
7	84	1
7	85	0
7	86	0
7	87	1
7	88	1
7	89	1
7	90	0
7	91	0
7	92	1
7	93	1
7	94	0
7	95	0
7	96	0
7	97	0
7	98	0
7	99	1
7	100	0
7	101	0
7	102	1
7	103	1
7	104	0
7	105	0
7	106	1
7	107	0
7	108	1
7	109	0
7	110	1
7	111	0
7	112	1
7	113	1
7	114	0
7	115	1
7	116	1
7	117	0
7	118	1
7	119	1
7	120	0
8	9	1
8	10	0
8	11	1
8	12	0
8	13	0
8	14	1
8	15	0
8	16	0
8	17	0
8	18	1
8	19	0
8	20	0
8	21	0
8	22	1
8	23	1
8	24	1
8	25	0
8	26	1
8	27	1
8	28	0
8	29	0
8	30	1
8	31	1
8	32	0
8	33	0
8	34	1
8	35	1
8	36	1
8	37	1
8	38	1
8	39	0
8	40	1
8	41	0
8	42	1
8	43	0
8	44	1
8	45	1
8	46	0
8	47	1
8	48	0
8	49	1
8	50	0
8	51	1
8	52	1
8	53	0
8	54	0
8	55	0
8	56	0
8	57	0
8	58	1
8	59	0
8	60	1
8	61	0
8	62	1
8	63	0
8	64	0
8	65	0
8	66	0
8	67	1
8	68	0
8	69	1
8	70	0
8	71	1
8	72	0
8	73	0
8	74	0
8	75	0
8	76	0
8	77	0
8	78	1
8	79	0
8	80	1
8	81	0
8	82	0
8	83	1
8	84	0
8	85	1
8	86	1
8	87	0
8	88	1
8	89	1
8	90	0
8	91	0
8	92	0
8	93	1
8	94	0
8	95	1
8	96	0
8	97	1
8	98	1
8	99	1
8	100	1
8	101	1
8	102	0
8	103	1
8	104	0
8	105	0
8	106	1
8	107	0
8	108	0
8	109	1
8	110	0
8	111	0
8	112	0
8	113	1
8	114	1
8	115	0
8	116	1
8	117	1
8	118	0
8	119	0
8	120	0
9	10	1
9	11	0
9	12	0
9	13	0
9	14	1
9	15	0
9	16	0
9	17	0
9	18	1
9	19	0
9	20	0
9	21	0
9	22	0
9	23	0
9	24	1
9	25	0
9	26	1
9	27	1
9	28	1
9	29	1
9	30	1
9	31	1
9	32	1
9	33	1
9	34	1
9	35	0
9	36	0
9	37	0
9	38	1
9	39	0
9	40	0
9	41	1
9	42	1
9	43	1
9	44	1
9	45	0
9	46	1
9	47	0
9	48	1
9	49	1
9	50	0
9	51	0
9	52	0
9	53	0
9	54	1
9	55	1
9	56	1
9	57	1
9	58	0
9	59	1
9	60	0
9	61	1
9	62	1
9	63	1
9	64	1
9	65	0
9	66	1
9	67	1
9	68	1
9	69	1
9	70	0
9	71	0
9	72	1
9	73	1
9	74	0
9	75	0
9	76	1
9	77	1
9	78	1
9	79	0
9	80	0
9	81	0
9	82	0
9	83	0
9	84	0
9	85	1
9	86	0
9	87	0
9	88	1
9	89	1
9	90	1
9	91	1
9	92	1
9	93	1
9	94	1
9	95	0
9	96	0
9	97	0
9	98	1
9	99	1
9	100	0
9	101	1
9	102	1
9	103	1
9	104	1
9	105	1
9	106	1
9	107	1
9	108	0
9	109	1
9	110	1
9	111	1
9	112	1
9	113	0
9	114	0
9	115	0
9	116	0
9	117	0
9	118	0
9	119	1
9	120	1
10	11	0
10	12	1
10	13	1
10	14	1
10	15	0
10	16	1
10	17	0
10	18	1
10	19	0
10	20	0
10	21	0
10	22	0
10	23	1
10	24	1
10	25	0
10	26	1
10	27	1
10	28	1
10	29	1
10	30	0
10	31	1
10	32	0
10	33	0
10	34	0
10	35	1
10	36	1
10	37	1
10	38	0
10	39	1
10	40	1
10	41	1
10	42	1
10	43	0
10	44	1
10	45	1
10	46	0
10	47	0
10	48	0
10	49	1
10	50	0
10	51	0
10	52	0
10	53	0
10	54	0
10	55	1
10	56	1
10	57	1
10	58	1
10	59	0
10	60	1
10	61	0
10	62	1
10	63	0
10	64	0
10	65	0
10	66	0
10	67	0
10	68	0
10	69	1
10	70	1
10	71	1
10	72	1
10	73	0
10	74	1
10	75	1
10	76	1
10	77	1
10	78	0
10	79	0
10	80	0
10	81	0
10	82	1
10	83	0
10	84	0
10	85	1
10	86	1
10	87	1
10	88	1
10	89	0
10	90	0
10	91	1
10	92	0
10	93	1
10	94	0
10	95	1
10	96	1
10	97	0
10	98	1
10	99	1
10	100	0
10	101	1
10	102	1
10	103	0
10	104	0
10	105	1
10	106	1
10	107	0
10	108	0
10	109	1
10	110	0
10	111	1
10	112	1
10	113	0
10	114	1
10	115	0
10	116	0
10	117	1
10	118	0
10	119	0
10	120	1
11	12	1
11	13	0
11	14	0
11	15	0
11	16	1
11	17	1
11	18	0
11	19	1
11	20	1
11	21	0
11	22	0
11	23	0
11	24	1
11	25	1
11	26	1
11	27	0
11	28	1
11	29	1
11	30	0
11	31	0
11	32	0
11	33	0
11	34	0
11	35	1
11	36	0
11	37	0
11	38	0
11	39	1
11	40	0
11	41	0
11	42	1
11	43	0
11	44	0
11	45	1
11	46	0
11	47	1
11	48	0
11	49	1
11	50	1
11	51	1
11	52	0
11	53	0
11	54	0
11	55	0
11	56	1
11	57	1
11	58	0
11	59	1
11	60	0
11	61	0
11	62	0
11	63	0
11	64	1
11	65	1
11	66	1
11	67	1
11	68	0
11	69	1
11	70	0
11	71	0
11	72	1
11	73	1
11	74	0
11	75	0
11	76	0
11	77	1
11	78	1
11	79	0
11	80	1
11	81	0
11	82	0
11	83	1
11	84	0
11	85	1
11	86	1
11	87	1
11	88	1
11	89	0
11	90	0
11	91	1
11	92	0
11	93	1
11	94	0
11	95	0
11	96	1
11	97	1
11	98	0
11	99	1
11	100	0
11	101	1
11	102	0
11	103	0
11	104	1
11	105	1
11	106	0
11	107	0
11	108	1
11	109	1
11	110	0
11	111	0
11	112	1
11	113	0
11	114	0
11	115	1
11	116	0
11	117	0
11	118	1
11	119	1
11	120	0
12	13	0
12	14	1
12	15	0
12	16	1
12	17	0
12	18	0
12	19	1
12	20	1
12	21	1
12	22	0
12	23	1
12	24	1
12	25	1
12	26	1
12	27	0
12	28	0
12	29	0
12	30	0
12	31	0
12	32	1
12	33	0
12	34	0
12	35	1
12	36	1
12	37	0
12	38	1
12	39	1
12	40	0
12	41	0
12	42	1
12	43	1
12	44	0
12	45	1
12	46	1
12	47	0
12	48	0
12	49	1
12	50	0
12	51	1
12	52	1
12	53	0
12	54	0
12	55	0
12	56	0
12	57	0
12	58	1
12	59	1
12	60	0
12	61	1
12	62	0
12	63	1
12	64	1
12	65	1
12	66	1
12	67	1
12	68	1
12	69	1
12	70	0
12	71	0
12	72	1
12	73	1
12	74	1
12	75	1
12	76	1
12	77	1
12	78	0
12	79	1
12	80	0
12	81	1
12	82	0
12	83	1
12	84	0
12	85	0
12	86	0
12	87	0
12	88	0
12	89	1
12	90	1
12	91	0
12	92	0
12	93	1
12	94	0
12	95	0
12	96	0
12	97	1
12	98	1
12	99	0
12	100	1
12	101	0
12	102	0
12	103	1
12	104	1
12	105	1
12	106	0
12	107	1
12	108	0
12	109	0
12	110	1
12	111	1
12	112	0
12	113	1
12	114	1
12	115	1
12	116	0
12	117	1
12	118	1
12	119	0
12	120	0
13	14	1
13	15	1
13	16	0
13	17	1
13	18	0
13	19	1
13	20	1
13	21	0
13	22	0
13	23	0
13	24	0
13	25	0
13	26	1
13	27	0
13	28	0
13	29	0
13	30	1
13	31	0
13	32	1
13	33	0
13	34	0
13	35	0
13	36	1
13	37	0
13	38	0
13	39	0
13	40	1
13	41	1
13	42	1
13	43	0
13	44	1
13	45	1
13	46	1
13	47	1
13	48	0
13	49	1
13	50	1
13	51	0
13	52	0
13	53	0
13	54	1
13	55	1
13	56	1
13	57	1
13	58	0
13	59	1
13	60	1
13	61	1
13	62	0
13	63	1
13	64	1
13	65	0
13	66	0
13	67	1
13	68	0
13	69	1
13	70	1
13	71	0
13	72	1
13	73	1
13	74	1
13	75	0
13	76	1
13	77	0
13	78	0
13	79	1
13	80	0
13	81	0
13	82	1
13	83	0
13	84	0
13	85	1
13	86	1
13	87	0
13	88	1
13	89	0
13	90	0
13	91	0
13	92	0
13	93	0
13	94	0
13	95	0
13	96	0
13	97	0
13	98	1
13	99	1
13	100	0
13	101	1
13	102	0
13	103	1
13	104	0
13	105	1
13	106	1
13	107	1
13	108	1
13	109	0
13	110	1
13	111	1
13	112	0
13	113	0
13	114	1
13	115	0
13	116	1
13	117	1
13	118	0
13	119	0
13	120	1
14	15	0
14	16	1
14	17	0
14	18	0
14	19	1
14	20	0
14	21	0
14	22	0
14	23	0
14	24	0
14	25	0
14	26	0
14	27	0
14	28	0
14	29	1
14	30	0
14	31	0
14	32	1
14	33	0
14	34	0
14	35	0
14	36	1
14	37	1
14	38	1
14	39	0
14	40	0
14	41	1
14	42	1
14	43	0
14	44	0
14	45	1
14	46	0
14	47	1
14	48	1
14	49	0
14	50	0
14	51	0
14	52	1
14	53	1
14	54	0
14	55	1
14	56	0
14	57	0
14	58	0
14	59	1
14	60	0
14	61	0
14	62	1
14	63	1
14	64	0
14	65	0
14	66	1
14	67	1
14	68	0
14	69	1
14	70	1
14	71	1
14	72	0
14	73	1
14	74	0
14	75	1
14	76	0
14	77	0
14	78	1
14	79	1
14	80	1
14	81	1
14	82	1
14	83	1
14	84	1
14	85	1
14	86	1
14	87	1
14	88	0
14	89	0
14	90	1
14	91	1
14	92	0
14	93	1
14	94	0
14	95	0
14	96	1
14	97	1
14	98	0
14	99	0
14	100	0
14	101	0
14	102	0
14	103	0
14	104	0
14	105	1
14	106	1
14	107	1
14	108	0
14	109	0
14	110	1
14	111	0
14	112	0
14	113	1
14	114	0
14	115	1
14	116	0
14	117	0
14	118	1
14	119	0
14	120	1
15	16	0
15	17	0
15	18	0
15	19	0
15	20	0
15	21	0
15	22	0
15	23	1
15	24	0
15	25	0
15	26	0
15	27	0
15	28	1
15	29	0
15	30	0
15	31	0
15	32	1
15	33	1
15	34	0
15	35	1
15	36	1
15	37	1
15	38	0
15	39	1
15	40	1
15	41	0
15	42	0
15	43	0
15	44	0
15	45	1
15	46	0
15	47	1
15	48	0
15	49	0
15	50	1
15	51	1
15	52	0
15	53	0
15	54	0
15	55	0
15	56	0
15	57	0
15	58	0
15	59	1
15	60	1
15	61	1
15	62	0
15	63	1
15	64	0
15	65	0
15	66	0
15	67	1
15	68	0
15	69	0
15	70	0
15	71	1
15	72	0
15	73	0
15	74	1
15	75	1
15	76	0
15	77	0
15	78	1
15	79	0
15	80	1
15	81	0
15	82	1
15	83	0
15	84	1
15	85	1
15	86	0
15	87	1
15	88	1
15	89	1
15	90	0
15	91	0
15	92	0
15	93	0
15	94	0
15	95	0
15	96	1
15	97	0
15	98	0
15	99	0
15	100	0
15	101	1
15	102	1
15	103	1
15	104	0
15	105	0
15	106	1
15	107	0
15	108	0
15	109	0
15	110	0
15	111	1
15	112	1
15	113	0
15	114	1
15	115	1
15	116	1
15	117	1
15	118	1
15	119	1
15	120	0
16	17	0
16	18	0
16	19	0
16	20	1
16	21	0
16	22	1
16	23	0
16	24	1
16	25	1
16	26	0
16	27	1
16	28	0
16	29	1
16	30	0
16	31	1
16	32	1
16	33	1
16	34	0
16	35	0
16	36	0
16	37	1
16	38	1
16	39	0
16	40	1
16	41	1
16	42	0
16	43	0
16	44	0
16	45	1
16	46	0
16	47	0
16	48	1
16	49	0
16	50	1
16	51	1
16	52	1
16	53	0
16	54	1
16	55	1
16	56	0
16	57	0
16	58	0
16	59	1
16	60	0
16	61	1
16	62	1
16	63	1
16	64	1
16	65	0
16	66	1
16	67	1
16	68	0
16	69	0
16	70	1
16	71	1
16	72	1
16	73	0
16	74	0
16	75	1
16	76	1
16	77	0
16	78	0
16	79	1
16	80	1
16	81	1
16	82	0
16	83	1
16	84	1
16	85	0
16	86	1
16	87	1
16	88	1
16	89	0
16	90	1
16	91	1
16	92	0
16	93	0
16	94	0
16	95	0
16	96	1
16	97	1
16	98	1
16	99	0
16	100	0
16	101	1
16	102	1
16	103	1
16	104	1
16	105	0
16	106	1
16	107	0
16	108	1
16	109	1
16	110	0
16	111	0
16	112	0
16	113	0
16	114	0
16	115	1
16	116	0
16	117	1
16	118	1
16	119	0
16	120	1
17	18	0
17	19	1
17	20	1
17	21	1
17	22	0
17	23	0
17	24	0
17	25	0
17	26	1
17	27	1
17	28	1
17	29	1
17	30	1
17	31	1
17	32	1
17	33	0
17	34	0
17	35	0
17	36	0
17	37	1
17	38	1
17	39	0
17	40	1
17	41	1
17	42	0
17	43	0
17	44	1
17	45	0
17	46	0
17	47	0
17	48	1
17	49	1
17	50	1
17	51	0
17	52	1
17	53	1
17	54	1
17	55	1
17	56	0
17	57	1
17	58	0
17	59	1
17	60	1
17	61	0
17	62	0
17	63	1
17	64	0
17	65	0
17	66	0
17	67	0
17	68	1
17	69	0
17	70	1
17	71	1
17	72	0
17	73	1
17	74	0
17	75	1
17	76	1
17	77	1
17	78	1
17	79	0
17	80	1
17	81	1
17	82	0
17	83	1
17	84	0
17	85	1
17	86	1
17	87	0
17	88	0
17	89	0
17	90	0
17	91	1
17	92	0
17	93	1
17	94	1
17	95	1
17	96	1
17	97	0
17	98	1
17	99	0
17	100	1
17	101	1
17	102	1
17	103	0
17	104	0
17	105	0
17	106	1
17	107	0
17	108	0
17	109	0
17	110	0
17	111	0
17	112	0
17	113	1
17	114	0
17	115	1
17	116	1
17	117	1
17	118	1
17	119	1
17	120	1
18	19	0
18	20	1
18	21	0
18	22	1
18	23	0
18	24	1
18	25	0
18	26	0
18	27	1
18	28	1
18	29	0
18	30	0
18	31	0
18	32	0
18	33	1
18	34	0
18	35	0
18	36	1
18	37	1
18	38	0
18	39	1
18	40	1
18	41	0
18	42	0
18	43	0
18	44	0
18	45	0
18	46	0
18	47	1
18	48	1
18	49	0
18	50	1
18	51	0
18	52	1
18	53	0
18	54	1
18	55	0
18	56	1
18	57	0
18	58	0
18	59	0
18	60	1
18	61	1
18	62	1
18	63	0
18	64	1
18	65	0
18	66	1
18	67	0
18	68	0
18	69	1
18	70	1
18	71	0
18	72	1
18	73	1
18	74	0
18	75	1
18	76	1
18	77	0
18	78	0
18	79	1
18	80	1
18	81	1
18	82	1
18	83	1
18	84	1
18	85	1
18	86	0
18	87	1
18	88	0
18	89	1
18	90	1
18	91	0
18	92	0
18	93	0
18	94	0
18	95	0
18	96	0
18	97	0
18	98	0
18	99	1
18	100	1
18	101	0
18	102	0
18	103	0
18	104	0
18	105	1
18	106	1
18	107	0
18	108	1
18	109	0
18	110	1
18	111	0
18	112	0
18	113	1
18	114	1
18	115	0
18	116	0
18	117	0
18	118	0
18	119	0
18	120	1
19	20	1
19	21	0
19	22	0
19	23	0
19	24	0
19	25	1
19	26	1
19	27	0
19	28	1
19	29	1
19	30	1
19	31	1
19	32	1
19	33	1
19	34	0
19	35	1
19	36	0
19	37	0
19	38	1
19	39	0
19	40	0
19	41	1
19	42	0
19	43	1
19	44	1
19	45	1
19	46	0
19	47	0
19	48	0
19	49	1
19	50	1
19	51	1
19	52	1
19	53	0
19	54	1
19	55	1
19	56	1
19	57	0
19	58	1
19	59	1
19	60	1
19	61	1
19	62	0
19	63	0
19	64	1
19	65	0
19	66	0
19	67	1
19	68	0
19	69	0
19	70	1
19	71	0
19	72	0
19	73	1
19	74	1
19	75	1
19	76	1
19	77	0
19	78	0
19	79	0
19	80	0
19	81	0
19	82	1
19	83	1
19	84	0
19	85	0
19	86	1
19	87	0
19	88	1
19	89	0
19	90	1
19	91	0
19	92	0
19	93	0
19	94	1
19	95	1
19	96	1
19	97	1
19	98	1
19	99	1
19	100	0
19	101	0
19	102	0
19	103	0
19	104	1
19	105	1
19	106	0
19	107	1
19	108	1
19	109	0
19	110	1
19	111	1
19	112	1
19	113	1
19	114	1
19	115	1
19	116	0
19	117	0
19	118	1
19	119	1
19	120	0
20	21	1
20	22	0
20	23	0
20	24	1
20	25	0
20	26	0
20	27	1
20	28	0
20	29	0
20	30	1
20	31	1
20	32	0
20	33	1
20	34	0
20	35	1
20	36	1
20	37	0
20	38	0
20	39	1
20	40	0
20	41	0
20	42	0
20	43	1
20	44	1
20	45	0
20	46	0
20	47	0
20	48	0
20	49	0
20	50	1
20	51	1
20	52	0
20	53	1
20	54	1
20	55	1
20	56	0
20	57	0
20	58	0
20	59	1
20	60	1
20	61	0
20	62	0
20	63	0
20	64	0
20	65	0
20	66	1
20	67	1
20	68	0
20	69	1
20	70	1
20	71	0
20	72	1
20	73	1
20	74	1
20	75	1
20	76	1
20	77	1
20	78	1
20	79	1
20	80	1
20	81	0
20	82	1
20	83	0
20	84	1
20	85	0
20	86	1
20	87	0
20	88	1
20	89	0
20	90	0
20	91	0
20	92	1
20	93	1
20	94	0
20	95	1
20	96	1
20	97	1
20	98	0
20	99	1
20	100	0
20	101	0
20	102	1
20	103	0
20	104	1
20	105	1
20	106	0
20	107	0
20	108	0
20	109	1
20	110	0
20	111	0
20	112	0
20	113	0
20	114	0
20	115	1
20	116	1
20	117	1
20	118	0
20	119	1
20	120	1
21	22	0
21	23	1
21	24	1
21	25	0
21	26	0
21	27	1
21	28	0
21	29	1
21	30	1
21	31	1
21	32	1
21	33	0
21	34	0
21	35	0
21	36	0
21	37	1
21	38	0
21	39	0
21	40	1
21	41	1
21	42	0
21	43	1
21	44	1
21	45	0
21	46	0
21	47	1
21	48	0
21	49	0
21	50	1
21	51	1
21	52	0
21	53	1
21	54	0
21	55	0
21	56	1
21	57	1
21	58	0
21	59	0
21	60	0
21	61	0
21	62	0
21	63	1
21	64	0
21	65	1
21	66	1
21	67	1
21	68	1
21	69	0
21	70	0
21	71	1
21	72	0
21	73	1
21	74	0
21	75	1
21	76	0
21	77	0
21	78	1
21	79	1
21	80	0
21	81	1
21	82	0
21	83	0
21	84	1
21	85	0
21	86	1
21	87	1
21	88	0
21	89	0
21	90	0
21	91	1
21	92	0
21	93	1
21	94	0
21	95	0
21	96	0
21	97	1
21	98	1
21	99	1
21	100	0
21	101	0
21	102	1
21	103	0
21	104	0
21	105	0
21	106	0
21	107	1
21	108	1
21	109	1
21	110	1
21	111	1
21	112	1
21	113	0
21	114	0
21	115	0
21	116	0
21	117	1
21	118	1
21	119	1
21	120	1
22	23	0
22	24	1
22	25	0
22	26	0
22	27	0
22	28	1
22	29	0
22	30	1
22	31	1
22	32	0
22	33	0
22	34	1
22	35	0
22	36	0
22	37	1
22	38	0
22	39	1
22	40	1
22	41	0
22	42	0
22	43	1
22	44	0
22	45	0
22	46	1
22	47	0
22	48	1
22	49	0
22	50	1
22	51	0
22	52	1
22	53	0
22	54	1
22	55	0
22	56	0
22	57	0
22	58	0
22	59	0
22	60	0
22	61	0
22	62	0
22	63	0
22	64	0
22	65	0
22	66	1
22	67	0
22	68	1
22	69	0
22	70	0
22	71	1
22	72	1
22	73	0
22	74	0
22	75	1
22	76	1
22	77	1
22	78	0
22	79	0
22	80	1
22	81	1
22	82	1
22	83	0
22	84	1
22	85	0
22	86	0
22	87	1
22	88	1
22	89	0
22	90	1
22	91	1
22	92	0
22	93	0
22	94	0
22	95	0
22	96	1
22	97	0
22	98	0
22	99	0
22	100	0
22	101	0
22	102	1
22	103	0
22	104	0
22	105	1
22	106	0
22	107	1
22	108	0
22	109	0
22	110	0
22	111	1
22	112	0
22	113	0
22	114	0
22	115	1
22	116	0
22	117	1
22	118	0
22	119	1
22	120	1
23	24	0
23	25	1
23	26	1
23	27	1
23	28	1
23	29	1
23	30	0
23	31	0
23	32	1
23	33	0
23	34	1
23	35	0
23	36	1
23	37	1
23	38	1
23	39	1
23	40	1
23	41	0
23	42	1
23	43	0
23	44	0
23	45	0
23	46	0
23	47	0
23	48	0
23	49	1
23	50	1
23	51	1
23	52	0
23	53	0
23	54	1
23	55	1
23	56	1
23	57	0
23	58	1
23	59	0
23	60	1
23	61	1
23	62	1
23	63	1
23	64	0
23	65	0
23	66	0
23	67	0
23	68	1
23	69	0
23	70	1
23	71	0
23	72	1
23	73	1
23	74	0
23	75	1
23	76	1
23	77	1
23	78	1
23	79	1
23	80	0
23	81	0
23	82	1
23	83	1
23	84	1
23	85	1
23	86	1
23	87	1
23	88	0
23	89	1
23	90	1
23	91	1
23	92	0
23	93	0
23	94	1
23	95	1
23	96	1
23	97	1
23	98	1
23	99	1
23	100	0
23	101	0
23	102	1
23	103	0
23	104	1
23	105	0
23	106	1
23	107	1
23	108	0
23	109	0
23	110	0
23	111	0
23	112	1
23	113	1
23	114	0
23	115	1
23	116	0
23	117	0
23	118	1
23	119	1
23	120	0
24	25	1
24	26	0
24	27	0
24	28	1
24	29	0
24	30	0
24	31	0
24	32	0
24	33	0
24	34	1
24	35	0
24	36	1
24	37	0
24	38	1
24	39	1
24	40	0
24	41	1
24	42	0
24	43	1
24	44	1
24	45	0
24	46	1
24	47	1
24	48	0
24	49	1
24	50	0
24	51	1
24	52	0
24	53	0
24	54	0
24	55	0
24	56	1
24	57	1
24	58	0
24	59	1
24	60	0
24	61	0
24	62	0
24	63	1
24	64	1
24	65	0
24	66	1
24	67	0
24	68	1
24	69	0
24	70	1
24	71	1
24	72	1
24	73	0
24	74	1
24	75	1
24	76	0
24	77	1
24	78	1
24	79	1
24	80	0
24	81	1
24	82	1
24	83	0
24	84	1
24	85	1
24	86	1
24	87	0
24	88	1
24	89	1
24	90	0
24	91	0
24	92	0
24	93	0
24	94	0
24	95	0
24	96	0
24	97	0
24	98	0
24	99	1
24	100	0
24	101	1
24	102	0
24	103	1
24	104	1
24	105	0
24	106	1
24	107	0
24	108	0
24	109	1
24	110	1
24	111	1
24	112	0
24	113	0
24	114	0
24	115	0
24	116	1
24	117	0
24	118	1
24	119	0
24	120	1
25	26	1
25	27	0
25	28	1
25	29	1
25	30	1
25	31	0
25	32	0
25	33	0
25	34	1
25	35	0
25	36	0
25	37	0
25	38	0
25	39	1
25	40	1
25	41	0
25	42	0
25	43	1
25	44	0
25	45	1
25	46	0
25	47	0
25	48	0
25	49	1
25	50	0
25	51	0
25	52	1
25	53	0
25	54	0
25	55	1
25	56	0
25	57	0
25	58	0
25	59	0
25	60	1
25	61	0
25	62	1
25	63	0
25	64	0
25	65	1
25	66	0
25	67	0
25	68	0
25	69	0
25	70	0
25	71	0
25	72	0
25	73	0
25	74	0
25	75	1
25	76	1
25	77	1
25	78	0
25	79	1
25	80	1
25	81	1
25	82	0
25	83	1
25	84	0
25	85	0
25	86	1
25	87	1
25	88	0
25	89	1
25	90	0
25	91	0
25	92	1
25	93	1
25	94	0
25	95	0
25	96	1
25	97	0
25	98	0
25	99	0
25	100	1
25	101	0
25	102	0
25	103	1
25	104	0
25	105	1
25	106	0
25	107	1
25	108	0
25	109	0
25	110	1
25	111	0
25	112	0
25	113	0
25	114	1
25	115	0
25	116	1
25	117	1
25	118	0
25	119	0
25	120	1
26	27	0
26	28	1
26	29	0
26	30	0
26	31	1
26	32	1
26	33	1
26	34	0
26	35	1
26	36	1
26	37	0
26	38	0
26	39	0
26	40	1
26	41	1
26	42	0
26	43	1
26	44	1
26	45	0
26	46	0
26	47	1
26	48	0
26	49	0
26	50	1
26	51	0
26	52	0
26	53	0
26	54	0
26	55	1
26	56	1
26	57	1
26	58	0
26	59	0
26	60	1
26	61	1
26	62	0
26	63	0
26	64	1
26	65	0
26	66	0
26	67	0
26	68	1
26	69	0
26	70	0
26	71	0
26	72	1
26	73	0
26	74	0
26	75	0
26	76	1
26	77	0
26	78	0
26	79	1
26	80	1
26	81	0
26	82	0
26	83	0
26	84	1
26	85	1
26	86	1
26	87	0
26	88	1
26	89	0
26	90	1
26	91	1
26	92	1
26	93	0
26	94	0
26	95	0
26	96	0
26	97	1
26	98	1
26	99	0
26	100	0
26	101	1
26	102	1
26	103	1
26	104	1
26	105	1
26	106	0
26	107	0
26	108	0
26	109	1
26	110	0
26	111	0
26	112	0
26	113	0
26	114	1
26	115	1
26	116	1
26	117	1
26	118	1
26	119	1
26	120	0
27	28	0
27	29	0
27	30	1
27	31	0
27	32	0
27	33	0
27	34	0
27	35	0
27	36	0
27	37	1
27	38	1
27	39	0
27	40	0
27	41	1
27	42	1
27	43	0
27	44	0
27	45	1
27	46	0
27	47	1
27	48	1
27	49	1
27	50	1
27	51	0
27	52	0
27	53	1
27	54	1
27	55	0
27	56	0
27	57	1
27	58	0
27	59	1
27	60	0
27	61	0
27	62	0
27	63	1
27	64	0
27	65	0
27	66	1
27	67	0
27	68	0
27	69	0
27	70	1
27	71	1
27	72	0
27	73	1
27	74	1
27	75	0
27	76	1
27	77	0
27	78	1
27	79	1
27	80	1
27	81	0
27	82	0
27	83	0
27	84	1
27	85	0
27	86	1
27	87	0
27	88	0
27	89	0
27	90	0
27	91	1
27	92	0
27	93	1
27	94	1
27	95	0
27	96	1
27	97	1
27	98	1
27	99	1
27	100	1
27	101	0
27	102	1
27	103	0
27	104	0
27	105	1
27	106	1
27	107	0
27	108	1
27	109	1
27	110	1
27	111	0
27	112	0
27	113	0
27	114	1
27	115	1
27	116	1
27	117	1
27	118	1
27	119	0
27	120	0
28	29	1
28	30	0
28	31	1
28	32	1
28	33	1
28	34	0
28	35	0
28	36	1
28	37	0
28	38	1
28	39	1
28	40	1
28	41	0
28	42	1
28	43	0
28	44	1
28	45	1
28	46	0
28	47	0
28	48	0
28	49	1
28	50	1
28	51	1
28	52	0
28	53	1
28	54	1
28	55	0
28	56	0
28	57	0
28	58	0
28	59	1
28	60	1
28	61	0
28	62	0
28	63	1
28	64	0
28	65	0
28	66	0
28	67	0
28	68	0
28	69	1
28	70	0
28	71	1
28	72	1
28	73	1
28	74	0
28	75	0
28	76	1
28	77	0
28	78	1
28	79	1
28	80	0
28	81	0
28	82	0
28	83	1
28	84	1
28	85	0
28	86	1
28	87	1
28	88	0
28	89	1
28	90	0
28	91	1
28	92	1
28	93	0
28	94	0
28	95	0
28	96	0
28	97	0
28	98	1
28	99	0
28	100	1
28	101	0
28	102	0
28	103	0
28	104	1
28	105	0
28	106	0
28	107	1
28	108	0
28	109	0
28	110	0
28	111	1
28	112	1
28	113	0
28	114	1
28	115	1
28	116	0
28	117	0
28	118	0
28	119	1
28	120	1
29	30	0
29	31	1
29	32	1
29	33	1
29	34	0
29	35	1
29	36	0
29	37	1
29	38	0
29	39	0
29	40	1
29	41	0
29	42	1
29	43	0
29	44	1
29	45	1
29	46	1
29	47	0
29	48	1
29	49	1
29	50	1
29	51	0
29	52	0
29	53	1
29	54	1
29	55	0
29	56	0
29	57	1
29	58	0
29	59	1
29	60	0
29	61	1
29	62	1
29	63	1
29	64	1
29	65	0
29	66	0
29	67	0
29	68	0
29	69	0
29	70	0
29	71	0
29	72	1
29	73	1
29	74	0
29	75	1
29	76	1
29	77	1
29	78	1
29	79	1
29	80	0
29	81	1
29	82	1
29	83	0
29	84	0
29	85	1
29	86	1
29	87	0
29	88	0
29	89	1
29	90	0
29	91	1
29	92	1
29	93	0
29	94	0
29	95	0
29	96	0
29	97	1
29	98	0
29	99	1
29	100	0
29	101	1
29	102	0
29	103	1
29	104	1
29	105	1
29	106	1
29	107	0
29	108	1
29	109	1
29	110	0
29	111	1
29	112	1
29	113	0
29	114	0
29	115	1
29	116	0
29	117	1
29	118	0
29	119	1
29	120	0
30	31	0
30	32	0
30	33	0
30	34	0
30	35	0
30	36	0
30	37	0
30	38	1
30	39	1
30	40	1
30	41	1
30	42	1
30	43	0
30	44	0
30	45	0
30	46	1
30	47	1
30	48	1
30	49	1
30	50	0
30	51	1
30	52	0
30	53	0
30	54	1
30	55	1
30	56	0
30	57	1
30	58	1
30	59	1
30	60	0
30	61	1
30	62	1
30	63	1
30	64	0
30	65	1
30	66	0
30	67	1
30	68	1
30	69	1
30	70	0
30	71	0
30	72	1
30	73	1
30	74	0
30	75	0
30	76	0
30	77	0
30	78	0
30	79	1
30	80	0
30	81	1
30	82	1
30	83	0
30	84	1
30	85	1
30	86	1
30	87	0
30	88	0
30	89	0
30	90	1
30	91	0
30	92	1
30	93	1
30	94	1
30	95	1
30	96	1
30	97	0
30	98	0
30	99	1
30	100	0
30	101	0
30	102	1
30	103	0
30	104	1
30	105	1
30	106	1
30	107	1
30	108	0
30	109	1
30	110	1
30	111	1
30	112	1
30	113	0
30	114	1
30	115	1
30	116	0
30	117	0
30	118	0
30	119	0
30	120	1
31	32	0
31	33	0
31	34	1
31	35	0
31	36	1
31	37	0
31	38	1
31	39	1
31	40	0
31	41	0
31	42	0
31	43	1
31	44	0
31	45	0
31	46	1
31	47	0
31	48	1
31	49	0
31	50	0
31	51	0
31	52	0
31	53	0
31	54	0
31	55	1
31	56	1
31	57	0
31	58	1
31	59	1
31	60	0
31	61	0
31	62	1
31	63	0
31	64	0
31	65	1
31	66	0
31	67	0
31	68	0
31	69	1
31	70	1
31	71	0
31	72	0
31	73	0
31	74	1
31	75	0
31	76	1
31	77	0
31	78	1
31	79	1
31	80	1
31	81	1
31	82	1
31	83	0
31	84	0
31	85	1
31	86	0
31	87	0
31	88	1
31	89	0
31	90	1
31	91	0
31	92	1
31	93	1
31	94	1
31	95	1
31	96	0
31	97	1
31	98	1
31	99	1
31	100	0
31	101	1
31	102	0
31	103	1
31	104	1
31	105	1
31	106	0
31	107	0
31	108	1
31	109	1
31	110	1
31	111	1
31	112	1
31	113	0
31	114	0
31	115	1
31	116	1
31	117	0
31	118	0
31	119	0
31	120	0
32	33	0
32	34	1
32	35	1
32	36	1
32	37	1
32	38	0
32	39	0
32	40	1
32	41	0
32	42	1
32	43	0
32	44	1
32	45	0
32	46	1
32	47	1
32	48	1
32	49	1
32	50	0
32	51	0
32	52	1
32	53	1
32	54	0
32	55	1
32	56	1
32	57	1
32	58	0
32	59	1
32	60	1
32	61	1
32	62	1
32	63	0
32	64	0
32	65	1
32	66	0
32	67	1
32	68	1
32	69	0
32	70	1
32	71	1
32	72	0
32	73	1
32	74	0
32	75	1
32	76	0
32	77	0
32	78	1
32	79	1
32	80	1
32	81	1
32	82	0
32	83	0
32	84	1
32	85	1
32	86	0
32	87	1
32	88	1
32	89	1
32	90	1
32	91	1
32	92	1
32	93	1
32	94	1
32	95	0
32	96	0
32	97	1
32	98	0
32	99	0
32	100	0
32	101	1
32	102	0
32	103	1
32	104	0
32	105	1
32	106	0
32	107	1
32	108	0
32	109	1
32	110	1
32	111	1
32	112	1
32	113	1
32	114	0
32	115	0
32	116	0
32	117	0
32	118	1
32	119	1
32	120	0
33	34	0
33	35	0
33	36	0
33	37	0
33	38	1
33	39	1
33	40	0
33	41	0
33	42	0
33	43	0
33	44	1
33	45	0
33	46	1
33	47	1
33	48	1
33	49	0
33	50	0
33	51	0
33	52	0
33	53	1
33	54	0
33	55	1
33	56	1
33	57	0
33	58	0
33	59	0
33	60	1
33	61	0
33	62	1
33	63	1
33	64	1
33	65	0
33	66	1
33	67	1
33	68	1
33	69	0
33	70	1
33	71	1
33	72	1
33	73	0
33	74	1
33	75	0
33	76	1
33	77	0
33	78	0
33	79	1
33	80	0
33	81	0
33	82	1
33	83	0
33	84	1
33	85	0
33	86	0
33	87	1
33	88	1
33	89	0
33	90	0
33	91	1
33	92	0
33	93	0
33	94	1
33	95	0
33	96	1
33	97	1
33	98	0
33	99	0
33	100	1
33	101	1
33	102	0
33	103	1
33	104	0
33	105	1
33	106	0
33	107	0
33	108	1
33	109	1
33	110	1
33	111	0
33	112	0
33	113	0
33	114	1
33	115	0
33	116	0
33	117	0
33	118	0
33	119	1
33	120	0
34	35	0
34	36	0
34	37	1
34	38	0
34	39	1
34	40	1
34	41	1
34	42	0
34	43	0
34	44	0
34	45	0
34	46	1
34	47	1
34	48	0
34	49	1
34	50	1
34	51	1
34	52	1
34	53	0
34	54	0
34	55	1
34	56	1
34	57	1
34	58	0
34	59	1
34	60	0
34	61	1
34	62	1
34	63	1
34	64	1
34	65	1
34	66	1
34	67	1
34	68	0
34	69	0
34	70	0
34	71	1
34	72	1
34	73	1
34	74	1
34	75	0
34	76	1
34	77	0
34	78	0
34	79	0
34	80	0
34	81	1
34	82	0
34	83	0
34	84	0
34	85	1
34	86	1
34	87	1
34	88	1
34	89	1
34	90	0
34	91	0
34	92	1
34	93	0
34	94	0
34	95	0
34	96	1
34	97	1
34	98	1
34	99	1
34	100	1
34	101	1
34	102	0
34	103	1
34	104	1
34	105	0
34	106	0
34	107	0
34	108	1
34	109	0
34	110	1
34	111	1
34	112	0
34	113	1
34	114	0
34	115	0
34	116	0
34	117	1
34	118	1
34	119	1
34	120	0
35	36	1
35	37	1
35	38	0
35	39	0
35	40	1
35	41	1
35	42	0
35	43	1
35	44	0
35	45	1
35	46	1
35	47	0
35	48	0
35	49	0
35	50	0
35	51	0
35	52	1
35	53	0
35	54	0
35	55	0
35	56	0
35	57	0
35	58	0
35	59	0
35	60	1
35	61	0
35	62	0
35	63	1
35	64	0
35	65	1
35	66	0
35	67	1
35	68	1
35	69	0
35	70	1
35	71	0
35	72	1
35	73	1
35	74	0
35	75	1
35	76	1
35	77	0
35	78	1
35	79	1
35	80	1
35	81	1
35	82	0
35	83	0
35	84	1
35	85	1
35	86	1
35	87	0
35	88	0
35	89	0
35	90	1
35	91	0
35	92	1
35	93	1
35	94	1
35	95	1
35	96	1
35	97	1
35	98	0
35	99	1
35	100	0
35	101	1
35	102	0
35	103	1
35	104	0
35	105	0
35	106	1
35	107	1
35	108	1
35	109	1
35	110	0
35	111	1
35	112	0
35	113	1
35	114	1
35	115	0
35	116	1
35	117	1
35	118	1
35	119	0
35	120	1
36	37	1
36	38	1
36	39	0
36	40	0
36	41	0
36	42	0
36	43	1
36	44	0
36	45	1
36	46	0
36	47	0
36	48	0
36	49	1
36	50	1
36	51	0
36	52	0
36	53	0
36	54	1
36	55	0
36	56	1
36	57	1
36	58	1
36	59	0
36	60	1
36	61	0
36	62	1
36	63	0
36	64	0
36	65	1
36	66	0
36	67	0
36	68	0
36	69	0
36	70	1
36	71	0
36	72	0
36	73	1
36	74	1
36	75	1
36	76	0
36	77	0
36	78	1
36	79	1
36	80	0
36	81	0
36	82	1
36	83	0
36	84	1
36	85	0
36	86	1
36	87	1
36	88	1
36	89	1
36	90	1
36	91	0
36	92	0
36	93	1
36	94	0
36	95	1
36	96	0
36	97	0
36	98	0
36	99	0
36	100	1
36	101	0
36	102	1
36	103	1
36	104	1
36	105	0
36	106	1
36	107	0
36	108	1
36	109	0
36	110	1
36	111	0
36	112	1
36	113	1
36	114	1
36	115	1
36	116	0
36	117	0
36	118	1
36	119	1
36	120	1
37	38	0
37	39	1
37	40	1
37	41	1
37	42	1
37	43	1
37	44	1
37	45	1
37	46	1
37	47	1
37	48	0
37	49	0
37	50	0
37	51	0
37	52	1
37	53	1
37	54	1
37	55	0
37	56	0
37	57	0
37	58	1
37	59	0
37	60	1
37	61	1
37	62	0
37	63	1
37	64	1
37	65	0
37	66	0
37	67	1
37	68	1
37	69	0
37	70	0
37	71	0
37	72	1
37	73	1
37	74	0
37	75	0
37	76	0
37	77	1
37	78	0
37	79	0
37	80	1
37	81	0
37	82	1
37	83	0
37	84	1
37	85	0
37	86	0
37	87	1
37	88	1
37	89	0
37	90	1
37	91	0
37	92	1
37	93	1
37	94	0
37	95	0
37	96	1
37	97	0
37	98	1
37	99	0
37	100	1
37	101	1
37	102	0
37	103	1
37	104	1
37	105	1
37	106	1
37	107	1
37	108	1
37	109	1
37	110	1
37	111	1
37	112	0
37	113	0
37	114	1
37	115	1
37	116	0
37	117	0
37	118	0
37	119	0
37	120	1
38	39	1
38	40	1
38	41	0
38	42	1
38	43	0
38	44	1
38	45	0
38	46	1
38	47	1
38	48	0
38	49	0
38	50	0
38	51	1
38	52	0
38	53	1
38	54	0
38	55	0
38	56	0
38	57	0
38	58	1
38	59	1
38	60	0
38	61	0
38	62	0
38	63	1
38	64	0
38	65	0
38	66	0
38	67	0
38	68	0
38	69	1
38	70	1
38	71	1
38	72	1
38	73	0
38	74	1
38	75	1
38	76	0
38	77	0
38	78	1
38	79	0
38	80	1
38	81	1
38	82	1
38	83	1
38	84	0
38	85	0
38	86	1
38	87	0
38	88	1
38	89	0
38	90	1
38	91	1
38	92	0
38	93	1
38	94	1
38	95	1
38	96	1
38	97	1
38	98	0
38	99	1
38	100	1
38	101	0
38	102	1
38	103	0
38	104	1
38	105	0
38	106	1
38	107	0
38	108	1
38	109	1
38	110	0
38	111	1
38	112	0
38	113	1
38	114	1
38	115	0
38	116	1
38	117	0
38	118	0
38	119	0
38	120	0
39	40	0
39	41	1
39	42	1
39	43	0
39	44	1
39	45	0
39	46	0
39	47	0
39	48	1
39	49	0
39	50	0
39	51	0
39	52	0
39	53	1
39	54	0
39	55	0
39	56	1
39	57	1
39	58	1
39	59	1
39	60	0
39	61	1
39	62	0
39	63	1
39	64	0
39	65	1
39	66	1
39	67	0
39	68	1
39	69	1
39	70	0
39	71	1
39	72	0
39	73	0
39	74	0
39	75	1
39	76	0
39	77	0
39	78	0
39	79	0
39	80	0
39	81	0
39	82	0
39	83	0
39	84	0
39	85	0
39	86	0
39	87	0
39	88	1
39	89	1
39	90	1
39	91	0
39	92	0
39	93	1
39	94	0
39	95	1
39	96	0
39	97	1
39	98	0
39	99	1
39	100	1
39	101	1
39	102	0
39	103	1
39	104	1
39	105	0
39	106	1
39	107	1
39	108	0
39	109	1
39	110	0
39	111	1
39	112	1
39	113	1
39	114	0
39	115	1
39	116	0
39	117	0
39	118	0
39	119	0
39	120	0
40	41	0
40	42	1
40	43	1
40	44	1
40	45	0
40	46	1
40	47	1
40	48	0
40	49	1
40	50	1
40	51	0
40	52	0
40	53	0
40	54	1
40	55	1
40	56	0
40	57	0
40	58	1
40	59	0
40	60	0
40	61	0
40	62	0
40	63	0
40	64	1
40	65	1
40	66	0
40	67	1
40	68	0
40	69	1
40	70	1
40	71	0
40	72	0
40	73	0
40	74	1
40	75	0
40	76	0
40	77	0
40	78	0
40	79	0
40	80	0
40	81	1
40	82	1
40	83	1
40	84	0
40	85	1
40	86	0
40	87	0
40	88	1
40	89	0
40	90	1
40	91	0
40	92	0
40	93	0
40	94	0
40	95	0
40	96	0
40	97	1
40	98	0
40	99	1
40	100	0
40	101	0
40	102	1
40	103	1
40	104	0
40	105	0
40	106	0
40	107	0
40	108	0
40	109	1
40	110	1
40	111	0
40	112	0
40	113	1
40	114	0
40	115	1
40	116	0
40	117	0
40	118	1
40	119	0
40	120	0
41	42	1
41	43	0
41	44	1
41	45	1
41	46	0
41	47	1
41	48	0
41	49	1
41	50	0
41	51	1
41	52	0
41	53	0
41	54	0
41	55	0
41	56	1
41	57	1
41	58	0
41	59	0
41	60	1
41	61	0
41	62	1
41	63	1
41	64	1
41	65	0
41	66	1
41	67	0
41	68	1
41	69	1
41	70	1
41	71	1
41	72	1
41	73	1
41	74	0
41	75	1
41	76	1
41	77	0
41	78	0
41	79	0
41	80	0
41	81	0
41	82	1
41	83	0
41	84	1
41	85	1
41	86	1
41	87	0
41	88	0
41	89	1
41	90	0
41	91	0
41	92	0
41	93	1
41	94	1
41	95	1
41	96	0
41	97	1
41	98	1
41	99	0
41	100	0
41	101	1
41	102	0
41	103	0
41	104	1
41	105	1
41	106	1
41	107	0
41	108	0
41	109	0
41	110	0
41	111	0
41	112	1
41	113	0
41	114	1
41	115	1
41	116	0
41	117	1
41	118	0
41	119	1
41	120	0
42	43	0
42	44	1
42	45	1
42	46	1
42	47	0
42	48	0
42	49	1
42	50	1
42	51	1
42	52	0
42	53	1
42	54	1
42	55	1
42	56	1
42	57	1
42	58	1
42	59	1
42	60	1
42	61	1
42	62	0
42	63	0
42	64	0
42	65	0
42	66	0
42	67	0
42	68	0
42	69	0
42	70	1
42	71	0
42	72	0
42	73	0
42	74	1
42	75	1
42	76	0
42	77	0
42	78	0
42	79	1
42	80	1
42	81	1
42	82	1
42	83	1
42	84	1
42	85	0
42	86	0
42	87	0
42	88	1
42	89	0
42	90	1
42	91	1
42	92	1
42	93	1
42	94	1
42	95	0
42	96	1
42	97	0
42	98	1
42	99	1
42	100	1
42	101	1
42	102	1
42	103	1
42	104	0
42	105	0
42	106	1
42	107	1
42	108	0
42	109	0
42	110	0
42	111	1
42	112	1
42	113	0
42	114	1
42	115	1
42	116	1
42	117	0
42	118	1
42	119	1
42	120	1
43	44	0
43	45	1
43	46	0
43	47	0
43	48	0
43	49	1
43	50	0
43	51	0
43	52	0
43	53	0
43	54	0
43	55	0
43	56	1
43	57	1
43	58	1
43	59	1
43	60	0
43	61	0
43	62	1
43	63	1
43	64	1
43	65	0
43	66	0
43	67	0
43	68	1
43	69	1
43	70	1
43	71	0
43	72	0
43	73	0
43	74	0
43	75	1
43	76	0
43	77	1
43	78	1
43	79	1
43	80	0
43	81	0
43	82	1
43	83	1
43	84	1
43	85	1
43	86	1
43	87	1
43	88	0
43	89	1
43	90	0
43	91	1
43	92	0
43	93	0
43	94	1
43	95	0
43	96	0
43	97	0
43	98	0
43	99	1
43	100	0
43	101	0
43	102	1
43	103	1
43	104	1
43	105	0
43	106	1
43	107	1
43	108	1
43	109	1
43	110	1
43	111	1
43	112	0
43	113	1
43	114	0
43	115	1
43	116	1
43	117	1
43	118	0
43	119	0
43	120	1
44	45	1
44	46	0
44	47	1
44	48	1
44	49	1
44	50	1
44	51	1
44	52	1
44	53	1
44	54	0
44	55	0
44	56	1
44	57	0
44	58	1
44	59	0
44	60	0
44	61	1
44	62	0
44	63	0
44	64	0
44	65	0
44	66	0
44	67	0
44	68	1
44	69	1
44	70	0
44	71	1
44	72	1
44	73	0
44	74	1
44	75	0
44	76	0
44	77	1
44	78	1
44	79	1
44	80	0
44	81	1
44	82	1
44	83	0
44	84	1
44	85	0
44	86	0
44	87	1
44	88	0
44	89	1
44	90	0
44	91	0
44	92	0
44	93	0
44	94	1
44	95	0
44	96	0
44	97	0
44	98	1
44	99	1
44	100	0
44	101	1
44	102	1
44	103	1
44	104	1
44	105	0
44	106	1
44	107	1
44	108	0
44	109	1
44	110	1
44	111	1
44	112	1
44	113	0
44	114	0
44	115	0
44	116	0
44	117	1
44	118	1
44	119	0
44	120	0
45	46	1
45	47	1
45	48	0
45	49	0
45	50	1
45	51	0
45	52	0
45	53	1
45	54	1
45	55	0
45	56	1
45	57	0
45	58	1
45	59	1
45	60	1
45	61	0
45	62	1
45	63	0
45	64	0
45	65	1
45	66	0
45	67	1
45	68	1
45	69	1
45	70	0
45	71	0
45	72	0
45	73	0
45	74	0
45	75	1
45	76	1
45	77	0
45	78	1
45	79	0
45	80	1
45	81	0
45	82	0
45	83	1
45	84	1
45	85	0
45	86	1
45	87	1
45	88	0
45	89	1
45	90	1
45	91	1
45	92	1
45	93	0
45	94	0
45	95	0
45	96	1
45	97	1
45	98	1
45	99	1
45	100	1
45	101	1
45	102	0
45	103	1
45	104	0
45	105	0
45	106	1
45	107	1
45	108	0
45	109	0
45	110	0
45	111	0
45	112	1
45	113	1
45	114	0
45	115	0
45	116	0
45	117	0
45	118	1
45	119	0
45	120	0
46	47	0
46	48	0
46	49	1
46	50	0
46	51	0
46	52	0
46	53	1
46	54	1
46	55	1
46	56	0
46	57	1
46	58	0
46	59	1
46	60	1
46	61	1
46	62	0
46	63	0
46	64	0
46	65	0
46	66	0
46	67	0
46	68	0
46	69	1
46	70	1
46	71	1
46	72	1
46	73	1
46	74	0
46	75	0
46	76	0
46	77	1
46	78	1
46	79	1
46	80	1
46	81	1
46	82	1
46	83	0
46	84	1
46	85	0
46	86	0
46	87	1
46	88	1
46	89	0
46	90	1
46	91	0
46	92	1
46	93	1
46	94	1
46	95	0
46	96	0
46	97	0
46	98	1
46	99	0
46	100	1
46	101	0
46	102	0
46	103	1
46	104	0
46	105	1
46	106	0
46	107	1
46	108	0
46	109	0
46	110	1
46	111	1
46	112	0
46	113	0
46	114	1
46	115	1
46	116	1
46	117	1
46	118	0
46	119	1
46	120	1
47	48	1
47	49	0
47	50	1
47	51	1
47	52	0
47	53	0
47	54	0
47	55	1
47	56	0
47	57	0
47	58	0
47	59	1
47	60	1
47	61	1
47	62	0
47	63	1
47	64	1
47	65	1
47	66	0
47	67	1
47	68	1
47	69	0
47	70	1
47	71	0
47	72	0
47	73	1
47	74	0
47	75	1
47	76	0
47	77	1
47	78	1
47	79	0
47	80	0
47	81	0
47	82	0
47	83	1
47	84	0
47	85	0
47	86	0
47	87	0
47	88	0
47	89	1
47	90	1
47	91	1
47	92	0
47	93	0
47	94	1
47	95	1
47	96	0
47	97	0
47	98	0
47	99	1
47	100	1
47	101	1
47	102	0
47	103	1
47	104	1
47	105	1
47	106	1
47	107	0
47	108	1
47	109	1
47	110	0
47	111	0
47	112	0
47	113	0
47	114	0
47	115	0
47	116	1
47	117	0
47	118	1
47	119	0
47	120	0
48	49	0
48	50	1
48	51	1
48	52	1
48	53	0
48	54	0
48	55	0
48	56	0
48	57	0
48	58	1
48	59	0
48	60	0
48	61	0
48	62	1
48	63	1
48	64	1
48	65	1
48	66	1
48	67	0
48	68	0
48	69	1
48	70	0
48	71	0
48	72	1
48	73	0
48	74	1
48	75	0
48	76	1
48	77	1
48	78	0
48	79	1
48	80	0
48	81	0
48	82	1
48	83	0
48	84	0
48	85	1
48	86	1
48	87	1
48	88	1
48	89	1
48	90	1
48	91	0
48	92	1
48	93	0
48	94	1
48	95	0
48	96	0
48	97	0
48	98	0
48	99	0
48	100	0
48	101	1
48	102	1
48	103	1
48	104	0
48	105	1
48	106	0
48	107	1
48	108	1
48	109	0
48	110	1
48	111	1
48	112	1
48	113	0
48	114	1
48	115	1
48	116	1
48	117	0
48	118	0
48	119	1
48	120	1
49	50	1
49	51	0
49	52	0
49	53	0
49	54	1
49	55	0
49	56	0
49	57	0
49	58	1
49	59	1
49	60	1
49	61	1
49	62	1
49	63	0
49	64	0
49	65	0
49	66	0
49	67	1
49	68	0
49	69	1
49	70	0
49	71	1
49	72	0
49	73	0
49	74	0
49	75	0
49	76	0
49	77	1
49	78	0
49	79	1
49	80	1
49	81	0
49	82	1
49	83	1
49	84	1
49	85	1
49	86	1
49	87	1
49	88	1
49	89	0
49	90	0
49	91	1
49	92	0
49	93	1
49	94	0
49	95	1
49	96	0
49	97	1
49	98	0
49	99	0
49	100	1
49	101	0
49	102	0
49	103	0
49	104	1
49	105	1
49	106	1
49	107	0
49	108	0
49	109	1
49	110	0
49	111	1
49	112	0
49	113	0
49	114	1
49	115	0
49	116	1
49	117	0
49	118	0
49	119	0
49	120	0
50	51	1
50	52	0
50	53	1
50	54	0
50	55	1
50	56	0
50	57	0
50	58	0
50	59	0
50	60	0
50	61	0
50	62	0
50	63	0
50	64	1
50	65	1
50	66	0
50	67	1
50	68	1
50	69	1
50	70	0
50	71	1
50	72	0
50	73	1
50	74	0
50	75	0
50	76	0
50	77	0
50	78	0
50	79	1
50	80	1
50	81	0
50	82	0
50	83	0
50	84	0
50	85	1
50	86	0
50	87	1
50	88	0
50	89	0
50	90	0
50	91	0
50	92	1
50	93	0
50	94	0
50	95	1
50	96	1
50	97	0
50	98	1
50	99	1
50	100	0
50	101	1
50	102	0
50	103	0
50	104	0
50	105	0
50	106	0
50	107	1
50	108	1
50	109	1
50	110	0
50	111	1
50	112	1
50	113	1
50	114	1
50	115	0
50	116	1
50	117	0
50	118	0
50	119	1
50	120	1
51	52	1
51	53	0
51	54	0
51	55	1
51	56	1
51	57	0
51	58	0
51	59	1
51	60	0
51	61	1
51	62	0
51	63	1
51	64	1
51	65	1
51	66	1
51	67	1
51	68	0
51	69	1
51	70	0
51	71	1
51	72	1
51	73	0
51	74	1
51	75	1
51	76	1
51	77	1
51	78	0
51	79	0
51	80	0
51	81	0
51	82	1
51	83	1
51	84	1
51	85	1
51	86	1
51	87	0
51	88	1
51	89	0
51	90	0
51	91	0
51	92	1
51	93	1
51	94	1
51	95	1
51	96	0
51	97	0
51	98	0
51	99	0
51	100	1
51	101	1
51	102	1
51	103	1
51	104	1
51	105	0
51	106	0
51	107	0
51	108	1
51	109	0
51	110	0
51	111	1
51	112	0
51	113	1
51	114	1
51	115	0
51	116	0
51	117	0
51	118	1
51	119	0
51	120	1
52	53	1
52	54	0
52	55	0
52	56	0
52	57	0
52	58	1
52	59	0
52	60	0
52	61	0
52	62	1
52	63	0
52	64	0
52	65	1
52	66	0
52	67	1
52	68	0
52	69	1
52	70	1
52	71	0
52	72	0
52	73	1
52	74	1
52	75	1
52	76	0
52	77	1
52	78	0
52	79	1
52	80	0
52	81	0
52	82	0
52	83	1
52	84	1
52	85	1
52	86	0
52	87	1
52	88	0
52	89	0
52	90	1
52	91	1
52	92	0
52	93	1
52	94	1
52	95	0
52	96	1
52	97	0
52	98	1
52	99	0
52	100	1
52	101	0
52	102	0
52	103	1
52	104	1
52	105	0
52	106	0
52	107	1
52	108	1
52	109	1
52	110	0
52	111	0
52	112	0
52	113	1
52	114	0
52	115	1
52	116	0
52	117	1
52	118	1
52	119	0
52	120	1
53	54	0
53	55	1
53	56	0
53	57	1
53	58	1
53	59	0
53	60	1
53	61	0
53	62	0
53	63	1
53	64	0
53	65	1
53	66	0
53	67	0
53	68	1
53	69	1
53	70	1
53	71	1
53	72	1
53	73	0
53	74	1
53	75	1
53	76	0
53	77	0
53	78	0
53	79	1
53	80	0
53	81	0
53	82	1
53	83	0
53	84	1
53	85	0
53	86	1
53	87	0
53	88	1
53	89	1
53	90	0
53	91	0
53	92	0
53	93	0
53	94	1
53	95	1
53	96	0
53	97	1
53	98	1
53	99	1
53	100	1
53	101	0
53	102	1
53	103	1
53	104	1
53	105	0
53	106	1
53	107	0
53	108	1
53	109	0
53	110	1
53	111	1
53	112	0
53	113	0
53	114	0
53	115	0
53	116	1
53	117	0
53	118	1
53	119	0
53	120	1
54	55	1
54	56	1
54	57	1
54	58	0
54	59	0
54	60	1
54	61	1
54	62	1
54	63	1
54	64	0
54	65	1
54	66	0
54	67	1
54	68	0
54	69	0
54	70	1
54	71	1
54	72	1
54	73	1
54	74	0
54	75	0
54	76	1
54	77	0
54	78	1
54	79	1
54	80	0
54	81	0
54	82	0
54	83	1
54	84	0
54	85	1
54	86	1
54	87	0
54	88	1
54	89	0
54	90	0
54	91	0
54	92	0
54	93	0
54	94	0
54	95	0
54	96	1
54	97	0
54	98	1
54	99	1
54	100	0
54	101	0
54	102	0
54	103	0
54	104	1
54	105	1
54	106	1
54	107	1
54	108	0
54	109	1
54	110	0
54	111	0
54	112	1
54	113	1
54	114	1
54	115	1
54	116	0
54	117	0
54	118	1
54	119	0
54	120	1
55	56	1
55	57	0
55	58	1
55	59	1
55	60	1
55	61	0
55	62	0
55	63	0
55	64	1
55	65	1
55	66	0
55	67	1
55	68	0
55	69	1
55	70	0
55	71	1
55	72	1
55	73	0
55	74	0
55	75	1
55	76	1
55	77	0
55	78	0
55	79	1
55	80	0
55	81	0
55	82	0
55	83	1
55	84	0
55	85	0
55	86	0
55	87	1
55	88	1
55	89	1
55	90	0
55	91	0
55	92	1
55	93	1
55	94	1
55	95	0
55	96	0
55	97	1
55	98	1
55	99	0
55	100	0
55	101	1
55	102	1
55	103	1
55	104	0
55	105	1
55	106	0
55	107	1
55	108	1
55	109	1
55	110	1
55	111	0
55	112	1
55	113	0
55	114	1
55	115	0
55	116	0
55	117	1
55	118	1
55	119	0
55	120	1
56	57	0
56	58	0
56	59	1
56	60	1
56	61	0
56	62	1
56	63	1
56	64	0
56	65	1
56	66	1
56	67	1
56	68	1
56	69	0
56	70	1
56	71	1
56	72	1
56	73	1
56	74	0
56	75	1
56	76	0
56	77	1
56	78	1
56	79	1
56	80	0
56	81	1
56	82	1
56	83	0
56	84	0
56	85	1
56	86	1
56	87	1
56	88	0
56	89	1
56	90	0
56	91	0
56	92	0
56	93	1
56	94	1
56	95	1
56	96	1
56	97	0
56	98	1
56	99	1
56	100	1
56	101	1
56	102	1
56	103	1
56	104	1
56	105	1
56	106	0
56	107	1
56	108	0
56	109	1
56	110	0
56	111	0
56	112	0
56	113	0
56	114	1
56	115	0
56	116	0
56	117	1
56	118	1
56	119	0
56	120	0
57	58	1
57	59	1
57	60	1
57	61	0
57	62	1
57	63	0
57	64	0
57	65	1
57	66	0
57	67	1
57	68	1
57	69	0
57	70	1
57	71	1
57	72	0
57	73	0
57	74	0
57	75	1
57	76	0
57	77	0
57	78	0
57	79	0
57	80	1
57	81	1
57	82	1
57	83	1
57	84	1
57	85	0
57	86	0
57	87	1
57	88	1
57	89	0
57	90	0
57	91	0
57	92	1
57	93	0
57	94	1
57	95	0
57	96	1
57	97	0
57	98	0
57	99	0
57	100	0
57	101	1
57	102	0
57	103	1
57	104	1
57	105	0
57	106	1
57	107	1
57	108	0
57	109	1
57	110	1
57	111	0
57	112	1
57	113	1
57	114	0
57	115	1
57	116	0
57	117	1
57	118	1
57	119	1
57	120	1
58	59	0
58	60	1
58	61	0
58	62	1
58	63	0
58	64	0
58	65	0
58	66	0
58	67	0
58	68	1
58	69	0
58	70	1
58	71	0
58	72	1
58	73	0
58	74	0
58	75	0
58	76	1
58	77	0
58	78	0
58	79	1
58	80	1
58	81	0
58	82	1
58	83	0
58	84	0
58	85	0
58	86	0
58	87	1
58	88	1
58	89	1
58	90	1
58	91	0
58	92	1
58	93	0
58	94	0
58	95	0
58	96	1
58	97	1
58	98	0
58	99	0
58	100	0
58	101	1
58	102	0
58	103	0
58	104	1
58	105	1
58	106	1
58	107	0
58	108	1
58	109	1
58	110	0
58	111	1
58	112	0
58	113	0
58	114	0
58	115	0
58	116	0
58	117	0
58	118	0
58	119	1
58	120	1
59	60	1
59	61	1
59	62	1
59	63	0
59	64	0
59	65	0
59	66	0
59	67	1
59	68	1
59	69	1
59	70	1
59	71	1
59	72	0
59	73	1
59	74	1
59	75	0
59	76	1
59	77	1
59	78	0
59	79	0
59	80	1
59	81	1
59	82	0
59	83	0
59	84	0
59	85	0
59	86	1
59	87	0
59	88	1
59	89	1
59	90	1
59	91	0
59	92	0
59	93	1
59	94	1
59	95	1
59	96	0
59	97	1
59	98	0
59	99	0
59	100	0
59	101	1
59	102	1
59	103	1
59	104	1
59	105	1
59	106	0
59	107	1
59	108	0
59	109	1
59	110	0
59	111	0
59	112	1
59	113	0
59	114	1
59	115	1
59	116	0
59	117	1
59	118	1
59	119	0
59	120	1
60	61	0
60	62	1
60	63	0
60	64	1
60	65	1
60	66	1
60	67	0
60	68	1
60	69	0
60	70	0
60	71	0
60	72	0
60	73	0
60	74	1
60	75	0
60	76	1
60	77	0
60	78	1
60	79	1
60	80	0
60	81	1
60	82	1
60	83	0
60	84	1
60	85	0
60	86	0
60	87	1
60	88	0
60	89	0
60	90	1
60	91	0
60	92	1
60	93	0
60	94	1
60	95	1
60	96	1
60	97	0
60	98	1
60	99	1
60	100	0
60	101	0
60	102	0
60	103	1
60	104	1
60	105	0
60	106	1
60	107	0
60	108	0
60	109	0
60	110	1
60	111	1
60	112	0
60	113	1
60	114	1
60	115	0
60	116	1
60	117	0
60	118	0
60	119	1
60	120	0
61	62	1
61	63	0
61	64	0
61	65	0
61	66	1
61	67	1
61	68	0
61	69	1
61	70	1
61	71	0
61	72	1
61	73	1
61	74	0
61	75	1
61	76	1
61	77	0
61	78	0
61	79	0
61	80	0
61	81	1
61	82	1
61	83	1
61	84	0
61	85	1
61	86	1
61	87	0
61	88	0
61	89	0
61	90	0
61	91	1
61	92	0
61	93	0
61	94	0
61	95	1
61	96	0
61	97	0
61	98	0
61	99	1
61	100	1
61	101	1
61	102	1
61	103	0
61	104	1
61	105	1
61	106	0
61	107	0
61	108	0
61	109	0
61	110	1
61	111	1
61	112	1
61	113	1
61	114	1
61	115	0
61	116	1
61	117	0
61	118	1
61	119	0
61	120	1
62	63	1
62	64	1
62	65	0
62	66	0
62	67	1
62	68	0
62	69	1
62	70	1
62	71	1
62	72	0
62	73	1
62	74	1
62	75	0
62	76	1
62	77	0
62	78	0
62	79	0
62	80	1
62	81	0
62	82	1
62	83	1
62	84	1
62	85	1
62	86	1
62	87	0
62	88	0
62	89	1
62	90	0
62	91	1
62	92	0
62	93	1
62	94	0
62	95	0
62	96	1
62	97	1
62	98	1
62	99	0
62	100	1
62	101	0
62	102	0
62	103	0
62	104	0
62	105	0
62	106	0
62	107	0
62	108	1
62	109	1
62	110	0
62	111	0
62	112	0
62	113	0
62	114	1
62	115	0
62	116	1
62	117	1
62	118	1
62	119	0
62	120	1
63	64	1
63	65	0
63	66	0
63	67	0
63	68	1
63	69	1
63	70	0
63	71	0
63	72	1
63	73	1
63	74	0
63	75	1
63	76	1
63	77	1
63	78	1
63	79	0
63	80	0
63	81	0
63	82	1
63	83	0
63	84	1
63	85	1
63	86	0
63	87	0
63	88	0
63	89	0
63	90	0
63	91	0
63	92	1
63	93	1
63	94	1
63	95	0
63	96	0
63	97	1
63	98	1
63	99	1
63	100	1
63	101	1
63	102	0
63	103	0
63	104	1
63	105	1
63	106	1
63	107	1
63	108	0
63	109	1
63	110	1
63	111	0
63	112	0
63	113	0
63	114	1
63	115	0
63	116	0
63	117	0
63	118	0
63	119	1
63	120	0
64	65	1
64	66	0
64	67	0
64	68	1
64	69	1
64	70	1
64	71	1
64	72	0
64	73	1
64	74	0
64	75	1
64	76	1
64	77	1
64	78	1
64	79	1
64	80	1
64	81	1
64	82	0
64	83	1
64	84	0
64	85	1
64	86	1
64	87	0
64	88	1
64	89	1
64	90	1
64	91	1
64	92	0
64	93	0
64	94	1
64	95	1
64	96	0
64	97	1
64	98	1
64	99	0
64	100	0
64	101	1
64	102	1
64	103	1
64	104	1
64	105	0
64	106	1
64	107	1
64	108	0
64	109	0
64	110	0
64	111	1
64	112	1
64	113	0
64	114	0
64	115	1
64	116	0
64	117	0
64	118	1
64	119	0
64	120	1
65	66	0
65	67	1
65	68	0
65	69	1
65	70	1
65	71	0
65	72	0
65	73	0
65	74	1
65	75	0
65	76	1
65	77	1
65	78	1
65	79	0
65	80	0
65	81	1
65	82	1
65	83	0
65	84	0
65	85	1
65	86	0
65	87	0
65	88	0
65	89	0
65	90	1
65	91	1
65	92	0
65	93	0
65	94	0
65	95	1
65	96	1
65	97	1
65	98	0
65	99	1
65	100	0
65	101	0
65	102	1
65	103	0
65	104	1
65	105	1
65	106	1
65	107	1
65	108	1
65	109	1
65	110	1
65	111	0
65	112	1
65	113	1
65	114	0
65	115	1
65	116	1
65	117	0
65	118	0
65	119	0
65	120	0
66	67	1
66	68	0
66	69	1
66	70	0
66	71	0
66	72	1
66	73	1
66	74	1
66	75	0
66	76	1
66	77	1
66	78	0
66	79	0
66	80	1
66	81	1
66	82	1
66	83	0
66	84	0
66	85	1
66	86	0
66	87	1
66	88	1
66	89	0
66	90	0
66	91	0
66	92	0
66	93	0
66	94	1
66	95	0
66	96	1
66	97	0
66	98	1
66	99	1
66	100	1
66	101	1
66	102	0
66	103	1
66	104	1
66	105	0
66	106	0
66	107	0
66	108	0
66	109	1
66	110	0
66	111	1
66	112	1
66	113	1
66	114	0
66	115	1
66	116	0
66	117	0
66	118	1
66	119	1
66	120	0
67	68	0
67	69	1
67	70	1
67	71	0
67	72	0
67	73	0
67	74	0
67	75	1
67	76	0
67	77	1
67	78	0
67	79	1
67	80	1
67	81	1
67	82	0
67	83	0
67	84	0
67	85	1
67	86	1
67	87	0
67	88	0
67	89	0
67	90	1
67	91	1
67	92	0
67	93	0
67	94	1
67	95	1
67	96	1
67	97	0
67	98	1
67	99	0
67	100	1
67	101	0
67	102	0
67	103	1
67	104	0
67	105	0
67	106	0
67	107	1
67	108	1
67	109	0
67	110	1
67	111	0
67	112	1
67	113	1
67	114	0
67	115	1
67	116	1
67	117	1
67	118	1
67	119	1
67	120	0
68	69	1
68	70	1
68	71	0
68	72	0
68	73	1
68	74	0
68	75	1
68	76	1
68	77	1
68	78	0
68	79	0
68	80	1
68	81	0
68	82	0
68	83	1
68	84	0
68	85	1
68	86	0
68	87	1
68	88	0
68	89	1
68	90	1
68	91	1
68	92	1
68	93	1
68	94	1
68	95	0
68	96	0
68	97	0
68	98	1
68	99	0
68	100	1
68	101	0
68	102	0
68	103	1
68	104	0
68	105	0
68	106	0
68	107	1
68	108	0
68	109	1
68	110	1
68	111	1
68	112	0
68	113	0
68	114	1
68	115	1
68	116	1
68	117	0
68	118	0
68	119	0
68	120	1
69	70	0
69	71	0
69	72	1
69	73	1
69	74	1
69	75	1
69	76	0
69	77	0
69	78	1
69	79	0
69	80	0
69	81	1
69	82	0
69	83	0
69	84	1
69	85	0
69	86	1
69	87	0
69	88	0
69	89	1
69	90	1
69	91	1
69	92	0
69	93	1
69	94	0
69	95	0
69	96	1
69	97	0
69	98	1
69	99	0
69	100	1
69	101	1
69	102	0
69	103	0
69	104	1
69	105	0
69	106	0
69	107	1
69	108	1
69	109	0
69	110	0
69	111	1
69	112	1
69	113	1
69	114	1
69	115	1
69	116	0
69	117	1
69	118	1
69	119	1
69	120	0
70	71	1
70	72	1
70	73	0
70	74	0
70	75	1
70	76	1
70	77	0
70	78	1
70	79	1
70	80	0
70	81	0
70	82	1
70	83	0
70	84	1
70	85	1
70	86	1
70	87	1
70	88	0
70	89	0
70	90	1
70	91	1
70	92	1
70	93	1
70	94	0
70	95	1
70	96	0
70	97	1
70	98	1
70	99	1
70	100	1
70	101	0
70	102	0
70	103	1
70	104	0
70	105	0
70	106	1
70	107	0
70	108	0
70	109	1
70	110	0
70	111	1
70	112	1
70	113	0
70	114	0
70	115	1
70	116	0
70	117	1
70	118	0
70	119	0
70	120	1
71	72	1
71	73	1
71	74	0
71	75	1
71	76	1
71	77	1
71	78	1
71	79	1
71	80	0
71	81	1
71	82	0
71	83	0
71	84	0
71	85	1
71	86	1
71	87	1
71	88	1
71	89	0
71	90	1
71	91	0
71	92	1
71	93	1
71	94	1
71	95	0
71	96	1
71	97	1
71	98	0
71	99	0
71	100	0
71	101	1
71	102	0
71	103	0
71	104	0
71	105	1
71	106	1
71	107	0
71	108	1
71	109	0
71	110	1
71	111	1
71	112	1
71	113	1
71	114	0
71	115	0
71	116	0
71	117	0
71	118	1
71	119	0
71	120	1
72	73	1
72	74	1
72	75	1
72	76	0
72	77	0
72	78	1
72	79	0
72	80	1
72	81	0
72	82	0
72	83	1
72	84	0
72	85	1
72	86	1
72	87	0
72	88	0
72	89	1
72	90	1
72	91	0
72	92	0
72	93	0
72	94	1
72	95	0
72	96	0
72	97	0
72	98	1
72	99	1
72	100	1
72	101	1
72	102	0
72	103	0
72	104	0
72	105	1
72	106	0
72	107	0
72	108	0
72	109	0
72	110	0
72	111	0
72	112	1
72	113	0
72	114	1
72	115	1
72	116	0
72	117	1
72	118	1
72	119	1
72	120	1
73	74	1
73	75	0
73	76	0
73	77	0
73	78	0
73	79	0
73	80	1
73	81	0
73	82	0
73	83	1
73	84	1
73	85	0
73	86	0
73	87	1
73	88	0
73	89	0
73	90	0
73	91	0
73	92	0
73	93	0
73	94	0
73	95	1
73	96	1
73	97	1
73	98	1
73	99	0
73	100	1
73	101	0
73	102	1
73	103	0
73	104	1
73	105	0
73	106	0
73	107	1
73	108	1
73	109	0
73	110	1
73	111	1
73	112	0
73	113	1
73	114	1
73	115	0
73	116	1
73	117	1
73	118	0
73	119	0
73	120	1
74	75	0
74	76	1
74	77	1
74	78	1
74	79	1
74	80	0
74	81	0
74	82	0
74	83	1
74	84	0
74	85	0
74	86	1
74	87	0
74	88	0
74	89	0
74	90	1
74	91	0
74	92	1
74	93	0
74	94	1
74	95	1
74	96	1
74	97	1
74	98	0
74	99	1
74	100	0
74	101	0
74	102	0
74	103	0
74	104	0
74	105	1
74	106	0
74	107	1
74	108	0
74	109	1
74	110	0
74	111	1
74	112	0
74	113	1
74	114	0
74	115	1
74	116	1
74	117	0
74	118	0
74	119	0
74	120	1
75	76	1
75	77	0
75	78	0
75	79	1
75	80	1
75	81	0
75	82	1
75	83	1
75	84	1
75	85	0
75	86	1
75	87	0
75	88	0
75	89	1
75	90	1
75	91	0
75	92	0
75	93	1
75	94	1
75	95	1
75	96	1
75	97	0
75	98	1
75	99	0
75	100	1
75	101	1
75	102	0
75	103	0
75	104	1
75	105	0
75	106	0
75	107	0
75	108	1
75	109	0
75	110	0
75	111	0
75	112	1
75	113	0
75	114	1
75	115	0
75	116	1
75	117	1
75	118	0
75	119	1
75	120	0
76	77	0
76	78	0
76	79	1
76	80	0
76	81	1
76	82	1
76	83	0
76	84	0
76	85	1
76	86	0
76	87	0
76	88	1
76	89	0
76	90	0
76	91	1
76	92	0
76	93	1
76	94	0
76	95	0
76	96	1
76	97	1
76	98	0
76	99	0
76	100	1
76	101	1
76	102	1
76	103	1
76	104	1
76	105	1
76	106	1
76	107	0
76	108	0
76	109	1
76	110	1
76	111	1
76	112	0
76	113	0
76	114	1
76	115	1
76	116	0
76	117	0
76	118	0
76	119	1
76	120	0
77	78	0
77	79	1
77	80	0
77	81	0
77	82	0
77	83	1
77	84	0
77	85	1
77	86	1
77	87	0
77	88	0
77	89	1
77	90	1
77	91	0
77	92	0
77	93	1
77	94	0
77	95	1
77	96	1
77	97	0
77	98	1
77	99	0
77	100	1
77	101	0
77	102	0
77	103	0
77	104	1
77	105	1
77	106	0
77	107	1
77	108	0
77	109	1
77	110	1
77	111	1
77	112	1
77	113	0
77	114	0
77	115	1
77	116	1
77	117	1
77	118	0
77	119	0
77	120	0
78	79	1
78	80	0
78	81	0
78	82	1
78	83	1
78	84	1
78	85	0
78	86	0
78	87	1
78	88	0
78	89	1
78	90	1
78	91	1
78	92	0
78	93	1
78	94	1
78	95	1
78	96	1
78	97	1
78	98	0
78	99	1
78	100	1
78	101	1
78	102	0
78	103	1
78	104	1
78	105	0
78	106	1
78	107	1
78	108	1
78	109	1
78	110	1
78	111	1
78	112	1
78	113	1
78	114	0
78	115	1
78	116	0
78	117	1
78	118	0
78	119	1
78	120	0
79	80	1
79	81	0
79	82	0
79	83	1
79	84	1
79	85	0
79	86	0
79	87	0
79	88	0
79	89	1
79	90	0
79	91	1
79	92	1
79	93	0
79	94	0
79	95	0
79	96	1
79	97	1
79	98	0
79	99	1
79	100	0
79	101	0
79	102	0
79	103	1
79	104	0
79	105	0
79	106	1
79	107	0
79	108	1
79	109	1
79	110	0
79	111	0
79	112	0
79	113	0
79	114	0
79	115	0
79	116	0
79	117	1
79	118	0
79	119	0
79	120	0
80	81	1
80	82	1
80	83	1
80	84	1
80	85	1
80	86	0
80	87	0
80	88	1
80	89	0
80	90	1
80	91	0
80	92	0
80	93	0
80	94	1
80	95	1
80	96	0
80	97	1
80	98	1
80	99	1
80	100	1
80	101	1
80	102	1
80	103	1
80	104	0
80	105	0
80	106	0
80	107	1
80	108	1
80	109	1
80	110	1
80	111	1
80	112	1
80	113	1
80	114	0
80	115	0
80	116	0
80	117	1
80	118	0
80	119	0
80	120	1
81	82	1
81	83	0
81	84	1
81	85	1
81	86	0
81	87	1
81	88	0
81	89	1
81	90	0
81	91	1
81	92	0
81	93	1
81	94	0
81	95	0
81	96	1
81	97	0
81	98	0
81	99	1
81	100	1
81	101	0
81	102	0
81	103	0
81	104	0
81	105	0
81	106	1
81	107	0
81	108	1
81	109	0
81	110	1
81	111	1
81	112	1
81	113	1
81	114	0
81	115	0
81	116	0
81	117	0
81	118	0
81	119	1
81	120	0
82	83	1
82	84	1
82	85	0
82	86	1
82	87	0
82	88	1
82	89	1
82	90	0
82	91	0
82	92	1
82	93	1
82	94	0
82	95	1
82	96	0
82	97	1
82	98	0
82	99	0
82	100	1
82	101	1
82	102	0
82	103	0
82	104	0
82	105	1
82	106	1
82	107	0
82	108	1
82	109	1
82	110	1
82	111	0
82	112	1
82	113	0
82	114	0
82	115	0
82	116	0
82	117	1
82	118	0
82	119	0
82	120	1
83	84	0
83	85	1
83	86	0
83	87	1
83	88	1
83	89	1
83	90	1
83	91	1
83	92	0
83	93	1
83	94	0
83	95	1
83	96	0
83	97	0
83	98	1
83	99	0
83	100	0
83	101	1
83	102	1
83	103	1
83	104	1
83	105	1
83	106	1
83	107	1
83	108	1
83	109	0
83	110	0
83	111	0
83	112	1
83	113	1
83	114	0
83	115	0
83	116	0
83	117	0
83	118	0
83	119	0
83	120	1
84	85	1
84	86	0
84	87	1
84	88	0
84	89	1
84	90	0
84	91	1
84	92	0
84	93	1
84	94	0
84	95	0
84	96	0
84	97	0
84	98	1
84	99	1
84	100	1
84	101	0
84	102	1
84	103	1
84	104	0
84	105	1
84	106	0
84	107	0
84	108	1
84	109	0
84	110	0
84	111	0
84	112	1
84	113	1
84	114	1
84	115	1
84	116	0
84	117	0
84	118	1
84	119	1
84	120	0
85	86	0
85	87	0
85	88	0
85	89	1
85	90	0
85	91	1
85	92	1
85	93	1
85	94	0
85	95	0
85	96	1
85	97	0
85	98	1
85	99	0
85	100	1
85	101	1
85	102	0
85	103	1
85	104	0
85	105	0
85	106	1
85	107	0
85	108	0
85	109	0
85	110	1
85	111	1
85	112	0
85	113	0
85	114	1
85	115	0
85	116	1
85	117	1
85	118	1
85	119	0
85	120	0
86	87	1
86	88	1
86	89	0
86	90	0
86	91	1
86	92	1
86	93	0
86	94	1
86	95	0
86	96	0
86	97	1
86	98	1
86	99	0
86	100	1
86	101	1
86	102	0
86	103	0
86	104	1
86	105	0
86	106	1
86	107	0
86	108	1
86	109	0
86	110	0
86	111	1
86	112	0
86	113	1
86	114	0
86	115	0
86	116	0
86	117	0
86	118	0
86	119	1
86	120	0
87	88	1
87	89	1
87	90	1
87	91	0
87	92	1
87	93	0
87	94	1
87	95	1
87	96	1
87	97	0
87	98	0
87	99	0
87	100	0
87	101	0
87	102	1
87	103	0
87	104	1
87	105	0
87	106	1
87	107	1
87	108	1
87	109	1
87	110	1
87	111	0
87	112	1
87	113	1
87	114	1
87	115	0
87	116	0
87	117	0
87	118	1
87	119	1
87	120	0
88	89	0
88	90	0
88	91	1
88	92	0
88	93	1
88	94	0
88	95	1
88	96	1
88	97	0
88	98	1
88	99	1
88	100	0
88	101	1
88	102	1
88	103	0
88	104	1
88	105	0
88	106	1
88	107	0
88	108	1
88	109	1
88	110	1
88	111	0
88	112	1
88	113	0
88	114	0
88	115	0
88	116	0
88	117	1
88	118	1
88	119	1
88	120	0
89	90	0
89	91	1
89	92	0
89	93	1
89	94	0
89	95	0
89	96	0
89	97	1
89	98	0
89	99	1
89	100	1
89	101	0
89	102	0
89	103	0
89	104	0
89	105	0
89	106	0
89	107	0
89	108	0
89	109	0
89	110	1
89	111	1
89	112	1
89	113	1
89	114	1
89	115	0
89	116	0
89	117	0
89	118	1
89	119	1
89	120	1
90	91	0
90	92	0
90	93	0
90	94	0
90	95	1
90	96	1
90	97	0
90	98	1
90	99	0
90	100	1
90	101	1
90	102	0
90	103	1
90	104	1
90	105	1
90	106	0
90	107	1
90	108	1
90	109	1
90	110	1
90	111	1
90	112	0
90	113	0
90	114	0
90	115	0
90	116	0
90	117	0
90	118	1
90	119	1
90	120	0
91	92	1
91	93	0
91	94	1
91	95	1
91	96	0
91	97	0
91	98	0
91	99	0
91	100	1
91	101	0
91	102	0
91	103	0
91	104	1
91	105	1
91	106	1
91	107	1
91	108	0
91	109	0
91	110	0
91	111	0
91	112	1
91	113	1
91	114	0
91	115	1
91	116	0
91	117	0
91	118	0
91	119	0
91	120	0
92	93	1
92	94	1
92	95	0
92	96	0
92	97	0
92	98	0
92	99	0
92	100	1
92	101	0
92	102	0
92	103	0
92	104	1
92	105	0
92	106	0
92	107	1
92	108	0
92	109	0
92	110	0
92	111	1
92	112	1
92	113	0
92	114	1
92	115	1
92	116	1
92	117	0
92	118	1
92	119	1
92	120	1
93	94	1
93	95	0
93	96	1
93	97	1
93	98	0
93	99	1
93	100	0
93	101	1
93	102	1
93	103	1
93	104	1
93	105	0
93	106	0
93	107	1
93	108	0
93	109	0
93	110	0
93	111	0
93	112	0
93	113	0
93	114	0
93	115	1
93	116	1
93	117	0
93	118	0
93	119	1
93	120	0
94	95	0
94	96	0
94	97	1
94	98	0
94	99	0
94	100	1
94	101	1
94	102	0
94	103	0
94	104	1
94	105	0
94	106	1
94	107	0
94	108	0
94	109	1
94	110	1
94	111	0
94	112	0
94	113	0
94	114	1
94	115	0
94	116	1
94	117	0
94	118	0
94	119	1
94	120	1
95	96	0
95	97	1
95	98	0
95	99	0
95	100	0
95	101	1
95	102	0
95	103	1
95	104	1
95	105	0
95	106	0
95	107	0
95	108	1
95	109	1
95	110	1
95	111	1
95	112	1
95	113	1
95	114	0
95	115	0
95	116	0
95	117	1
95	118	0
95	119	1
95	120	1
96	97	0
96	98	0
96	99	1
96	100	1
96	101	1
96	102	0
96	103	1
96	104	1
96	105	1
96	106	1
96	107	1
96	108	0
96	109	0
96	110	0
96	111	0
96	112	0
96	113	0
96	114	0
96	115	0
96	116	0
96	117	1
96	118	0
96	119	0
96	120	1
97	98	1
97	99	0
97	100	0
97	101	0
97	102	0
97	103	0
97	104	1
97	105	1
97	106	0
97	107	0
97	108	1
97	109	0
97	110	0
97	111	0
97	112	0
97	113	0
97	114	1
97	115	1
97	116	1
97	117	0
97	118	0
97	119	1
97	120	1
98	99	1
98	100	0
98	101	1
98	102	0
98	103	0
98	104	1
98	105	1
98	106	1
98	107	1
98	108	0
98	109	0
98	110	0
98	111	1
98	112	0
98	113	0
98	114	0
98	115	0
98	116	0
98	117	0
98	118	0
98	119	1
98	120	0
99	100	0
99	101	1
99	102	0
99	103	0
99	104	0
99	105	1
99	106	1
99	107	0
99	108	0
99	109	0
99	110	1
99	111	0
99	112	0
99	113	1
99	114	1
99	115	1
99	116	0
99	117	1
99	118	1
99	119	1
99	120	0
100	101	0
100	102	1
100	103	0
100	104	1
100	105	1
100	106	0
100	107	0
100	108	1
100	109	0
100	110	1
100	111	1
100	112	1
100	113	1
100	114	0
100	115	1
100	116	1
100	117	0
100	118	0
100	119	0
100	120	1
101	102	0
101	103	1
101	104	1
101	105	1
101	106	1
101	107	1
101	108	1
101	109	1
101	110	1
101	111	1
101	112	0
101	113	0
101	114	1
101	115	1
101	116	1
101	117	1
101	118	1
101	119	1
101	120	1
102	103	1
102	104	0
102	105	0
102	106	1
102	107	0
102	108	1
102	109	0
102	110	1
102	111	1
102	112	0
102	113	1
102	114	1
102	115	0
102	116	1
102	117	1
102	118	1
102	119	1
102	120	0
103	104	0
103	105	1
103	106	0
103	107	0
103	108	1
103	109	1
103	110	0
103	111	0
103	112	0
103	113	1
103	114	1
103	115	0
103	116	1
103	117	0
103	118	0
103	119	1
103	120	1
104	105	0
104	106	0
104	107	1
104	108	0
104	109	0
104	110	0
104	111	1
104	112	0
104	113	1
104	114	1
104	115	0
104	116	1
104	117	0
104	118	1
104	119	0
104	120	1
105	106	1
105	107	1
105	108	1
105	109	1
105	110	0
105	111	0
105	112	0
105	113	0
105	114	0
105	115	1
105	116	1
105	117	0
105	118	0
105	119	0
105	120	0
106	107	0
106	108	1
106	109	0
106	110	0
106	111	0
106	112	1
106	113	1
106	114	0
106	115	1
106	116	1
106	117	0
106	118	1
106	119	1
106	120	0
107	108	1
107	109	1
107	110	0
107	111	1
107	112	0
107	113	1
107	114	1
107	115	0
107	116	1
107	117	1
107	118	0
107	119	1
107	120	1
108	109	1
108	110	1
108	111	0
108	112	1
108	113	0
108	114	1
108	115	0
108	116	0
108	117	0
108	118	1
108	119	0
108	120	1
109	110	1
109	111	0
109	112	0
109	113	0
109	114	0
109	115	1
109	116	1
109	117	1
109	118	0
109	119	0
109	120	1
110	111	1
110	112	1
110	113	1
110	114	1
110	115	1
110	116	1
110	117	1
110	118	0
110	119	0
110	120	0
111	112	0
111	113	0
111	114	0
111	115	0
111	116	0
111	117	1
111	118	1
111	119	0
111	120	1
112	113	0
112	114	0
112	115	0
112	116	1
112	117	0
112	118	1
112	119	1
112	120	0
113	114	1
113	115	0
113	116	1
113	117	0
113	118	0
113	119	0
113	120	1
114	115	1
114	116	0
114	117	0
114	118	1
114	119	0
114	120	1
115	116	0
115	117	0
115	118	1
115	119	0
115	120	0
116	117	0
116	118	0
116	119	0
116	120	0
117	118	1
117	119	0
117	120	1
118	119	1
118	120	1
119	120	1
