120	7140	0
1	2	1
1	3	1
1	4	1
1	5	0
1	6	0
1	7	1
1	8	1
1	9	1
1	10	0
1	11	1
1	12	1
1	13	0
1	14	0
1	15	1
1	16	1
1	17	0
1	18	0
1	19	0
1	20	0
1	21	1
1	22	0
1	23	1
1	24	0
1	25	1
1	26	1
1	27	1
1	28	0
1	29	1
1	30	0
1	31	1
1	32	0
1	33	1
1	34	1
1	35	1
1	36	1
1	37	1
1	38	0
1	39	0
1	40	1
1	41	0
1	42	0
1	43	0
1	44	1
1	45	1
1	46	0
1	47	1
1	48	0
1	49	1
1	50	1
1	51	0
1	52	0
1	53	0
1	54	1
1	55	0
1	56	0
1	57	1
1	58	1
1	59	1
1	60	1
1	61	1
1	62	1
1	63	0
1	64	0
1	65	1
1	66	1
1	67	1
1	68	1
1	69	0
1	70	0
1	71	0
1	72	0
1	73	1
1	74	1
1	75	1
1	76	1
1	77	1
1	78	0
1	79	0
1	80	0
1	81	1
1	82	0
1	83	0
1	84	0
1	85	0
1	86	1
1	87	1
1	88	0
1	89	1
1	90	0
1	91	1
1	92	0
1	93	0
1	94	1
1	95	0
1	96	1
1	97	1
1	98	0
1	99	1
1	100	0
1	101	0
1	102	0
1	103	0
1	104	1
1	105	1
1	106	0
1	107	0
1	108	1
1	109	1
1	110	1
1	111	0
1	112	1
1	113	0
1	114	0
1	115	0
1	116	1
1	117	0
1	118	1
1	119	0
1	120	0
2	3	0
2	4	0
2	5	1
2	6	0
2	7	0
2	8	1
2	9	0
2	10	0
2	11	0
2	12	0
2	13	0
2	14	1
2	15	0
2	16	1
2	17	1
2	18	0
2	19	1
2	20	0
2	21	0
2	22	0
2	23	0
2	24	1
2	25	0
2	26	1
2	27	1
2	28	1
2	29	1
2	30	1
2	31	0
2	32	0
2	33	0
2	34	0
2	35	0
2	36	0
2	37	0
2	38	0
2	39	0
2	40	0
2	41	0
2	42	0
2	43	0
2	44	1
2	45	1
2	46	1
2	47	0
2	48	0
2	49	0
2	50	1
2	51	0
2	52	0
2	53	0
2	54	0
2	55	1
2	56	0
2	57	1
2	58	0
2	59	1
2	60	0
2	61	1
2	62	0
2	63	0
2	64	0
2	65	1
2	66	1
2	67	1
2	68	0
2	69	1
2	70	1
2	71	0
2	72	1
2	73	1
2	74	0
2	75	0
2	76	0
2	77	0
2	78	0
2	79	0
2	80	0
2	81	0
2	82	1
2	83	0
2	84	0
2	85	0
2	86	0
2	87	1
2	88	0
2	89	0
2	90	0
2	91	0
2	92	1
2	93	1
2	94	1
2	95	1
2	96	0
2	97	0
2	98	0
2	99	1
2	100	1
2	101	1
2	102	1
2	103	1
2	104	0
2	105	1
2	106	0
2	107	0
2	108	1
2	109	0
2	110	0
2	111	1
2	112	0
2	113	1
2	114	1
2	115	1
2	116	1
2	117	1
2	118	1
2	119	1
2	120	1
3	4	0
3	5	1
3	6	0
3	7	1
3	8	1
3	9	0
3	10	0
3	11	0
3	12	0
3	13	0
3	14	1
3	15	0
3	16	0
3	17	1
3	18	0
3	19	0
3	20	0
3	21	1
3	22	1
3	23	0
3	24	0
3	25	1
3	26	1
3	27	1
3	28	0
3	29	0
3	30	1
3	31	1
3	32	0
3	33	0
3	34	0
3	35	1
3	36	1
3	37	1
3	38	0
3	39	1
3	40	1
3	41	0
3	42	1
3	43	1
3	44	1
3	45	1
3	46	0
3	47	0
3	48	0
3	49	0
3	50	0
3	51	0
3	52	1
3	53	1
3	54	1
3	55	0
3	56	1
3	57	0
3	58	0
3	59	0
3	60	0
3	61	0
3	62	0
3	63	0
3	64	1
3	65	1
3	66	0
3	67	1
3	68	0
3	69	0
3	70	0
3	71	1
3	72	0
3	73	0
3	74	1
3	75	1
3	76	0
3	77	1
3	78	1
3	79	1
3	80	0
3	81	0
3	82	1
3	83	0
3	84	0
3	85	0
3	86	1
3	87	0
3	88	0
3	89	0
3	90	0
3	91	0
3	92	0
3	93	0
3	94	1
3	95	0
3	96	0
3	97	0
3	98	0
3	99	1
3	100	1
3	101	1
3	102	1
3	103	1
3	104	0
3	105	1
3	106	0
3	107	0
3	108	0
3	109	1
3	110	1
3	111	0
3	112	1
3	113	0
3	114	1
3	115	0
3	116	0
3	117	1
3	118	0
3	119	1
3	120	0
4	5	1
4	6	1
4	7	0
4	8	0
4	9	0
4	10	0
4	11	0
4	12	1
4	13	0
4	14	1
4	15	1
4	16	1
4	17	1
4	18	0
4	19	1
4	20	0
4	21	1
4	22	0
4	23	1
4	24	0
4	25	0
4	26	0
4	27	1
4	28	0
4	29	0
4	30	1
4	31	1
4	32	0
4	33	0
4	34	0
4	35	1
4	36	1
4	37	0
4	38	0
4	39	0
4	40	0
4	41	1
4	42	0
4	43	0
4	44	0
4	45	1
4	46	0
4	47	0
4	48	0
4	49	0
4	50	0
4	51	0
4	52	0
4	53	1
4	54	0
4	55	0
4	56	0
4	57	1
4	58	0
4	59	0
4	60	0
4	61	0
4	62	1
4	63	1
4	64	0
4	65	0
4	66	1
4	67	0
4	68	0
4	69	0
4	70	0
4	71	1
4	72	0
4	73	0
4	74	1
4	75	0
4	76	1
4	77	0
4	78	1
4	79	0
4	80	0
4	81	1
4	82	1
4	83	0
4	84	0
4	85	1
4	86	1
4	87	0
4	88	0
4	89	1
4	90	1
4	91	1
4	92	0
4	93	1
4	94	0
4	95	1
4	96	0
4	97	1
4	98	1
4	99	1
4	100	1
4	101	0
4	102	0
4	103	0
4	104	0
4	105	1
4	106	0
4	107	1
4	108	0
4	109	1
4	110	1
4	111	1
4	112	1
4	113	0
4	114	0
4	115	0
4	116	1
4	117	1
4	118	0
4	119	1
4	120	1
5	6	1
5	7	1
5	8	1
5	9	0
5	10	1
5	11	1
5	12	1
5	13	1
5	14	0
5	15	0
5	16	1
5	17	1
5	18	0
5	19	0
5	20	0
5	21	0
5	22	0
5	23	1
5	24	1
5	25	0
5	26	1
5	27	0
5	28	0
5	29	0
5	30	0
5	31	0
5	32	0
5	33	1
5	34	1
5	35	0
5	36	1
5	37	0
5	38	1
5	39	1
5	40	1
5	41	1
5	42	0
5	43	0
5	44	0
5	45	0
5	46	1
5	47	0
5	48	1
5	49	0
5	50	0
5	51	1
5	52	0
5	53	1
5	54	1
5	55	0
5	56	0
5	57	0
5	58	1
5	59	0
5	60	0
5	61	1
5	62	0
5	63	1
5	64	0
5	65	0
5	66	1
5	67	1
5	68	0
5	69	0
5	70	0
5	71	1
5	72	1
5	73	0
5	74	0
5	75	0
5	76	0
5	77	0
5	78	1
5	79	0
5	80	1
5	81	1
5	82	0
5	83	0
5	84	1
5	85	1
5	86	0
5	87	1
5	88	0
5	89	0
5	90	1
5	91	0
5	92	0
5	93	0
5	94	0
5	95	1
5	96	0
5	97	0
5	98	1
5	99	1
5	100	0
5	101	0
5	102	0
5	103	0
5	104	1
5	105	0
5	106	0
5	107	1
5	108	1
5	109	0
5	110	0
5	111	0
5	112	1
5	113	0
5	114	1
5	115	0
5	116	1
5	117	1
5	118	1
5	119	1
5	120	0
6	7	0
6	8	0
6	9	0
6	10	1
6	11	0
6	12	0
6	13	0
6	14	1
6	15	1
6	16	0
6	17	1
6	18	1
6	19	0
6	20	1
6	21	1
6	22	0
6	23	0
6	24	0
6	25	1
6	26	1
6	27	0
6	28	0
6	29	1
6	30	0
6	31	1
6	32	0
6	33	0
6	34	0
6	35	0
6	36	1
6	37	1
6	38	1
6	39	0
6	40	1
6	41	1
6	42	0
6	43	0
6	44	0
6	45	0
6	46	0
6	47	1
6	48	0
6	49	0
6	50	1
6	51	1
6	52	1
6	53	0
6	54	0
6	55	1
6	56	0
6	57	1
6	58	0
6	59	0
6	60	0
6	61	1
6	62	0
6	63	1
6	64	1
6	65	0
6	66	1
6	67	1
6	68	0
6	69	1
6	70	1
6	71	0
6	72	0
6	73	0
6	74	1
6	75	0
6	76	0
6	77	1
6	78	1
6	79	1
6	80	0
6	81	1
6	82	0
6	83	1
6	84	0
6	85	1
6	86	1
6	87	1
6	88	1
6	89	1
6	90	1
6	91	0
6	92	0
6	93	0
6	94	1
6	95	1
6	96	0
6	97	1
6	98	0
6	99	1
6	100	1
6	101	0
6	102	0
6	103	1
6	104	1
6	105	0
6	106	0
6	107	0
6	108	0
6	109	0
6	110	1
6	111	1
6	112	1
6	113	0
6	114	0
6	115	1
6	116	1
6	117	0
6	118	1
6	119	1
6	120	1
7	8	0
7	9	1
7	10	0
7	11	1
7	12	1
7	13	0
7	14	1
7	15	0
7	16	0
7	17	0
7	18	1
7	19	1
7	20	1
7	21	0
7	22	0
7	23	0
7	24	1
7	25	0
7	26	1
7	27	1
7	28	0
7	29	0
7	30	0
7	31	1
7	32	1
7	33	1
7	34	1
7	35	0
7	36	0
7	37	0
7	38	1
7	39	1
7	40	0
7	41	0
7	42	1
7	43	0
7	44	0
7	45	1
7	46	0
7	47	1
7	48	1
7	49	1
7	50	0
7	51	0
7	52	0
7	53	1
7	54	0
7	55	1
7	56	0
7	57	1
7	58	0
7	59	0
7	60	0
7	61	0
7	62	1
7	63	0
7	64	0
7	65	1
7	66	1
7	67	1
7	68	0
7	69	0
7	70	0
7	71	1
7	72	1
7	73	1
7	74	0
7	75	1
7	76	0
7	77	1
7	78	0
7	79	1
7	80	0
7	81	0
7	82	1
7	83	1
7	84	0
7	85	0
7	86	0
7	87	0
7	88	0
7	89	0
7	90	1
7	91	0
7	92	1
7	93	0
7	94	1
7	95	0
7	96	0
7	97	0
7	98	0
7	99	0
7	100	0
7	101	0
7	102	0
7	103	1
7	104	1
7	105	0
7	106	1
7	107	1
7	108	0
7	109	0
7	110	1
7	111	0
7	112	0
7	113	1
7	114	1
7	115	0
7	116	1
7	117	0
7	118	0
7	119	0
7	120	0
8	9	1
8	10	1
8	11	0
8	12	1
8	13	0
8	14	1
8	15	1
8	16	0
8	17	0
8	18	1
8	19	1
8	20	1
8	21	1
8	22	1
8	23	0
8	24	1
8	25	1
8	26	1
8	27	1
8	28	0
8	29	1
8	30	0
8	31	0
8	32	0
8	33	1
8	34	0
8	35	0
8	36	1
8	37	0
8	38	0
8	39	0
8	40	1
8	41	1
8	42	0
8	43	1
8	44	1
8	45	0
8	46	0
8	47	0
8	48	0
8	49	0
8	50	1
8	51	1
8	52	1
8	53	0
8	54	1
8	55	0
8	56	0
8	57	1
8	58	0
8	59	0
8	60	0
8	61	1
8	62	1
8	63	1
8	64	0
8	65	1
8	66	0
8	67	0
8	68	0
8	69	1
8	70	1
8	71	0
8	72	0
8	73	0
8	74	1
8	75	1
8	76	1
8	77	0
8	78	1
8	79	1
8	80	1
8	81	0
8	82	0
8	83	0
8	84	0
8	85	1
8	86	1
8	87	1
8	88	1
8	89	1
8	90	1
8	91	0
8	92	0
8	93	1
8	94	0
8	95	0
8	96	0
8	97	1
8	98	1
8	99	0
8	100	0
8	101	0
8	102	0
8	103	1
8	104	1
8	105	1
8	106	1
8	107	0
8	108	0
8	109	0
8	110	1
8	111	0
8	112	1
8	113	1
8	114	1
8	115	1
8	116	0
8	117	1
8	118	1
8	119	1
8	120	1
9	10	1
9	11	0
9	12	0
9	13	1
9	14	1
9	15	1
9	16	1
9	17	1
9	18	1
9	19	1
9	20	0
9	21	0
9	22	1
9	23	0
9	24	1
9	25	1
9	26	0
9	27	1
9	28	1
9	29	1
9	30	0
9	31	0
9	32	0
9	33	0
9	34	1
9	35	0
9	36	1
9	37	1
9	38	0
9	39	1
9	40	1
9	41	0
9	42	1
9	43	1
9	44	0
9	45	0
9	46	1
9	47	1
9	48	1
9	49	0
9	50	0
9	51	1
9	52	0
9	53	0
9	54	0
9	55	0
9	56	0
9	57	1
9	58	0
9	59	0
9	60	1
9	61	0
9	62	1
9	63	0
9	64	1
9	65	1
9	66	0
9	67	0
9	68	1
9	69	0
9	70	0
9	71	0
9	72	0
9	73	1
9	74	0
9	75	1
9	76	0
9	77	1
9	78	0
9	79	0
9	80	0
9	81	1
9	82	0
9	83	0
9	84	1
9	85	0
9	86	0
9	87	1
9	88	1
9	89	1
9	90	0
9	91	1
9	92	0
9	93	0
9	94	0
9	95	1
9	96	1
9	97	0
9	98	1
9	99	0
9	100	0
9	101	1
9	102	1
9	103	0
9	104	1
9	105	0
9	106	0
9	107	0
9	108	0
9	109	0
9	110	0
9	111	0
9	112	1
9	113	1
9	114	1
9	115	1
9	116	1
9	117	1
9	118	0
9	119	0
9	120	1
10	11	0
10	12	1
10	13	1
10	14	1
10	15	0
10	16	1
10	17	1
10	18	1
10	19	1
10	20	0
10	21	0
10	22	0
10	23	1
10	24	1
10	25	0
10	26	0
10	27	1
10	28	0
10	29	1
10	30	1
10	31	0
10	32	1
10	33	1
10	34	1
10	35	0
10	36	1
10	37	0
10	38	1
10	39	0
10	40	1
10	41	0
10	42	1
10	43	1
10	44	1
10	45	1
10	46	1
10	47	1
10	48	1
10	49	0
10	50	0
10	51	0
10	52	0
10	53	0
10	54	0
10	55	0
10	56	1
10	57	1
10	58	0
10	59	0
10	60	1
10	61	0
10	62	1
10	63	1
10	64	0
10	65	0
10	66	1
10	67	1
10	68	0
10	69	1
10	70	0
10	71	0
10	72	0
10	73	1
10	74	0
10	75	0
10	76	0
10	77	0
10	78	0
10	79	1
10	80	0
10	81	1
10	82	0
10	83	0
10	84	1
10	85	0
10	86	0
10	87	1
10	88	1
10	89	0
10	90	0
10	91	0
10	92	1
10	93	0
10	94	0
10	95	0
10	96	0
10	97	0
10	98	1
10	99	1
10	100	0
10	101	1
10	102	1
10	103	1
10	104	0
10	105	1
10	106	0
10	107	0
10	108	0
10	109	0
10	110	0
10	111	1
10	112	1
10	113	1
10	114	1
10	115	1
10	116	0
10	117	0
10	118	1
10	119	1
10	120	0
11	12	0
11	13	0
11	14	1
11	15	1
11	16	0
11	17	0
11	18	0
11	19	1
11	20	0
11	21	1
11	22	1
11	23	0
11	24	1
11	25	1
11	26	1
11	27	1
11	28	1
11	29	1
11	30	1
11	31	0
11	32	1
11	33	0
11	34	0
11	35	0
11	36	1
11	37	1
11	38	0
11	39	0
11	40	1
11	41	1
11	42	0
11	43	1
11	44	0
11	45	0
11	46	1
11	47	0
11	48	1
11	49	1
11	50	1
11	51	1
11	52	1
11	53	1
11	54	1
11	55	1
11	56	1
11	57	0
11	58	0
11	59	0
11	60	0
11	61	0
11	62	0
11	63	0
11	64	0
11	65	0
11	66	1
11	67	1
11	68	0
11	69	1
11	70	0
11	71	0
11	72	0
11	73	1
11	74	0
11	75	0
11	76	0
11	77	1
11	78	0
11	79	1
11	80	0
11	81	1
11	82	1
11	83	1
11	84	1
11	85	0
11	86	0
11	87	1
11	88	1
11	89	1
11	90	0
11	91	1
11	92	1
11	93	1
11	94	1
11	95	1
11	96	1
11	97	0
11	98	0
11	99	0
11	100	0
11	101	1
11	102	0
11	103	1
11	104	1
11	105	0
11	106	0
11	107	1
11	108	1
11	109	0
11	110	0
11	111	1
11	112	1
11	113	1
11	114	1
11	115	0
11	116	1
11	117	0
11	118	0
11	119	0
11	120	1
12	13	0
12	14	1
12	15	1
12	16	1
12	17	1
12	18	1
12	19	1
12	20	0
12	21	0
12	22	1
12	23	1
12	24	0
12	25	1
12	26	1
12	27	1
12	28	0
12	29	1
12	30	1
12	31	0
12	32	0
12	33	1
12	34	1
12	35	0
12	36	0
12	37	1
12	38	0
12	39	0
12	40	0
12	41	0
12	42	1
12	43	0
12	44	0
12	45	1
12	46	0
12	47	1
12	48	1
12	49	1
12	50	0
12	51	1
12	52	1
12	53	0
12	54	0
12	55	1
12	56	0
12	57	0
12	58	1
12	59	0
12	60	0
12	61	1
12	62	1
12	63	1
12	64	1
12	65	1
12	66	0
12	67	1
12	68	0
12	69	1
12	70	1
12	71	1
12	72	1
12	73	1
12	74	1
12	75	0
12	76	0
12	77	1
12	78	1
12	79	1
12	80	0
12	81	0
12	82	1
12	83	0
12	84	1
12	85	1
12	86	1
12	87	1
12	88	1
12	89	0
12	90	0
12	91	1
12	92	1
12	93	1
12	94	1
12	95	1
12	96	0
12	97	0
12	98	0
12	99	1
12	100	1
12	101	0
12	102	1
12	103	1
12	104	0
12	105	0
12	106	1
12	107	1
12	108	1
12	109	1
12	110	1
12	111	1
12	112	1
12	113	0
12	114	0
12	115	0
12	116	0
12	117	1
12	118	1
12	119	1
12	120	0
13	14	0
13	15	1
13	16	0
13	17	0
13	18	1
13	19	1
13	20	1
13	21	1
13	22	1
13	23	0
13	24	0
13	25	0
13	26	0
13	27	1
13	28	1
13	29	0
13	30	0
13	31	0
13	32	0
13	33	0
13	34	1
13	35	0
13	36	0
13	37	0
13	38	0
13	39	0
13	40	0
13	41	0
13	42	0
13	43	0
13	44	0
13	45	0
13	46	0
13	47	0
13	48	1
13	49	1
13	50	0
13	51	0
13	52	1
13	53	1
13	54	1
13	55	1
13	56	0
13	57	1
13	58	0
13	59	1
13	60	1
13	61	1
13	62	0
13	63	0
13	64	0
13	65	1
13	66	0
13	67	0
13	68	1
13	69	0
13	70	1
13	71	0
13	72	0
13	73	0
13	74	1
13	75	1
13	76	1
13	77	0
13	78	0
13	79	1
13	80	0
13	81	0
13	82	0
13	83	1
13	84	1
13	85	0
13	86	0
13	87	1
13	88	0
13	89	1
13	90	0
13	91	1
13	92	1
13	93	0
13	94	0
13	95	1
13	96	1
13	97	0
13	98	0
13	99	0
13	100	1
13	101	1
13	102	0
13	103	0
13	104	0
13	105	0
13	106	0
13	107	1
13	108	1
13	109	0
13	110	0
13	111	1
13	112	1
13	113	0
13	114	1
13	115	0
13	116	0
13	117	0
13	118	1
13	119	1
13	120	1
14	15	0
14	16	0
14	17	0
14	18	1
14	19	1
14	20	1
14	21	1
14	22	1
14	23	0
14	24	1
14	25	1
14	26	1
14	27	1
14	28	0
14	29	1
14	30	1
14	31	1
14	32	0
14	33	0
14	34	1
14	35	0
14	36	1
14	37	0
14	38	1
14	39	1
14	40	1
14	41	0
14	42	1
14	43	1
14	44	0
14	45	1
14	46	1
14	47	0
14	48	0
14	49	1
14	50	0
14	51	0
14	52	1
14	53	1
14	54	0
14	55	0
14	56	0
14	57	0
14	58	0
14	59	1
14	60	0
14	61	1
14	62	1
14	63	0
14	64	1
14	65	1
14	66	1
14	67	0
14	68	0
14	69	0
14	70	1
14	71	0
14	72	1
14	73	0
14	74	0
14	75	1
14	76	1
14	77	1
14	78	1
14	79	1
14	80	0
14	81	1
14	82	0
14	83	0
14	84	1
14	85	1
14	86	1
14	87	1
14	88	1
14	89	0
14	90	1
14	91	1
14	92	1
14	93	0
14	94	1
14	95	0
14	96	0
14	97	1
14	98	1
14	99	0
14	100	1
14	101	0
14	102	0
14	103	1
14	104	1
14	105	0
14	106	1
14	107	1
14	108	1
14	109	0
14	110	1
14	111	0
14	112	0
14	113	1
14	114	1
14	115	1
14	116	0
14	117	1
14	118	0
14	119	0
14	120	0
15	16	0
15	17	1
15	18	1
15	19	0
15	20	0
15	21	0
15	22	0
15	23	0
15	24	0
15	25	0
15	26	0
15	27	0
15	28	0
15	29	0
15	30	1
15	31	0
15	32	1
15	33	0
15	34	0
15	35	1
15	36	0
15	37	1
15	38	1
15	39	0
15	40	1
15	41	0
15	42	0
15	43	0
15	44	1
15	45	1
15	46	0
15	47	0
15	48	0
15	49	0
15	50	0
15	51	0
15	52	1
15	53	0
15	54	0
15	55	0
15	56	1
15	57	1
15	58	0
15	59	0
15	60	0
15	61	0
15	62	1
15	63	0
15	64	0
15	65	1
15	66	0
15	67	1
15	68	0
15	69	0
15	70	1
15	71	1
15	72	1
15	73	0
15	74	1
15	75	1
15	76	0
15	77	1
15	78	1
15	79	1
15	80	1
15	81	0
15	82	1
15	83	1
15	84	1
15	85	1
15	86	0
15	87	0
15	88	0
15	89	0
15	90	0
15	91	1
15	92	0
15	93	1
15	94	0
15	95	0
15	96	0
15	97	0
15	98	0
15	99	1
15	100	0
15	101	1
15	102	1
15	103	0
15	104	0
15	105	1
15	106	0
15	107	0
15	108	1
15	109	0
15	110	1
15	111	1
15	112	0
15	113	1
15	114	0
15	115	0
15	116	1
15	117	0
15	118	1
15	119	0
15	120	1
16	17	0
16	18	1
16	19	1
16	20	0
16	21	0
16	22	0
16	23	1
16	24	0
16	25	1
16	26	0
16	27	0
16	28	1
16	29	1
16	30	1
16	31	0
16	32	1
16	33	1
16	34	1
16	35	1
16	36	1
16	37	0
16	38	0
16	39	0
16	40	0
16	41	1
16	42	0
16	43	0
16	44	0
16	45	0
16	46	1
16	47	1
16	48	0
16	49	0
16	50	1
16	51	0
16	52	0
16	53	0
16	54	0
16	55	0
16	56	0
16	57	0
16	58	0
16	59	0
16	60	1
16	61	1
16	62	0
16	63	1
16	64	1
16	65	0
16	66	1
16	67	1
16	68	1
16	69	1
16	70	1
16	71	1
16	72	0
16	73	1
16	74	0
16	75	1
16	76	1
16	77	0
16	78	0
16	79	0
16	80	1
16	81	1
16	82	0
16	83	0
16	84	1
16	85	0
16	86	0
16	87	0
16	88	1
16	89	0
16	90	0
16	91	1
16	92	1
16	93	0
16	94	1
16	95	0
16	96	1
16	97	1
16	98	0
16	99	0
16	100	1
16	101	1
16	102	1
16	103	1
16	104	0
16	105	1
16	106	1
16	107	0
16	108	1
16	109	0
16	110	0
16	111	0
16	112	1
16	113	0
16	114	0
16	115	0
16	116	1
16	117	0
16	118	1
16	119	1
16	120	1
17	18	0
17	19	1
17	20	1
17	21	1
17	22	1
17	23	0
17	24	1
17	25	0
17	26	0
17	27	1
17	28	0
17	29	1
17	30	1
17	31	1
17	32	0
17	33	0
17	34	1
17	35	1
17	36	0
17	37	1
17	38	1
17	39	0
17	40	0
17	41	0
17	42	1
17	43	1
17	44	0
17	45	0
17	46	0
17	47	0
17	48	0
17	49	1
17	50	0
17	51	0
17	52	1
17	53	1
17	54	0
17	55	0
17	56	1
17	57	0
17	58	1
17	59	0
17	60	0
17	61	0
17	62	1
17	63	0
17	64	1
17	65	0
17	66	0
17	67	0
17	68	0
17	69	1
17	70	1
17	71	1
17	72	1
17	73	0
17	74	0
17	75	0
17	76	1
17	77	1
17	78	1
17	79	0
17	80	1
17	81	0
17	82	1
17	83	1
17	84	1
17	85	0
17	86	0
17	87	0
17	88	1
17	89	0
17	90	1
17	91	1
17	92	1
17	93	0
17	94	1
17	95	0
17	96	0
17	97	1
17	98	0
17	99	1
17	100	0
17	101	0
17	102	0
17	103	1
17	104	0
17	105	1
17	106	1
17	107	1
17	108	0
17	109	1
17	110	1
17	111	0
17	112	0
17	113	0
17	114	0
17	115	1
17	116	0
17	117	1
17	118	0
17	119	1
17	120	0
18	19	0
18	20	1
18	21	1
18	22	0
18	23	1
18	24	1
18	25	0
18	26	1
18	27	1
18	28	1
18	29	0
18	30	1
18	31	1
18	32	0
18	33	0
18	34	0
18	35	0
18	36	0
18	37	1
18	38	1
18	39	0
18	40	0
18	41	0
18	42	0
18	43	1
18	44	0
18	45	0
18	46	1
18	47	1
18	48	1
18	49	0
18	50	0
18	51	1
18	52	0
18	53	0
18	54	1
18	55	1
18	56	1
18	57	0
18	58	1
18	59	0
18	60	0
18	61	0
18	62	0
18	63	0
18	64	0
18	65	1
18	66	0
18	67	1
18	68	1
18	69	1
18	70	0
18	71	0
18	72	0
18	73	0
18	74	0
18	75	1
18	76	0
18	77	0
18	78	1
18	79	1
18	80	1
18	81	0
18	82	1
18	83	0
18	84	0
18	85	0
18	86	0
18	87	0
18	88	0
18	89	1
18	90	1
18	91	0
18	92	0
18	93	1
18	94	0
18	95	1
18	96	1
18	97	0
18	98	0
18	99	1
18	100	0
18	101	0
18	102	1
18	103	1
18	104	0
18	105	1
18	106	1
18	107	0
18	108	0
18	109	1
18	110	1
18	111	0
18	112	1
18	113	1
18	114	0
18	115	1
18	116	0
18	117	1
18	118	0
18	119	0
18	120	1
19	20	0
19	21	0
19	22	1
19	23	0
19	24	0
19	25	0
19	26	1
19	27	0
19	28	1
19	29	0
19	30	1
19	31	1
19	32	1
19	33	1
19	34	0
19	35	0
19	36	0
19	37	1
19	38	1
19	39	0
19	40	1
19	41	1
19	42	0
19	43	0
19	44	0
19	45	0
19	46	0
19	47	0
19	48	0
19	49	1
19	50	0
19	51	1
19	52	0
19	53	1
19	54	1
19	55	0
19	56	0
19	57	0
19	58	1
19	59	0
19	60	1
19	61	0
19	62	0
19	63	1
19	64	0
19	65	0
19	66	0
19	67	1
19	68	0
19	69	0
19	70	1
19	71	0
19	72	1
19	73	0
19	74	0
19	75	0
19	76	1
19	77	1
19	78	1
19	79	0
19	80	0
19	81	0
19	82	0
19	83	0
19	84	1
19	85	1
19	86	1
19	87	1
19	88	1
19	89	0
19	90	1
19	91	1
19	92	0
19	93	1
19	94	0
19	95	1
19	96	0
19	97	0
19	98	1
19	99	1
19	100	1
19	101	1
19	102	0
19	103	1
19	104	0
19	105	1
19	106	0
19	107	0
19	108	0
19	109	0
19	110	0
19	111	0
19	112	1
19	113	1
19	114	0
19	115	1
19	116	0
19	117	0
19	118	1
19	119	0
19	120	1
20	21	0
20	22	1
20	23	0
20	24	0
20	25	0
20	26	1
20	27	1
20	28	1
20	29	1
20	30	1
20	31	1
20	32	1
20	33	0
20	34	0
20	35	1
20	36	1
20	37	0
20	38	0
20	39	1
20	40	1
20	41	1
20	42	0
20	43	0
20	44	0
20	45	1
20	46	0
20	47	0
20	48	0
20	49	1
20	50	0
20	51	1
20	52	1
20	53	1
20	54	0
20	55	0
20	56	0
20	57	0
20	58	1
20	59	0
20	60	1
20	61	0
20	62	1
20	63	0
20	64	0
20	65	1
20	66	0
20	67	1
20	68	0
20	69	1
20	70	1
20	71	1
20	72	0
20	73	1
20	74	0
20	75	1
20	76	1
20	77	0
20	78	1
20	79	0
20	80	0
20	81	1
20	82	1
20	83	1
20	84	0
20	85	0
20	86	1
20	87	0
20	88	1
20	89	1
20	90	0
20	91	1
20	92	0
20	93	0
20	94	1
20	95	0
20	96	0
20	97	0
20	98	0
20	99	0
20	100	0
20	101	1
20	102	1
20	103	1
20	104	1
20	105	1
20	106	1
20	107	0
20	108	0
20	109	1
20	110	0
20	111	0
20	112	0
20	113	0
20	114	0
20	115	1
20	116	0
20	117	0
20	118	0
20	119	0
20	120	0
21	22	0
21	23	1
21	24	0
21	25	0
21	26	1
21	27	0
21	28	1
21	29	1
21	30	1
21	31	0
21	32	0
21	33	1
21	34	0
21	35	0
21	36	0
21	37	0
21	38	0
21	39	0
21	40	1
21	41	1
21	42	0
21	43	1
21	44	0
21	45	0
21	46	1
21	47	1
21	48	0
21	49	0
21	50	1
21	51	0
21	52	1
21	53	0
21	54	1
21	55	0
21	56	0
21	57	1
21	58	1
21	59	1
21	60	1
21	61	0
21	62	1
21	63	0
21	64	0
21	65	1
21	66	1
21	67	1
21	68	1
21	69	1
21	70	1
21	71	0
21	72	0
21	73	0
21	74	0
21	75	1
21	76	0
21	77	0
21	78	0
21	79	1
21	80	0
21	81	0
21	82	1
21	83	1
21	84	0
21	85	0
21	86	0
21	87	0
21	88	0
21	89	0
21	90	1
21	91	1
21	92	1
21	93	1
21	94	0
21	95	1
21	96	1
21	97	1
21	98	1
21	99	1
21	100	0
21	101	0
21	102	1
21	103	1
21	104	0
21	105	1
21	106	1
21	107	1
21	108	0
21	109	0
21	110	1
21	111	1
21	112	1
21	113	0
21	114	1
21	115	0
21	116	0
21	117	1
21	118	1
21	119	0
21	120	1
22	23	1
22	24	0
22	25	1
22	26	0
22	27	0
22	28	1
22	29	0
22	30	0
22	31	0
22	32	1
22	33	0
22	34	0
22	35	0
22	36	1
22	37	0
22	38	0
22	39	1
22	40	1
22	41	0
22	42	0
22	43	0
22	44	0
22	45	1
22	46	0
22	47	0
22	48	0
22	49	0
22	50	0
22	51	0
22	52	0
22	53	1
22	54	0
22	55	1
22	56	0
22	57	0
22	58	0
22	59	0
22	60	1
22	61	0
22	62	0
22	63	1
22	64	0
22	65	0
22	66	0
22	67	1
22	68	0
22	69	1
22	70	1
22	71	0
22	72	0
22	73	1
22	74	0
22	75	1
22	76	0
22	77	0
22	78	1
22	79	0
22	80	0
22	81	0
22	82	1
22	83	0
22	84	0
22	85	1
22	86	0
22	87	1
22	88	0
22	89	1
22	90	0
22	91	0
22	92	0
22	93	0
22	94	1
22	95	1
22	96	0
22	97	0
22	98	0
22	99	1
22	100	0
22	101	0
22	102	0
22	103	0
22	104	0
22	105	1
22	106	1
22	107	0
22	108	1
22	109	1
22	110	0
22	111	0
22	112	1
22	113	1
22	114	1
22	115	0
22	116	0
22	117	1
22	118	1
22	119	0
22	120	1
23	24	0
23	25	1
23	26	0
23	27	0
23	28	1
23	29	1
23	30	1
23	31	1
23	32	1
23	33	1
23	34	0
23	35	1
23	36	1
23	37	0
23	38	0
23	39	0
23	40	0
23	41	1
23	42	0
23	43	1
23	44	1
23	45	0
23	46	0
23	47	0
23	48	0
23	49	0
23	50	1
23	51	0
23	52	0
23	53	1
23	54	0
23	55	1
23	56	0
23	57	1
23	58	1
23	59	1
23	60	1
23	61	0
23	62	0
23	63	1
23	64	1
23	65	1
23	66	0
23	67	0
23	68	1
23	69	1
23	70	0
23	71	1
23	72	1
23	73	1
23	74	1
23	75	1
23	76	0
23	77	0
23	78	1
23	79	0
23	80	1
23	81	0
23	82	0
23	83	0
23	84	0
23	85	0
23	86	0
23	87	0
23	88	0
23	89	1
23	90	0
23	91	0
23	92	0
23	93	0
23	94	0
23	95	0
23	96	0
23	97	0
23	98	0
23	99	1
23	100	1
23	101	1
23	102	1
23	103	0
23	104	1
23	105	0
23	106	0
23	107	0
23	108	1
23	109	1
23	110	0
23	111	1
23	112	1
23	113	0
23	114	0
23	115	1
23	116	0
23	117	1
23	118	0
23	119	1
23	120	1
24	25	1
24	26	0
24	27	1
24	28	1
24	29	1
24	30	0
24	31	0
24	32	0
24	33	0
24	34	0
24	35	0
24	36	1
24	37	0
24	38	1
24	39	0
24	40	0
24	41	0
24	42	0
24	43	1
24	44	1
24	45	0
24	46	0
24	47	0
24	48	1
24	49	1
24	50	0
24	51	0
24	52	1
24	53	1
24	54	1
24	55	0
24	56	1
24	57	0
24	58	1
24	59	1
24	60	1
24	61	1
24	62	1
24	63	0
24	64	0
24	65	1
24	66	0
24	67	1
24	68	1
24	69	1
24	70	0
24	71	1
24	72	1
24	73	0
24	74	0
24	75	1
24	76	1
24	77	0
24	78	0
24	79	0
24	80	1
24	81	1
24	82	1
24	83	1
24	84	0
24	85	1
24	86	0
24	87	1
24	88	1
24	89	1
24	90	1
24	91	0
24	92	1
24	93	1
24	94	0
24	95	1
24	96	0
24	97	0
24	98	1
24	99	0
24	100	0
24	101	0
24	102	1
24	103	0
24	104	1
24	105	0
24	106	1
24	107	0
24	108	1
24	109	0
24	110	0
24	111	0
24	112	1
24	113	1
24	114	0
24	115	0
24	116	0
24	117	0
24	118	0
24	119	0
24	120	1
25	26	0
25	27	1
25	28	1
25	29	0
25	30	1
25	31	1
25	32	1
25	33	1
25	34	0
25	35	1
25	36	1
25	37	1
25	38	1
25	39	1
25	40	1
25	41	1
25	42	1
25	43	0
25	44	0
25	45	1
25	46	1
25	47	0
25	48	1
25	49	0
25	50	1
25	51	0
25	52	1
25	53	0
25	54	1
25	55	1
25	56	0
25	57	0
25	58	0
25	59	0
25	60	0
25	61	0
25	62	0
25	63	1
25	64	0
25	65	0
25	66	1
25	67	0
25	68	0
25	69	1
25	70	1
25	71	0
25	72	0
25	73	1
25	74	0
25	75	0
25	76	0
25	77	0
25	78	1
25	79	0
25	80	1
25	81	1
25	82	1
25	83	0
25	84	1
25	85	1
25	86	1
25	87	0
25	88	1
25	89	0
25	90	0
25	91	1
25	92	1
25	93	0
25	94	0
25	95	0
25	96	0
25	97	0
25	98	1
25	99	0
25	100	0
25	101	0
25	102	1
25	103	0
25	104	1
25	105	1
25	106	0
25	107	1
25	108	0
25	109	1
25	110	0
25	111	0
25	112	0
25	113	1
25	114	0
25	115	0
25	116	1
25	117	1
25	118	1
25	119	0
25	120	1
26	27	0
26	28	0
26	29	0
26	30	0
26	31	0
26	32	0
26	33	0
26	34	0
26	35	1
26	36	0
26	37	0
26	38	0
26	39	1
26	40	0
26	41	0
26	42	0
26	43	0
26	44	0
26	45	0
26	46	0
26	47	0
26	48	0
26	49	0
26	50	1
26	51	1
26	52	0
26	53	1
26	54	0
26	55	1
26	56	1
26	57	0
26	58	1
26	59	0
26	60	0
26	61	0
26	62	0
26	63	0
26	64	1
26	65	1
26	66	1
26	67	1
26	68	1
26	69	0
26	70	0
26	71	1
26	72	0
26	73	0
26	74	0
26	75	0
26	76	1
26	77	1
26	78	0
26	79	1
26	80	0
26	81	1
26	82	0
26	83	0
26	84	1
26	85	1
26	86	0
26	87	1
26	88	1
26	89	0
26	90	0
26	91	0
26	92	0
26	93	1
26	94	0
26	95	0
26	96	1
26	97	1
26	98	1
26	99	0
26	100	0
26	101	0
26	102	0
26	103	1
26	104	1
26	105	0
26	106	0
26	107	1
26	108	1
26	109	1
26	110	0
26	111	0
26	112	0
26	113	0
26	114	0
26	115	0
26	116	1
26	117	1
26	118	0
26	119	0
26	120	0
27	28	0
27	29	0
27	30	1
27	31	1
27	32	0
27	33	1
27	34	0
27	35	0
27	36	1
27	37	1
27	38	0
27	39	0
27	40	1
27	41	0
27	42	1
27	43	0
27	44	0
27	45	1
27	46	0
27	47	0
27	48	1
27	49	0
27	50	0
27	51	1
27	52	0
27	53	0
27	54	1
27	55	0
27	56	1
27	57	0
27	58	0
27	59	1
27	60	1
27	61	1
27	62	0
27	63	1
27	64	1
27	65	0
27	66	1
27	67	1
27	68	0
27	69	0
27	70	0
27	71	1
27	72	0
27	73	0
27	74	1
27	75	1
27	76	0
27	77	1
27	78	0
27	79	0
27	80	0
27	81	1
27	82	1
27	83	0
27	84	0
27	85	0
27	86	1
27	87	1
27	88	0
27	89	1
27	90	1
27	91	0
27	92	0
27	93	0
27	94	1
27	95	0
27	96	0
27	97	1
27	98	1
27	99	1
27	100	1
27	101	0
27	102	0
27	103	0
27	104	0
27	105	1
27	106	1
27	107	0
27	108	0
27	109	0
27	110	0
27	111	1
27	112	1
27	113	1
27	114	1
27	115	0
27	116	1
27	117	0
27	118	1
27	119	1
27	120	1
28	29	0
28	30	0
28	31	0
28	32	1
28	33	1
28	34	0
28	35	0
28	36	1
28	37	0
28	38	1
28	39	0
28	40	0
28	41	1
28	42	1
28	43	1
28	44	0
28	45	0
28	46	0
28	47	0
28	48	0
28	49	0
28	50	0
28	51	1
28	52	1
28	53	1
28	54	0
28	55	1
28	56	0
28	57	0
28	58	0
28	59	0
28	60	0
28	61	1
28	62	0
28	63	1
28	64	0
28	65	1
28	66	0
28	67	1
28	68	0
28	69	1
28	70	0
28	71	0
28	72	1
28	73	0
28	74	0
28	75	0
28	76	1
28	77	1
28	78	1
28	79	0
28	80	0
28	81	0
28	82	1
28	83	0
28	84	1
28	85	0
28	86	1
28	87	1
28	88	1
28	89	1
28	90	1
28	91	1
28	92	0
28	93	0
28	94	0
28	95	1
28	96	1
28	97	1
28	98	1
28	99	0
28	100	1
28	101	0
28	102	1
28	103	0
28	104	1
28	105	0
28	106	1
28	107	0
28	108	0
28	109	0
28	110	1
28	111	1
28	112	0
28	113	1
28	114	1
28	115	0
28	116	1
28	117	0
28	118	0
28	119	0
28	120	0
29	30	1
29	31	1
29	32	0
29	33	1
29	34	1
29	35	0
29	36	0
29	37	0
29	38	1
29	39	0
29	40	1
29	41	0
29	42	1
29	43	1
29	44	0
29	45	1
29	46	0
29	47	0
29	48	0
29	49	0
29	50	0
29	51	1
29	52	0
29	53	1
29	54	0
29	55	1
29	56	0
29	57	1
29	58	0
29	59	1
29	60	0
29	61	0
29	62	1
29	63	0
29	64	0
29	65	1
29	66	1
29	67	0
29	68	0
29	69	1
29	70	0
29	71	0
29	72	0
29	73	0
29	74	0
29	75	1
29	76	0
29	77	0
29	78	1
29	79	1
29	80	1
29	81	0
29	82	1
29	83	0
29	84	1
29	85	0
29	86	0
29	87	1
29	88	1
29	89	1
29	90	1
29	91	0
29	92	0
29	93	1
29	94	0
29	95	1
29	96	0
29	97	0
29	98	0
29	99	1
29	100	0
29	101	1
29	102	1
29	103	1
29	104	0
29	105	1
29	106	0
29	107	0
29	108	1
29	109	0
29	110	0
29	111	0
29	112	1
29	113	0
29	114	0
29	115	0
29	116	1
29	117	0
29	118	0
29	119	1
29	120	1
30	31	1
30	32	1
30	33	0
30	34	0
30	35	1
30	36	1
30	37	0
30	38	0
30	39	1
30	40	0
30	41	1
30	42	0
30	43	0
30	44	1
30	45	1
30	46	0
30	47	1
30	48	1
30	49	0
30	50	0
30	51	1
30	52	0
30	53	1
30	54	1
30	55	1
30	56	0
30	57	1
30	58	0
30	59	0
30	60	0
30	61	1
30	62	1
30	63	1
30	64	1
30	65	1
30	66	1
30	67	0
30	68	1
30	69	1
30	70	0
30	71	1
30	72	0
30	73	1
30	74	0
30	75	0
30	76	1
30	77	0
30	78	1
30	79	1
30	80	0
30	81	0
30	82	1
30	83	0
30	84	1
30	85	0
30	86	1
30	87	1
30	88	1
30	89	0
30	90	1
30	91	0
30	92	0
30	93	1
30	94	1
30	95	0
30	96	0
30	97	0
30	98	0
30	99	1
30	100	1
30	101	0
30	102	0
30	103	0
30	104	1
30	105	0
30	106	0
30	107	0
30	108	1
30	109	0
30	110	1
30	111	1
30	112	0
30	113	0
30	114	0
30	115	1
30	116	0
30	117	0
30	118	1
30	119	1
30	120	1
31	32	1
31	33	1
31	34	1
31	35	1
31	36	1
31	37	0
31	38	1
31	39	0
31	40	0
31	41	0
31	42	0
31	43	0
31	44	0
31	45	1
31	46	1
31	47	0
31	48	0
31	49	0
31	50	1
31	51	0
31	52	1
31	53	0
31	54	1
31	55	0
31	56	1
31	57	0
31	58	0
31	59	1
31	60	1
31	61	0
31	62	1
31	63	1
31	64	1
31	65	0
31	66	0
31	67	1
31	68	0
31	69	1
31	70	1
31	71	0
31	72	0
31	73	0
31	74	1
31	75	1
31	76	1
31	77	0
31	78	0
31	79	0
31	80	0
31	81	0
31	82	0
31	83	0
31	84	1
31	85	0
31	86	1
31	87	0
31	88	1
31	89	1
31	90	0
31	91	1
31	92	1
31	93	1
31	94	0
31	95	0
31	96	0
31	97	0
31	98	0
31	99	0
31	100	1
31	101	1
31	102	0
31	103	0
31	104	0
31	105	1
31	106	1
31	107	0
31	108	0
31	109	1
31	110	0
31	111	0
31	112	0
31	113	0
31	114	1
31	115	0
31	116	1
31	117	0
31	118	1
31	119	0
31	120	0
32	33	1
32	34	1
32	35	0
32	36	0
32	37	0
32	38	1
32	39	0
32	40	1
32	41	1
32	42	0
32	43	0
32	44	0
32	45	0
32	46	1
32	47	1
32	48	1
32	49	0
32	50	0
32	51	1
32	52	0
32	53	0
32	54	1
32	55	1
32	56	1
32	57	0
32	58	0
32	59	0
32	60	0
32	61	0
32	62	0
32	63	0
32	64	0
32	65	1
32	66	0
32	67	0
32	68	0
32	69	1
32	70	0
32	71	1
32	72	1
32	73	1
32	74	0
32	75	0
32	76	0
32	77	0
32	78	0
32	79	1
32	80	0
32	81	0
32	82	1
32	83	1
32	84	1
32	85	0
32	86	1
32	87	0
32	88	0
32	89	1
32	90	0
32	91	0
32	92	1
32	93	0
32	94	1
32	95	0
32	96	1
32	97	0
32	98	0
32	99	1
32	100	1
32	101	0
32	102	0
32	103	0
32	104	0
32	105	1
32	106	1
32	107	0
32	108	0
32	109	1
32	110	1
32	111	0
32	112	0
32	113	0
32	114	0
32	115	1
32	116	0
32	117	1
32	118	0
32	119	1
32	120	1
33	34	0
33	35	0
33	36	1
33	37	1
33	38	0
33	39	0
33	40	0
33	41	0
33	42	0
33	43	1
33	44	1
33	45	0
33	46	0
33	47	1
33	48	1
33	49	1
33	50	1
33	51	0
33	52	0
33	53	1
33	54	1
33	55	1
33	56	0
33	57	1
33	58	0
33	59	1
33	60	1
33	61	1
33	62	1
33	63	1
33	64	1
33	65	0
33	66	0
33	67	0
33	68	0
33	69	1
33	70	1
33	71	0
33	72	0
33	73	0
33	74	1
33	75	1
33	76	1
33	77	0
33	78	1
33	79	1
33	80	0
33	81	1
33	82	0
33	83	1
33	84	1
33	85	1
33	86	0
33	87	0
33	88	1
33	89	1
33	90	0
33	91	0
33	92	1
33	93	1
33	94	1
33	95	0
33	96	0
33	97	1
33	98	0
33	99	0
33	100	1
33	101	1
33	102	1
33	103	0
33	104	0
33	105	1
33	106	0
33	107	0
33	108	1
33	109	1
33	110	0
33	111	1
33	112	1
33	113	0
33	114	1
33	115	1
33	116	1
33	117	1
33	118	0
33	119	1
33	120	0
34	35	0
34	36	1
34	37	0
34	38	1
34	39	0
34	40	1
34	41	0
34	42	1
34	43	1
34	44	1
34	45	0
34	46	1
34	47	1
34	48	0
34	49	0
34	50	1
34	51	1
34	52	0
34	53	0
34	54	0
34	55	1
34	56	1
34	57	0
34	58	1
34	59	1
34	60	1
34	61	1
34	62	1
34	63	0
34	64	1
34	65	1
34	66	0
34	67	1
34	68	1
34	69	0
34	70	0
34	71	1
34	72	0
34	73	0
34	74	1
34	75	1
34	76	0
34	77	1
34	78	1
34	79	1
34	80	1
34	81	1
34	82	1
34	83	0
34	84	0
34	85	0
34	86	0
34	87	1
34	88	0
34	89	0
34	90	1
34	91	0
34	92	1
34	93	0
34	94	1
34	95	1
34	96	1
34	97	0
34	98	1
34	99	1
34	100	1
34	101	0
34	102	1
34	103	0
34	104	1
34	105	0
34	106	0
34	107	0
34	108	1
34	109	1
34	110	1
34	111	1
34	112	1
34	113	1
34	114	0
34	115	0
34	116	1
34	117	1
34	118	1
34	119	0
34	120	0
35	36	1
35	37	1
35	38	1
35	39	1
35	40	0
35	41	0
35	42	1
35	43	1
35	44	1
35	45	1
35	46	0
35	47	0
35	48	0
35	49	1
35	50	1
35	51	1
35	52	0
35	53	0
35	54	1
35	55	1
35	56	1
35	57	1
35	58	0
35	59	1
35	60	1
35	61	0
35	62	0
35	63	0
35	64	1
35	65	0
35	66	1
35	67	0
35	68	1
35	69	1
35	70	0
35	71	1
35	72	0
35	73	1
35	74	1
35	75	1
35	76	1
35	77	1
35	78	0
35	79	0
35	80	0
35	81	1
35	82	1
35	83	0
35	84	1
35	85	1
35	86	1
35	87	0
35	88	1
35	89	1
35	90	0
35	91	1
35	92	0
35	93	0
35	94	1
35	95	1
35	96	1
35	97	0
35	98	0
35	99	0
35	100	0
35	101	1
35	102	1
35	103	0
35	104	1
35	105	0
35	106	1
35	107	0
35	108	1
35	109	1
35	110	0
35	111	0
35	112	1
35	113	0
35	114	1
35	115	1
35	116	0
35	117	0
35	118	1
35	119	0
35	120	1
36	37	0
36	38	1
36	39	1
36	40	0
36	41	0
36	42	1
36	43	0
36	44	1
36	45	0
36	46	1
36	47	1
36	48	0
36	49	0
36	50	1
36	51	1
36	52	1
36	53	0
36	54	0
36	55	1
36	56	0
36	57	0
36	58	1
36	59	1
36	60	0
36	61	1
36	62	0
36	63	0
36	64	1
36	65	1
36	66	0
36	67	1
36	68	1
36	69	0
36	70	0
36	71	0
36	72	1
36	73	1
36	74	1
36	75	0
36	76	1
36	77	1
36	78	0
36	79	0
36	80	1
36	81	0
36	82	1
36	83	0
36	84	1
36	85	1
36	86	0
36	87	0
36	88	1
36	89	1
36	90	1
36	91	0
36	92	1
36	93	1
36	94	0
36	95	1
36	96	0
36	97	0
36	98	1
36	99	1
36	100	1
36	101	0
36	102	0
36	103	0
36	104	0
36	105	1
36	106	0
36	107	1
36	108	1
36	109	0
36	110	0
36	111	0
36	112	1
36	113	0
36	114	0
36	115	0
36	116	1
36	117	0
36	118	0
36	119	0
36	120	0
37	38	0
37	39	1
37	40	1
37	41	0
37	42	1
37	43	0
37	44	1
37	45	0
37	46	1
37	47	1
37	48	0
37	49	0
37	50	0
37	51	0
37	52	0
37	53	1
37	54	0
37	55	1
37	56	1
37	57	0
37	58	0
37	59	1
37	60	0
37	61	0
37	62	0
37	63	1
37	64	0
37	65	0
37	66	1
37	67	1
37	68	0
37	69	1
37	70	0
37	71	1
37	72	1
37	73	0
37	74	1
37	75	1
37	76	0
37	77	1
37	78	0
37	79	1
37	80	0
37	81	1
37	82	0
37	83	1
37	84	0
37	85	0
37	86	1
37	87	1
37	88	1
37	89	1
37	90	0
37	91	1
37	92	0
37	93	1
37	94	1
37	95	0
37	96	0
37	97	0
37	98	0
37	99	0
37	100	0
37	101	0
37	102	0
37	103	0
37	104	1
37	105	1
37	106	0
37	107	1
37	108	0
37	109	1
37	110	0
37	111	1
37	112	0
37	113	1
37	114	1
37	115	0
37	116	0
37	117	1
37	118	0
37	119	0
37	120	0
38	39	1
38	40	1
38	41	0
38	42	1
38	43	0
38	44	1
38	45	1
38	46	1
38	47	1
38	48	1
38	49	1
38	50	1
38	51	0
38	52	0
38	53	0
38	54	0
38	55	0
38	56	0
38	57	1
38	58	1
38	59	1
38	60	1
38	61	1
38	62	1
38	63	1
38	64	0
38	65	1
38	66	0
38	67	0
38	68	0
38	69	0
38	70	1
38	71	0
38	72	0
38	73	1
38	74	1
38	75	0
38	76	1
38	77	0
38	78	1
38	79	0
38	80	0
38	81	1
38	82	1
38	83	1
38	84	1
38	85	1
38	86	1
38	87	1
38	88	1
38	89	1
38	90	1
38	91	1
38	92	1
38	93	1
38	94	1
38	95	1
38	96	1
38	97	1
38	98	0
38	99	1
38	100	1
38	101	1
38	102	0
38	103	0
38	104	1
38	105	0
38	106	0
38	107	0
38	108	0
38	109	0
38	110	1
38	111	0
38	112	0
38	113	0
38	114	0
38	115	0
38	116	0
38	117	0
38	118	0
38	119	0
38	120	0
39	40	0
39	41	1
39	42	1
39	43	0
39	44	1
39	45	0
39	46	1
39	47	0
39	48	0
39	49	1
39	50	1
39	51	1
39	52	0
39	53	0
39	54	1
39	55	1
39	56	1
39	57	1
39	58	0
39	59	1
39	60	0
39	61	1
39	62	1
39	63	0
39	64	1
39	65	1
39	66	0
39	67	0
39	68	1
39	69	0
39	70	0
39	71	1
39	72	1
39	73	0
39	74	0
39	75	0
39	76	1
39	77	0
39	78	1
39	79	1
39	80	1
39	81	1
39	82	0
39	83	0
39	84	0
39	85	1
39	86	0
39	87	1
39	88	0
39	89	0
39	90	0
39	91	1
39	92	1
39	93	0
39	94	1
39	95	0
39	96	0
39	97	1
39	98	0
39	99	0
39	100	0
39	101	1
39	102	0
39	103	0
39	104	1
39	105	0
39	106	0
39	107	0
39	108	1
39	109	0
39	110	1
39	111	1
39	112	1
39	113	0
39	114	0
39	115	0
39	116	0
39	117	1
39	118	0
39	119	1
39	120	0
40	41	1
40	42	1
40	43	1
40	44	0
40	45	1
40	46	0
40	47	0
40	48	1
40	49	0
40	50	1
40	51	1
40	52	0
40	53	0
40	54	0
40	55	1
40	56	0
40	57	1
40	58	0
40	59	1
40	60	1
40	61	1
40	62	1
40	63	1
40	64	0
40	65	0
40	66	1
40	67	0
40	68	1
40	69	0
40	70	0
40	71	0
40	72	1
40	73	1
40	74	1
40	75	0
40	76	1
40	77	0
40	78	1
40	79	1
40	80	1
40	81	1
40	82	1
40	83	1
40	84	0
40	85	0
40	86	0
40	87	1
40	88	1
40	89	0
40	90	1
40	91	0
40	92	0
40	93	0
40	94	1
40	95	1
40	96	0
40	97	1
40	98	0
40	99	0
40	100	1
40	101	0
40	102	0
40	103	1
40	104	0
40	105	1
40	106	0
40	107	0
40	108	1
40	109	1
40	110	0
40	111	1
40	112	1
40	113	1
40	114	1
40	115	0
40	116	0
40	117	0
40	118	0
40	119	0
40	120	0
41	42	1
41	43	1
41	44	0
41	45	1
41	46	1
41	47	1
41	48	0
41	49	1
41	50	0
41	51	1
41	52	1
41	53	1
41	54	1
41	55	0
41	56	1
41	57	0
41	58	1
41	59	1
41	60	0
41	61	0
41	62	1
41	63	0
41	64	0
41	65	1
41	66	0
41	67	0
41	68	0
41	69	0
41	70	1
41	71	0
41	72	1
41	73	0
41	74	1
41	75	0
41	76	0
41	77	0
41	78	1
41	79	1
41	80	0
41	81	1
41	82	0
41	83	1
41	84	0
41	85	0
41	86	1
41	87	0
41	88	0
41	89	0
41	90	0
41	91	1
41	92	1
41	93	0
41	94	0
41	95	0
41	96	0
41	97	0
41	98	1
41	99	1
41	100	0
41	101	0
41	102	0
41	103	1
41	104	1
41	105	1
41	106	0
41	107	1
41	108	0
41	109	0
41	110	1
41	111	1
41	112	0
41	113	1
41	114	0
41	115	1
41	116	1
41	117	1
41	118	0
41	119	1
41	120	0
42	43	1
42	44	0
42	45	1
42	46	1
42	47	1
42	48	0
42	49	0
42	50	0
42	51	0
42	52	0
42	53	0
42	54	1
42	55	1
42	56	1
42	57	1
42	58	1
42	59	0
42	60	1
42	61	1
42	62	0
42	63	1
42	64	1
42	65	1
42	66	1
42	67	1
42	68	0
42	69	1
42	70	0
42	71	1
42	72	0
42	73	0
42	74	1
42	75	0
42	76	1
42	77	0
42	78	1
42	79	1
42	80	0
42	81	1
42	82	0
42	83	0
42	84	1
42	85	0
42	86	0
42	87	1
42	88	0
42	89	0
42	90	1
42	91	0
42	92	0
42	93	0
42	94	0
42	95	0
42	96	0
42	97	0
42	98	0
42	99	0
42	100	1
42	101	0
42	102	0
42	103	0
42	104	1
42	105	0
42	106	1
42	107	1
42	108	1
42	109	0
42	110	1
42	111	0
42	112	1
42	113	1
42	114	1
42	115	1
42	116	1
42	117	0
42	118	1
42	119	1
42	120	1
43	44	1
43	45	0
43	46	0
43	47	0
43	48	0
43	49	1
43	50	0
43	51	0
43	52	1
43	53	0
43	54	1
43	55	1
43	56	0
43	57	1
43	58	1
43	59	1
43	60	0
43	61	1
43	62	1
43	63	0
43	64	1
43	65	0
43	66	0
43	67	1
43	68	0
43	69	0
43	70	1
43	71	1
43	72	0
43	73	1
43	74	1
43	75	0
43	76	1
43	77	0
43	78	0
43	79	1
43	80	0
43	81	0
43	82	1
43	83	1
43	84	0
43	85	1
43	86	0
43	87	1
43	88	0
43	89	1
43	90	0
43	91	0
43	92	0
43	93	0
43	94	0
43	95	1
43	96	1
43	97	1
43	98	1
43	99	1
43	100	0
43	101	0
43	102	1
43	103	0
43	104	1
43	105	1
43	106	0
43	107	1
43	108	0
43	109	1
43	110	0
43	111	1
43	112	1
43	113	1
43	114	1
43	115	1
43	116	1
43	117	0
43	118	1
43	119	0
43	120	0
44	45	0
44	46	0
44	47	0
44	48	1
44	49	0
44	50	0
44	51	1
44	52	1
44	53	1
44	54	1
44	55	1
44	56	1
44	57	0
44	58	1
44	59	1
44	60	1
44	61	1
44	62	0
44	63	0
44	64	0
44	65	1
44	66	0
44	67	1
44	68	1
44	69	0
44	70	0
44	71	0
44	72	0
44	73	0
44	74	1
44	75	0
44	76	0
44	77	1
44	78	0
44	79	0
44	80	1
44	81	0
44	82	1
44	83	1
44	84	1
44	85	1
44	86	0
44	87	0
44	88	1
44	89	0
44	90	1
44	91	0
44	92	1
44	93	1
44	94	0
44	95	1
44	96	0
44	97	0
44	98	0
44	99	0
44	100	1
44	101	1
44	102	1
44	103	0
44	104	1
44	105	0
44	106	1
44	107	0
44	108	0
44	109	0
44	110	0
44	111	0
44	112	0
44	113	0
44	114	1
44	115	0
44	116	0
44	117	0
44	118	1
44	119	1
44	120	1
45	46	1
45	47	1
45	48	1
45	49	1
45	50	0
45	51	1
45	52	1
45	53	1
45	54	1
45	55	1
45	56	0
45	57	1
45	58	0
45	59	0
45	60	1
45	61	0
45	62	1
45	63	0
45	64	0
45	65	0
45	66	0
45	67	1
45	68	0
45	69	0
45	70	1
45	71	1
45	72	1
45	73	0
45	74	1
45	75	1
45	76	1
45	77	0
45	78	0
45	79	0
45	80	1
45	81	0
45	82	0
45	83	0
45	84	0
45	85	0
45	86	1
45	87	0
45	88	0
45	89	1
45	90	1
45	91	1
45	92	0
45	93	1
45	94	1
45	95	0
45	96	1
45	97	0
45	98	0
45	99	1
45	100	1
45	101	1
45	102	1
45	103	1
45	104	0
45	105	1
45	106	0
45	107	0
45	108	0
45	109	1
45	110	0
45	111	0
45	112	0
45	113	0
45	114	0
45	115	0
45	116	0
45	117	1
45	118	1
45	119	0
45	120	0
46	47	1
46	48	0
46	49	0
46	50	1
46	51	1
46	52	1
46	53	1
46	54	0
46	55	1
46	56	0
46	57	1
46	58	1
46	59	0
46	60	0
46	61	0
46	62	1
46	63	0
46	64	0
46	65	1
46	66	1
46	67	0
46	68	1
46	69	1
46	70	1
46	71	0
46	72	0
46	73	0
46	74	1
46	75	0
46	76	1
46	77	0
46	78	1
46	79	0
46	80	0
46	81	0
46	82	0
46	83	0
46	84	0
46	85	1
46	86	0
46	87	0
46	88	0
46	89	1
46	90	1
46	91	1
46	92	0
46	93	0
46	94	0
46	95	0
46	96	1
46	97	0
46	98	0
46	99	1
46	100	1
46	101	0
46	102	1
46	103	0
46	104	0
46	105	0
46	106	0
46	107	0
46	108	0
46	109	1
46	110	1
46	111	1
46	112	0
46	113	0
46	114	1
46	115	0
46	116	1
46	117	1
46	118	0
46	119	1
46	120	1
47	48	1
47	49	0
47	50	0
47	51	1
47	52	0
47	53	0
47	54	1
47	55	0
47	56	0
47	57	1
47	58	0
47	59	1
47	60	0
47	61	1
47	62	0
47	63	0
47	64	0
47	65	1
47	66	1
47	67	0
47	68	0
47	69	1
47	70	0
47	71	1
47	72	1
47	73	0
47	74	1
47	75	0
47	76	0
47	77	0
47	78	1
47	79	1
47	80	1
47	81	0
47	82	0
47	83	0
47	84	1
47	85	0
47	86	1
47	87	0
47	88	0
47	89	0
47	90	1
47	91	0
47	92	0
47	93	0
47	94	0
47	95	1
47	96	1
47	97	1
47	98	1
47	99	0
47	100	0
47	101	1
47	102	0
47	103	1
47	104	0
47	105	0
47	106	0
47	107	0
47	108	1
47	109	1
47	110	0
47	111	1
47	112	1
47	113	0
47	114	1
47	115	0
47	116	0
47	117	1
47	118	1
47	119	1
47	120	0
48	49	0
48	50	0
48	51	1
48	52	0
48	53	0
48	54	0
48	55	0
48	56	1
48	57	0
48	58	1
48	59	1
48	60	0
48	61	1
48	62	1
48	63	0
48	64	0
48	65	1
48	66	1
48	67	0
48	68	1
48	69	0
48	70	0
48	71	0
48	72	1
48	73	1
48	74	1
48	75	1
48	76	0
48	77	0
48	78	0
48	79	0
48	80	0
48	81	1
48	82	1
48	83	0
48	84	0
48	85	0
48	86	1
48	87	1
48	88	1
48	89	1
48	90	1
48	91	1
48	92	0
48	93	0
48	94	1
48	95	1
48	96	1
48	97	1
48	98	1
48	99	1
48	100	0
48	101	0
48	102	1
48	103	0
48	104	0
48	105	1
48	106	1
48	107	0
48	108	0
48	109	1
48	110	0
48	111	1
48	112	1
48	113	0
48	114	1
48	115	1
48	116	0
48	117	0
48	118	1
48	119	0
48	120	0
49	50	0
49	51	1
49	52	1
49	53	0
49	54	0
49	55	1
49	56	1
49	57	1
49	58	0
49	59	1
49	60	0
49	61	1
49	62	0
49	63	1
49	64	1
49	65	1
49	66	1
49	67	1
49	68	0
49	69	1
49	70	1
49	71	0
49	72	0
49	73	1
49	74	0
49	75	0
49	76	1
49	77	1
49	78	0
49	79	0
49	80	1
49	81	0
49	82	0
49	83	0
49	84	1
49	85	1
49	86	0
49	87	0
49	88	1
49	89	0
49	90	1
49	91	1
49	92	1
49	93	1
49	94	1
49	95	1
49	96	1
49	97	0
49	98	1
49	99	0
49	100	0
49	101	1
49	102	0
49	103	1
49	104	0
49	105	1
49	106	1
49	107	1
49	108	1
49	109	0
49	110	1
49	111	1
49	112	0
49	113	0
49	114	1
49	115	1
49	116	1
49	117	0
49	118	0
49	119	0
49	120	0
50	51	1
50	52	1
50	53	1
50	54	0
50	55	1
50	56	1
50	57	0
50	58	0
50	59	0
50	60	0
50	61	1
50	62	1
50	63	1
50	64	1
50	65	0
50	66	1
50	67	1
50	68	0
50	69	0
50	70	1
50	71	0
50	72	0
50	73	1
50	74	0
50	75	0
50	76	1
50	77	1
50	78	0
50	79	0
50	80	1
50	81	0
50	82	0
50	83	1
50	84	0
50	85	0
50	86	0
50	87	0
50	88	1
50	89	1
50	90	0
50	91	1
50	92	1
50	93	0
50	94	0
50	95	1
50	96	0
50	97	0
50	98	0
50	99	0
50	100	1
50	101	1
50	102	0
50	103	1
50	104	0
50	105	1
50	106	0
50	107	1
50	108	0
50	109	0
50	110	0
50	111	0
50	112	0
50	113	1
50	114	0
50	115	0
50	116	0
50	117	1
50	118	0
50	119	1
50	120	1
51	52	1
51	53	1
51	54	1
51	55	0
51	56	1
51	57	0
51	58	1
51	59	1
51	60	0
51	61	1
51	62	1
51	63	1
51	64	0
51	65	0
51	66	1
51	67	0
51	68	0
51	69	1
51	70	0
51	71	0
51	72	1
51	73	1
51	74	0
51	75	0
51	76	0
51	77	1
51	78	0
51	79	0
51	80	0
51	81	1
51	82	1
51	83	1
51	84	1
51	85	1
51	86	0
51	87	0
51	88	0
51	89	1
51	90	1
51	91	1
51	92	1
51	93	0
51	94	1
51	95	0
51	96	0
51	97	0
51	98	0
51	99	0
51	100	1
51	101	1
51	102	1
51	103	0
51	104	0
51	105	0
51	106	0
51	107	0
51	108	1
51	109	0
51	110	1
51	111	0
51	112	1
51	113	0
51	114	0
51	115	1
51	116	1
51	117	0
51	118	1
51	119	0
51	120	0
52	53	0
52	54	1
52	55	0
52	56	1
52	57	1
52	58	0
52	59	1
52	60	0
52	61	1
52	62	1
52	63	0
52	64	0
52	65	1
52	66	1
52	67	0
52	68	0
52	69	1
52	70	1
52	71	1
52	72	1
52	73	1
52	74	0
52	75	0
52	76	1
52	77	0
52	78	0
52	79	1
52	80	0
52	81	0
52	82	1
52	83	1
52	84	0
52	85	0
52	86	0
52	87	0
52	88	0
52	89	0
52	90	0
52	91	1
52	92	0
52	93	0
52	94	0
52	95	1
52	96	1
52	97	1
52	98	0
52	99	0
52	100	1
52	101	0
52	102	0
52	103	0
52	104	0
52	105	0
52	106	0
52	107	0
52	108	0
52	109	1
52	110	0
52	111	0
52	112	0
52	113	0
52	114	0
52	115	1
52	116	1
52	117	0
52	118	1
52	119	0
52	120	1
53	54	1
53	55	1
53	56	0
53	57	1
53	58	1
53	59	1
53	60	0
53	61	0
53	62	1
53	63	1
53	64	1
53	65	1
53	66	0
53	67	1
53	68	1
53	69	1
53	70	0
53	71	1
53	72	0
53	73	1
53	74	0
53	75	0
53	76	0
53	77	0
53	78	0
53	79	1
53	80	1
53	81	0
53	82	0
53	83	1
53	84	0
53	85	0
53	86	1
53	87	0
53	88	1
53	89	1
53	90	0
53	91	1
53	92	1
53	93	1
53	94	1
53	95	0
53	96	1
53	97	1
53	98	0
53	99	1
53	100	1
53	101	0
53	102	0
53	103	1
53	104	1
53	105	0
53	106	0
53	107	0
53	108	1
53	109	1
53	110	1
53	111	1
53	112	0
53	113	0
53	114	1
53	115	1
53	116	0
53	117	1
53	118	0
53	119	1
53	120	0
54	55	0
54	56	1
54	57	1
54	58	1
54	59	0
54	60	1
54	61	0
54	62	1
54	63	1
54	64	0
54	65	1
54	66	0
54	67	0
54	68	0
54	69	0
54	70	1
54	71	1
54	72	0
54	73	0
54	74	0
54	75	1
54	76	1
54	77	0
54	78	1
54	79	1
54	80	1
54	81	0
54	82	0
54	83	0
54	84	1
54	85	1
54	86	1
54	87	1
54	88	0
54	89	1
54	90	1
54	91	0
54	92	1
54	93	0
54	94	0
54	95	1
54	96	1
54	97	1
54	98	1
54	99	0
54	100	1
54	101	1
54	102	0
54	103	1
54	104	0
54	105	0
54	106	1
54	107	0
54	108	0
54	109	1
54	110	1
54	111	1
54	112	1
54	113	1
54	114	1
54	115	1
54	116	0
54	117	1
54	118	0
54	119	0
54	120	0
55	56	0
55	57	1
55	58	0
55	59	0
55	60	1
55	61	0
55	62	1
55	63	0
55	64	0
55	65	1
55	66	0
55	67	0
55	68	0
55	69	0
55	70	1
55	71	0
55	72	1
55	73	1
55	74	0
55	75	0
55	76	0
55	77	0
55	78	1
55	79	1
55	80	1
55	81	1
55	82	0
55	83	0
55	84	1
55	85	0
55	86	1
55	87	1
55	88	0
55	89	0
55	90	1
55	91	0
55	92	1
55	93	1
55	94	0
55	95	1
55	96	1
55	97	0
55	98	1
55	99	0
55	100	1
55	101	1
55	102	0
55	103	0
55	104	1
55	105	0
55	106	1
55	107	1
55	108	0
55	109	1
55	110	1
55	111	0
55	112	1
55	113	1
55	114	0
55	115	1
55	116	1
55	117	0
55	118	0
55	119	1
55	120	0
56	57	0
56	58	0
56	59	1
56	60	1
56	61	0
56	62	0
56	63	1
56	64	0
56	65	0
56	66	0
56	67	1
56	68	0
56	69	1
56	70	1
56	71	0
56	72	0
56	73	1
56	74	0
56	75	1
56	76	1
56	77	1
56	78	1
56	79	1
56	80	0
56	81	0
56	82	1
56	83	0
56	84	1
56	85	1
56	86	0
56	87	0
56	88	0
56	89	1
56	90	0
56	91	1
56	92	0
56	93	0
56	94	0
56	95	0
56	96	1
56	97	1
56	98	1
56	99	1
56	100	1
56	101	1
56	102	0
56	103	0
56	104	0
56	105	1
56	106	0
56	107	0
56	108	1
56	109	0
56	110	0
56	111	1
56	112	0
56	113	1
56	114	1
56	115	0
56	116	0
56	117	0
56	118	0
56	119	1
56	120	1
57	58	1
57	59	1
57	60	0
57	61	0
57	62	0
57	63	0
57	64	1
57	65	0
57	66	0
57	67	1
57	68	0
57	69	0
57	70	1
57	71	0
57	72	1
57	73	0
57	74	0
57	75	0
57	76	0
57	77	0
57	78	0
57	79	1
57	80	0
57	81	1
57	82	1
57	83	0
57	84	1
57	85	1
57	86	0
57	87	0
57	88	0
57	89	1
57	90	1
57	91	1
57	92	0
57	93	0
57	94	1
57	95	0
57	96	1
57	97	1
57	98	1
57	99	1
57	100	1
57	101	0
57	102	1
57	103	0
57	104	1
57	105	0
57	106	1
57	107	0
57	108	1
57	109	0
57	110	1
57	111	0
57	112	1
57	113	1
57	114	1
57	115	1
57	116	1
57	117	1
57	118	0
57	119	1
57	120	0
58	59	1
58	60	0
58	61	0
58	62	1
58	63	1
58	64	0
58	65	0
58	66	1
58	67	0
58	68	0
58	69	1
58	70	1
58	71	1
58	72	0
58	73	1
58	74	1
58	75	0
58	76	0
58	77	1
58	78	0
58	79	0
58	80	0
58	81	0
58	82	1
58	83	0
58	84	1
58	85	0
58	86	1
58	87	0
58	88	1
58	89	0
58	90	1
58	91	1
58	92	0
58	93	1
58	94	1
58	95	0
58	96	0
58	97	0
58	98	0
58	99	1
58	100	1
58	101	0
58	102	0
58	103	1
58	104	0
58	105	1
58	106	0
58	107	1
58	108	1
58	109	1
58	110	1
58	111	1
58	112	1
58	113	1
58	114	0
58	115	1
58	116	0
58	117	1
58	118	1
58	119	0
58	120	0
59	60	1
59	61	0
59	62	0
59	63	1
59	64	1
59	65	0
59	66	1
59	67	1
59	68	1
59	69	0
59	70	1
59	71	1
59	72	1
59	73	0
59	74	0
59	75	0
59	76	1
59	77	1
59	78	1
59	79	1
59	80	1
59	81	1
59	82	1
59	83	1
59	84	0
59	85	0
59	86	1
59	87	0
59	88	1
59	89	1
59	90	0
59	91	0
59	92	1
59	93	1
59	94	1
59	95	1
59	96	1
59	97	1
59	98	0
59	99	0
59	100	1
59	101	1
59	102	1
59	103	0
59	104	0
59	105	1
59	106	0
59	107	1
59	108	0
59	109	1
59	110	1
59	111	1
59	112	1
59	113	1
59	114	1
59	115	1
59	116	1
59	117	1
59	118	0
59	119	1
59	120	1
60	61	1
60	62	0
60	63	1
60	64	1
60	65	1
60	66	0
60	67	1
60	68	0
60	69	1
60	70	0
60	71	1
60	72	1
60	73	1
60	74	1
60	75	1
60	76	0
60	77	1
60	78	0
60	79	1
60	80	1
60	81	0
60	82	1
60	83	0
60	84	0
60	85	0
60	86	0
60	87	1
60	88	0
60	89	1
60	90	0
60	91	0
60	92	1
60	93	0
60	94	1
60	95	0
60	96	1
60	97	1
60	98	0
60	99	1
60	100	1
60	101	1
60	102	0
60	103	0
60	104	0
60	105	0
60	106	0
60	107	0
60	108	1
60	109	1
60	110	1
60	111	0
60	112	0
60	113	0
60	114	1
60	115	1
60	116	1
60	117	0
60	118	1
60	119	1
60	120	0
61	62	1
61	63	1
61	64	1
61	65	0
61	66	1
61	67	1
61	68	0
61	69	1
61	70	0
61	71	1
61	72	1
61	73	0
61	74	0
61	75	0
61	76	0
61	77	1
61	78	1
61	79	1
61	80	0
61	81	1
61	82	1
61	83	0
61	84	0
61	85	1
61	86	0
61	87	1
61	88	1
61	89	0
61	90	0
61	91	1
61	92	1
61	93	0
61	94	1
61	95	0
61	96	1
61	97	1
61	98	1
61	99	1
61	100	1
61	101	0
61	102	0
61	103	0
61	104	0
61	105	0
61	106	1
61	107	1
61	108	0
61	109	1
61	110	0
61	111	0
61	112	1
61	113	0
61	114	1
61	115	0
61	116	0
61	117	1
61	118	1
61	119	1
61	120	1
62	63	0
62	64	1
62	65	1
62	66	0
62	67	1
62	68	0
62	69	0
62	70	0
62	71	0
62	72	1
62	73	1
62	74	0
62	75	1
62	76	1
62	77	0
62	78	1
62	79	1
62	80	1
62	81	1
62	82	1
62	83	0
62	84	1
62	85	1
62	86	1
62	87	0
62	88	1
62	89	1
62	90	0
62	91	0
62	92	0
62	93	0
62	94	1
62	95	0
62	96	1
62	97	1
62	98	0
62	99	1
62	100	1
62	101	0
62	102	1
62	103	1
62	104	0
62	105	1
62	106	0
62	107	0
62	108	0
62	109	1
62	110	1
62	111	0
62	112	1
62	113	1
62	114	0
62	115	0
62	116	1
62	117	1
62	118	1
62	119	0
62	120	0
63	64	1
63	65	1
63	66	0
63	67	0
63	68	0
63	69	0
63	70	0
63	71	0
63	72	1
63	73	1
63	74	0
63	75	0
63	76	1
63	77	1
63	78	0
63	79	1
63	80	0
63	81	1
63	82	1
63	83	1
63	84	0
63	85	1
63	86	1
63	87	1
63	88	1
63	89	0
63	90	0
63	91	1
63	92	1
63	93	1
63	94	0
63	95	1
63	96	0
63	97	0
63	98	0
63	99	1
63	100	1
63	101	1
63	102	1
63	103	1
63	104	1
63	105	1
63	106	0
63	107	0
63	108	1
63	109	0
63	110	1
63	111	1
63	112	0
63	113	0
63	114	0
63	115	0
63	116	1
63	117	0
63	118	0
63	119	0
63	120	0
64	65	1
64	66	0
64	67	0
64	68	1
64	69	1
64	70	0
64	71	1
64	72	1
64	73	1
64	74	1
64	75	1
64	76	1
64	77	1
64	78	0
64	79	0
64	80	1
64	81	1
64	82	0
64	83	0
64	84	0
64	85	1
64	86	1
64	87	0
64	88	0
64	89	1
64	90	0
64	91	1
64	92	1
64	93	1
64	94	0
64	95	0
64	96	1
64	97	1
64	98	1
64	99	1
64	100	0
64	101	1
64	102	1
64	103	1
64	104	0
64	105	0
64	106	1
64	107	1
64	108	1
64	109	1
64	110	1
64	111	0
64	112	0
64	113	0
64	114	0
64	115	1
64	116	0
64	117	1
64	118	1
64	119	0
64	120	1
65	66	0
65	67	1
65	68	1
65	69	1
65	70	1
65	71	0
65	72	0
65	73	1
65	74	1
65	75	1
65	76	1
65	77	1
65	78	0
65	79	0
65	80	1
65	81	0
65	82	0
65	83	0
65	84	1
65	85	0
65	86	0
65	87	0
65	88	0
65	89	0
65	90	0
65	91	0
65	92	1
65	93	1
65	94	0
65	95	0
65	96	0
65	97	1
65	98	1
65	99	0
65	100	0
65	101	1
65	102	1
65	103	1
65	104	0
65	105	0
65	106	0
65	107	0
65	108	0
65	109	1
65	110	0
65	111	0
65	112	1
65	113	1
65	114	0
65	115	1
65	116	0
65	117	0
65	118	1
65	119	0
65	120	1
66	67	1
66	68	1
66	69	1
66	70	1
66	71	0
66	72	1
66	73	0
66	74	0
66	75	0
66	76	0
66	77	1
66	78	1
66	79	0
66	80	1
66	81	0
66	82	1
66	83	0
66	84	0
66	85	0
66	86	1
66	87	0
66	88	1
66	89	0
66	90	1
66	91	1
66	92	1
66	93	1
66	94	1
66	95	0
66	96	1
66	97	0
66	98	1
66	99	1
66	100	0
66	101	0
66	102	0
66	103	0
66	104	1
66	105	0
66	106	1
66	107	0
66	108	0
66	109	1
66	110	0
66	111	1
66	112	0
66	113	1
66	114	0
66	115	0
66	116	0
66	117	1
66	118	1
66	119	1
66	120	1
67	68	1
67	69	1
67	70	1
67	71	1
67	72	1
67	73	0
67	74	1
67	75	0
67	76	1
67	77	0
67	78	1
67	79	0
67	80	1
67	81	1
67	82	1
67	83	0
67	84	1
67	85	0
67	86	1
67	87	0
67	88	0
67	89	1
67	90	0
67	91	1
67	92	1
67	93	0
67	94	0
67	95	1
67	96	0
67	97	1
67	98	1
67	99	1
67	100	1
67	101	0
67	102	0
67	103	1
67	104	0
67	105	1
67	106	1
67	107	1
67	108	0
67	109	0
67	110	0
67	111	1
67	112	1
67	113	1
67	114	1
67	115	0
67	116	1
67	117	0
67	118	1
67	119	1
67	120	1
68	69	0
68	70	0
68	71	1
68	72	0
68	73	1
68	74	1
68	75	0
68	76	1
68	77	0
68	78	0
68	79	0
68	80	1
68	81	1
68	82	0
68	83	1
68	84	1
68	85	1
68	86	1
68	87	1
68	88	1
68	89	0
68	90	0
68	91	1
68	92	1
68	93	0
68	94	0
68	95	1
68	96	0
68	97	0
68	98	1
68	99	0
68	100	1
68	101	1
68	102	1
68	103	1
68	104	1
68	105	0
68	106	0
68	107	0
68	108	1
68	109	1
68	110	0
68	111	1
68	112	0
68	113	0
68	114	1
68	115	1
68	116	0
68	117	0
68	118	1
68	119	0
68	120	0
69	70	1
69	71	1
69	72	1
69	73	0
69	74	0
69	75	1
69	76	1
69	77	0
69	78	0
69	79	1
69	80	1
69	81	1
69	82	1
69	83	0
69	84	1
69	85	0
69	86	1
69	87	1
69	88	1
69	89	1
69	90	1
69	91	0
69	92	1
69	93	1
69	94	0
69	95	1
69	96	0
69	97	1
69	98	1
69	99	0
69	100	0
69	101	0
69	102	1
69	103	1
69	104	0
69	105	0
69	106	1
69	107	1
69	108	1
69	109	0
69	110	0
69	111	0
69	112	1
69	113	0
69	114	1
69	115	1
69	116	1
69	117	0
69	118	1
69	119	1
69	120	0
70	71	1
70	72	0
70	73	0
70	74	0
70	75	1
70	76	1
70	77	1
70	78	0
70	79	0
70	80	1
70	81	1
70	82	1
70	83	1
70	84	0
70	85	0
70	86	0
70	87	1
70	88	0
70	89	0
70	90	0
70	91	1
70	92	0
70	93	0
70	94	0
70	95	1
70	96	1
70	97	0
70	98	1
70	99	0
70	100	0
70	101	1
70	102	1
70	103	0
70	104	0
70	105	0
70	106	1
70	107	0
70	108	0
70	109	1
70	110	1
70	111	1
70	112	1
70	113	0
70	114	0
70	115	1
70	116	1
70	117	1
70	118	0
70	119	1
70	120	1
71	72	1
71	73	1
71	74	1
71	75	0
71	76	1
71	77	0
71	78	0
71	79	1
71	80	1
71	81	1
71	82	1
71	83	1
71	84	1
71	85	1
71	86	0
71	87	0
71	88	0
71	89	1
71	90	1
71	91	1
71	92	1
71	93	0
71	94	0
71	95	1
71	96	0
71	97	0
71	98	0
71	99	0
71	100	1
71	101	0
71	102	0
71	103	1
71	104	0
71	105	0
71	106	1
71	107	0
71	108	0
71	109	0
71	110	0
71	111	1
71	112	0
71	113	1
71	114	0
71	115	1
71	116	0
71	117	1
71	118	1
71	119	1
71	120	1
72	73	0
72	74	1
72	75	0
72	76	1
72	77	1
72	78	0
72	79	0
72	80	1
72	81	0
72	82	1
72	83	1
72	84	0
72	85	1
72	86	1
72	87	1
72	88	1
72	89	0
72	90	1
72	91	0
72	92	0
72	93	0
72	94	1
72	95	0
72	96	0
72	97	0
72	98	0
72	99	1
72	100	1
72	101	0
72	102	1
72	103	0
72	104	0
72	105	1
72	106	1
72	107	0
72	108	0
72	109	0
72	110	1
72	111	0
72	112	1
72	113	0
72	114	1
72	115	0
72	116	0
72	117	1
72	118	1
72	119	1
72	120	0
73	74	1
73	75	1
73	76	0
73	77	1
73	78	1
73	79	1
73	80	1
73	81	1
73	82	0
73	83	1
73	84	1
73	85	0
73	86	1
73	87	1
73	88	1
73	89	1
73	90	1
73	91	1
73	92	0
73	93	0
73	94	0
73	95	1
73	96	0
73	97	1
73	98	1
73	99	0
73	100	0
73	101	0
73	102	1
73	103	0
73	104	1
73	105	0
73	106	1
73	107	0
73	108	0
73	109	0
73	110	1
73	111	0
73	112	0
73	113	1
73	114	1
73	115	1
73	116	0
73	117	1
73	118	1
73	119	1
73	120	1
74	75	0
74	76	1
74	77	0
74	78	0
74	79	0
74	80	1
74	81	0
74	82	1
74	83	0
74	84	0
74	85	0
74	86	1
74	87	0
74	88	0
74	89	1
74	90	0
74	91	0
74	92	0
74	93	0
74	94	1
74	95	1
74	96	0
74	97	1
74	98	1
74	99	1
74	100	1
74	101	1
74	102	0
74	103	0
74	104	1
74	105	0
74	106	1
74	107	1
74	108	0
74	109	1
74	110	0
74	111	1
74	112	1
74	113	0
74	114	1
74	115	1
74	116	1
74	117	1
74	118	0
74	119	1
74	120	0
75	76	1
75	77	1
75	78	0
75	79	0
75	80	1
75	81	1
75	82	0
75	83	0
75	84	0
75	85	0
75	86	1
75	87	0
75	88	1
75	89	0
75	90	1
75	91	1
75	92	1
75	93	0
75	94	0
75	95	1
75	96	1
75	97	1
75	98	1
75	99	1
75	100	0
75	101	0
75	102	0
75	103	1
75	104	0
75	105	1
75	106	0
75	107	0
75	108	1
75	109	1
75	110	1
75	111	1
75	112	1
75	113	0
75	114	1
75	115	1
75	116	0
75	117	0
75	118	0
75	119	1
75	120	1
76	77	1
76	78	0
76	79	0
76	80	0
76	81	1
76	82	1
76	83	1
76	84	0
76	85	1
76	86	0
76	87	0
76	88	0
76	89	0
76	90	0
76	91	1
76	92	0
76	93	0
76	94	1
76	95	1
76	96	0
76	97	1
76	98	0
76	99	1
76	100	1
76	101	1
76	102	1
76	103	0
76	104	0
76	105	1
76	106	0
76	107	1
76	108	1
76	109	0
76	110	0
76	111	1
76	112	1
76	113	1
76	114	0
76	115	0
76	116	0
76	117	0
76	118	0
76	119	0
76	120	1
77	78	1
77	79	0
77	80	1
77	81	1
77	82	0
77	83	0
77	84	1
77	85	0
77	86	1
77	87	0
77	88	0
77	89	0
77	90	1
77	91	1
77	92	1
77	93	0
77	94	1
77	95	1
77	96	1
77	97	0
77	98	1
77	99	0
77	100	0
77	101	0
77	102	1
77	103	1
77	104	1
77	105	0
77	106	0
77	107	1
77	108	1
77	109	0
77	110	0
77	111	1
77	112	1
77	113	1
77	114	1
77	115	1
77	116	0
77	117	1
77	118	0
77	119	0
77	120	0
78	79	0
78	80	1
78	81	1
78	82	0
78	83	0
78	84	1
78	85	1
78	86	1
78	87	0
78	88	0
78	89	0
78	90	0
78	91	0
78	92	0
78	93	1
78	94	1
78	95	1
78	96	1
78	97	0
78	98	1
78	99	0
78	100	1
78	101	1
78	102	0
78	103	0
78	104	1
78	105	1
78	106	0
78	107	0
78	108	0
78	109	1
78	110	1
78	111	0
78	112	1
78	113	1
78	114	1
78	115	1
78	116	0
78	117	0
78	118	1
78	119	0
78	120	0
79	80	1
79	81	1
79	82	1
79	83	0
79	84	1
79	85	0
79	86	0
79	87	0
79	88	1
79	89	1
79	90	0
79	91	1
79	92	0
79	93	0
79	94	0
79	95	0
79	96	1
79	97	0
79	98	0
79	99	1
79	100	1
79	101	1
79	102	0
79	103	0
79	104	1
79	105	0
79	106	1
79	107	1
79	108	1
79	109	0
79	110	1
79	111	1
79	112	1
79	113	1
79	114	0
79	115	1
79	116	1
79	117	1
79	118	1
79	119	0
79	120	0
80	81	1
80	82	1
80	83	1
80	84	0
80	85	1
80	86	1
80	87	1
80	88	0
80	89	1
80	90	1
80	91	0
80	92	0
80	93	0
80	94	0
80	95	1
80	96	0
80	97	1
80	98	1
80	99	1
80	100	0
80	101	1
80	102	1
80	103	0
80	104	1
80	105	1
80	106	1
80	107	0
80	108	1
80	109	0
80	110	0
80	111	1
80	112	1
80	113	1
80	114	0
80	115	1
80	116	0
80	117	0
80	118	1
80	119	0
80	120	1
81	82	0
81	83	1
81	84	1
81	85	1
81	86	0
81	87	0
81	88	1
81	89	1
81	90	0
81	91	0
81	92	1
81	93	0
81	94	1
81	95	1
81	96	1
81	97	0
81	98	0
81	99	1
81	100	1
81	101	1
81	102	0
81	103	1
81	104	1
81	105	0
81	106	1
81	107	0
81	108	1
81	109	0
81	110	0
81	111	0
81	112	0
81	113	0
81	114	1
81	115	0
81	116	1
81	117	1
81	118	0
81	119	0
81	120	0
82	83	0
82	84	0
82	85	1
82	86	1
82	87	0
82	88	1
82	89	0
82	90	1
82	91	1
82	92	0
82	93	1
82	94	0
82	95	1
82	96	0
82	97	1
82	98	1
82	99	1
82	100	1
82	101	0
82	102	0
82	103	0
82	104	0
82	105	1
82	106	0
82	107	1
82	108	0
82	109	0
82	110	1
82	111	0
82	112	0
82	113	1
82	114	1
82	115	1
82	116	1
82	117	1
82	118	1
82	119	0
82	120	1
83	84	1
83	85	0
83	86	0
83	87	1
83	88	1
83	89	1
83	90	0
83	91	1
83	92	0
83	93	1
83	94	1
83	95	1
83	96	0
83	97	0
83	98	0
83	99	1
83	100	0
83	101	1
83	102	0
83	103	1
83	104	0
83	105	1
83	106	1
83	107	1
83	108	1
83	109	0
83	110	1
83	111	0
83	112	1
83	113	0
83	114	0
83	115	1
83	116	0
83	117	0
83	118	1
83	119	1
83	120	0
84	85	0
84	86	1
84	87	0
84	88	1
84	89	0
84	90	1
84	91	1
84	92	1
84	93	1
84	94	0
84	95	0
84	96	0
84	97	0
84	98	1
84	99	0
84	100	1
84	101	0
84	102	1
84	103	1
84	104	1
84	105	0
84	106	0
84	107	1
84	108	1
84	109	1
84	110	0
84	111	0
84	112	0
84	113	1
84	114	0
84	115	1
84	116	1
84	117	0
84	118	0
84	119	0
84	120	1
85	86	1
85	87	0
85	88	0
85	89	0
85	90	0
85	91	0
85	92	0
85	93	1
85	94	1
85	95	1
85	96	1
85	97	1
85	98	0
85	99	1
85	100	0
85	101	1
85	102	1
85	103	1
85	104	1
85	105	1
85	106	0
85	107	1
85	108	1
85	109	1
85	110	1
85	111	1
85	112	0
85	113	1
85	114	1
85	115	1
85	116	0
85	117	1
85	118	1
85	119	1
85	120	0
86	87	1
86	88	1
86	89	1
86	90	0
86	91	0
86	92	0
86	93	1
86	94	0
86	95	1
86	96	0
86	97	1
86	98	1
86	99	0
86	100	0
86	101	0
86	102	1
86	103	0
86	104	1
86	105	0
86	106	0
86	107	0
86	108	0
86	109	1
86	110	1
86	111	1
86	112	1
86	113	0
86	114	1
86	115	1
86	116	1
86	117	1
86	118	1
86	119	1
86	120	0
87	88	0
87	89	1
87	90	1
87	91	1
87	92	1
87	93	1
87	94	0
87	95	0
87	96	1
87	97	1
87	98	0
87	99	0
87	100	0
87	101	1
87	102	0
87	103	0
87	104	0
87	105	0
87	106	0
87	107	1
87	108	0
87	109	1
87	110	1
87	111	0
87	112	1
87	113	1
87	114	1
87	115	1
87	116	1
87	117	0
87	118	1
87	119	1
87	120	0
88	89	1
88	90	1
88	91	0
88	92	0
88	93	1
88	94	1
88	95	0
88	96	1
88	97	0
88	98	0
88	99	0
88	100	1
88	101	1
88	102	1
88	103	0
88	104	1
88	105	1
88	106	0
88	107	0
88	108	0
88	109	0
88	110	1
88	111	1
88	112	0
88	113	1
88	114	1
88	115	1
88	116	0
88	117	1
88	118	1
88	119	1
88	120	1
89	90	1
89	91	0
89	92	1
89	93	1
89	94	0
89	95	0
89	96	1
89	97	1
89	98	0
89	99	0
89	100	1
89	101	0
89	102	0
89	103	1
89	104	1
89	105	0
89	106	1
89	107	1
89	108	0
89	109	0
89	110	0
89	111	0
89	112	1
89	113	0
89	114	0
89	115	1
89	116	1
89	117	0
89	118	1
89	119	0
89	120	1
90	91	0
90	92	1
90	93	1
90	94	0
90	95	0
90	96	0
90	97	1
90	98	1
90	99	0
90	100	0
90	101	1
90	102	0
90	103	1
90	104	0
90	105	0
90	106	0
90	107	1
90	108	0
90	109	0
90	110	1
90	111	0
90	112	0
90	113	0
90	114	1
90	115	1
90	116	1
90	117	1
90	118	1
90	119	1
90	120	0
91	92	1
91	93	0
91	94	0
91	95	0
91	96	1
91	97	0
91	98	1
91	99	1
91	100	0
91	101	1
91	102	0
91	103	0
91	104	0
91	105	0
91	106	0
91	107	1
91	108	1
91	109	1
91	110	1
91	111	1
91	112	0
91	113	1
91	114	1
91	115	0
91	116	0
91	117	1
91	118	1
91	119	1
91	120	0
92	93	1
92	94	1
92	95	0
92	96	0
92	97	1
92	98	1
92	99	1
92	100	1
92	101	1
92	102	1
92	103	0
92	104	1
92	105	1
92	106	0
92	107	1
92	108	0
92	109	0
92	110	0
92	111	0
92	112	1
92	113	1
92	114	1
92	115	0
92	116	1
92	117	1
92	118	1
92	119	1
92	120	1
93	94	1
93	95	0
93	96	0
93	97	0
93	98	0
93	99	1
93	100	1
93	101	1
93	102	1
93	103	0
93	104	1
93	105	1
93	106	1
93	107	1
93	108	0
93	109	1
93	110	0
93	111	0
93	112	0
93	113	1
93	114	1
93	115	1
93	116	1
93	117	0
93	118	0
93	119	0
93	120	1
94	95	0
94	96	0
94	97	1
94	98	0
94	99	0
94	100	1
94	101	1
94	102	0
94	103	1
94	104	0
94	105	0
94	106	0
94	107	0
94	108	1
94	109	0
94	110	1
94	111	1
94	112	1
94	113	0
94	114	0
94	115	1
94	116	1
94	117	0
94	118	0
94	119	0
94	120	1
95	96	1
95	97	0
95	98	0
95	99	0
95	100	0
95	101	1
95	102	0
95	103	0
95	104	0
95	105	0
95	106	1
95	107	1
95	108	0
95	109	1
95	110	0
95	111	1
95	112	0
95	113	1
95	114	0
95	115	0
95	116	0
95	117	0
95	118	1
95	119	1
95	120	0
96	97	0
96	98	0
96	99	0
96	100	1
96	101	0
96	102	0
96	103	0
96	104	0
96	105	1
96	106	0
96	107	0
96	108	1
96	109	1
96	110	1
96	111	1
96	112	0
96	113	1
96	114	1
96	115	1
96	116	0
96	117	0
96	118	0
96	119	1
96	120	0
97	98	0
97	99	0
97	100	0
97	101	1
97	102	1
97	103	1
97	104	1
97	105	0
97	106	1
97	107	1
97	108	1
97	109	0
97	110	1
97	111	1
97	112	1
97	113	0
97	114	0
97	115	1
97	116	1
97	117	0
97	118	0
97	119	1
97	120	0
98	99	1
98	100	0
98	101	1
98	102	0
98	103	1
98	104	0
98	105	0
98	106	0
98	107	0
98	108	0
98	109	1
98	110	1
98	111	0
98	112	1
98	113	0
98	114	1
98	115	1
98	116	1
98	117	1
98	118	1
98	119	0
98	120	0
99	100	0
99	101	0
99	102	0
99	103	1
99	104	1
99	105	1
99	106	0
99	107	0
99	108	1
99	109	0
99	110	1
99	111	0
99	112	0
99	113	1
99	114	0
99	115	0
99	116	1
99	117	1
99	118	0
99	119	0
99	120	0
100	101	1
100	102	1
100	103	0
100	104	1
100	105	0
100	106	0
100	107	1
100	108	1
100	109	1
100	110	0
100	111	0
100	112	1
100	113	1
100	114	1
100	115	1
100	116	0
100	117	0
100	118	1
100	119	1
100	120	1
101	102	1
101	103	1
101	104	1
101	105	0
101	106	0
101	107	1
101	108	1
101	109	1
101	110	1
101	111	0
101	112	1
101	113	1
101	114	1
101	115	1
101	116	0
101	117	0
101	118	1
101	119	0
101	120	1
102	103	0
102	104	0
102	105	0
102	106	0
102	107	1
102	108	0
102	109	1
102	110	1
102	111	0
102	112	1
102	113	1
102	114	0
102	115	0
102	116	1
102	117	0
102	118	0
102	119	1
102	120	0
103	104	1
103	105	0
103	106	1
103	107	1
103	108	0
103	109	1
103	110	1
103	111	1
103	112	0
103	113	0
103	114	0
103	115	1
103	116	1
103	117	0
103	118	0
103	119	0
103	120	1
104	105	0
104	106	1
104	107	0
104	108	0
104	109	1
104	110	1
104	111	0
104	112	1
104	113	0
104	114	1
104	115	1
104	116	1
104	117	0
104	118	1
104	119	0
104	120	1
105	106	0
105	107	0
105	108	1
105	109	1
105	110	1
105	111	1
105	112	0
105	113	0
105	114	1
105	115	1
105	116	1
105	117	0
105	118	1
105	119	1
105	120	0
106	107	0
106	108	1
106	109	1
106	110	1
106	111	0
106	112	1
106	113	1
106	114	0
106	115	0
106	116	1
106	117	1
106	118	0
106	119	1
106	120	1
107	108	0
107	109	0
107	110	1
107	111	0
107	112	1
107	113	1
107	114	1
107	115	1
107	116	0
107	117	1
107	118	0
107	119	1
107	120	1
108	109	0
108	110	1
108	111	1
108	112	1
108	113	0
108	114	0
108	115	1
108	116	1
108	117	0
108	118	0
108	119	0
108	120	0
109	110	1
109	111	1
109	112	1
109	113	1
109	114	1
109	115	1
109	116	1
109	117	1
109	118	1
109	119	0
109	120	1
110	111	1
110	112	1
110	113	1
110	114	1
110	115	0
110	116	0
110	117	1
110	118	0
110	119	1
110	120	1
111	112	0
111	113	0
111	114	1
111	115	1
111	116	1
111	117	0
111	118	1
111	119	1
111	120	1
112	113	1
112	114	1
112	115	1
112	116	0
112	117	1
112	118	0
112	119	1
112	120	1
113	114	1
113	115	0
113	116	0
113	117	1
113	118	0
113	119	0
113	120	0
114	115	0
114	116	0
114	117	1
114	118	0
114	119	1
114	120	1
115	116	0
115	117	1
115	118	1
115	119	1
115	120	1
116	117	1
116	118	1
116	119	1
116	120	1
117	118	0
117	119	0
117	120	0
118	119	0
118	120	0
119	120	0
