120	7140	0
1	2	1
1	3	0
1	4	0
1	5	0
1	6	1
1	7	0
1	8	0
1	9	1
1	10	0
1	11	1
1	12	1
1	13	0
1	14	1
1	15	1
1	16	1
1	17	0
1	18	0
1	19	1
1	20	0
1	21	1
1	22	1
1	23	0
1	24	0
1	25	0
1	26	0
1	27	1
1	28	0
1	29	1
1	30	0
1	31	0
1	32	0
1	33	1
1	34	0
1	35	1
1	36	1
1	37	1
1	38	1
1	39	0
1	40	1
1	41	0
1	42	0
1	43	1
1	44	1
1	45	0
1	46	0
1	47	1
1	48	1
1	49	1
1	50	1
1	51	0
1	52	1
1	53	0
1	54	1
1	55	0
1	56	1
1	57	1
1	58	1
1	59	1
1	60	1
1	61	0
1	62	1
1	63	0
1	64	1
1	65	0
1	66	1
1	67	0
1	68	1
1	69	0
1	70	0
1	71	0
1	72	1
1	73	1
1	74	0
1	75	1
1	76	0
1	77	1
1	78	0
1	79	1
1	80	0
1	81	0
1	82	1
1	83	1
1	84	1
1	85	1
1	86	1
1	87	0
1	88	1
1	89	0
1	90	0
1	91	1
1	92	1
1	93	0
1	94	1
1	95	1
1	96	0
1	97	1
1	98	1
1	99	0
1	100	1
1	101	0
1	102	0
1	103	0
1	104	0
1	105	1
1	106	0
1	107	0
1	108	0
1	109	0
1	110	1
1	111	1
1	112	1
1	113	0
1	114	1
1	115	0
1	116	1
1	117	0
1	118	0
1	119	1
1	120	0
2	3	1
2	4	0
2	5	1
2	6	0
2	7	1
2	8	0
2	9	0
2	10	0
2	11	0
2	12	1
2	13	0
2	14	0
2	15	1
2	16	1
2	17	0
2	18	1
2	19	0
2	20	0
2	21	0
2	22	0
2	23	1
2	24	1
2	25	1
2	26	1
2	27	1
2	28	0
2	29	1
2	30	0
2	31	0
2	32	1
2	33	1
2	34	1
2	35	1
2	36	0
2	37	1
2	38	1
2	39	0
2	40	1
2	41	0
2	42	1
2	43	0
2	44	0
2	45	1
2	46	1
2	47	0
2	48	0
2	49	0
2	50	0
2	51	0
2	52	0
2	53	1
2	54	0
2	55	1
2	56	0
2	57	1
2	58	1
2	59	1
2	60	0
2	61	1
2	62	0
2	63	0
2	64	1
2	65	1
2	66	1
2	67	0
2	68	1
2	69	1
2	70	0
2	71	0
2	72	0
2	73	1
2	74	1
2	75	1
2	76	0
2	77	1
2	78	1
2	79	0
2	80	0
2	81	1
2	82	1
2	83	0
2	84	1
2	85	0
2	86	1
2	87	0
2	88	0
2	89	0
2	90	0
2	91	0
2	92	1
2	93	1
2	94	0
2	95	0
2	96	1
2	97	0
2	98	1
2	99	0
2	100	1
2	101	1
2	102	1
2	103	0
2	104	1
2	105	0
2	106	1
2	107	0
2	108	1
2	109	0
2	110	0
2	111	0
2	112	0
2	113	0
2	114	1
2	115	1
2	116	1
2	117	0
2	118	1
2	119	0
2	120	1
3	4	1
3	5	1
3	6	0
3	7	0
3	8	1
3	9	0
3	10	0
3	11	1
3	12	1
3	13	0
3	14	0
3	15	0
3	16	1
3	17	0
3	18	1
3	19	0
3	20	1
3	21	0
3	22	1
3	23	1
3	24	0
3	25	1
3	26	0
3	27	1
3	28	1
3	29	0
3	30	1
3	31	1
3	32	1
3	33	1
3	34	1
3	35	1
3	36	1
3	37	1
3	38	0
3	39	0
3	40	1
3	41	1
3	42	0
3	43	0
3	44	0
3	45	0
3	46	0
3	47	1
3	48	0
3	49	1
3	50	1
3	51	0
3	52	1
3	53	1
3	54	0
3	55	0
3	56	0
3	57	1
3	58	1
3	59	1
3	60	0
3	61	0
3	62	1
3	63	0
3	64	0
3	65	0
3	66	1
3	67	0
3	68	1
3	69	0
3	70	1
3	71	0
3	72	1
3	73	0
3	74	1
3	75	1
3	76	0
3	77	0
3	78	1
3	79	0
3	80	0
3	81	1
3	82	1
3	83	1
3	84	1
3	85	0
3	86	1
3	87	1
3	88	0
3	89	0
3	90	0
3	91	0
3	92	1
3	93	1
3	94	1
3	95	0
3	96	0
3	97	0
3	98	1
3	99	1
3	100	1
3	101	0
3	102	1
3	103	1
3	104	1
3	105	0
3	106	0
3	107	1
3	108	0
3	109	0
3	110	1
3	111	0
3	112	1
3	113	1
3	114	1
3	115	0
3	116	1
3	117	1
3	118	0
3	119	0
3	120	1
4	5	0
4	6	1
4	7	1
4	8	1
4	9	0
4	10	1
4	11	0
4	12	1
4	13	0
4	14	0
4	15	1
4	16	1
4	17	0
4	18	0
4	19	0
4	20	0
4	21	1
4	22	1
4	23	0
4	24	1
4	25	1
4	26	1
4	27	0
4	28	0
4	29	1
4	30	0
4	31	0
4	32	0
4	33	0
4	34	0
4	35	0
4	36	1
4	37	1
4	38	1
4	39	0
4	40	0
4	41	1
4	42	1
4	43	1
4	44	1
4	45	1
4	46	1
4	47	1
4	48	0
4	49	0
4	50	1
4	51	0
4	52	0
4	53	0
4	54	1
4	55	0
4	56	0
4	57	0
4	58	0
4	59	1
4	60	0
4	61	0
4	62	0
4	63	1
4	64	1
4	65	0
4	66	0
4	67	1
4	68	1
4	69	1
4	70	1
4	71	0
4	72	1
4	73	0
4	74	0
4	75	1
4	76	0
4	77	0
4	78	0
4	79	1
4	80	0
4	81	1
4	82	1
4	83	1
4	84	1
4	85	0
4	86	0
4	87	0
4	88	0
4	89	1
4	90	0
4	91	1
4	92	1
4	93	1
4	94	1
4	95	1
4	96	1
4	97	0
4	98	0
4	99	1
4	100	0
4	101	0
4	102	1
4	103	0
4	104	0
4	105	0
4	106	0
4	107	0
4	108	1
4	109	1
4	110	0
4	111	0
4	112	1
4	113	0
4	114	1
4	115	0
4	116	1
4	117	1
4	118	0
4	119	1
4	120	1
5	6	1
5	7	1
5	8	0
5	9	0
5	10	0
5	11	0
5	12	1
5	13	0
5	14	0
5	15	0
5	16	1
5	17	1
5	18	1
5	19	0
5	20	1
5	21	0
5	22	1
5	23	0
5	24	0
5	25	0
5	26	1
5	27	0
5	28	0
5	29	1
5	30	0
5	31	0
5	32	0
5	33	0
5	34	0
5	35	0
5	36	0
5	37	0
5	38	0
5	39	0
5	40	0
5	41	1
5	42	1
5	43	1
5	44	0
5	45	1
5	46	1
5	47	1
5	48	1
5	49	1
5	50	0
5	51	0
5	52	1
5	53	0
5	54	0
5	55	0
5	56	0
5	57	0
5	58	0
5	59	0
5	60	1
5	61	0
5	62	0
5	63	1
5	64	0
5	65	0
5	66	0
5	67	0
5	68	1
5	69	0
5	70	0
5	71	1
5	72	1
5	73	1
5	74	0
5	75	1
5	76	0
5	77	0
5	78	0
5	79	0
5	80	1
5	81	1
5	82	0
5	83	1
5	84	1
5	85	0
5	86	1
5	87	0
5	88	0
5	89	0
5	90	1
5	91	1
5	92	0
5	93	1
5	94	1
5	95	0
5	96	1
5	97	1
5	98	0
5	99	0
5	100	1
5	101	0
5	102	0
5	103	1
5	104	0
5	105	1
5	106	0
5	107	0
5	108	1
5	109	1
5	110	0
5	111	1
5	112	1
5	113	0
5	114	0
5	115	1
5	116	0
5	117	1
5	118	0
5	119	1
5	120	0
6	7	1
6	8	1
6	9	1
6	10	1
6	11	0
6	12	0
6	13	1
6	14	1
6	15	0
6	16	0
6	17	1
6	18	0
6	19	0
6	20	1
6	21	0
6	22	1
6	23	1
6	24	0
6	25	0
6	26	0
6	27	1
6	28	0
6	29	1
6	30	0
6	31	1
6	32	0
6	33	0
6	34	1
6	35	0
6	36	0
6	37	1
6	38	0
6	39	1
6	40	0
6	41	0
6	42	1
6	43	0
6	44	0
6	45	1
6	46	1
6	47	1
6	48	1
6	49	0
6	50	1
6	51	1
6	52	1
6	53	0
6	54	1
6	55	1
6	56	1
6	57	1
6	58	0
6	59	1
6	60	1
6	61	0
6	62	1
6	63	1
6	64	1
6	65	0
6	66	1
6	67	0
6	68	0
6	69	1
6	70	1
6	71	0
6	72	0
6	73	1
6	74	0
6	75	0
6	76	0
6	77	1
6	78	1
6	79	0
6	80	0
6	81	0
6	82	0
6	83	0
6	84	1
6	85	0
6	86	1
6	87	0
6	88	0
6	89	1
6	90	1
6	91	1
6	92	1
6	93	1
6	94	1
6	95	0
6	96	0
6	97	1
6	98	0
6	99	1
6	100	1
6	101	0
6	102	1
6	103	1
6	104	0
6	105	1
6	106	1
6	107	0
6	108	1
6	109	0
6	110	1
6	111	0
6	112	1
6	113	1
6	114	0
6	115	1
6	116	0
6	117	1
6	118	1
6	119	0
6	120	1
7	8	0
7	9	1
7	10	1
7	11	0
7	12	1
7	13	1
7	14	0
7	15	1
7	16	1
7	17	0
7	18	0
7	19	1
7	20	0
7	21	1
7	22	1
7	23	0
7	24	1
7	25	1
7	26	0
7	27	1
7	28	0
7	29	0
7	30	1
7	31	1
7	32	1
7	33	1
7	34	1
7	35	0
7	36	0
7	37	0
7	38	1
7	39	1
7	40	0
7	41	0
7	42	0
7	43	0
7	44	1
7	45	1
7	46	1
7	47	0
7	48	0
7	49	1
7	50	0
7	51	1
7	52	0
7	53	1
7	54	0
7	55	1
7	56	0
7	57	1
7	58	1
7	59	0
7	60	0
7	61	0
7	62	0
7	63	0
7	64	0
7	65	1
7	66	1
7	67	1
7	68	1
7	69	1
7	70	0
7	71	1
7	72	1
7	73	1
7	74	1
7	75	1
7	76	1
7	77	0
7	78	0
7	79	0
7	80	0
7	81	1
7	82	0
7	83	1
7	84	0
7	85	0
7	86	1
7	87	0
7	88	1
7	89	1
7	90	1
7	91	0
7	92	1
7	93	0
7	94	0
7	95	1
7	96	1
7	97	1
7	98	0
7	99	1
7	100	0
7	101	0
7	102	0
7	103	1
7	104	0
7	105	1
7	106	1
7	107	0
7	108	1
7	109	1
7	110	1
7	111	0
7	112	1
7	113	1
7	114	0
7	115	1
7	116	0
7	117	1
7	118	0
7	119	0
7	120	0
8	9	0
8	10	0
8	11	1
8	12	1
8	13	0
8	14	1
8	15	1
8	16	1
8	17	0
8	18	0
8	19	0
8	20	0
8	21	0
8	22	1
8	23	0
8	24	1
8	25	1
8	26	1
8	27	0
8	28	1
8	29	1
8	30	1
8	31	0
8	32	0
8	33	1
8	34	0
8	35	0
8	36	1
8	37	1
8	38	1
8	39	1
8	40	0
8	41	0
8	42	0
8	43	0
8	44	1
8	45	1
8	46	1
8	47	1
8	48	0
8	49	1
8	50	1
8	51	0
8	52	0
8	53	0
8	54	0
8	55	0
8	56	1
8	57	1
8	58	0
8	59	0
8	60	1
8	61	0
8	62	0
8	63	0
8	64	1
8	65	0
8	66	1
8	67	0
8	68	1
8	69	1
8	70	1
8	71	1
8	72	1
8	73	1
8	74	1
8	75	0
8	76	0
8	77	0
8	78	1
8	79	0
8	80	1
8	81	1
8	82	0
8	83	1
8	84	0
8	85	0
8	86	0
8	87	0
8	88	1
8	89	1
8	90	1
8	91	0
8	92	1
8	93	0
8	94	1
8	95	1
8	96	1
8	97	0
8	98	0
8	99	0
8	100	1
8	101	0
8	102	0
8	103	0
8	104	0
8	105	0
8	106	0
8	107	0
8	108	0
8	109	1
8	110	1
8	111	0
8	112	0
8	113	1
8	114	0
8	115	1
8	116	0
8	117	1
8	118	1
8	119	0
8	120	0
9	10	1
9	11	1
9	12	1
9	13	1
9	14	0
9	15	0
9	16	0
9	17	0
9	18	1
9	19	0
9	20	1
9	21	1
9	22	0
9	23	0
9	24	1
9	25	1
9	26	0
9	27	1
9	28	0
9	29	1
9	30	0
9	31	0
9	32	1
9	33	0
9	34	1
9	35	1
9	36	0
9	37	1
9	38	0
9	39	1
9	40	1
9	41	0
9	42	1
9	43	0
9	44	0
9	45	1
9	46	1
9	47	0
9	48	0
9	49	1
9	50	1
9	51	0
9	52	0
9	53	0
9	54	0
9	55	0
9	56	1
9	57	0
9	58	1
9	59	0
9	60	1
9	61	0
9	62	1
9	63	0
9	64	1
9	65	1
9	66	1
9	67	0
9	68	0
9	69	0
9	70	1
9	71	1
9	72	0
9	73	1
9	74	1
9	75	0
9	76	1
9	77	1
9	78	1
9	79	1
9	80	0
9	81	0
9	82	0
9	83	0
9	84	0
9	85	1
9	86	0
9	87	1
9	88	0
9	89	0
9	90	0
9	91	0
9	92	1
9	93	0
9	94	1
9	95	1
9	96	1
9	97	1
9	98	1
9	99	0
9	100	0
9	101	0
9	102	0
9	103	1
9	104	1
9	105	0
9	106	1
9	107	0
9	108	1
9	109	0
9	110	0
9	111	0
9	112	0
9	113	1
9	114	1
9	115	1
9	116	1
9	117	1
9	118	1
9	119	0
9	120	1
10	11	1
10	12	1
10	13	1
10	14	0
10	15	1
10	16	1
10	17	0
10	18	0
10	19	0
10	20	0
10	21	0
10	22	0
10	23	1
10	24	1
10	25	1
10	26	1
10	27	1
10	28	0
10	29	1
10	30	1
10	31	0
10	32	1
10	33	1
10	34	0
10	35	0
10	36	1
10	37	1
10	38	0
10	39	0
10	40	1
10	41	1
10	42	0
10	43	1
10	44	0
10	45	0
10	46	0
10	47	1
10	48	1
10	49	1
10	50	0
10	51	1
10	52	0
10	53	1
10	54	1
10	55	1
10	56	1
10	57	1
10	58	1
10	59	1
10	60	0
10	61	0
10	62	0
10	63	1
10	64	1
10	65	0
10	66	1
10	67	1
10	68	1
10	69	0
10	70	1
10	71	1
10	72	0
10	73	1
10	74	1
10	75	0
10	76	1
10	77	1
10	78	1
10	79	0
10	80	1
10	81	1
10	82	1
10	83	1
10	84	1
10	85	0
10	86	1
10	87	1
10	88	1
10	89	1
10	90	1
10	91	1
10	92	0
10	93	0
10	94	1
10	95	1
10	96	0
10	97	1
10	98	1
10	99	1
10	100	1
10	101	0
10	102	0
10	103	1
10	104	1
10	105	1
10	106	0
10	107	0
10	108	1
10	109	0
10	110	0
10	111	0
10	112	0
10	113	0
10	114	0
10	115	0
10	116	1
10	117	0
10	118	1
10	119	0
10	120	1
11	12	1
11	13	1
11	14	1
11	15	1
11	16	0
11	17	1
11	18	0
11	19	1
11	20	0
11	21	1
11	22	1
11	23	0
11	24	0
11	25	1
11	26	1
11	27	1
11	28	0
11	29	1
11	30	1
11	31	0
11	32	1
11	33	1
11	34	1
11	35	0
11	36	1
11	37	1
11	38	0
11	39	1
11	40	0
11	41	0
11	42	1
11	43	1
11	44	0
11	45	1
11	46	1
11	47	1
11	48	0
11	49	0
11	50	0
11	51	0
11	52	1
11	53	0
11	54	1
11	55	1
11	56	0
11	57	1
11	58	1
11	59	0
11	60	1
11	61	0
11	62	1
11	63	1
11	64	1
11	65	0
11	66	1
11	67	0
11	68	0
11	69	1
11	70	0
11	71	1
11	72	1
11	73	1
11	74	0
11	75	1
11	76	1
11	77	0
11	78	0
11	79	0
11	80	1
11	81	0
11	82	1
11	83	0
11	84	1
11	85	1
11	86	1
11	87	0
11	88	1
11	89	0
11	90	1
11	91	1
11	92	0
11	93	1
11	94	0
11	95	0
11	96	0
11	97	1
11	98	1
11	99	0
11	100	1
11	101	1
11	102	0
11	103	0
11	104	1
11	105	0
11	106	0
11	107	1
11	108	1
11	109	1
11	110	0
11	111	1
11	112	0
11	113	0
11	114	0
11	115	0
11	116	1
11	117	0
11	118	0
11	119	1
11	120	0
12	13	0
12	14	0
12	15	0
12	16	0
12	17	1
12	18	1
12	19	1
12	20	0
12	21	0
12	22	0
12	23	1
12	24	0
12	25	1
12	26	0
12	27	0
12	28	0
12	29	0
12	30	0
12	31	0
12	32	1
12	33	0
12	34	1
12	35	1
12	36	0
12	37	1
12	38	1
12	39	0
12	40	1
12	41	1
12	42	0
12	43	0
12	44	0
12	45	0
12	46	1
12	47	1
12	48	0
12	49	0
12	50	0
12	51	0
12	52	1
12	53	0
12	54	0
12	55	1
12	56	1
12	57	0
12	58	0
12	59	1
12	60	0
12	61	0
12	62	1
12	63	0
12	64	1
12	65	0
12	66	1
12	67	1
12	68	1
12	69	1
12	70	1
12	71	1
12	72	0
12	73	0
12	74	1
12	75	1
12	76	1
12	77	0
12	78	1
12	79	0
12	80	1
12	81	0
12	82	0
12	83	0
12	84	0
12	85	0
12	86	0
12	87	0
12	88	1
12	89	1
12	90	0
12	91	1
12	92	0
12	93	0
12	94	1
12	95	0
12	96	1
12	97	0
12	98	0
12	99	0
12	100	0
12	101	0
12	102	0
12	103	0
12	104	0
12	105	1
12	106	0
12	107	0
12	108	1
12	109	0
12	110	0
12	111	1
12	112	0
12	113	0
12	114	0
12	115	1
12	116	0
12	117	1
12	118	1
12	119	0
12	120	1
13	14	0
13	15	1
13	16	1
13	17	1
13	18	1
13	19	1
13	20	0
13	21	0
13	22	0
13	23	0
13	24	0
13	25	1
13	26	1
13	27	0
13	28	0
13	29	0
13	30	1
13	31	1
13	32	1
13	33	0
13	34	0
13	35	0
13	36	0
13	37	1
13	38	0
13	39	1
13	40	1
13	41	0
13	42	1
13	43	0
13	44	1
13	45	1
13	46	1
13	47	0
13	48	0
13	49	0
13	50	1
13	51	0
13	52	1
13	53	1
13	54	0
13	55	1
13	56	0
13	57	1
13	58	0
13	59	1
13	60	1
13	61	0
13	62	0
13	63	1
13	64	1
13	65	1
13	66	1
13	67	0
13	68	1
13	69	0
13	70	0
13	71	0
13	72	1
13	73	1
13	74	1
13	75	0
13	76	0
13	77	1
13	78	1
13	79	0
13	80	0
13	81	1
13	82	1
13	83	0
13	84	0
13	85	1
13	86	1
13	87	0
13	88	1
13	89	1
13	90	1
13	91	1
13	92	0
13	93	1
13	94	0
13	95	0
13	96	1
13	97	0
13	98	0
13	99	1
13	100	1
13	101	1
13	102	0
13	103	0
13	104	1
13	105	1
13	106	0
13	107	1
13	108	1
13	109	0
13	110	0
13	111	0
13	112	1
13	113	1
13	114	0
13	115	0
13	116	1
13	117	0
13	118	0
13	119	0
13	120	0
14	15	1
14	16	1
14	17	0
14	18	0
14	19	0
14	20	1
14	21	0
14	22	1
14	23	1
14	24	0
14	25	0
14	26	1
14	27	1
14	28	0
14	29	1
14	30	0
14	31	1
14	32	1
14	33	1
14	34	1
14	35	0
14	36	0
14	37	0
14	38	1
14	39	0
14	40	0
14	41	1
14	42	1
14	43	1
14	44	0
14	45	1
14	46	1
14	47	1
14	48	0
14	49	0
14	50	1
14	51	1
14	52	0
14	53	1
14	54	1
14	55	1
14	56	0
14	57	1
14	58	0
14	59	0
14	60	1
14	61	0
14	62	1
14	63	0
14	64	0
14	65	0
14	66	1
14	67	0
14	68	0
14	69	1
14	70	1
14	71	0
14	72	1
14	73	1
14	74	1
14	75	1
14	76	0
14	77	1
14	78	1
14	79	0
14	80	1
14	81	1
14	82	1
14	83	1
14	84	0
14	85	0
14	86	1
14	87	0
14	88	0
14	89	1
14	90	0
14	91	1
14	92	1
14	93	1
14	94	1
14	95	1
14	96	1
14	97	1
14	98	1
14	99	0
14	100	0
14	101	0
14	102	0
14	103	1
14	104	0
14	105	1
14	106	0
14	107	1
14	108	0
14	109	1
14	110	1
14	111	0
14	112	0
14	113	1
14	114	0
14	115	0
14	116	0
14	117	1
14	118	1
14	119	1
14	120	0
15	16	1
15	17	1
15	18	1
15	19	1
15	20	0
15	21	0
15	22	1
15	23	1
15	24	1
15	25	1
15	26	1
15	27	0
15	28	1
15	29	1
15	30	0
15	31	0
15	32	0
15	33	1
15	34	1
15	35	1
15	36	1
15	37	1
15	38	1
15	39	1
15	40	1
15	41	0
15	42	1
15	43	1
15	44	1
15	45	1
15	46	0
15	47	0
15	48	0
15	49	0
15	50	0
15	51	0
15	52	0
15	53	1
15	54	1
15	55	1
15	56	0
15	57	1
15	58	0
15	59	1
15	60	0
15	61	0
15	62	0
15	63	0
15	64	1
15	65	0
15	66	1
15	67	1
15	68	0
15	69	0
15	70	0
15	71	0
15	72	0
15	73	0
15	74	0
15	75	0
15	76	0
15	77	1
15	78	1
15	79	1
15	80	0
15	81	0
15	82	0
15	83	1
15	84	1
15	85	1
15	86	1
15	87	0
15	88	1
15	89	1
15	90	0
15	91	0
15	92	0
15	93	1
15	94	0
15	95	1
15	96	1
15	97	0
15	98	1
15	99	0
15	100	0
15	101	0
15	102	0
15	103	0
15	104	0
15	105	0
15	106	0
15	107	1
15	108	0
15	109	0
15	110	0
15	111	0
15	112	0
15	113	0
15	114	0
15	115	0
15	116	0
15	117	1
15	118	0
15	119	1
15	120	0
16	17	1
16	18	0
16	19	0
16	20	0
16	21	0
16	22	1
16	23	1
16	24	1
16	25	1
16	26	0
16	27	1
16	28	0
16	29	1
16	30	0
16	31	1
16	32	1
16	33	0
16	34	0
16	35	1
16	36	0
16	37	0
16	38	1
16	39	1
16	40	1
16	41	1
16	42	1
16	43	1
16	44	1
16	45	0
16	46	0
16	47	0
16	48	0
16	49	0
16	50	1
16	51	0
16	52	0
16	53	1
16	54	1
16	55	1
16	56	0
16	57	0
16	58	1
16	59	0
16	60	1
16	61	0
16	62	1
16	63	0
16	64	1
16	65	1
16	66	1
16	67	1
16	68	1
16	69	0
16	70	1
16	71	1
16	72	1
16	73	1
16	74	0
16	75	1
16	76	1
16	77	0
16	78	0
16	79	1
16	80	1
16	81	0
16	82	0
16	83	1
16	84	1
16	85	0
16	86	1
16	87	0
16	88	1
16	89	1
16	90	1
16	91	0
16	92	0
16	93	0
16	94	0
16	95	0
16	96	0
16	97	0
16	98	1
16	99	0
16	100	1
16	101	0
16	102	0
16	103	0
16	104	1
16	105	1
16	106	0
16	107	0
16	108	0
16	109	1
16	110	1
16	111	0
16	112	1
16	113	0
16	114	1
16	115	1
16	116	0
16	117	1
16	118	0
16	119	1
16	120	1
17	18	0
17	19	1
17	20	0
17	21	0
17	22	0
17	23	0
17	24	0
17	25	1
17	26	0
17	27	0
17	28	0
17	29	0
17	30	1
17	31	0
17	32	0
17	33	0
17	34	1
17	35	0
17	36	1
17	37	1
17	38	0
17	39	0
17	40	0
17	41	1
17	42	1
17	43	0
17	44	1
17	45	1
17	46	1
17	47	0
17	48	1
17	49	0
17	50	0
17	51	0
17	52	1
17	53	1
17	54	0
17	55	1
17	56	0
17	57	1
17	58	1
17	59	0
17	60	0
17	61	0
17	62	0
17	63	1
17	64	0
17	65	0
17	66	0
17	67	1
17	68	0
17	69	0
17	70	0
17	71	1
17	72	1
17	73	1
17	74	1
17	75	0
17	76	1
17	77	0
17	78	0
17	79	1
17	80	0
17	81	0
17	82	1
17	83	0
17	84	0
17	85	0
17	86	1
17	87	0
17	88	1
17	89	1
17	90	0
17	91	0
17	92	1
17	93	1
17	94	0
17	95	0
17	96	1
17	97	0
17	98	1
17	99	0
17	100	1
17	101	1
17	102	0
17	103	0
17	104	0
17	105	1
17	106	0
17	107	0
17	108	1
17	109	0
17	110	1
17	111	1
17	112	1
17	113	0
17	114	1
17	115	0
17	116	1
17	117	1
17	118	0
17	119	0
17	120	0
18	19	0
18	20	0
18	21	1
18	22	0
18	23	0
18	24	1
18	25	0
18	26	0
18	27	0
18	28	0
18	29	0
18	30	1
18	31	1
18	32	0
18	33	1
18	34	0
18	35	0
18	36	0
18	37	1
18	38	0
18	39	1
18	40	1
18	41	0
18	42	1
18	43	0
18	44	0
18	45	0
18	46	1
18	47	1
18	48	1
18	49	0
18	50	0
18	51	0
18	52	0
18	53	0
18	54	1
18	55	0
18	56	1
18	57	1
18	58	1
18	59	1
18	60	0
18	61	0
18	62	0
18	63	0
18	64	1
18	65	0
18	66	1
18	67	1
18	68	0
18	69	0
18	70	0
18	71	1
18	72	0
18	73	0
18	74	1
18	75	1
18	76	1
18	77	1
18	78	0
18	79	0
18	80	1
18	81	1
18	82	0
18	83	1
18	84	1
18	85	1
18	86	0
18	87	0
18	88	0
18	89	1
18	90	1
18	91	1
18	92	0
18	93	0
18	94	1
18	95	0
18	96	1
18	97	1
18	98	1
18	99	1
18	100	1
18	101	0
18	102	0
18	103	1
18	104	1
18	105	0
18	106	1
18	107	1
18	108	0
18	109	0
18	110	0
18	111	1
18	112	0
18	113	1
18	114	1
18	115	1
18	116	0
18	117	0
18	118	1
18	119	1
18	120	1
19	20	1
19	21	1
19	22	0
19	23	1
19	24	0
19	25	0
19	26	1
19	27	1
19	28	1
19	29	0
19	30	0
19	31	0
19	32	0
19	33	1
19	34	1
19	35	0
19	36	1
19	37	1
19	38	0
19	39	1
19	40	1
19	41	1
19	42	1
19	43	0
19	44	0
19	45	1
19	46	1
19	47	0
19	48	1
19	49	0
19	50	0
19	51	1
19	52	1
19	53	0
19	54	0
19	55	1
19	56	1
19	57	0
19	58	0
19	59	0
19	60	1
19	61	0
19	62	1
19	63	0
19	64	0
19	65	0
19	66	0
19	67	0
19	68	1
19	69	0
19	70	0
19	71	0
19	72	0
19	73	0
19	74	0
19	75	1
19	76	1
19	77	0
19	78	0
19	79	1
19	80	0
19	81	0
19	82	1
19	83	1
19	84	0
19	85	0
19	86	1
19	87	0
19	88	0
19	89	0
19	90	0
19	91	0
19	92	1
19	93	1
19	94	1
19	95	0
19	96	1
19	97	0
19	98	0
19	99	0
19	100	0
19	101	0
19	102	0
19	103	1
19	104	0
19	105	0
19	106	1
19	107	0
19	108	0
19	109	0
19	110	1
19	111	1
19	112	1
19	113	0
19	114	0
19	115	0
19	116	0
19	117	1
19	118	0
19	119	0
19	120	0
20	21	1
20	22	0
20	23	0
20	24	1
20	25	0
20	26	1
20	27	0
20	28	1
20	29	1
20	30	1
20	31	0
20	32	0
20	33	0
20	34	1
20	35	0
20	36	1
20	37	0
20	38	0
20	39	1
20	40	1
20	41	1
20	42	1
20	43	0
20	44	0
20	45	0
20	46	0
20	47	0
20	48	1
20	49	1
20	50	0
20	51	1
20	52	1
20	53	0
20	54	0
20	55	0
20	56	1
20	57	0
20	58	1
20	59	1
20	60	1
20	61	1
20	62	0
20	63	0
20	64	0
20	65	1
20	66	0
20	67	0
20	68	0
20	69	1
20	70	1
20	71	1
20	72	0
20	73	0
20	74	1
20	75	0
20	76	0
20	77	1
20	78	1
20	79	1
20	80	0
20	81	1
20	82	0
20	83	1
20	84	0
20	85	0
20	86	1
20	87	0
20	88	0
20	89	0
20	90	1
20	91	1
20	92	1
20	93	0
20	94	1
20	95	0
20	96	1
20	97	1
20	98	0
20	99	1
20	100	1
20	101	1
20	102	1
20	103	1
20	104	0
20	105	0
20	106	0
20	107	1
20	108	1
20	109	1
20	110	1
20	111	1
20	112	1
20	113	0
20	114	0
20	115	0
20	116	1
20	117	1
20	118	1
20	119	1
20	120	0
21	22	0
21	23	1
21	24	0
21	25	1
21	26	0
21	27	1
21	28	1
21	29	1
21	30	1
21	31	0
21	32	0
21	33	0
21	34	0
21	35	0
21	36	1
21	37	1
21	38	0
21	39	0
21	40	1
21	41	0
21	42	1
21	43	0
21	44	0
21	45	1
21	46	1
21	47	1
21	48	1
21	49	0
21	50	0
21	51	1
21	52	0
21	53	0
21	54	0
21	55	0
21	56	1
21	57	0
21	58	0
21	59	1
21	60	1
21	61	0
21	62	0
21	63	1
21	64	0
21	65	0
21	66	1
21	67	0
21	68	0
21	69	1
21	70	0
21	71	1
21	72	0
21	73	1
21	74	1
21	75	1
21	76	0
21	77	1
21	78	0
21	79	1
21	80	1
21	81	1
21	82	0
21	83	0
21	84	1
21	85	0
21	86	0
21	87	1
21	88	0
21	89	0
21	90	1
21	91	0
21	92	0
21	93	0
21	94	0
21	95	1
21	96	0
21	97	0
21	98	1
21	99	0
21	100	0
21	101	1
21	102	0
21	103	0
21	104	1
21	105	1
21	106	1
21	107	1
21	108	0
21	109	0
21	110	0
21	111	0
21	112	0
21	113	1
21	114	1
21	115	0
21	116	1
21	117	0
21	118	0
21	119	0
21	120	1
22	23	1
22	24	0
22	25	1
22	26	1
22	27	0
22	28	1
22	29	1
22	30	0
22	31	0
22	32	0
22	33	0
22	34	0
22	35	0
22	36	0
22	37	0
22	38	1
22	39	1
22	40	0
22	41	1
22	42	1
22	43	0
22	44	0
22	45	1
22	46	1
22	47	0
22	48	1
22	49	1
22	50	0
22	51	0
22	52	0
22	53	1
22	54	1
22	55	0
22	56	0
22	57	1
22	58	1
22	59	1
22	60	1
22	61	0
22	62	1
22	63	0
22	64	1
22	65	0
22	66	0
22	67	0
22	68	0
22	69	0
22	70	0
22	71	1
22	72	0
22	73	1
22	74	0
22	75	0
22	76	0
22	77	1
22	78	0
22	79	0
22	80	0
22	81	0
22	82	1
22	83	1
22	84	1
22	85	1
22	86	0
22	87	1
22	88	1
22	89	0
22	90	0
22	91	0
22	92	0
22	93	1
22	94	1
22	95	1
22	96	0
22	97	1
22	98	0
22	99	0
22	100	1
22	101	0
22	102	1
22	103	1
22	104	1
22	105	1
22	106	1
22	107	1
22	108	0
22	109	1
22	110	1
22	111	0
22	112	0
22	113	1
22	114	0
22	115	1
22	116	0
22	117	0
22	118	0
22	119	0
22	120	1
23	24	1
23	25	0
23	26	0
23	27	1
23	28	0
23	29	0
23	30	0
23	31	0
23	32	0
23	33	1
23	34	1
23	35	1
23	36	0
23	37	0
23	38	0
23	39	1
23	40	0
23	41	0
23	42	0
23	43	1
23	44	1
23	45	0
23	46	0
23	47	0
23	48	0
23	49	1
23	50	0
23	51	0
23	52	0
23	53	1
23	54	0
23	55	1
23	56	0
23	57	0
23	58	1
23	59	0
23	60	0
23	61	1
23	62	0
23	63	0
23	64	0
23	65	0
23	66	0
23	67	1
23	68	1
23	69	0
23	70	0
23	71	0
23	72	1
23	73	1
23	74	1
23	75	0
23	76	0
23	77	0
23	78	1
23	79	0
23	80	0
23	81	1
23	82	1
23	83	1
23	84	0
23	85	0
23	86	1
23	87	0
23	88	0
23	89	1
23	90	1
23	91	1
23	92	0
23	93	0
23	94	1
23	95	1
23	96	1
23	97	1
23	98	1
23	99	0
23	100	1
23	101	0
23	102	1
23	103	0
23	104	0
23	105	0
23	106	1
23	107	1
23	108	0
23	109	0
23	110	1
23	111	1
23	112	1
23	113	1
23	114	1
23	115	1
23	116	0
23	117	0
23	118	0
23	119	0
23	120	0
24	25	1
24	26	0
24	27	1
24	28	1
24	29	1
24	30	0
24	31	0
24	32	1
24	33	1
24	34	1
24	35	1
24	36	0
24	37	0
24	38	1
24	39	0
24	40	0
24	41	1
24	42	0
24	43	1
24	44	1
24	45	1
24	46	0
24	47	1
24	48	1
24	49	1
24	50	1
24	51	1
24	52	0
24	53	0
24	54	0
24	55	1
24	56	0
24	57	1
24	58	0
24	59	1
24	60	1
24	61	0
24	62	1
24	63	0
24	64	0
24	65	1
24	66	0
24	67	1
24	68	1
24	69	1
24	70	1
24	71	1
24	72	1
24	73	1
24	74	0
24	75	0
24	76	1
24	77	1
24	78	0
24	79	1
24	80	1
24	81	0
24	82	1
24	83	1
24	84	1
24	85	1
24	86	0
24	87	0
24	88	0
24	89	1
24	90	0
24	91	1
24	92	1
24	93	0
24	94	0
24	95	0
24	96	0
24	97	0
24	98	0
24	99	1
24	100	0
24	101	0
24	102	0
24	103	0
24	104	1
24	105	0
24	106	0
24	107	1
24	108	1
24	109	0
24	110	0
24	111	1
24	112	1
24	113	1
24	114	1
24	115	0
24	116	1
24	117	1
24	118	1
24	119	1
24	120	1
25	26	0
25	27	1
25	28	0
25	29	0
25	30	0
25	31	1
25	32	1
25	33	1
25	34	0
25	35	1
25	36	1
25	37	0
25	38	0
25	39	0
25	40	0
25	41	1
25	42	1
25	43	1
25	44	1
25	45	1
25	46	1
25	47	1
25	48	0
25	49	1
25	50	1
25	51	0
25	52	0
25	53	0
25	54	0
25	55	0
25	56	0
25	57	1
25	58	1
25	59	1
25	60	1
25	61	0
25	62	1
25	63	0
25	64	0
25	65	0
25	66	0
25	67	0
25	68	1
25	69	1
25	70	0
25	71	1
25	72	0
25	73	0
25	74	1
25	75	0
25	76	0
25	77	0
25	78	0
25	79	0
25	80	0
25	81	1
25	82	1
25	83	1
25	84	0
25	85	0
25	86	1
25	87	1
25	88	1
25	89	1
25	90	0
25	91	1
25	92	1
25	93	1
25	94	0
25	95	1
25	96	1
25	97	1
25	98	1
25	99	0
25	100	1
25	101	1
25	102	0
25	103	1
25	104	1
25	105	1
25	106	0
25	107	0
25	108	1
25	109	0
25	110	1
25	111	1
25	112	0
25	113	1
25	114	1
25	115	1
25	116	0
25	117	1
25	118	1
25	119	0
25	120	0
26	27	0
26	28	0
26	29	0
26	30	0
26	31	0
26	32	0
26	33	1
26	34	0
26	35	0
26	36	0
26	37	1
26	38	1
26	39	1
26	40	1
26	41	1
26	42	1
26	43	1
26	44	1
26	45	0
26	46	1
26	47	0
26	48	0
26	49	0
26	50	0
26	51	1
26	52	0
26	53	0
26	54	0
26	55	1
26	56	1
26	57	0
26	58	0
26	59	0
26	60	1
26	61	1
26	62	1
26	63	0
26	64	0
26	65	1
26	66	1
26	67	0
26	68	0
26	69	0
26	70	0
26	71	1
26	72	1
26	73	1
26	74	1
26	75	0
26	76	1
26	77	0
26	78	1
26	79	1
26	80	1
26	81	1
26	82	0
26	83	0
26	84	1
26	85	1
26	86	0
26	87	1
26	88	1
26	89	1
26	90	0
26	91	0
26	92	0
26	93	1
26	94	1
26	95	1
26	96	1
26	97	1
26	98	0
26	99	0
26	100	0
26	101	0
26	102	0
26	103	1
26	104	0
26	105	1
26	106	1
26	107	0
26	108	0
26	109	0
26	110	0
26	111	1
26	112	0
26	113	1
26	114	0
26	115	1
26	116	1
26	117	1
26	118	1
26	119	0
26	120	0
27	28	1
27	29	1
27	30	0
27	31	1
27	32	0
27	33	0
27	34	0
27	35	0
27	36	0
27	37	0
27	38	0
27	39	1
27	40	0
27	41	0
27	42	0
27	43	1
27	44	1
27	45	0
27	46	0
27	47	1
27	48	0
27	49	0
27	50	1
27	51	1
27	52	1
27	53	1
27	54	0
27	55	0
27	56	1
27	57	0
27	58	0
27	59	1
27	60	1
27	61	0
27	62	0
27	63	1
27	64	0
27	65	0
27	66	1
27	67	1
27	68	1
27	69	1
27	70	1
27	71	1
27	72	1
27	73	1
27	74	1
27	75	0
27	76	1
27	77	1
27	78	0
27	79	0
27	80	1
27	81	1
27	82	1
27	83	1
27	84	0
27	85	0
27	86	0
27	87	1
27	88	0
27	89	1
27	90	0
27	91	1
27	92	1
27	93	0
27	94	1
27	95	1
27	96	0
27	97	0
27	98	1
27	99	1
27	100	0
27	101	0
27	102	0
27	103	0
27	104	1
27	105	1
27	106	1
27	107	1
27	108	1
27	109	0
27	110	0
27	111	0
27	112	0
27	113	1
27	114	1
27	115	0
27	116	0
27	117	0
27	118	0
27	119	1
27	120	1
28	29	0
28	30	0
28	31	0
28	32	0
28	33	1
28	34	0
28	35	1
28	36	0
28	37	0
28	38	0
28	39	1
28	40	0
28	41	0
28	42	1
28	43	1
28	44	0
28	45	1
28	46	0
28	47	1
28	48	0
28	49	1
28	50	1
28	51	0
28	52	0
28	53	1
28	54	1
28	55	1
28	56	0
28	57	1
28	58	0
28	59	0
28	60	1
28	61	0
28	62	0
28	63	0
28	64	0
28	65	0
28	66	1
28	67	0
28	68	0
28	69	1
28	70	1
28	71	1
28	72	0
28	73	0
28	74	1
28	75	1
28	76	0
28	77	0
28	78	1
28	79	0
28	80	1
28	81	0
28	82	0
28	83	0
28	84	1
28	85	0
28	86	0
28	87	1
28	88	1
28	89	1
28	90	0
28	91	0
28	92	1
28	93	0
28	94	0
28	95	1
28	96	1
28	97	0
28	98	1
28	99	0
28	100	1
28	101	1
28	102	1
28	103	0
28	104	1
28	105	0
28	106	1
28	107	1
28	108	1
28	109	0
28	110	1
28	111	1
28	112	0
28	113	1
28	114	0
28	115	1
28	116	1
28	117	0
28	118	1
28	119	1
28	120	0
29	30	0
29	31	1
29	32	1
29	33	0
29	34	0
29	35	0
29	36	0
29	37	1
29	38	1
29	39	1
29	40	1
29	41	0
29	42	1
29	43	0
29	44	0
29	45	0
29	46	0
29	47	1
29	48	1
29	49	1
29	50	0
29	51	0
29	52	0
29	53	1
29	54	0
29	55	1
29	56	1
29	57	1
29	58	0
29	59	1
29	60	1
29	61	1
29	62	0
29	63	1
29	64	1
29	65	1
29	66	1
29	67	0
29	68	0
29	69	1
29	70	1
29	71	1
29	72	0
29	73	1
29	74	0
29	75	0
29	76	1
29	77	0
29	78	1
29	79	1
29	80	0
29	81	0
29	82	1
29	83	0
29	84	1
29	85	1
29	86	1
29	87	0
29	88	1
29	89	1
29	90	1
29	91	0
29	92	0
29	93	1
29	94	0
29	95	1
29	96	1
29	97	1
29	98	0
29	99	1
29	100	0
29	101	0
29	102	0
29	103	0
29	104	1
29	105	1
29	106	1
29	107	1
29	108	0
29	109	1
29	110	1
29	111	1
29	112	0
29	113	0
29	114	0
29	115	0
29	116	0
29	117	1
29	118	0
29	119	0
29	120	1
30	31	0
30	32	1
30	33	1
30	34	1
30	35	1
30	36	1
30	37	1
30	38	0
30	39	0
30	40	0
30	41	0
30	42	0
30	43	1
30	44	0
30	45	1
30	46	1
30	47	0
30	48	0
30	49	0
30	50	1
30	51	0
30	52	1
30	53	0
30	54	0
30	55	0
30	56	1
30	57	1
30	58	0
30	59	0
30	60	0
30	61	0
30	62	1
30	63	1
30	64	0
30	65	1
30	66	0
30	67	0
30	68	1
30	69	0
30	70	0
30	71	1
30	72	0
30	73	0
30	74	1
30	75	1
30	76	1
30	77	1
30	78	1
30	79	0
30	80	1
30	81	1
30	82	0
30	83	0
30	84	1
30	85	1
30	86	0
30	87	1
30	88	0
30	89	1
30	90	1
30	91	1
30	92	1
30	93	0
30	94	1
30	95	1
30	96	0
30	97	1
30	98	0
30	99	0
30	100	1
30	101	1
30	102	0
30	103	0
30	104	0
30	105	0
30	106	0
30	107	0
30	108	0
30	109	0
30	110	0
30	111	0
30	112	1
30	113	0
30	114	1
30	115	0
30	116	0
30	117	0
30	118	1
30	119	1
30	120	0
31	32	0
31	33	0
31	34	1
31	35	1
31	36	0
31	37	0
31	38	1
31	39	0
31	40	0
31	41	1
31	42	0
31	43	1
31	44	0
31	45	1
31	46	1
31	47	1
31	48	1
31	49	1
31	50	0
31	51	0
31	52	0
31	53	0
31	54	0
31	55	1
31	56	0
31	57	1
31	58	1
31	59	1
31	60	0
31	61	1
31	62	1
31	63	0
31	64	0
31	65	0
31	66	1
31	67	0
31	68	1
31	69	0
31	70	1
31	71	1
31	72	1
31	73	1
31	74	0
31	75	1
31	76	1
31	77	1
31	78	0
31	79	0
31	80	0
31	81	0
31	82	1
31	83	0
31	84	1
31	85	1
31	86	0
31	87	0
31	88	1
31	89	0
31	90	1
31	91	1
31	92	0
31	93	1
31	94	1
31	95	0
31	96	1
31	97	1
31	98	1
31	99	1
31	100	0
31	101	0
31	102	1
31	103	1
31	104	0
31	105	1
31	106	1
31	107	1
31	108	1
31	109	0
31	110	1
31	111	1
31	112	1
31	113	1
31	114	1
31	115	1
31	116	1
31	117	1
31	118	1
31	119	1
31	120	1
32	33	0
32	34	1
32	35	1
32	36	0
32	37	1
32	38	0
32	39	1
32	40	0
32	41	0
32	42	0
32	43	0
32	44	1
32	45	0
32	46	1
32	47	0
32	48	1
32	49	1
32	50	0
32	51	0
32	52	1
32	53	0
32	54	1
32	55	1
32	56	1
32	57	1
32	58	0
32	59	0
32	60	0
32	61	0
32	62	0
32	63	0
32	64	1
32	65	0
32	66	1
32	67	0
32	68	1
32	69	1
32	70	0
32	71	1
32	72	1
32	73	0
32	74	0
32	75	1
32	76	0
32	77	0
32	78	1
32	79	0
32	80	1
32	81	0
32	82	0
32	83	0
32	84	1
32	85	1
32	86	0
32	87	0
32	88	0
32	89	0
32	90	1
32	91	0
32	92	0
32	93	1
32	94	1
32	95	1
32	96	0
32	97	1
32	98	1
32	99	1
32	100	0
32	101	0
32	102	0
32	103	1
32	104	1
32	105	0
32	106	1
32	107	0
32	108	0
32	109	1
32	110	1
32	111	1
32	112	0
32	113	1
32	114	1
32	115	1
32	116	0
32	117	0
32	118	0
32	119	0
32	120	0
33	34	1
33	35	1
33	36	0
33	37	0
33	38	0
33	39	0
33	40	1
33	41	1
33	42	0
33	43	1
33	44	1
33	45	0
33	46	0
33	47	0
33	48	0
33	49	1
33	50	0
33	51	1
33	52	0
33	53	0
33	54	0
33	55	1
33	56	0
33	57	0
33	58	1
33	59	1
33	60	1
33	61	0
33	62	1
33	63	1
33	64	1
33	65	1
33	66	1
33	67	0
33	68	0
33	69	1
33	70	1
33	71	0
33	72	0
33	73	0
33	74	0
33	75	1
33	76	0
33	77	1
33	78	1
33	79	0
33	80	1
33	81	1
33	82	1
33	83	0
33	84	0
33	85	1
33	86	0
33	87	1
33	88	0
33	89	0
33	90	1
33	91	1
33	92	1
33	93	1
33	94	1
33	95	1
33	96	0
33	97	0
33	98	0
33	99	1
33	100	0
33	101	0
33	102	0
33	103	1
33	104	0
33	105	0
33	106	1
33	107	0
33	108	1
33	109	1
33	110	1
33	111	0
33	112	1
33	113	1
33	114	1
33	115	1
33	116	0
33	117	0
33	118	1
33	119	1
33	120	0
34	35	1
34	36	1
34	37	1
34	38	1
34	39	0
34	40	1
34	41	0
34	42	0
34	43	1
34	44	1
34	45	0
34	46	1
34	47	0
34	48	0
34	49	0
34	50	0
34	51	1
34	52	1
34	53	1
34	54	0
34	55	1
34	56	1
34	57	1
34	58	0
34	59	1
34	60	1
34	61	1
34	62	1
34	63	0
34	64	1
34	65	1
34	66	1
34	67	0
34	68	0
34	69	0
34	70	1
34	71	1
34	72	1
34	73	1
34	74	1
34	75	0
34	76	1
34	77	1
34	78	0
34	79	1
34	80	1
34	81	0
34	82	1
34	83	1
34	84	1
34	85	0
34	86	1
34	87	1
34	88	1
34	89	1
34	90	1
34	91	1
34	92	0
34	93	0
34	94	1
34	95	0
34	96	1
34	97	1
34	98	1
34	99	0
34	100	1
34	101	0
34	102	0
34	103	1
34	104	1
34	105	0
34	106	1
34	107	0
34	108	1
34	109	0
34	110	1
34	111	0
34	112	0
34	113	0
34	114	1
34	115	0
34	116	0
34	117	0
34	118	1
34	119	0
34	120	1
35	36	0
35	37	0
35	38	1
35	39	0
35	40	1
35	41	0
35	42	1
35	43	0
35	44	1
35	45	0
35	46	0
35	47	1
35	48	0
35	49	0
35	50	0
35	51	0
35	52	0
35	53	0
35	54	0
35	55	0
35	56	0
35	57	1
35	58	0
35	59	1
35	60	0
35	61	0
35	62	1
35	63	1
35	64	0
35	65	0
35	66	1
35	67	0
35	68	0
35	69	1
35	70	1
35	71	1
35	72	0
35	73	0
35	74	1
35	75	0
35	76	1
35	77	1
35	78	1
35	79	1
35	80	0
35	81	1
35	82	0
35	83	1
35	84	1
35	85	1
35	86	0
35	87	0
35	88	1
35	89	0
35	90	0
35	91	0
35	92	1
35	93	1
35	94	0
35	95	0
35	96	1
35	97	0
35	98	0
35	99	1
35	100	1
35	101	1
35	102	0
35	103	1
35	104	0
35	105	1
35	106	0
35	107	1
35	108	1
35	109	0
35	110	1
35	111	0
35	112	1
35	113	0
35	114	0
35	115	0
35	116	1
35	117	0
35	118	0
35	119	0
35	120	1
36	37	1
36	38	0
36	39	0
36	40	1
36	41	0
36	42	0
36	43	1
36	44	0
36	45	0
36	46	1
36	47	1
36	48	0
36	49	1
36	50	1
36	51	0
36	52	1
36	53	0
36	54	1
36	55	1
36	56	0
36	57	1
36	58	0
36	59	1
36	60	1
36	61	0
36	62	0
36	63	1
36	64	0
36	65	0
36	66	1
36	67	1
36	68	1
36	69	0
36	70	0
36	71	1
36	72	1
36	73	1
36	74	0
36	75	0
36	76	0
36	77	0
36	78	0
36	79	0
36	80	0
36	81	1
36	82	1
36	83	0
36	84	1
36	85	0
36	86	0
36	87	0
36	88	1
36	89	0
36	90	0
36	91	0
36	92	1
36	93	0
36	94	0
36	95	0
36	96	1
36	97	1
36	98	0
36	99	0
36	100	0
36	101	0
36	102	1
36	103	1
36	104	0
36	105	1
36	106	1
36	107	0
36	108	1
36	109	0
36	110	1
36	111	1
36	112	1
36	113	0
36	114	1
36	115	1
36	116	1
36	117	1
36	118	1
36	119	0
36	120	1
37	38	0
37	39	1
37	40	0
37	41	0
37	42	1
37	43	1
37	44	1
37	45	1
37	46	0
37	47	1
37	48	1
37	49	1
37	50	1
37	51	0
37	52	1
37	53	0
37	54	0
37	55	1
37	56	0
37	57	0
37	58	1
37	59	0
37	60	0
37	61	0
37	62	1
37	63	1
37	64	0
37	65	1
37	66	0
37	67	0
37	68	1
37	69	0
37	70	1
37	71	1
37	72	0
37	73	1
37	74	1
37	75	0
37	76	0
37	77	0
37	78	1
37	79	0
37	80	1
37	81	0
37	82	0
37	83	0
37	84	1
37	85	0
37	86	1
37	87	1
37	88	1
37	89	1
37	90	0
37	91	1
37	92	1
37	93	0
37	94	0
37	95	1
37	96	1
37	97	1
37	98	1
37	99	1
37	100	0
37	101	1
37	102	0
37	103	1
37	104	0
37	105	1
37	106	0
37	107	0
37	108	0
37	109	1
37	110	1
37	111	1
37	112	1
37	113	1
37	114	0
37	115	1
37	116	0
37	117	1
37	118	0
37	119	0
37	120	0
38	39	0
38	40	0
38	41	1
38	42	0
38	43	1
38	44	0
38	45	0
38	46	0
38	47	1
38	48	0
38	49	1
38	50	0
38	51	1
38	52	0
38	53	0
38	54	1
38	55	0
38	56	0
38	57	0
38	58	0
38	59	0
38	60	0
38	61	1
38	62	1
38	63	0
38	64	1
38	65	1
38	66	1
38	67	1
38	68	0
38	69	1
38	70	1
38	71	0
38	72	1
38	73	1
38	74	1
38	75	1
38	76	0
38	77	0
38	78	1
38	79	1
38	80	1
38	81	0
38	82	1
38	83	0
38	84	0
38	85	0
38	86	0
38	87	0
38	88	1
38	89	1
38	90	1
38	91	1
38	92	0
38	93	1
38	94	0
38	95	1
38	96	0
38	97	1
38	98	0
38	99	1
38	100	0
38	101	1
38	102	1
38	103	1
38	104	0
38	105	1
38	106	1
38	107	0
38	108	1
38	109	1
38	110	0
38	111	0
38	112	0
38	113	0
38	114	1
38	115	1
38	116	1
38	117	0
38	118	1
38	119	0
38	120	1
39	40	0
39	41	0
39	42	1
39	43	1
39	44	1
39	45	0
39	46	0
39	47	0
39	48	0
39	49	1
39	50	1
39	51	0
39	52	1
39	53	1
39	54	1
39	55	0
39	56	1
39	57	1
39	58	1
39	59	1
39	60	1
39	61	0
39	62	1
39	63	1
39	64	0
39	65	0
39	66	1
39	67	0
39	68	1
39	69	0
39	70	1
39	71	0
39	72	0
39	73	0
39	74	1
39	75	0
39	76	1
39	77	1
39	78	0
39	79	1
39	80	1
39	81	1
39	82	0
39	83	1
39	84	0
39	85	0
39	86	1
39	87	1
39	88	1
39	89	0
39	90	0
39	91	0
39	92	1
39	93	1
39	94	1
39	95	0
39	96	1
39	97	1
39	98	1
39	99	0
39	100	1
39	101	0
39	102	1
39	103	1
39	104	1
39	105	0
39	106	0
39	107	0
39	108	0
39	109	1
39	110	0
39	111	0
39	112	0
39	113	0
39	114	0
39	115	0
39	116	1
39	117	0
39	118	0
39	119	1
39	120	0
40	41	0
40	42	1
40	43	1
40	44	0
40	45	1
40	46	0
40	47	0
40	48	0
40	49	0
40	50	1
40	51	1
40	52	1
40	53	0
40	54	1
40	55	0
40	56	1
40	57	0
40	58	1
40	59	0
40	60	1
40	61	1
40	62	1
40	63	1
40	64	1
40	65	0
40	66	1
40	67	0
40	68	0
40	69	1
40	70	0
40	71	1
40	72	0
40	73	1
40	74	1
40	75	1
40	76	0
40	77	1
40	78	1
40	79	1
40	80	0
40	81	0
40	82	0
40	83	0
40	84	1
40	85	1
40	86	1
40	87	1
40	88	0
40	89	0
40	90	0
40	91	0
40	92	0
40	93	1
40	94	1
40	95	1
40	96	0
40	97	1
40	98	0
40	99	0
40	100	0
40	101	0
40	102	1
40	103	0
40	104	0
40	105	1
40	106	0
40	107	0
40	108	0
40	109	1
40	110	0
40	111	1
40	112	0
40	113	1
40	114	1
40	115	0
40	116	1
40	117	1
40	118	1
40	119	1
40	120	0
41	42	1
41	43	0
41	44	1
41	45	0
41	46	1
41	47	0
41	48	1
41	49	1
41	50	1
41	51	1
41	52	1
41	53	1
41	54	1
41	55	1
41	56	1
41	57	1
41	58	0
41	59	0
41	60	1
41	61	0
41	62	1
41	63	1
41	64	0
41	65	0
41	66	1
41	67	1
41	68	1
41	69	1
41	70	0
41	71	0
41	72	0
41	73	1
41	74	1
41	75	1
41	76	1
41	77	1
41	78	0
41	79	1
41	80	1
41	81	1
41	82	1
41	83	1
41	84	0
41	85	1
41	86	1
41	87	1
41	88	0
41	89	1
41	90	0
41	91	0
41	92	1
41	93	0
41	94	0
41	95	0
41	96	0
41	97	1
41	98	0
41	99	0
41	100	1
41	101	0
41	102	1
41	103	0
41	104	1
41	105	0
41	106	1
41	107	1
41	108	1
41	109	1
41	110	0
41	111	0
41	112	0
41	113	1
41	114	0
41	115	1
41	116	0
41	117	0
41	118	0
41	119	0
41	120	1
42	43	1
42	44	0
42	45	1
42	46	0
42	47	1
42	48	1
42	49	1
42	50	0
42	51	1
42	52	1
42	53	0
42	54	1
42	55	0
42	56	1
42	57	1
42	58	0
42	59	1
42	60	0
42	61	0
42	62	0
42	63	1
42	64	0
42	65	1
42	66	1
42	67	0
42	68	0
42	69	0
42	70	1
42	71	0
42	72	0
42	73	0
42	74	0
42	75	0
42	76	1
42	77	0
42	78	0
42	79	0
42	80	1
42	81	0
42	82	0
42	83	0
42	84	1
42	85	1
42	86	0
42	87	1
42	88	1
42	89	0
42	90	1
42	91	0
42	92	0
42	93	1
42	94	0
42	95	1
42	96	1
42	97	0
42	98	0
42	99	0
42	100	1
42	101	0
42	102	0
42	103	1
42	104	0
42	105	0
42	106	0
42	107	1
42	108	1
42	109	0
42	110	0
42	111	0
42	112	1
42	113	0
42	114	0
42	115	1
42	116	0
42	117	1
42	118	1
42	119	0
42	120	0
43	44	0
43	45	1
43	46	0
43	47	1
43	48	1
43	49	0
43	50	1
43	51	0
43	52	1
43	53	0
43	54	0
43	55	1
43	56	0
43	57	0
43	58	1
43	59	0
43	60	1
43	61	1
43	62	1
43	63	1
43	64	1
43	65	0
43	66	1
43	67	0
43	68	1
43	69	0
43	70	0
43	71	1
43	72	1
43	73	1
43	74	1
43	75	0
43	76	0
43	77	0
43	78	1
43	79	1
43	80	0
43	81	0
43	82	0
43	83	1
43	84	1
43	85	1
43	86	1
43	87	1
43	88	1
43	89	0
43	90	1
43	91	0
43	92	1
43	93	0
43	94	1
43	95	1
43	96	1
43	97	0
43	98	0
43	99	1
43	100	1
43	101	1
43	102	0
43	103	0
43	104	0
43	105	1
43	106	1
43	107	0
43	108	1
43	109	0
43	110	1
43	111	0
43	112	0
43	113	0
43	114	1
43	115	0
43	116	1
43	117	0
43	118	1
43	119	0
43	120	0
44	45	1
44	46	0
44	47	0
44	48	0
44	49	0
44	50	1
44	51	1
44	52	1
44	53	0
44	54	0
44	55	1
44	56	0
44	57	0
44	58	0
44	59	0
44	60	0
44	61	1
44	62	1
44	63	1
44	64	1
44	65	1
44	66	1
44	67	1
44	68	1
44	69	1
44	70	0
44	71	0
44	72	1
44	73	1
44	74	0
44	75	0
44	76	1
44	77	0
44	78	1
44	79	1
44	80	0
44	81	0
44	82	0
44	83	1
44	84	1
44	85	1
44	86	1
44	87	0
44	88	1
44	89	1
44	90	0
44	91	1
44	92	1
44	93	1
44	94	0
44	95	1
44	96	1
44	97	0
44	98	0
44	99	0
44	100	1
44	101	1
44	102	0
44	103	1
44	104	0
44	105	1
44	106	1
44	107	0
44	108	0
44	109	1
44	110	0
44	111	0
44	112	0
44	113	0
44	114	0
44	115	1
44	116	0
44	117	1
44	118	0
44	119	1
44	120	0
45	46	0
45	47	1
45	48	0
45	49	0
45	50	1
45	51	0
45	52	1
45	53	1
45	54	0
45	55	0
45	56	1
45	57	0
45	58	1
45	59	1
45	60	1
45	61	1
45	62	1
45	63	0
45	64	0
45	65	0
45	66	1
45	67	1
45	68	1
45	69	0
45	70	1
45	71	1
45	72	1
45	73	1
45	74	1
45	75	0
45	76	1
45	77	0
45	78	0
45	79	0
45	80	1
45	81	1
45	82	0
45	83	0
45	84	1
45	85	0
45	86	1
45	87	1
45	88	1
45	89	0
45	90	1
45	91	0
45	92	1
45	93	0
45	94	1
45	95	1
45	96	1
45	97	0
45	98	0
45	99	1
45	100	0
45	101	1
45	102	1
45	103	1
45	104	1
45	105	1
45	106	0
45	107	1
45	108	1
45	109	0
45	110	1
45	111	1
45	112	0
45	113	0
45	114	0
45	115	1
45	116	1
45	117	1
45	118	1
45	119	1
45	120	1
46	47	0
46	48	0
46	49	1
46	50	1
46	51	0
46	52	1
46	53	0
46	54	0
46	55	1
46	56	1
46	57	0
46	58	0
46	59	1
46	60	0
46	61	1
46	62	1
46	63	1
46	64	1
46	65	0
46	66	0
46	67	0
46	68	0
46	69	0
46	70	1
46	71	1
46	72	0
46	73	1
46	74	0
46	75	1
46	76	1
46	77	0
46	78	1
46	79	1
46	80	1
46	81	1
46	82	1
46	83	1
46	84	0
46	85	0
46	86	0
46	87	1
46	88	1
46	89	0
46	90	0
46	91	1
46	92	0
46	93	1
46	94	0
46	95	1
46	96	0
46	97	1
46	98	1
46	99	0
46	100	1
46	101	1
46	102	0
46	103	1
46	104	1
46	105	1
46	106	1
46	107	0
46	108	0
46	109	0
46	110	0
46	111	1
46	112	1
46	113	1
46	114	1
46	115	0
46	116	1
46	117	1
46	118	0
46	119	1
46	120	1
47	48	0
47	49	1
47	50	0
47	51	1
47	52	0
47	53	1
47	54	0
47	55	1
47	56	0
47	57	0
47	58	1
47	59	0
47	60	1
47	61	1
47	62	1
47	63	0
47	64	1
47	65	0
47	66	1
47	67	0
47	68	0
47	69	1
47	70	0
47	71	0
47	72	0
47	73	0
47	74	1
47	75	0
47	76	0
47	77	1
47	78	0
47	79	0
47	80	0
47	81	1
47	82	1
47	83	1
47	84	1
47	85	0
47	86	1
47	87	1
47	88	1
47	89	0
47	90	1
47	91	0
47	92	1
47	93	1
47	94	1
47	95	0
47	96	1
47	97	0
47	98	0
47	99	0
47	100	1
47	101	0
47	102	1
47	103	1
47	104	0
47	105	1
47	106	0
47	107	0
47	108	0
47	109	1
47	110	0
47	111	0
47	112	1
47	113	0
47	114	0
47	115	0
47	116	0
47	117	0
47	118	1
47	119	0
47	120	0
48	49	1
48	50	1
48	51	0
48	52	0
48	53	0
48	54	1
48	55	0
48	56	1
48	57	0
48	58	1
48	59	0
48	60	0
48	61	1
48	62	0
48	63	0
48	64	1
48	65	1
48	66	0
48	67	1
48	68	0
48	69	1
48	70	0
48	71	1
48	72	1
48	73	1
48	74	0
48	75	1
48	76	1
48	77	1
48	78	1
48	79	0
48	80	0
48	81	0
48	82	0
48	83	1
48	84	0
48	85	1
48	86	1
48	87	1
48	88	1
48	89	0
48	90	1
48	91	1
48	92	1
48	93	0
48	94	1
48	95	1
48	96	0
48	97	0
48	98	0
48	99	0
48	100	0
48	101	1
48	102	1
48	103	1
48	104	0
48	105	0
48	106	0
48	107	0
48	108	1
48	109	1
48	110	1
48	111	0
48	112	0
48	113	0
48	114	0
48	115	0
48	116	0
48	117	1
48	118	1
48	119	1
48	120	0
49	50	1
49	51	0
49	52	1
49	53	0
49	54	0
49	55	0
49	56	1
49	57	0
49	58	0
49	59	0
49	60	0
49	61	1
49	62	0
49	63	0
49	64	1
49	65	0
49	66	1
49	67	0
49	68	0
49	69	0
49	70	1
49	71	0
49	72	0
49	73	0
49	74	1
49	75	1
49	76	0
49	77	0
49	78	0
49	79	0
49	80	0
49	81	0
49	82	1
49	83	0
49	84	0
49	85	0
49	86	0
49	87	0
49	88	0
49	89	1
49	90	0
49	91	1
49	92	0
49	93	0
49	94	0
49	95	0
49	96	1
49	97	0
49	98	0
49	99	0
49	100	1
49	101	0
49	102	1
49	103	1
49	104	1
49	105	0
49	106	0
49	107	0
49	108	0
49	109	1
49	110	0
49	111	0
49	112	1
49	113	1
49	114	1
49	115	0
49	116	1
49	117	0
49	118	1
49	119	0
49	120	0
50	51	0
50	52	1
50	53	1
50	54	1
50	55	1
50	56	0
50	57	1
50	58	0
50	59	1
50	60	1
50	61	1
50	62	0
50	63	0
50	64	0
50	65	1
50	66	0
50	67	0
50	68	0
50	69	0
50	70	0
50	71	0
50	72	0
50	73	1
50	74	1
50	75	1
50	76	0
50	77	0
50	78	0
50	79	1
50	80	0
50	81	1
50	82	0
50	83	1
50	84	1
50	85	1
50	86	1
50	87	0
50	88	0
50	89	0
50	90	0
50	91	0
50	92	1
50	93	1
50	94	0
50	95	1
50	96	0
50	97	1
50	98	0
50	99	1
50	100	0
50	101	1
50	102	0
50	103	0
50	104	0
50	105	0
50	106	1
50	107	0
50	108	1
50	109	1
50	110	1
50	111	1
50	112	0
50	113	0
50	114	0
50	115	1
50	116	0
50	117	0
50	118	0
50	119	0
50	120	1
51	52	0
51	53	1
51	54	0
51	55	1
51	56	1
51	57	0
51	58	1
51	59	1
51	60	1
51	61	0
51	62	0
51	63	1
51	64	0
51	65	1
51	66	1
51	67	0
51	68	0
51	69	1
51	70	0
51	71	1
51	72	1
51	73	1
51	74	1
51	75	0
51	76	1
51	77	1
51	78	0
51	79	0
51	80	0
51	81	1
51	82	1
51	83	0
51	84	1
51	85	1
51	86	1
51	87	0
51	88	1
51	89	1
51	90	0
51	91	1
51	92	1
51	93	1
51	94	1
51	95	0
51	96	1
51	97	1
51	98	0
51	99	0
51	100	1
51	101	0
51	102	1
51	103	0
51	104	1
51	105	1
51	106	0
51	107	1
51	108	0
51	109	1
51	110	0
51	111	1
51	112	0
51	113	1
51	114	1
51	115	1
51	116	0
51	117	1
51	118	0
51	119	0
51	120	1
52	53	1
52	54	0
52	55	0
52	56	0
52	57	1
52	58	0
52	59	1
52	60	0
52	61	1
52	62	1
52	63	0
52	64	1
52	65	1
52	66	1
52	67	0
52	68	0
52	69	0
52	70	0
52	71	0
52	72	1
52	73	1
52	74	0
52	75	1
52	76	1
52	77	1
52	78	1
52	79	1
52	80	1
52	81	0
52	82	1
52	83	0
52	84	0
52	85	0
52	86	1
52	87	0
52	88	0
52	89	1
52	90	0
52	91	1
52	92	1
52	93	0
52	94	0
52	95	1
52	96	1
52	97	1
52	98	0
52	99	0
52	100	1
52	101	1
52	102	0
52	103	1
52	104	0
52	105	0
52	106	1
52	107	1
52	108	1
52	109	1
52	110	1
52	111	0
52	112	1
52	113	1
52	114	1
52	115	0
52	116	0
52	117	0
52	118	0
52	119	1
52	120	0
53	54	1
53	55	1
53	56	1
53	57	0
53	58	0
53	59	1
53	60	1
53	61	1
53	62	0
53	63	0
53	64	0
53	65	0
53	66	1
53	67	0
53	68	1
53	69	0
53	70	0
53	71	0
53	72	0
53	73	1
53	74	1
53	75	0
53	76	0
53	77	1
53	78	1
53	79	0
53	80	0
53	81	0
53	82	0
53	83	0
53	84	0
53	85	0
53	86	0
53	87	0
53	88	1
53	89	1
53	90	0
53	91	0
53	92	0
53	93	0
53	94	0
53	95	1
53	96	0
53	97	1
53	98	1
53	99	0
53	100	1
53	101	1
53	102	1
53	103	1
53	104	1
53	105	0
53	106	0
53	107	1
53	108	0
53	109	1
53	110	0
53	111	1
53	112	0
53	113	0
53	114	0
53	115	1
53	116	0
53	117	0
53	118	0
53	119	0
53	120	0
54	55	0
54	56	1
54	57	0
54	58	0
54	59	0
54	60	0
54	61	0
54	62	0
54	63	0
54	64	1
54	65	0
54	66	1
54	67	1
54	68	1
54	69	1
54	70	0
54	71	1
54	72	1
54	73	0
54	74	1
54	75	1
54	76	0
54	77	1
54	78	1
54	79	1
54	80	1
54	81	1
54	82	0
54	83	1
54	84	1
54	85	1
54	86	1
54	87	0
54	88	0
54	89	1
54	90	1
54	91	1
54	92	1
54	93	0
54	94	1
54	95	0
54	96	1
54	97	0
54	98	1
54	99	0
54	100	0
54	101	0
54	102	1
54	103	0
54	104	0
54	105	1
54	106	0
54	107	1
54	108	1
54	109	0
54	110	0
54	111	1
54	112	0
54	113	0
54	114	0
54	115	1
54	116	0
54	117	1
54	118	1
54	119	0
54	120	1
55	56	1
55	57	1
55	58	1
55	59	0
55	60	0
55	61	0
55	62	1
55	63	1
55	64	1
55	65	1
55	66	1
55	67	1
55	68	1
55	69	0
55	70	1
55	71	0
55	72	0
55	73	0
55	74	0
55	75	1
55	76	0
55	77	0
55	78	0
55	79	0
55	80	1
55	81	0
55	82	0
55	83	0
55	84	1
55	85	1
55	86	1
55	87	1
55	88	0
55	89	1
55	90	1
55	91	0
55	92	1
55	93	1
55	94	1
55	95	0
55	96	0
55	97	0
55	98	1
55	99	1
55	100	0
55	101	0
55	102	1
55	103	0
55	104	1
55	105	1
55	106	0
55	107	0
55	108	0
55	109	0
55	110	0
55	111	1
55	112	1
55	113	1
55	114	0
55	115	1
55	116	0
55	117	1
55	118	0
55	119	1
55	120	0
56	57	0
56	58	1
56	59	0
56	60	1
56	61	1
56	62	1
56	63	1
56	64	1
56	65	1
56	66	1
56	67	0
56	68	1
56	69	0
56	70	1
56	71	1
56	72	1
56	73	0
56	74	1
56	75	0
56	76	1
56	77	1
56	78	0
56	79	1
56	80	1
56	81	0
56	82	1
56	83	1
56	84	1
56	85	1
56	86	1
56	87	1
56	88	0
56	89	0
56	90	1
56	91	0
56	92	0
56	93	1
56	94	0
56	95	0
56	96	0
56	97	1
56	98	0
56	99	1
56	100	0
56	101	1
56	102	1
56	103	0
56	104	0
56	105	1
56	106	1
56	107	0
56	108	1
56	109	0
56	110	0
56	111	1
56	112	0
56	113	0
56	114	0
56	115	0
56	116	0
56	117	0
56	118	1
56	119	0
56	120	0
57	58	1
57	59	1
57	60	1
57	61	0
57	62	0
57	63	0
57	64	1
57	65	0
57	66	0
57	67	0
57	68	0
57	69	0
57	70	0
57	71	0
57	72	1
57	73	1
57	74	0
57	75	0
57	76	0
57	77	1
57	78	0
57	79	1
57	80	0
57	81	0
57	82	0
57	83	0
57	84	0
57	85	0
57	86	1
57	87	0
57	88	1
57	89	0
57	90	0
57	91	1
57	92	0
57	93	0
57	94	0
57	95	0
57	96	0
57	97	0
57	98	1
57	99	1
57	100	1
57	101	1
57	102	0
57	103	1
57	104	0
57	105	1
57	106	1
57	107	0
57	108	1
57	109	0
57	110	0
57	111	0
57	112	1
57	113	0
57	114	1
57	115	0
57	116	1
57	117	0
57	118	0
57	119	0
57	120	0
58	59	1
58	60	1
58	61	1
58	62	0
58	63	0
58	64	0
58	65	0
58	66	0
58	67	1
58	68	0
58	69	1
58	70	0
58	71	0
58	72	0
58	73	1
58	74	1
58	75	0
58	76	0
58	77	1
58	78	1
58	79	0
58	80	0
58	81	0
58	82	1
58	83	1
58	84	0
58	85	0
58	86	1
58	87	1
58	88	0
58	89	1
58	90	0
58	91	0
58	92	0
58	93	0
58	94	0
58	95	0
58	96	0
58	97	0
58	98	1
58	99	1
58	100	0
58	101	0
58	102	1
58	103	0
58	104	1
58	105	1
58	106	0
58	107	0
58	108	0
58	109	1
58	110	1
58	111	0
58	112	0
58	113	0
58	114	0
58	115	0
58	116	1
58	117	0
58	118	1
58	119	1
58	120	1
59	60	1
59	61	1
59	62	0
59	63	1
59	64	1
59	65	0
59	66	0
59	67	0
59	68	0
59	69	1
59	70	1
59	71	0
59	72	0
59	73	1
59	74	1
59	75	1
59	76	0
59	77	1
59	78	0
59	79	1
59	80	1
59	81	0
59	82	1
59	83	1
59	84	1
59	85	0
59	86	1
59	87	0
59	88	0
59	89	1
59	90	0
59	91	0
59	92	1
59	93	1
59	94	0
59	95	0
59	96	0
59	97	1
59	98	0
59	99	0
59	100	1
59	101	0
59	102	1
59	103	1
59	104	0
59	105	0
59	106	1
59	107	0
59	108	0
59	109	1
59	110	0
59	111	1
59	112	0
59	113	0
59	114	1
59	115	0
59	116	1
59	117	0
59	118	0
59	119	0
59	120	1
60	61	0
60	62	0
60	63	0
60	64	1
60	65	1
60	66	0
60	67	1
60	68	0
60	69	0
60	70	1
60	71	1
60	72	0
60	73	0
60	74	1
60	75	1
60	76	0
60	77	0
60	78	0
60	79	0
60	80	0
60	81	1
60	82	1
60	83	0
60	84	1
60	85	1
60	86	1
60	87	1
60	88	0
60	89	0
60	90	1
60	91	0
60	92	1
60	93	1
60	94	0
60	95	0
60	96	1
60	97	1
60	98	0
60	99	1
60	100	1
60	101	1
60	102	0
60	103	0
60	104	0
60	105	0
60	106	0
60	107	0
60	108	1
60	109	0
60	110	1
60	111	1
60	112	0
60	113	0
60	114	1
60	115	1
60	116	0
60	117	1
60	118	1
60	119	0
60	120	0
61	62	1
61	63	1
61	64	1
61	65	0
61	66	1
61	67	0
61	68	0
61	69	0
61	70	1
61	71	0
61	72	1
61	73	0
61	74	1
61	75	0
61	76	1
61	77	1
61	78	1
61	79	0
61	80	1
61	81	0
61	82	1
61	83	0
61	84	0
61	85	0
61	86	0
61	87	0
61	88	0
61	89	1
61	90	0
61	91	0
61	92	0
61	93	1
61	94	1
61	95	1
61	96	0
61	97	1
61	98	1
61	99	0
61	100	0
61	101	0
61	102	0
61	103	0
61	104	1
61	105	0
61	106	1
61	107	1
61	108	1
61	109	1
61	110	0
61	111	1
61	112	1
61	113	0
61	114	0
61	115	0
61	116	0
61	117	0
61	118	0
61	119	1
61	120	0
62	63	1
62	64	0
62	65	1
62	66	1
62	67	0
62	68	0
62	69	1
62	70	1
62	71	0
62	72	0
62	73	0
62	74	1
62	75	0
62	76	1
62	77	1
62	78	1
62	79	0
62	80	1
62	81	1
62	82	0
62	83	0
62	84	1
62	85	0
62	86	1
62	87	0
62	88	0
62	89	0
62	90	1
62	91	0
62	92	0
62	93	1
62	94	1
62	95	0
62	96	0
62	97	1
62	98	0
62	99	0
62	100	1
62	101	1
62	102	0
62	103	1
62	104	0
62	105	1
62	106	1
62	107	1
62	108	1
62	109	0
62	110	0
62	111	0
62	112	0
62	113	1
62	114	0
62	115	0
62	116	0
62	117	0
62	118	1
62	119	1
62	120	1
63	64	1
63	65	0
63	66	1
63	67	1
63	68	1
63	69	1
63	70	1
63	71	1
63	72	0
63	73	0
63	74	0
63	75	0
63	76	0
63	77	0
63	78	0
63	79	1
63	80	0
63	81	1
63	82	1
63	83	0
63	84	1
63	85	1
63	86	0
63	87	0
63	88	0
63	89	1
63	90	1
63	91	1
63	92	1
63	93	1
63	94	1
63	95	1
63	96	1
63	97	0
63	98	0
63	99	1
63	100	0
63	101	1
63	102	1
63	103	0
63	104	0
63	105	1
63	106	1
63	107	1
63	108	0
63	109	0
63	110	1
63	111	1
63	112	0
63	113	1
63	114	1
63	115	1
63	116	1
63	117	1
63	118	0
63	119	0
63	120	1
64	65	1
64	66	0
64	67	0
64	68	1
64	69	1
64	70	1
64	71	0
64	72	1
64	73	1
64	74	0
64	75	1
64	76	1
64	77	1
64	78	0
64	79	1
64	80	1
64	81	1
64	82	0
64	83	1
64	84	1
64	85	1
64	86	0
64	87	0
64	88	0
64	89	0
64	90	1
64	91	0
64	92	1
64	93	1
64	94	1
64	95	1
64	96	0
64	97	0
64	98	0
64	99	0
64	100	0
64	101	1
64	102	1
64	103	0
64	104	0
64	105	1
64	106	1
64	107	0
64	108	0
64	109	1
64	110	0
64	111	1
64	112	0
64	113	0
64	114	0
64	115	0
64	116	0
64	117	1
64	118	1
64	119	0
64	120	1
65	66	1
65	67	0
65	68	0
65	69	0
65	70	0
65	71	0
65	72	1
65	73	1
65	74	1
65	75	1
65	76	1
65	77	0
65	78	1
65	79	0
65	80	0
65	81	1
65	82	1
65	83	0
65	84	1
65	85	0
65	86	1
65	87	0
65	88	0
65	89	0
65	90	0
65	91	0
65	92	0
65	93	1
65	94	1
65	95	0
65	96	0
65	97	1
65	98	0
65	99	1
65	100	1
65	101	1
65	102	0
65	103	1
65	104	1
65	105	0
65	106	0
65	107	1
65	108	1
65	109	1
65	110	0
65	111	1
65	112	1
65	113	0
65	114	1
65	115	1
65	116	1
65	117	0
65	118	1
65	119	1
65	120	0
66	67	1
66	68	0
66	69	1
66	70	1
66	71	0
66	72	0
66	73	0
66	74	1
66	75	0
66	76	1
66	77	1
66	78	0
66	79	1
66	80	0
66	81	1
66	82	1
66	83	0
66	84	1
66	85	1
66	86	1
66	87	0
66	88	1
66	89	0
66	90	1
66	91	0
66	92	1
66	93	1
66	94	0
66	95	0
66	96	1
66	97	0
66	98	0
66	99	1
66	100	0
66	101	0
66	102	0
66	103	0
66	104	0
66	105	1
66	106	1
66	107	1
66	108	1
66	109	0
66	110	0
66	111	1
66	112	1
66	113	0
66	114	1
66	115	0
66	116	1
66	117	1
66	118	0
66	119	0
66	120	1
67	68	1
67	69	1
67	70	1
67	71	0
67	72	0
67	73	0
67	74	0
67	75	0
67	76	0
67	77	0
67	78	0
67	79	1
67	80	0
67	81	0
67	82	1
67	83	0
67	84	0
67	85	0
67	86	0
67	87	0
67	88	1
67	89	1
67	90	0
67	91	0
67	92	0
67	93	1
67	94	0
67	95	1
67	96	0
67	97	0
67	98	1
67	99	0
67	100	1
67	101	1
67	102	1
67	103	1
67	104	1
67	105	1
67	106	0
67	107	0
67	108	1
67	109	0
67	110	1
67	111	1
67	112	0
67	113	0
67	114	0
67	115	1
67	116	0
67	117	1
67	118	1
67	119	1
67	120	1
68	69	1
68	70	0
68	71	1
68	72	1
68	73	0
68	74	0
68	75	0
68	76	1
68	77	1
68	78	1
68	79	0
68	80	1
68	81	1
68	82	0
68	83	0
68	84	1
68	85	1
68	86	0
68	87	1
68	88	1
68	89	0
68	90	1
68	91	1
68	92	0
68	93	1
68	94	1
68	95	1
68	96	1
68	97	0
68	98	1
68	99	0
68	100	1
68	101	0
68	102	0
68	103	0
68	104	1
68	105	0
68	106	0
68	107	1
68	108	1
68	109	0
68	110	1
68	111	0
68	112	1
68	113	1
68	114	1
68	115	0
68	116	1
68	117	0
68	118	0
68	119	0
68	120	1
69	70	1
69	71	0
69	72	0
69	73	0
69	74	1
69	75	1
69	76	0
69	77	0
69	78	1
69	79	0
69	80	0
69	81	1
69	82	1
69	83	0
69	84	0
69	85	1
69	86	1
69	87	0
69	88	0
69	89	1
69	90	0
69	91	0
69	92	1
69	93	0
69	94	0
69	95	1
69	96	1
69	97	0
69	98	1
69	99	0
69	100	0
69	101	1
69	102	0
69	103	1
69	104	1
69	105	0
69	106	1
69	107	1
69	108	0
69	109	0
69	110	1
69	111	1
69	112	1
69	113	0
69	114	1
69	115	0
69	116	1
69	117	1
69	118	0
69	119	0
69	120	1
70	71	1
70	72	1
70	73	1
70	74	0
70	75	0
70	76	0
70	77	1
70	78	1
70	79	0
70	80	1
70	81	0
70	82	0
70	83	0
70	84	0
70	85	0
70	86	0
70	87	1
70	88	0
70	89	0
70	90	1
70	91	1
70	92	1
70	93	0
70	94	0
70	95	0
70	96	0
70	97	1
70	98	1
70	99	1
70	100	0
70	101	1
70	102	1
70	103	0
70	104	1
70	105	0
70	106	1
70	107	1
70	108	0
70	109	1
70	110	0
70	111	1
70	112	1
70	113	0
70	114	0
70	115	0
70	116	0
70	117	0
70	118	0
70	119	1
70	120	1
71	72	1
71	73	1
71	74	1
71	75	1
71	76	0
71	77	0
71	78	0
71	79	0
71	80	0
71	81	1
71	82	0
71	83	0
71	84	0
71	85	1
71	86	0
71	87	0
71	88	1
71	89	0
71	90	1
71	91	1
71	92	1
71	93	0
71	94	1
71	95	0
71	96	1
71	97	1
71	98	1
71	99	0
71	100	0
71	101	1
71	102	1
71	103	1
71	104	1
71	105	0
71	106	0
71	107	0
71	108	1
71	109	0
71	110	1
71	111	0
71	112	1
71	113	1
71	114	1
71	115	0
71	116	1
71	117	0
71	118	0
71	119	1
71	120	0
72	73	1
72	74	1
72	75	0
72	76	1
72	77	0
72	78	0
72	79	1
72	80	0
72	81	0
72	82	1
72	83	0
72	84	0
72	85	1
72	86	0
72	87	1
72	88	0
72	89	1
72	90	1
72	91	1
72	92	1
72	93	0
72	94	1
72	95	0
72	96	1
72	97	1
72	98	1
72	99	0
72	100	0
72	101	0
72	102	1
72	103	0
72	104	0
72	105	1
72	106	0
72	107	0
72	108	1
72	109	0
72	110	0
72	111	0
72	112	1
72	113	0
72	114	0
72	115	1
72	116	0
72	117	0
72	118	0
72	119	0
72	120	1
73	74	1
73	75	1
73	76	1
73	77	0
73	78	0
73	79	0
73	80	0
73	81	1
73	82	1
73	83	1
73	84	1
73	85	0
73	86	0
73	87	0
73	88	0
73	89	1
73	90	1
73	91	0
73	92	1
73	93	1
73	94	0
73	95	1
73	96	0
73	97	1
73	98	1
73	99	0
73	100	0
73	101	1
73	102	0
73	103	0
73	104	0
73	105	1
73	106	1
73	107	0
73	108	1
73	109	0
73	110	0
73	111	0
73	112	0
73	113	0
73	114	1
73	115	0
73	116	1
73	117	0
73	118	0
73	119	0
73	120	1
74	75	0
74	76	1
74	77	0
74	78	1
74	79	0
74	80	0
74	81	1
74	82	0
74	83	1
74	84	0
74	85	0
74	86	0
74	87	1
74	88	1
74	89	1
74	90	0
74	91	0
74	92	0
74	93	0
74	94	0
74	95	0
74	96	0
74	97	0
74	98	0
74	99	0
74	100	0
74	101	1
74	102	1
74	103	0
74	104	1
74	105	1
74	106	1
74	107	1
74	108	1
74	109	0
74	110	1
74	111	0
74	112	0
74	113	0
74	114	1
74	115	1
74	116	1
74	117	0
74	118	0
74	119	1
74	120	1
75	76	0
75	77	0
75	78	0
75	79	0
75	80	1
75	81	0
75	82	0
75	83	0
75	84	1
75	85	0
75	86	1
75	87	1
75	88	0
75	89	1
75	90	1
75	91	1
75	92	1
75	93	1
75	94	1
75	95	1
75	96	0
75	97	1
75	98	1
75	99	1
75	100	1
75	101	0
75	102	0
75	103	0
75	104	0
75	105	0
75	106	0
75	107	0
75	108	0
75	109	0
75	110	1
75	111	1
75	112	0
75	113	1
75	114	1
75	115	0
75	116	0
75	117	1
75	118	1
75	119	0
75	120	1
76	77	0
76	78	1
76	79	1
76	80	1
76	81	0
76	82	0
76	83	0
76	84	0
76	85	0
76	86	0
76	87	0
76	88	1
76	89	0
76	90	0
76	91	0
76	92	0
76	93	1
76	94	0
76	95	1
76	96	0
76	97	0
76	98	1
76	99	1
76	100	1
76	101	0
76	102	0
76	103	0
76	104	0
76	105	0
76	106	0
76	107	1
76	108	1
76	109	1
76	110	0
76	111	0
76	112	0
76	113	1
76	114	1
76	115	1
76	116	0
76	117	0
76	118	1
76	119	1
76	120	0
77	78	1
77	79	0
77	80	1
77	81	0
77	82	1
77	83	0
77	84	0
77	85	0
77	86	0
77	87	1
77	88	0
77	89	1
77	90	0
77	91	1
77	92	1
77	93	0
77	94	1
77	95	0
77	96	0
77	97	0
77	98	0
77	99	1
77	100	1
77	101	0
77	102	1
77	103	1
77	104	0
77	105	0
77	106	0
77	107	0
77	108	1
77	109	0
77	110	1
77	111	1
77	112	1
77	113	0
77	114	1
77	115	0
77	116	1
77	117	0
77	118	0
77	119	1
77	120	1
78	79	0
78	80	0
78	81	1
78	82	1
78	83	1
78	84	0
78	85	1
78	86	0
78	87	0
78	88	1
78	89	1
78	90	0
78	91	1
78	92	1
78	93	1
78	94	0
78	95	1
78	96	0
78	97	1
78	98	0
78	99	0
78	100	1
78	101	1
78	102	1
78	103	0
78	104	0
78	105	1
78	106	0
78	107	1
78	108	0
78	109	0
78	110	1
78	111	1
78	112	0
78	113	1
78	114	1
78	115	0
78	116	0
78	117	1
78	118	1
78	119	1
78	120	0
79	80	1
79	81	1
79	82	1
79	83	1
79	84	1
79	85	1
79	86	1
79	87	0
79	88	1
79	89	0
79	90	0
79	91	0
79	92	0
79	93	1
79	94	1
79	95	1
79	96	1
79	97	1
79	98	1
79	99	1
79	100	0
79	101	0
79	102	0
79	103	0
79	104	1
79	105	1
79	106	1
79	107	1
79	108	1
79	109	0
79	110	1
79	111	1
79	112	1
79	113	1
79	114	1
79	115	0
79	116	0
79	117	0
79	118	1
79	119	1
79	120	1
80	81	1
80	82	0
80	83	0
80	84	1
80	85	0
80	86	0
80	87	1
80	88	1
80	89	0
80	90	1
80	91	0
80	92	0
80	93	1
80	94	1
80	95	0
80	96	0
80	97	1
80	98	0
80	99	1
80	100	0
80	101	0
80	102	1
80	103	1
80	104	1
80	105	1
80	106	1
80	107	0
80	108	0
80	109	1
80	110	0
80	111	0
80	112	0
80	113	1
80	114	0
80	115	1
80	116	1
80	117	0
80	118	0
80	119	0
80	120	0
81	82	0
81	83	1
81	84	0
81	85	1
81	86	0
81	87	1
81	88	0
81	89	0
81	90	0
81	91	1
81	92	1
81	93	1
81	94	1
81	95	0
81	96	1
81	97	1
81	98	0
81	99	0
81	100	1
81	101	0
81	102	1
81	103	1
81	104	1
81	105	1
81	106	0
81	107	1
81	108	1
81	109	1
81	110	0
81	111	0
81	112	0
81	113	0
81	114	0
81	115	0
81	116	0
81	117	0
81	118	1
81	119	0
81	120	1
82	83	1
82	84	1
82	85	0
82	86	0
82	87	0
82	88	1
82	89	1
82	90	0
82	91	1
82	92	1
82	93	1
82	94	0
82	95	1
82	96	1
82	97	0
82	98	1
82	99	1
82	100	0
82	101	1
82	102	1
82	103	1
82	104	0
82	105	0
82	106	1
82	107	0
82	108	0
82	109	0
82	110	1
82	111	1
82	112	0
82	113	0
82	114	1
82	115	1
82	116	1
82	117	0
82	118	0
82	119	1
82	120	1
83	84	1
83	85	1
83	86	1
83	87	0
83	88	1
83	89	1
83	90	0
83	91	1
83	92	1
83	93	0
83	94	0
83	95	1
83	96	0
83	97	0
83	98	0
83	99	1
83	100	1
83	101	1
83	102	1
83	103	0
83	104	0
83	105	0
83	106	1
83	107	1
83	108	1
83	109	0
83	110	1
83	111	0
83	112	1
83	113	0
83	114	0
83	115	1
83	116	1
83	117	1
83	118	0
83	119	1
83	120	1
84	85	0
84	86	0
84	87	0
84	88	0
84	89	1
84	90	1
84	91	0
84	92	0
84	93	1
84	94	0
84	95	0
84	96	0
84	97	1
84	98	0
84	99	0
84	100	1
84	101	1
84	102	0
84	103	0
84	104	1
84	105	0
84	106	0
84	107	0
84	108	0
84	109	1
84	110	1
84	111	0
84	112	1
84	113	1
84	114	0
84	115	1
84	116	0
84	117	1
84	118	1
84	119	0
84	120	0
85	86	1
85	87	1
85	88	1
85	89	1
85	90	0
85	91	0
85	92	0
85	93	0
85	94	1
85	95	1
85	96	1
85	97	1
85	98	1
85	99	1
85	100	1
85	101	1
85	102	0
85	103	0
85	104	0
85	105	1
85	106	0
85	107	1
85	108	0
85	109	0
85	110	0
85	111	1
85	112	1
85	113	0
85	114	1
85	115	0
85	116	1
85	117	1
85	118	0
85	119	1
85	120	0
86	87	1
86	88	1
86	89	0
86	90	1
86	91	1
86	92	0
86	93	1
86	94	0
86	95	1
86	96	0
86	97	1
86	98	0
86	99	0
86	100	0
86	101	0
86	102	0
86	103	0
86	104	1
86	105	0
86	106	1
86	107	1
86	108	0
86	109	0
86	110	1
86	111	0
86	112	0
86	113	1
86	114	0
86	115	0
86	116	0
86	117	0
86	118	1
86	119	1
86	120	0
87	88	0
87	89	1
87	90	1
87	91	1
87	92	0
87	93	1
87	94	0
87	95	0
87	96	0
87	97	1
87	98	0
87	99	0
87	100	1
87	101	0
87	102	0
87	103	0
87	104	1
87	105	1
87	106	0
87	107	0
87	108	1
87	109	1
87	110	0
87	111	0
87	112	1
87	113	1
87	114	1
87	115	0
87	116	0
87	117	1
87	118	1
87	119	1
87	120	1
88	89	1
88	90	1
88	91	1
88	92	0
88	93	0
88	94	1
88	95	1
88	96	0
88	97	0
88	98	1
88	99	1
88	100	0
88	101	1
88	102	1
88	103	1
88	104	0
88	105	1
88	106	0
88	107	0
88	108	1
88	109	0
88	110	0
88	111	0
88	112	0
88	113	0
88	114	0
88	115	1
88	116	0
88	117	0
88	118	1
88	119	0
88	120	0
89	90	0
89	91	1
89	92	1
89	93	1
89	94	0
89	95	0
89	96	0
89	97	0
89	98	0
89	99	1
89	100	0
89	101	0
89	102	1
89	103	1
89	104	1
89	105	1
89	106	1
89	107	1
89	108	0
89	109	1
89	110	0
89	111	1
89	112	1
89	113	0
89	114	0
89	115	0
89	116	0
89	117	0
89	118	1
89	119	1
89	120	0
90	91	0
90	92	1
90	93	0
90	94	0
90	95	1
90	96	0
90	97	1
90	98	1
90	99	0
90	100	0
90	101	0
90	102	1
90	103	0
90	104	0
90	105	1
90	106	1
90	107	1
90	108	1
90	109	1
90	110	0
90	111	0
90	112	0
90	113	0
90	114	1
90	115	0
90	116	0
90	117	0
90	118	0
90	119	1
90	120	0
91	92	1
91	93	1
91	94	0
91	95	0
91	96	0
91	97	0
91	98	1
91	99	0
91	100	1
91	101	0
91	102	0
91	103	0
91	104	1
91	105	1
91	106	1
91	107	0
91	108	1
91	109	0
91	110	0
91	111	1
91	112	1
91	113	1
91	114	1
91	115	0
91	116	1
91	117	1
91	118	0
91	119	0
91	120	1
92	93	0
92	94	0
92	95	0
92	96	1
92	97	0
92	98	0
92	99	0
92	100	0
92	101	0
92	102	1
92	103	1
92	104	1
92	105	1
92	106	0
92	107	1
92	108	1
92	109	1
92	110	0
92	111	1
92	112	1
92	113	1
92	114	1
92	115	1
92	116	0
92	117	1
92	118	1
92	119	0
92	120	0
93	94	1
93	95	1
93	96	1
93	97	1
93	98	0
93	99	1
93	100	1
93	101	1
93	102	1
93	103	0
93	104	1
93	105	1
93	106	0
93	107	0
93	108	1
93	109	0
93	110	0
93	111	0
93	112	1
93	113	0
93	114	1
93	115	0
93	116	1
93	117	0
93	118	1
93	119	1
93	120	1
94	95	0
94	96	1
94	97	0
94	98	1
94	99	0
94	100	1
94	101	0
94	102	1
94	103	0
94	104	1
94	105	0
94	106	1
94	107	1
94	108	1
94	109	0
94	110	1
94	111	0
94	112	0
94	113	0
94	114	1
94	115	0
94	116	0
94	117	0
94	118	1
94	119	1
94	120	0
95	96	1
95	97	0
95	98	1
95	99	0
95	100	1
95	101	0
95	102	1
95	103	0
95	104	1
95	105	1
95	106	1
95	107	0
95	108	1
95	109	1
95	110	1
95	111	0
95	112	0
95	113	0
95	114	0
95	115	1
95	116	1
95	117	0
95	118	0
95	119	0
95	120	1
96	97	1
96	98	0
96	99	1
96	100	0
96	101	1
96	102	1
96	103	1
96	104	1
96	105	0
96	106	0
96	107	1
96	108	1
96	109	0
96	110	0
96	111	0
96	112	1
96	113	1
96	114	0
96	115	0
96	116	0
96	117	0
96	118	0
96	119	1
96	120	0
97	98	0
97	99	0
97	100	1
97	101	0
97	102	1
97	103	0
97	104	0
97	105	0
97	106	0
97	107	1
97	108	1
97	109	1
97	110	0
97	111	0
97	112	0
97	113	1
97	114	1
97	115	0
97	116	1
97	117	1
97	118	1
97	119	1
97	120	0
98	99	1
98	100	1
98	101	1
98	102	0
98	103	0
98	104	0
98	105	1
98	106	0
98	107	1
98	108	0
98	109	0
98	110	1
98	111	0
98	112	0
98	113	0
98	114	1
98	115	1
98	116	0
98	117	0
98	118	1
98	119	0
98	120	1
99	100	1
99	101	1
99	102	1
99	103	1
99	104	1
99	105	0
99	106	1
99	107	1
99	108	1
99	109	1
99	110	1
99	111	1
99	112	1
99	113	0
99	114	0
99	115	1
99	116	0
99	117	1
99	118	0
99	119	1
99	120	0
100	101	0
100	102	0
100	103	1
100	104	0
100	105	0
100	106	1
100	107	0
100	108	1
100	109	0
100	110	1
100	111	0
100	112	0
100	113	1
100	114	0
100	115	1
100	116	1
100	117	1
100	118	0
100	119	0
100	120	0
101	102	0
101	103	1
101	104	0
101	105	0
101	106	1
101	107	1
101	108	0
101	109	1
101	110	0
101	111	1
101	112	1
101	113	0
101	114	1
101	115	1
101	116	1
101	117	1
101	118	1
101	119	0
101	120	0
102	103	1
102	104	1
102	105	0
102	106	0
102	107	0
102	108	1
102	109	0
102	110	0
102	111	1
102	112	0
102	113	1
102	114	0
102	115	1
102	116	1
102	117	0
102	118	0
102	119	1
102	120	1
103	104	1
103	105	0
103	106	0
103	107	1
103	108	0
103	109	0
103	110	1
103	111	1
103	112	0
103	113	1
103	114	1
103	115	1
103	116	1
103	117	1
103	118	1
103	119	1
103	120	1
104	105	1
104	106	0
104	107	1
104	108	1
104	109	0
104	110	1
104	111	1
104	112	0
104	113	0
104	114	1
104	115	1
104	116	0
104	117	0
104	118	1
104	119	0
104	120	0
105	106	1
105	107	0
105	108	0
105	109	0
105	110	1
105	111	1
105	112	0
105	113	1
105	114	0
105	115	0
105	116	1
105	117	0
105	118	1
105	119	1
105	120	0
106	107	0
106	108	0
106	109	0
106	110	1
106	111	0
106	112	0
106	113	0
106	114	1
106	115	1
106	116	0
106	117	0
106	118	0
106	119	1
106	120	0
107	108	1
107	109	0
107	110	1
107	111	1
107	112	1
107	113	0
107	114	1
107	115	1
107	116	1
107	117	1
107	118	1
107	119	1
107	120	0
108	109	0
108	110	0
108	111	1
108	112	1
108	113	0
108	114	1
108	115	1
108	116	1
108	117	1
108	118	0
108	119	0
108	120	0
109	110	1
109	111	1
109	112	1
109	113	1
109	114	1
109	115	0
109	116	0
109	117	0
109	118	0
109	119	1
109	120	0
110	111	0
110	112	1
110	113	0
110	114	1
110	115	0
110	116	1
110	117	0
110	118	0
110	119	1
110	120	1
111	112	1
111	113	0
111	114	0
111	115	1
111	116	1
111	117	1
111	118	0
111	119	0
111	120	0
112	113	0
112	114	1
112	115	1
112	116	1
112	117	1
112	118	1
112	119	1
112	120	0
113	114	1
113	115	0
113	116	0
113	117	1
113	118	1
113	119	1
113	120	1
114	115	0
114	116	0
114	117	0
114	118	0
114	119	0
114	120	0
115	116	1
115	117	0
115	118	1
115	119	0
115	120	0
116	117	0
116	118	1
116	119	1
116	120	1
117	118	1
117	119	1
117	120	0
118	119	1
118	120	0
119	120	0
