120	7140	0
1	2	0
1	3	0
1	4	1
1	5	0
1	6	0
1	7	1
1	8	0
1	9	0
1	10	1
1	11	0
1	12	1
1	13	0
1	14	1
1	15	0
1	16	1
1	17	0
1	18	1
1	19	0
1	20	1
1	21	1
1	22	0
1	23	0
1	24	0
1	25	1
1	26	0
1	27	0
1	28	0
1	29	0
1	30	1
1	31	1
1	32	1
1	33	0
1	34	0
1	35	1
1	36	1
1	37	0
1	38	1
1	39	1
1	40	1
1	41	0
1	42	0
1	43	0
1	44	0
1	45	1
1	46	1
1	47	0
1	48	1
1	49	1
1	50	0
1	51	1
1	52	1
1	53	0
1	54	1
1	55	0
1	56	0
1	57	1
1	58	1
1	59	1
1	60	0
1	61	1
1	62	0
1	63	1
1	64	0
1	65	0
1	66	0
1	67	0
1	68	1
1	69	1
1	70	1
1	71	0
1	72	0
1	73	0
1	74	0
1	75	1
1	76	1
1	77	0
1	78	1
1	79	0
1	80	1
1	81	1
1	82	0
1	83	0
1	84	0
1	85	0
1	86	0
1	87	0
1	88	0
1	89	1
1	90	0
1	91	1
1	92	1
1	93	1
1	94	1
1	95	1
1	96	0
1	97	0
1	98	1
1	99	1
1	100	1
1	101	1
1	102	0
1	103	1
1	104	0
1	105	1
1	106	1
1	107	1
1	108	0
1	109	1
1	110	0
1	111	1
1	112	1
1	113	0
1	114	1
1	115	1
1	116	0
1	117	0
1	118	1
1	119	0
1	120	1
2	3	0
2	4	0
2	5	0
2	6	0
2	7	1
2	8	0
2	9	0
2	10	0
2	11	0
2	12	1
2	13	1
2	14	1
2	15	0
2	16	0
2	17	1
2	18	0
2	19	0
2	20	0
2	21	1
2	22	0
2	23	1
2	24	1
2	25	1
2	26	1
2	27	1
2	28	1
2	29	1
2	30	1
2	31	1
2	32	1
2	33	1
2	34	0
2	35	0
2	36	1
2	37	0
2	38	1
2	39	1
2	40	1
2	41	0
2	42	0
2	43	1
2	44	0
2	45	0
2	46	0
2	47	1
2	48	1
2	49	0
2	50	0
2	51	1
2	52	1
2	53	1
2	54	0
2	55	1
2	56	0
2	57	0
2	58	0
2	59	0
2	60	1
2	61	0
2	62	0
2	63	0
2	64	1
2	65	1
2	66	0
2	67	0
2	68	0
2	69	0
2	70	0
2	71	0
2	72	0
2	73	0
2	74	0
2	75	1
2	76	1
2	77	1
2	78	1
2	79	0
2	80	0
2	81	0
2	82	1
2	83	0
2	84	0
2	85	1
2	86	0
2	87	0
2	88	0
2	89	1
2	90	1
2	91	1
2	92	0
2	93	0
2	94	1
2	95	1
2	96	0
2	97	0
2	98	1
2	99	0
2	100	0
2	101	1
2	102	0
2	103	1
2	104	0
2	105	1
2	106	1
2	107	0
2	108	0
2	109	0
2	110	0
2	111	1
2	112	1
2	113	1
2	114	1
2	115	0
2	116	1
2	117	0
2	118	0
2	119	0
2	120	1
3	4	1
3	5	1
3	6	1
3	7	0
3	8	0
3	9	0
3	10	1
3	11	1
3	12	0
3	13	0
3	14	1
3	15	1
3	16	0
3	17	0
3	18	1
3	19	1
3	20	0
3	21	0
3	22	1
3	23	0
3	24	0
3	25	1
3	26	1
3	27	1
3	28	1
3	29	0
3	30	0
3	31	0
3	32	1
3	33	1
3	34	0
3	35	0
3	36	0
3	37	0
3	38	1
3	39	0
3	40	1
3	41	0
3	42	1
3	43	1
3	44	1
3	45	0
3	46	1
3	47	0
3	48	1
3	49	1
3	50	1
3	51	0
3	52	0
3	53	1
3	54	1
3	55	0
3	56	1
3	57	0
3	58	1
3	59	1
3	60	0
3	61	1
3	62	0
3	63	0
3	64	0
3	65	1
3	66	1
3	67	0
3	68	0
3	69	0
3	70	0
3	71	1
3	72	1
3	73	0
3	74	0
3	75	0
3	76	0
3	77	0
3	78	1
3	79	0
3	80	0
3	81	0
3	82	0
3	83	1
3	84	1
3	85	1
3	86	0
3	87	0
3	88	1
3	89	0
3	90	1
3	91	1
3	92	1
3	93	1
3	94	0
3	95	1
3	96	1
3	97	0
3	98	1
3	99	1
3	100	1
3	101	0
3	102	1
3	103	1
3	104	1
3	105	0
3	106	0
3	107	0
3	108	0
3	109	0
3	110	0
3	111	1
3	112	0
3	113	1
3	114	0
3	115	1
3	116	1
3	117	1
3	118	1
3	119	0
3	120	1
4	5	0
4	6	1
4	7	1
4	8	1
4	9	0
4	10	1
4	11	0
4	12	1
4	13	1
4	14	0
4	15	1
4	16	0
4	17	0
4	18	0
4	19	0
4	20	1
4	21	0
4	22	0
4	23	1
4	24	0
4	25	0
4	26	0
4	27	1
4	28	1
4	29	0
4	30	0
4	31	1
4	32	1
4	33	1
4	34	0
4	35	1
4	36	0
4	37	0
4	38	0
4	39	0
4	40	0
4	41	1
4	42	1
4	43	0
4	44	1
4	45	1
4	46	0
4	47	1
4	48	1
4	49	0
4	50	1
4	51	0
4	52	0
4	53	1
4	54	0
4	55	1
4	56	1
4	57	0
4	58	0
4	59	0
4	60	0
4	61	0
4	62	0
4	63	1
4	64	0
4	65	0
4	66	0
4	67	1
4	68	1
4	69	1
4	70	1
4	71	0
4	72	1
4	73	1
4	74	0
4	75	1
4	76	0
4	77	1
4	78	0
4	79	1
4	80	1
4	81	1
4	82	1
4	83	1
4	84	0
4	85	0
4	86	1
4	87	1
4	88	1
4	89	0
4	90	0
4	91	1
4	92	1
4	93	1
4	94	1
4	95	1
4	96	0
4	97	0
4	98	0
4	99	1
4	100	1
4	101	1
4	102	0
4	103	0
4	104	0
4	105	0
4	106	0
4	107	0
4	108	1
4	109	1
4	110	1
4	111	0
4	112	1
4	113	0
4	114	0
4	115	0
4	116	1
4	117	0
4	118	1
4	119	0
4	120	0
5	6	1
5	7	0
5	8	1
5	9	0
5	10	0
5	11	0
5	12	1
5	13	1
5	14	0
5	15	0
5	16	1
5	17	1
5	18	0
5	19	0
5	20	1
5	21	0
5	22	1
5	23	0
5	24	1
5	25	1
5	26	0
5	27	1
5	28	0
5	29	1
5	30	0
5	31	0
5	32	0
5	33	1
5	34	0
5	35	1
5	36	0
5	37	0
5	38	0
5	39	1
5	40	1
5	41	0
5	42	0
5	43	1
5	44	1
5	45	0
5	46	0
5	47	0
5	48	1
5	49	0
5	50	0
5	51	1
5	52	1
5	53	0
5	54	1
5	55	0
5	56	0
5	57	1
5	58	1
5	59	0
5	60	1
5	61	0
5	62	1
5	63	1
5	64	0
5	65	0
5	66	1
5	67	1
5	68	0
5	69	0
5	70	1
5	71	1
5	72	1
5	73	1
5	74	0
5	75	1
5	76	0
5	77	0
5	78	1
5	79	0
5	80	1
5	81	1
5	82	1
5	83	1
5	84	0
5	85	0
5	86	0
5	87	0
5	88	1
5	89	0
5	90	0
5	91	0
5	92	1
5	93	1
5	94	1
5	95	0
5	96	1
5	97	0
5	98	0
5	99	1
5	100	1
5	101	0
5	102	0
5	103	1
5	104	1
5	105	1
5	106	0
5	107	1
5	108	0
5	109	0
5	110	1
5	111	1
5	112	0
5	113	0
5	114	0
5	115	0
5	116	0
5	117	1
5	118	1
5	119	0
5	120	0
6	7	1
6	8	0
6	9	0
6	10	0
6	11	0
6	12	1
6	13	0
6	14	1
6	15	1
6	16	1
6	17	0
6	18	0
6	19	1
6	20	1
6	21	1
6	22	0
6	23	0
6	24	1
6	25	1
6	26	0
6	27	1
6	28	0
6	29	0
6	30	0
6	31	1
6	32	0
6	33	1
6	34	0
6	35	0
6	36	1
6	37	1
6	38	1
6	39	1
6	40	1
6	41	0
6	42	0
6	43	1
6	44	0
6	45	0
6	46	0
6	47	1
6	48	1
6	49	1
6	50	1
6	51	0
6	52	1
6	53	1
6	54	0
6	55	1
6	56	1
6	57	1
6	58	0
6	59	1
6	60	0
6	61	0
6	62	1
6	63	0
6	64	1
6	65	0
6	66	1
6	67	1
6	68	0
6	69	1
6	70	0
6	71	0
6	72	1
6	73	1
6	74	1
6	75	0
6	76	0
6	77	1
6	78	0
6	79	1
6	80	0
6	81	0
6	82	1
6	83	0
6	84	1
6	85	1
6	86	0
6	87	1
6	88	1
6	89	1
6	90	0
6	91	0
6	92	1
6	93	0
6	94	0
6	95	1
6	96	1
6	97	0
6	98	1
6	99	1
6	100	1
6	101	0
6	102	0
6	103	1
6	104	1
6	105	0
6	106	0
6	107	0
6	108	1
6	109	0
6	110	1
6	111	1
6	112	0
6	113	1
6	114	1
6	115	1
6	116	1
6	117	1
6	118	0
6	119	1
6	120	1
7	8	1
7	9	0
7	10	0
7	11	1
7	12	1
7	13	1
7	14	1
7	15	0
7	16	0
7	17	0
7	18	0
7	19	1
7	20	1
7	21	1
7	22	0
7	23	1
7	24	1
7	25	0
7	26	1
7	27	0
7	28	1
7	29	1
7	30	0
7	31	0
7	32	0
7	33	0
7	34	0
7	35	0
7	36	0
7	37	0
7	38	1
7	39	1
7	40	1
7	41	0
7	42	0
7	43	0
7	44	1
7	45	0
7	46	1
7	47	1
7	48	1
7	49	1
7	50	1
7	51	1
7	52	1
7	53	1
7	54	1
7	55	0
7	56	1
7	57	1
7	58	0
7	59	0
7	60	0
7	61	1
7	62	0
7	63	1
7	64	0
7	65	1
7	66	0
7	67	1
7	68	0
7	69	0
7	70	1
7	71	1
7	72	1
7	73	1
7	74	0
7	75	1
7	76	1
7	77	1
7	78	1
7	79	1
7	80	1
7	81	0
7	82	1
7	83	1
7	84	0
7	85	1
7	86	1
7	87	1
7	88	0
7	89	1
7	90	1
7	91	0
7	92	0
7	93	1
7	94	0
7	95	0
7	96	1
7	97	1
7	98	1
7	99	1
7	100	0
7	101	1
7	102	0
7	103	0
7	104	1
7	105	1
7	106	0
7	107	1
7	108	1
7	109	1
7	110	0
7	111	0
7	112	0
7	113	0
7	114	0
7	115	0
7	116	0
7	117	0
7	118	0
7	119	1
7	120	1
8	9	0
8	10	1
8	11	1
8	12	1
8	13	1
8	14	0
8	15	1
8	16	1
8	17	0
8	18	1
8	19	0
8	20	0
8	21	0
8	22	0
8	23	0
8	24	0
8	25	0
8	26	1
8	27	0
8	28	0
8	29	1
8	30	1
8	31	0
8	32	1
8	33	1
8	34	1
8	35	1
8	36	1
8	37	1
8	38	1
8	39	1
8	40	0
8	41	0
8	42	1
8	43	0
8	44	0
8	45	0
8	46	0
8	47	1
8	48	1
8	49	1
8	50	1
8	51	1
8	52	1
8	53	1
8	54	0
8	55	1
8	56	0
8	57	0
8	58	0
8	59	0
8	60	0
8	61	0
8	62	0
8	63	0
8	64	1
8	65	0
8	66	1
8	67	0
8	68	1
8	69	1
8	70	0
8	71	1
8	72	0
8	73	1
8	74	0
8	75	0
8	76	1
8	77	1
8	78	0
8	79	0
8	80	0
8	81	1
8	82	1
8	83	0
8	84	1
8	85	0
8	86	0
8	87	1
8	88	1
8	89	0
8	90	1
8	91	1
8	92	1
8	93	0
8	94	1
8	95	0
8	96	0
8	97	0
8	98	1
8	99	0
8	100	1
8	101	0
8	102	1
8	103	1
8	104	0
8	105	1
8	106	1
8	107	1
8	108	0
8	109	1
8	110	1
8	111	1
8	112	1
8	113	1
8	114	1
8	115	1
8	116	0
8	117	1
8	118	1
8	119	1
8	120	0
9	10	1
9	11	0
9	12	1
9	13	1
9	14	1
9	15	0
9	16	0
9	17	1
9	18	1
9	19	1
9	20	1
9	21	1
9	22	0
9	23	1
9	24	0
9	25	1
9	26	0
9	27	1
9	28	1
9	29	1
9	30	1
9	31	0
9	32	0
9	33	0
9	34	0
9	35	1
9	36	1
9	37	1
9	38	0
9	39	1
9	40	1
9	41	0
9	42	1
9	43	1
9	44	0
9	45	1
9	46	1
9	47	1
9	48	1
9	49	1
9	50	1
9	51	0
9	52	1
9	53	0
9	54	1
9	55	1
9	56	1
9	57	1
9	58	1
9	59	0
9	60	0
9	61	0
9	62	0
9	63	1
9	64	1
9	65	0
9	66	0
9	67	1
9	68	0
9	69	1
9	70	0
9	71	0
9	72	0
9	73	0
9	74	1
9	75	1
9	76	1
9	77	1
9	78	0
9	79	0
9	80	0
9	81	1
9	82	0
9	83	1
9	84	0
9	85	0
9	86	1
9	87	0
9	88	0
9	89	0
9	90	1
9	91	0
9	92	1
9	93	0
9	94	1
9	95	1
9	96	0
9	97	1
9	98	0
9	99	0
9	100	0
9	101	1
9	102	1
9	103	1
9	104	0
9	105	1
9	106	0
9	107	1
9	108	1
9	109	1
9	110	0
9	111	0
9	112	0
9	113	1
9	114	1
9	115	0
9	116	0
9	117	1
9	118	1
9	119	1
9	120	0
10	11	1
10	12	1
10	13	1
10	14	1
10	15	1
10	16	1
10	17	0
10	18	0
10	19	1
10	20	1
10	21	1
10	22	1
10	23	0
10	24	1
10	25	1
10	26	1
10	27	0
10	28	0
10	29	1
10	30	0
10	31	1
10	32	0
10	33	1
10	34	0
10	35	0
10	36	0
10	37	1
10	38	1
10	39	0
10	40	0
10	41	0
10	42	0
10	43	1
10	44	1
10	45	1
10	46	1
10	47	0
10	48	1
10	49	1
10	50	0
10	51	1
10	52	0
10	53	1
10	54	0
10	55	0
10	56	0
10	57	1
10	58	0
10	59	0
10	60	1
10	61	0
10	62	1
10	63	1
10	64	1
10	65	1
10	66	0
10	67	0
10	68	0
10	69	1
10	70	1
10	71	1
10	72	0
10	73	0
10	74	0
10	75	0
10	76	0
10	77	0
10	78	1
10	79	1
10	80	1
10	81	0
10	82	1
10	83	0
10	84	1
10	85	0
10	86	0
10	87	0
10	88	1
10	89	1
10	90	1
10	91	0
10	92	1
10	93	1
10	94	0
10	95	0
10	96	0
10	97	0
10	98	1
10	99	0
10	100	1
10	101	0
10	102	0
10	103	0
10	104	1
10	105	1
10	106	0
10	107	0
10	108	0
10	109	0
10	110	1
10	111	1
10	112	1
10	113	0
10	114	1
10	115	0
10	116	1
10	117	1
10	118	1
10	119	0
10	120	1
11	12	1
11	13	1
11	14	0
11	15	0
11	16	1
11	17	0
11	18	0
11	19	0
11	20	0
11	21	1
11	22	1
11	23	1
11	24	0
11	25	1
11	26	1
11	27	0
11	28	0
11	29	1
11	30	0
11	31	1
11	32	0
11	33	1
11	34	1
11	35	1
11	36	0
11	37	0
11	38	1
11	39	1
11	40	0
11	41	1
11	42	1
11	43	1
11	44	0
11	45	1
11	46	0
11	47	0
11	48	0
11	49	1
11	50	0
11	51	0
11	52	1
11	53	0
11	54	0
11	55	0
11	56	0
11	57	0
11	58	1
11	59	0
11	60	1
11	61	0
11	62	0
11	63	0
11	64	0
11	65	1
11	66	0
11	67	1
11	68	0
11	69	0
11	70	0
11	71	1
11	72	1
11	73	1
11	74	1
11	75	0
11	76	1
11	77	1
11	78	1
11	79	0
11	80	0
11	81	0
11	82	1
11	83	0
11	84	1
11	85	1
11	86	0
11	87	0
11	88	1
11	89	1
11	90	0
11	91	0
11	92	0
11	93	0
11	94	0
11	95	1
11	96	0
11	97	0
11	98	0
11	99	1
11	100	1
11	101	1
11	102	0
11	103	1
11	104	0
11	105	0
11	106	1
11	107	1
11	108	0
11	109	0
11	110	1
11	111	1
11	112	0
11	113	0
11	114	0
11	115	0
11	116	0
11	117	1
11	118	0
11	119	1
11	120	1
12	13	0
12	14	0
12	15	0
12	16	1
12	17	0
12	18	0
12	19	1
12	20	1
12	21	0
12	22	1
12	23	1
12	24	0
12	25	1
12	26	0
12	27	0
12	28	1
12	29	1
12	30	1
12	31	1
12	32	0
12	33	0
12	34	0
12	35	1
12	36	1
12	37	1
12	38	1
12	39	1
12	40	0
12	41	0
12	42	1
12	43	1
12	44	1
12	45	1
12	46	0
12	47	0
12	48	0
12	49	0
12	50	0
12	51	1
12	52	1
12	53	0
12	54	0
12	55	1
12	56	1
12	57	0
12	58	0
12	59	1
12	60	0
12	61	0
12	62	0
12	63	0
12	64	1
12	65	1
12	66	1
12	67	0
12	68	0
12	69	0
12	70	0
12	71	0
12	72	0
12	73	1
12	74	1
12	75	0
12	76	0
12	77	1
12	78	0
12	79	1
12	80	1
12	81	0
12	82	1
12	83	1
12	84	1
12	85	1
12	86	1
12	87	1
12	88	0
12	89	1
12	90	1
12	91	1
12	92	1
12	93	1
12	94	1
12	95	0
12	96	0
12	97	1
12	98	0
12	99	0
12	100	1
12	101	1
12	102	0
12	103	0
12	104	1
12	105	0
12	106	1
12	107	1
12	108	1
12	109	0
12	110	1
12	111	0
12	112	1
12	113	0
12	114	1
12	115	0
12	116	0
12	117	0
12	118	1
12	119	1
12	120	0
13	14	0
13	15	0
13	16	1
13	17	1
13	18	1
13	19	1
13	20	0
13	21	1
13	22	1
13	23	0
13	24	0
13	25	1
13	26	1
13	27	0
13	28	0
13	29	1
13	30	0
13	31	1
13	32	1
13	33	1
13	34	0
13	35	0
13	36	1
13	37	0
13	38	1
13	39	0
13	40	1
13	41	0
13	42	1
13	43	0
13	44	0
13	45	1
13	46	0
13	47	1
13	48	1
13	49	0
13	50	0
13	51	1
13	52	1
13	53	0
13	54	1
13	55	1
13	56	0
13	57	1
13	58	1
13	59	1
13	60	1
13	61	0
13	62	1
13	63	1
13	64	0
13	65	1
13	66	1
13	67	1
13	68	0
13	69	1
13	70	1
13	71	1
13	72	1
13	73	1
13	74	0
13	75	0
13	76	1
13	77	0
13	78	1
13	79	1
13	80	0
13	81	1
13	82	0
13	83	1
13	84	0
13	85	1
13	86	0
13	87	0
13	88	1
13	89	1
13	90	0
13	91	1
13	92	1
13	93	0
13	94	1
13	95	1
13	96	1
13	97	0
13	98	0
13	99	1
13	100	0
13	101	0
13	102	0
13	103	1
13	104	0
13	105	1
13	106	1
13	107	1
13	108	1
13	109	0
13	110	1
13	111	1
13	112	1
13	113	1
13	114	0
13	115	1
13	116	0
13	117	0
13	118	1
13	119	1
13	120	0
14	15	1
14	16	0
14	17	1
14	18	0
14	19	1
14	20	0
14	21	1
14	22	1
14	23	0
14	24	0
14	25	1
14	26	1
14	27	0
14	28	1
14	29	1
14	30	1
14	31	1
14	32	1
14	33	1
14	34	0
14	35	1
14	36	1
14	37	1
14	38	1
14	39	0
14	40	1
14	41	0
14	42	1
14	43	0
14	44	1
14	45	1
14	46	1
14	47	1
14	48	0
14	49	1
14	50	0
14	51	1
14	52	0
14	53	0
14	54	0
14	55	1
14	56	0
14	57	1
14	58	0
14	59	1
14	60	1
14	61	0
14	62	1
14	63	0
14	64	1
14	65	0
14	66	1
14	67	0
14	68	1
14	69	0
14	70	1
14	71	1
14	72	0
14	73	0
14	74	1
14	75	1
14	76	0
14	77	1
14	78	1
14	79	1
14	80	0
14	81	1
14	82	0
14	83	1
14	84	0
14	85	1
14	86	1
14	87	1
14	88	0
14	89	1
14	90	1
14	91	0
14	92	0
14	93	0
14	94	1
14	95	1
14	96	0
14	97	0
14	98	0
14	99	1
14	100	0
14	101	0
14	102	0
14	103	1
14	104	1
14	105	0
14	106	1
14	107	1
14	108	0
14	109	0
14	110	1
14	111	0
14	112	0
14	113	1
14	114	0
14	115	0
14	116	1
14	117	1
14	118	1
14	119	1
14	120	0
15	16	0
15	17	1
15	18	0
15	19	0
15	20	0
15	21	0
15	22	1
15	23	1
15	24	1
15	25	1
15	26	1
15	27	1
15	28	0
15	29	0
15	30	1
15	31	0
15	32	1
15	33	0
15	34	0
15	35	0
15	36	0
15	37	1
15	38	1
15	39	0
15	40	1
15	41	0
15	42	0
15	43	0
15	44	0
15	45	0
15	46	1
15	47	1
15	48	1
15	49	0
15	50	1
15	51	0
15	52	0
15	53	0
15	54	1
15	55	0
15	56	0
15	57	0
15	58	1
15	59	1
15	60	0
15	61	0
15	62	1
15	63	1
15	64	1
15	65	0
15	66	1
15	67	1
15	68	0
15	69	0
15	70	0
15	71	1
15	72	0
15	73	1
15	74	1
15	75	0
15	76	0
15	77	1
15	78	0
15	79	1
15	80	1
15	81	1
15	82	0
15	83	0
15	84	1
15	85	0
15	86	0
15	87	0
15	88	1
15	89	1
15	90	0
15	91	1
15	92	1
15	93	1
15	94	1
15	95	1
15	96	0
15	97	1
15	98	1
15	99	0
15	100	1
15	101	0
15	102	0
15	103	1
15	104	1
15	105	1
15	106	0
15	107	1
15	108	1
15	109	0
15	110	0
15	111	1
15	112	0
15	113	1
15	114	1
15	115	1
15	116	0
15	117	0
15	118	0
15	119	1
15	120	1
16	17	1
16	18	1
16	19	1
16	20	0
16	21	0
16	22	1
16	23	1
16	24	0
16	25	0
16	26	1
16	27	0
16	28	0
16	29	0
16	30	0
16	31	0
16	32	1
16	33	0
16	34	1
16	35	1
16	36	1
16	37	1
16	38	1
16	39	0
16	40	0
16	41	1
16	42	0
16	43	0
16	44	0
16	45	1
16	46	1
16	47	0
16	48	1
16	49	0
16	50	1
16	51	1
16	52	1
16	53	0
16	54	1
16	55	0
16	56	1
16	57	0
16	58	1
16	59	0
16	60	1
16	61	0
16	62	1
16	63	0
16	64	0
16	65	0
16	66	0
16	67	1
16	68	0
16	69	1
16	70	0
16	71	0
16	72	0
16	73	1
16	74	0
16	75	1
16	76	0
16	77	0
16	78	0
16	79	0
16	80	1
16	81	1
16	82	0
16	83	0
16	84	1
16	85	1
16	86	1
16	87	0
16	88	1
16	89	1
16	90	0
16	91	0
16	92	0
16	93	0
16	94	1
16	95	1
16	96	0
16	97	1
16	98	0
16	99	0
16	100	0
16	101	0
16	102	1
16	103	0
16	104	0
16	105	1
16	106	0
16	107	0
16	108	0
16	109	0
16	110	0
16	111	0
16	112	0
16	113	0
16	114	0
16	115	0
16	116	0
16	117	1
16	118	1
16	119	1
16	120	1
17	18	1
17	19	0
17	20	0
17	21	1
17	22	0
17	23	1
17	24	1
17	25	1
17	26	1
17	27	0
17	28	0
17	29	1
17	30	0
17	31	0
17	32	1
17	33	1
17	34	0
17	35	0
17	36	1
17	37	1
17	38	1
17	39	0
17	40	0
17	41	1
17	42	1
17	43	0
17	44	0
17	45	0
17	46	0
17	47	1
17	48	1
17	49	0
17	50	1
17	51	0
17	52	0
17	53	0
17	54	0
17	55	0
17	56	0
17	57	0
17	58	0
17	59	0
17	60	0
17	61	1
17	62	0
17	63	1
17	64	1
17	65	1
17	66	0
17	67	1
17	68	1
17	69	0
17	70	0
17	71	0
17	72	0
17	73	0
17	74	1
17	75	0
17	76	1
17	77	1
17	78	0
17	79	0
17	80	0
17	81	0
17	82	0
17	83	1
17	84	0
17	85	1
17	86	0
17	87	0
17	88	0
17	89	1
17	90	0
17	91	0
17	92	1
17	93	0
17	94	1
17	95	0
17	96	1
17	97	1
17	98	1
17	99	0
17	100	1
17	101	1
17	102	1
17	103	0
17	104	0
17	105	0
17	106	1
17	107	1
17	108	1
17	109	0
17	110	0
17	111	0
17	112	0
17	113	0
17	114	0
17	115	0
17	116	0
17	117	0
17	118	0
17	119	1
17	120	1
18	19	0
18	20	0
18	21	0
18	22	0
18	23	0
18	24	1
18	25	0
18	26	1
18	27	1
18	28	1
18	29	1
18	30	1
18	31	1
18	32	1
18	33	0
18	34	0
18	35	0
18	36	1
18	37	1
18	38	0
18	39	0
18	40	0
18	41	1
18	42	1
18	43	0
18	44	1
18	45	1
18	46	1
18	47	0
18	48	0
18	49	0
18	50	0
18	51	0
18	52	1
18	53	1
18	54	1
18	55	1
18	56	1
18	57	0
18	58	0
18	59	0
18	60	1
18	61	1
18	62	0
18	63	0
18	64	0
18	65	1
18	66	0
18	67	1
18	68	0
18	69	0
18	70	1
18	71	0
18	72	0
18	73	0
18	74	1
18	75	1
18	76	1
18	77	0
18	78	0
18	79	0
18	80	1
18	81	1
18	82	0
18	83	0
18	84	1
18	85	0
18	86	0
18	87	1
18	88	1
18	89	0
18	90	1
18	91	0
18	92	0
18	93	1
18	94	0
18	95	1
18	96	0
18	97	0
18	98	0
18	99	1
18	100	0
18	101	1
18	102	0
18	103	1
18	104	0
18	105	1
18	106	1
18	107	0
18	108	1
18	109	1
18	110	0
18	111	0
18	112	0
18	113	1
18	114	1
18	115	1
18	116	0
18	117	0
18	118	0
18	119	0
18	120	1
19	20	0
19	21	1
19	22	0
19	23	0
19	24	0
19	25	0
19	26	1
19	27	0
19	28	0
19	29	1
19	30	1
19	31	0
19	32	1
19	33	0
19	34	1
19	35	0
19	36	1
19	37	0
19	38	0
19	39	1
19	40	1
19	41	1
19	42	1
19	43	0
19	44	1
19	45	1
19	46	0
19	47	1
19	48	1
19	49	0
19	50	0
19	51	1
19	52	1
19	53	0
19	54	0
19	55	0
19	56	0
19	57	1
19	58	1
19	59	0
19	60	1
19	61	0
19	62	0
19	63	0
19	64	0
19	65	0
19	66	0
19	67	0
19	68	1
19	69	0
19	70	0
19	71	1
19	72	0
19	73	1
19	74	0
19	75	0
19	76	0
19	77	0
19	78	1
19	79	1
19	80	0
19	81	1
19	82	0
19	83	1
19	84	1
19	85	1
19	86	0
19	87	0
19	88	1
19	89	0
19	90	1
19	91	1
19	92	0
19	93	1
19	94	1
19	95	0
19	96	1
19	97	0
19	98	0
19	99	0
19	100	0
19	101	1
19	102	1
19	103	1
19	104	0
19	105	0
19	106	0
19	107	1
19	108	0
19	109	0
19	110	1
19	111	1
19	112	1
19	113	0
19	114	1
19	115	1
19	116	1
19	117	1
19	118	0
19	119	0
19	120	1
20	21	0
20	22	1
20	23	0
20	24	1
20	25	1
20	26	0
20	27	0
20	28	1
20	29	1
20	30	1
20	31	1
20	32	1
20	33	0
20	34	0
20	35	0
20	36	1
20	37	0
20	38	1
20	39	0
20	40	0
20	41	1
20	42	0
20	43	1
20	44	1
20	45	0
20	46	1
20	47	0
20	48	0
20	49	0
20	50	0
20	51	1
20	52	1
20	53	1
20	54	0
20	55	1
20	56	1
20	57	0
20	58	0
20	59	0
20	60	1
20	61	1
20	62	1
20	63	1
20	64	1
20	65	1
20	66	1
20	67	0
20	68	0
20	69	0
20	70	1
20	71	0
20	72	0
20	73	0
20	74	1
20	75	0
20	76	0
20	77	0
20	78	1
20	79	1
20	80	0
20	81	0
20	82	0
20	83	0
20	84	1
20	85	1
20	86	1
20	87	1
20	88	1
20	89	1
20	90	1
20	91	1
20	92	1
20	93	1
20	94	1
20	95	0
20	96	0
20	97	1
20	98	0
20	99	1
20	100	1
20	101	0
20	102	0
20	103	0
20	104	1
20	105	0
20	106	0
20	107	0
20	108	0
20	109	1
20	110	0
20	111	0
20	112	1
20	113	0
20	114	0
20	115	0
20	116	0
20	117	1
20	118	0
20	119	0
20	120	1
21	22	0
21	23	1
21	24	1
21	25	0
21	26	1
21	27	1
21	28	1
21	29	0
21	30	0
21	31	1
21	32	0
21	33	1
21	34	0
21	35	0
21	36	0
21	37	1
21	38	1
21	39	0
21	40	1
21	41	1
21	42	0
21	43	0
21	44	1
21	45	1
21	46	0
21	47	1
21	48	1
21	49	1
21	50	0
21	51	0
21	52	1
21	53	1
21	54	0
21	55	0
21	56	0
21	57	1
21	58	1
21	59	1
21	60	1
21	61	1
21	62	1
21	63	0
21	64	1
21	65	0
21	66	1
21	67	1
21	68	1
21	69	1
21	70	0
21	71	1
21	72	1
21	73	1
21	74	1
21	75	1
21	76	0
21	77	0
21	78	0
21	79	1
21	80	1
21	81	0
21	82	1
21	83	0
21	84	1
21	85	0
21	86	1
21	87	1
21	88	1
21	89	1
21	90	1
21	91	1
21	92	1
21	93	1
21	94	0
21	95	0
21	96	0
21	97	0
21	98	0
21	99	0
21	100	1
21	101	0
21	102	1
21	103	0
21	104	0
21	105	0
21	106	0
21	107	0
21	108	1
21	109	1
21	110	0
21	111	0
21	112	0
21	113	1
21	114	1
21	115	0
21	116	0
21	117	0
21	118	1
21	119	1
21	120	1
22	23	0
22	24	0
22	25	1
22	26	1
22	27	0
22	28	0
22	29	1
22	30	0
22	31	1
22	32	1
22	33	1
22	34	1
22	35	0
22	36	0
22	37	1
22	38	1
22	39	0
22	40	0
22	41	1
22	42	1
22	43	0
22	44	0
22	45	0
22	46	0
22	47	1
22	48	0
22	49	1
22	50	1
22	51	0
22	52	1
22	53	0
22	54	0
22	55	0
22	56	0
22	57	1
22	58	1
22	59	0
22	60	0
22	61	0
22	62	1
22	63	0
22	64	1
22	65	0
22	66	1
22	67	1
22	68	0
22	69	0
22	70	1
22	71	0
22	72	1
22	73	0
22	74	0
22	75	0
22	76	0
22	77	0
22	78	0
22	79	1
22	80	0
22	81	1
22	82	0
22	83	0
22	84	1
22	85	1
22	86	0
22	87	1
22	88	0
22	89	0
22	90	0
22	91	1
22	92	1
22	93	1
22	94	1
22	95	0
22	96	0
22	97	1
22	98	0
22	99	0
22	100	0
22	101	0
22	102	0
22	103	0
22	104	1
22	105	0
22	106	1
22	107	1
22	108	1
22	109	1
22	110	1
22	111	0
22	112	1
22	113	1
22	114	0
22	115	1
22	116	1
22	117	1
22	118	1
22	119	0
22	120	1
23	24	0
23	25	0
23	26	0
23	27	0
23	28	0
23	29	1
23	30	1
23	31	0
23	32	1
23	33	1
23	34	0
23	35	0
23	36	0
23	37	1
23	38	0
23	39	1
23	40	1
23	41	1
23	42	0
23	43	1
23	44	0
23	45	1
23	46	1
23	47	0
23	48	0
23	49	0
23	50	1
23	51	1
23	52	0
23	53	1
23	54	1
23	55	0
23	56	0
23	57	0
23	58	0
23	59	1
23	60	0
23	61	0
23	62	0
23	63	0
23	64	1
23	65	0
23	66	1
23	67	0
23	68	1
23	69	1
23	70	0
23	71	0
23	72	0
23	73	0
23	74	0
23	75	1
23	76	0
23	77	0
23	78	0
23	79	0
23	80	1
23	81	0
23	82	0
23	83	1
23	84	1
23	85	0
23	86	0
23	87	1
23	88	1
23	89	1
23	90	1
23	91	1
23	92	0
23	93	1
23	94	0
23	95	0
23	96	1
23	97	0
23	98	1
23	99	1
23	100	0
23	101	0
23	102	0
23	103	1
23	104	0
23	105	0
23	106	1
23	107	1
23	108	0
23	109	0
23	110	0
23	111	0
23	112	1
23	113	1
23	114	0
23	115	0
23	116	0
23	117	1
23	118	1
23	119	1
23	120	0
24	25	0
24	26	1
24	27	1
24	28	0
24	29	0
24	30	0
24	31	1
24	32	1
24	33	0
24	34	1
24	35	1
24	36	1
24	37	0
24	38	1
24	39	0
24	40	0
24	41	1
24	42	0
24	43	0
24	44	1
24	45	0
24	46	0
24	47	0
24	48	0
24	49	1
24	50	1
24	51	1
24	52	0
24	53	1
24	54	1
24	55	0
24	56	1
24	57	1
24	58	0
24	59	0
24	60	1
24	61	1
24	62	1
24	63	0
24	64	0
24	65	0
24	66	0
24	67	0
24	68	0
24	69	0
24	70	0
24	71	0
24	72	0
24	73	1
24	74	0
24	75	0
24	76	1
24	77	0
24	78	1
24	79	1
24	80	0
24	81	1
24	82	1
24	83	0
24	84	1
24	85	0
24	86	1
24	87	0
24	88	0
24	89	0
24	90	1
24	91	1
24	92	1
24	93	1
24	94	1
24	95	1
24	96	0
24	97	0
24	98	1
24	99	0
24	100	1
24	101	0
24	102	0
24	103	1
24	104	1
24	105	1
24	106	0
24	107	0
24	108	0
24	109	0
24	110	0
24	111	1
24	112	0
24	113	0
24	114	0
24	115	1
24	116	0
24	117	1
24	118	0
24	119	1
24	120	0
25	26	1
25	27	1
25	28	1
25	29	0
25	30	1
25	31	1
25	32	0
25	33	1
25	34	1
25	35	0
25	36	1
25	37	1
25	38	0
25	39	0
25	40	1
25	41	0
25	42	1
25	43	1
25	44	1
25	45	0
25	46	1
25	47	0
25	48	1
25	49	0
25	50	1
25	51	0
25	52	0
25	53	0
25	54	0
25	55	1
25	56	0
25	57	1
25	58	0
25	59	1
25	60	0
25	61	0
25	62	1
25	63	1
25	64	0
25	65	0
25	66	0
25	67	1
25	68	0
25	69	0
25	70	0
25	71	0
25	72	1
25	73	1
25	74	1
25	75	0
25	76	1
25	77	1
25	78	1
25	79	1
25	80	1
25	81	1
25	82	1
25	83	0
25	84	1
25	85	0
25	86	0
25	87	0
25	88	1
25	89	1
25	90	0
25	91	1
25	92	1
25	93	1
25	94	1
25	95	1
25	96	0
25	97	1
25	98	0
25	99	1
25	100	1
25	101	1
25	102	1
25	103	1
25	104	0
25	105	0
25	106	1
25	107	1
25	108	1
25	109	1
25	110	0
25	111	0
25	112	1
25	113	0
25	114	0
25	115	1
25	116	0
25	117	1
25	118	0
25	119	1
25	120	0
26	27	1
26	28	1
26	29	0
26	30	0
26	31	1
26	32	1
26	33	0
26	34	0
26	35	0
26	36	0
26	37	0
26	38	1
26	39	1
26	40	1
26	41	1
26	42	1
26	43	1
26	44	0
26	45	0
26	46	0
26	47	1
26	48	1
26	49	0
26	50	0
26	51	0
26	52	1
26	53	1
26	54	1
26	55	1
26	56	0
26	57	1
26	58	0
26	59	1
26	60	1
26	61	1
26	62	0
26	63	1
26	64	1
26	65	1
26	66	0
26	67	1
26	68	1
26	69	0
26	70	1
26	71	0
26	72	0
26	73	1
26	74	1
26	75	0
26	76	0
26	77	1
26	78	0
26	79	0
26	80	0
26	81	0
26	82	1
26	83	0
26	84	0
26	85	0
26	86	1
26	87	0
26	88	1
26	89	0
26	90	0
26	91	0
26	92	1
26	93	1
26	94	0
26	95	0
26	96	1
26	97	1
26	98	1
26	99	1
26	100	0
26	101	1
26	102	0
26	103	0
26	104	0
26	105	0
26	106	1
26	107	1
26	108	0
26	109	1
26	110	0
26	111	0
26	112	0
26	113	0
26	114	1
26	115	0
26	116	1
26	117	1
26	118	1
26	119	0
26	120	1
27	28	0
27	29	1
27	30	0
27	31	0
27	32	1
27	33	0
27	34	1
27	35	0
27	36	1
27	37	0
27	38	0
27	39	0
27	40	1
27	41	1
27	42	0
27	43	1
27	44	1
27	45	0
27	46	1
27	47	0
27	48	1
27	49	1
27	50	1
27	51	1
27	52	0
27	53	0
27	54	0
27	55	0
27	56	1
27	57	1
27	58	0
27	59	1
27	60	0
27	61	1
27	62	1
27	63	1
27	64	1
27	65	0
27	66	0
27	67	1
27	68	1
27	69	1
27	70	0
27	71	1
27	72	0
27	73	1
27	74	1
27	75	0
27	76	1
27	77	1
27	78	1
27	79	1
27	80	1
27	81	1
27	82	1
27	83	0
27	84	1
27	85	0
27	86	0
27	87	0
27	88	1
27	89	0
27	90	1
27	91	1
27	92	0
27	93	1
27	94	1
27	95	1
27	96	0
27	97	0
27	98	1
27	99	1
27	100	1
27	101	0
27	102	1
27	103	1
27	104	1
27	105	1
27	106	1
27	107	0
27	108	0
27	109	0
27	110	0
27	111	1
27	112	0
27	113	1
27	114	0
27	115	0
27	116	0
27	117	1
27	118	1
27	119	1
27	120	1
28	29	0
28	30	0
28	31	0
28	32	1
28	33	1
28	34	0
28	35	1
28	36	1
28	37	1
28	38	1
28	39	1
28	40	0
28	41	1
28	42	0
28	43	0
28	44	0
28	45	1
28	46	1
28	47	1
28	48	0
28	49	1
28	50	1
28	51	0
28	52	0
28	53	0
28	54	0
28	55	0
28	56	0
28	57	1
28	58	0
28	59	0
28	60	0
28	61	0
28	62	0
28	63	1
28	64	0
28	65	1
28	66	1
28	67	0
28	68	1
28	69	1
28	70	1
28	71	1
28	72	1
28	73	1
28	74	1
28	75	0
28	76	1
28	77	1
28	78	1
28	79	0
28	80	0
28	81	0
28	82	1
28	83	1
28	84	0
28	85	0
28	86	1
28	87	0
28	88	0
28	89	1
28	90	0
28	91	1
28	92	0
28	93	1
28	94	1
28	95	1
28	96	1
28	97	1
28	98	0
28	99	1
28	100	0
28	101	0
28	102	0
28	103	0
28	104	0
28	105	0
28	106	1
28	107	0
28	108	1
28	109	1
28	110	1
28	111	1
28	112	0
28	113	0
28	114	1
28	115	1
28	116	0
28	117	1
28	118	1
28	119	0
28	120	1
29	30	1
29	31	1
29	32	1
29	33	1
29	34	0
29	35	0
29	36	0
29	37	1
29	38	1
29	39	1
29	40	1
29	41	1
29	42	1
29	43	0
29	44	0
29	45	1
29	46	1
29	47	1
29	48	0
29	49	0
29	50	0
29	51	0
29	52	0
29	53	0
29	54	0
29	55	0
29	56	1
29	57	1
29	58	1
29	59	0
29	60	1
29	61	1
29	62	0
29	63	0
29	64	0
29	65	1
29	66	0
29	67	1
29	68	1
29	69	0
29	70	0
29	71	0
29	72	1
29	73	0
29	74	0
29	75	1
29	76	0
29	77	1
29	78	1
29	79	1
29	80	0
29	81	1
29	82	1
29	83	0
29	84	1
29	85	1
29	86	0
29	87	1
29	88	0
29	89	1
29	90	1
29	91	0
29	92	0
29	93	0
29	94	1
29	95	1
29	96	0
29	97	0
29	98	1
29	99	0
29	100	0
29	101	0
29	102	0
29	103	0
29	104	0
29	105	1
29	106	1
29	107	0
29	108	1
29	109	0
29	110	0
29	111	1
29	112	0
29	113	1
29	114	0
29	115	1
29	116	0
29	117	0
29	118	0
29	119	1
29	120	0
30	31	0
30	32	0
30	33	0
30	34	0
30	35	1
30	36	1
30	37	1
30	38	1
30	39	1
30	40	1
30	41	1
30	42	0
30	43	0
30	44	0
30	45	1
30	46	1
30	47	0
30	48	0
30	49	1
30	50	1
30	51	1
30	52	0
30	53	1
30	54	0
30	55	0
30	56	0
30	57	0
30	58	1
30	59	0
30	60	0
30	61	0
30	62	1
30	63	1
30	64	1
30	65	1
30	66	0
30	67	1
30	68	0
30	69	1
30	70	0
30	71	1
30	72	1
30	73	1
30	74	0
30	75	1
30	76	1
30	77	0
30	78	0
30	79	1
30	80	0
30	81	0
30	82	0
30	83	0
30	84	0
30	85	1
30	86	1
30	87	1
30	88	1
30	89	0
30	90	1
30	91	1
30	92	1
30	93	0
30	94	0
30	95	1
30	96	0
30	97	1
30	98	1
30	99	0
30	100	1
30	101	1
30	102	1
30	103	1
30	104	0
30	105	1
30	106	0
30	107	1
30	108	1
30	109	0
30	110	1
30	111	0
30	112	0
30	113	0
30	114	1
30	115	0
30	116	1
30	117	1
30	118	1
30	119	1
30	120	1
31	32	1
31	33	0
31	34	1
31	35	1
31	36	1
31	37	1
31	38	0
31	39	0
31	40	1
31	41	0
31	42	1
31	43	0
31	44	1
31	45	0
31	46	1
31	47	0
31	48	1
31	49	1
31	50	0
31	51	1
31	52	0
31	53	0
31	54	0
31	55	1
31	56	0
31	57	0
31	58	1
31	59	1
31	60	0
31	61	0
31	62	0
31	63	0
31	64	0
31	65	1
31	66	1
31	67	0
31	68	0
31	69	0
31	70	1
31	71	1
31	72	1
31	73	0
31	74	0
31	75	0
31	76	1
31	77	1
31	78	1
31	79	1
31	80	0
31	81	0
31	82	0
31	83	1
31	84	0
31	85	0
31	86	1
31	87	1
31	88	0
31	89	1
31	90	0
31	91	0
31	92	1
31	93	0
31	94	1
31	95	0
31	96	0
31	97	1
31	98	0
31	99	1
31	100	0
31	101	1
31	102	0
31	103	0
31	104	1
31	105	0
31	106	1
31	107	0
31	108	0
31	109	0
31	110	1
31	111	0
31	112	1
31	113	1
31	114	0
31	115	1
31	116	0
31	117	1
31	118	1
31	119	1
31	120	0
32	33	0
32	34	0
32	35	1
32	36	0
32	37	1
32	38	1
32	39	1
32	40	1
32	41	1
32	42	0
32	43	0
32	44	1
32	45	0
32	46	0
32	47	0
32	48	1
32	49	0
32	50	1
32	51	0
32	52	0
32	53	0
32	54	1
32	55	1
32	56	1
32	57	1
32	58	1
32	59	0
32	60	0
32	61	0
32	62	0
32	63	1
32	64	1
32	65	1
32	66	1
32	67	1
32	68	0
32	69	1
32	70	0
32	71	1
32	72	1
32	73	1
32	74	0
32	75	0
32	76	1
32	77	1
32	78	1
32	79	0
32	80	1
32	81	1
32	82	0
32	83	0
32	84	0
32	85	1
32	86	0
32	87	0
32	88	0
32	89	0
32	90	1
32	91	1
32	92	0
32	93	0
32	94	0
32	95	0
32	96	1
32	97	0
32	98	0
32	99	1
32	100	1
32	101	1
32	102	1
32	103	0
32	104	1
32	105	0
32	106	1
32	107	1
32	108	1
32	109	1
32	110	1
32	111	0
32	112	1
32	113	1
32	114	0
32	115	1
32	116	0
32	117	1
32	118	0
32	119	0
32	120	1
33	34	0
33	35	1
33	36	0
33	37	0
33	38	1
33	39	1
33	40	1
33	41	0
33	42	1
33	43	0
33	44	1
33	45	0
33	46	0
33	47	1
33	48	0
33	49	1
33	50	0
33	51	0
33	52	0
33	53	1
33	54	0
33	55	1
33	56	1
33	57	1
33	58	1
33	59	0
33	60	0
33	61	0
33	62	1
33	63	1
33	64	0
33	65	0
33	66	0
33	67	0
33	68	0
33	69	1
33	70	0
33	71	1
33	72	0
33	73	1
33	74	1
33	75	0
33	76	1
33	77	1
33	78	0
33	79	0
33	80	0
33	81	0
33	82	1
33	83	0
33	84	0
33	85	1
33	86	1
33	87	0
33	88	1
33	89	1
33	90	1
33	91	0
33	92	0
33	93	0
33	94	0
33	95	0
33	96	1
33	97	1
33	98	1
33	99	1
33	100	0
33	101	0
33	102	0
33	103	0
33	104	0
33	105	1
33	106	0
33	107	1
33	108	1
33	109	1
33	110	0
33	111	0
33	112	1
33	113	0
33	114	1
33	115	1
33	116	1
33	117	0
33	118	1
33	119	0
33	120	1
34	35	0
34	36	1
34	37	0
34	38	0
34	39	1
34	40	0
34	41	1
34	42	1
34	43	0
34	44	0
34	45	0
34	46	0
34	47	1
34	48	1
34	49	1
34	50	0
34	51	0
34	52	1
34	53	0
34	54	0
34	55	0
34	56	1
34	57	0
34	58	0
34	59	1
34	60	1
34	61	0
34	62	0
34	63	1
34	64	0
34	65	0
34	66	1
34	67	0
34	68	1
34	69	1
34	70	1
34	71	1
34	72	1
34	73	0
34	74	1
34	75	1
34	76	1
34	77	0
34	78	0
34	79	1
34	80	0
34	81	0
34	82	1
34	83	1
34	84	1
34	85	1
34	86	0
34	87	0
34	88	0
34	89	0
34	90	1
34	91	0
34	92	0
34	93	1
34	94	1
34	95	1
34	96	1
34	97	1
34	98	0
34	99	0
34	100	0
34	101	1
34	102	1
34	103	0
34	104	0
34	105	1
34	106	0
34	107	0
34	108	0
34	109	0
34	110	0
34	111	0
34	112	0
34	113	1
34	114	1
34	115	0
34	116	0
34	117	0
34	118	0
34	119	1
34	120	1
35	36	0
35	37	0
35	38	0
35	39	0
35	40	0
35	41	0
35	42	0
35	43	0
35	44	1
35	45	1
35	46	1
35	47	0
35	48	1
35	49	0
35	50	1
35	51	0
35	52	1
35	53	1
35	54	0
35	55	0
35	56	1
35	57	0
35	58	0
35	59	1
35	60	1
35	61	0
35	62	0
35	63	1
35	64	0
35	65	1
35	66	0
35	67	1
35	68	1
35	69	1
35	70	1
35	71	0
35	72	1
35	73	1
35	74	1
35	75	0
35	76	0
35	77	0
35	78	0
35	79	1
35	80	0
35	81	0
35	82	1
35	83	1
35	84	0
35	85	1
35	86	1
35	87	1
35	88	0
35	89	1
35	90	1
35	91	0
35	92	0
35	93	0
35	94	1
35	95	0
35	96	1
35	97	0
35	98	1
35	99	0
35	100	0
35	101	1
35	102	1
35	103	0
35	104	1
35	105	0
35	106	1
35	107	0
35	108	1
35	109	0
35	110	1
35	111	1
35	112	1
35	113	1
35	114	0
35	115	1
35	116	0
35	117	1
35	118	1
35	119	0
35	120	0
36	37	1
36	38	1
36	39	1
36	40	0
36	41	0
36	42	1
36	43	1
36	44	0
36	45	0
36	46	1
36	47	1
36	48	1
36	49	0
36	50	1
36	51	0
36	52	1
36	53	0
36	54	1
36	55	0
36	56	0
36	57	0
36	58	0
36	59	1
36	60	1
36	61	0
36	62	1
36	63	0
36	64	0
36	65	0
36	66	0
36	67	1
36	68	0
36	69	1
36	70	0
36	71	1
36	72	1
36	73	0
36	74	0
36	75	0
36	76	0
36	77	1
36	78	0
36	79	1
36	80	1
36	81	0
36	82	0
36	83	0
36	84	1
36	85	1
36	86	1
36	87	0
36	88	0
36	89	0
36	90	1
36	91	1
36	92	1
36	93	1
36	94	0
36	95	1
36	96	1
36	97	0
36	98	1
36	99	1
36	100	0
36	101	0
36	102	0
36	103	0
36	104	0
36	105	0
36	106	0
36	107	0
36	108	1
36	109	1
36	110	0
36	111	0
36	112	0
36	113	0
36	114	0
36	115	0
36	116	0
36	117	0
36	118	0
36	119	1
36	120	0
37	38	0
37	39	1
37	40	0
37	41	0
37	42	1
37	43	0
37	44	0
37	45	1
37	46	0
37	47	1
37	48	1
37	49	0
37	50	0
37	51	0
37	52	1
37	53	0
37	54	0
37	55	1
37	56	0
37	57	1
37	58	1
37	59	1
37	60	0
37	61	1
37	62	1
37	63	0
37	64	0
37	65	1
37	66	1
37	67	1
37	68	1
37	69	0
37	70	1
37	71	0
37	72	1
37	73	1
37	74	1
37	75	1
37	76	0
37	77	1
37	78	1
37	79	0
37	80	1
37	81	0
37	82	1
37	83	0
37	84	0
37	85	0
37	86	1
37	87	1
37	88	0
37	89	0
37	90	0
37	91	0
37	92	0
37	93	0
37	94	0
37	95	1
37	96	0
37	97	0
37	98	1
37	99	1
37	100	1
37	101	1
37	102	0
37	103	1
37	104	1
37	105	0
37	106	1
37	107	0
37	108	1
37	109	0
37	110	0
37	111	0
37	112	1
37	113	0
37	114	1
37	115	1
37	116	1
37	117	0
37	118	1
37	119	1
37	120	1
38	39	1
38	40	0
38	41	1
38	42	1
38	43	1
38	44	1
38	45	0
38	46	0
38	47	1
38	48	0
38	49	1
38	50	1
38	51	1
38	52	1
38	53	0
38	54	1
38	55	0
38	56	1
38	57	1
38	58	0
38	59	1
38	60	0
38	61	1
38	62	1
38	63	0
38	64	1
38	65	1
38	66	1
38	67	1
38	68	0
38	69	1
38	70	0
38	71	1
38	72	1
38	73	0
38	74	0
38	75	1
38	76	1
38	77	0
38	78	1
38	79	1
38	80	1
38	81	1
38	82	1
38	83	0
38	84	1
38	85	0
38	86	0
38	87	1
38	88	1
38	89	1
38	90	0
38	91	0
38	92	0
38	93	0
38	94	1
38	95	0
38	96	1
38	97	1
38	98	1
38	99	0
38	100	1
38	101	1
38	102	0
38	103	0
38	104	1
38	105	1
38	106	0
38	107	1
38	108	1
38	109	1
38	110	1
38	111	1
38	112	1
38	113	1
38	114	0
38	115	1
38	116	0
38	117	1
38	118	1
38	119	0
38	120	1
39	40	1
39	41	1
39	42	0
39	43	1
39	44	1
39	45	0
39	46	0
39	47	0
39	48	1
39	49	0
39	50	0
39	51	1
39	52	0
39	53	1
39	54	0
39	55	0
39	56	0
39	57	0
39	58	1
39	59	1
39	60	0
39	61	1
39	62	1
39	63	1
39	64	0
39	65	0
39	66	1
39	67	0
39	68	0
39	69	0
39	70	0
39	71	0
39	72	0
39	73	1
39	74	0
39	75	1
39	76	0
39	77	0
39	78	1
39	79	0
39	80	0
39	81	0
39	82	0
39	83	0
39	84	1
39	85	0
39	86	1
39	87	1
39	88	1
39	89	1
39	90	0
39	91	0
39	92	1
39	93	1
39	94	1
39	95	0
39	96	1
39	97	0
39	98	0
39	99	1
39	100	1
39	101	1
39	102	0
39	103	1
39	104	0
39	105	0
39	106	0
39	107	1
39	108	1
39	109	0
39	110	0
39	111	1
39	112	1
39	113	1
39	114	1
39	115	1
39	116	1
39	117	1
39	118	0
39	119	0
39	120	0
40	41	1
40	42	1
40	43	0
40	44	0
40	45	1
40	46	1
40	47	1
40	48	0
40	49	1
40	50	1
40	51	1
40	52	1
40	53	0
40	54	0
40	55	0
40	56	0
40	57	0
40	58	1
40	59	1
40	60	0
40	61	1
40	62	0
40	63	1
40	64	1
40	65	1
40	66	1
40	67	0
40	68	1
40	69	1
40	70	1
40	71	0
40	72	0
40	73	1
40	74	0
40	75	1
40	76	1
40	77	1
40	78	0
40	79	1
40	80	0
40	81	1
40	82	0
40	83	0
40	84	1
40	85	0
40	86	0
40	87	1
40	88	1
40	89	0
40	90	0
40	91	1
40	92	0
40	93	0
40	94	0
40	95	0
40	96	0
40	97	0
40	98	1
40	99	1
40	100	0
40	101	0
40	102	1
40	103	0
40	104	0
40	105	0
40	106	1
40	107	1
40	108	0
40	109	1
40	110	0
40	111	0
40	112	0
40	113	1
40	114	0
40	115	0
40	116	0
40	117	0
40	118	1
40	119	1
40	120	0
41	42	1
41	43	1
41	44	1
41	45	1
41	46	0
41	47	1
41	48	0
41	49	0
41	50	0
41	51	0
41	52	0
41	53	1
41	54	0
41	55	0
41	56	1
41	57	1
41	58	1
41	59	1
41	60	1
41	61	0
41	62	1
41	63	0
41	64	0
41	65	0
41	66	1
41	67	0
41	68	0
41	69	1
41	70	1
41	71	1
41	72	0
41	73	0
41	74	1
41	75	1
41	76	0
41	77	0
41	78	1
41	79	1
41	80	1
41	81	1
41	82	1
41	83	1
41	84	1
41	85	1
41	86	1
41	87	1
41	88	0
41	89	1
41	90	1
41	91	1
41	92	1
41	93	1
41	94	1
41	95	1
41	96	1
41	97	0
41	98	0
41	99	1
41	100	1
41	101	0
41	102	1
41	103	1
41	104	1
41	105	1
41	106	1
41	107	0
41	108	1
41	109	0
41	110	1
41	111	0
41	112	0
41	113	0
41	114	1
41	115	0
41	116	0
41	117	0
41	118	1
41	119	1
41	120	0
42	43	0
42	44	1
42	45	1
42	46	1
42	47	0
42	48	0
42	49	1
42	50	0
42	51	1
42	52	0
42	53	0
42	54	0
42	55	0
42	56	1
42	57	0
42	58	0
42	59	1
42	60	1
42	61	0
42	62	1
42	63	0
42	64	1
42	65	1
42	66	0
42	67	1
42	68	0
42	69	0
42	70	1
42	71	0
42	72	1
42	73	0
42	74	1
42	75	0
42	76	0
42	77	1
42	78	0
42	79	0
42	80	1
42	81	0
42	82	0
42	83	0
42	84	1
42	85	0
42	86	1
42	87	1
42	88	0
42	89	1
42	90	1
42	91	0
42	92	1
42	93	0
42	94	0
42	95	1
42	96	1
42	97	1
42	98	0
42	99	0
42	100	1
42	101	1
42	102	0
42	103	1
42	104	1
42	105	0
42	106	0
42	107	1
42	108	1
42	109	0
42	110	0
42	111	1
42	112	1
42	113	0
42	114	1
42	115	1
42	116	1
42	117	1
42	118	0
42	119	0
42	120	0
43	44	1
43	45	1
43	46	0
43	47	0
43	48	0
43	49	0
43	50	0
43	51	0
43	52	0
43	53	1
43	54	0
43	55	0
43	56	1
43	57	0
43	58	1
43	59	0
43	60	0
43	61	1
43	62	0
43	63	0
43	64	0
43	65	0
43	66	0
43	67	0
43	68	0
43	69	1
43	70	0
43	71	1
43	72	0
43	73	1
43	74	1
43	75	0
43	76	1
43	77	1
43	78	1
43	79	1
43	80	1
43	81	1
43	82	1
43	83	1
43	84	0
43	85	1
43	86	0
43	87	0
43	88	1
43	89	1
43	90	0
43	91	1
43	92	0
43	93	1
43	94	0
43	95	0
43	96	0
43	97	0
43	98	1
43	99	1
43	100	0
43	101	1
43	102	0
43	103	1
43	104	1
43	105	1
43	106	0
43	107	1
43	108	1
43	109	1
43	110	0
43	111	0
43	112	1
43	113	1
43	114	0
43	115	1
43	116	0
43	117	0
43	118	1
43	119	0
43	120	1
44	45	0
44	46	0
44	47	0
44	48	0
44	49	0
44	50	0
44	51	0
44	52	0
44	53	1
44	54	1
44	55	1
44	56	0
44	57	1
44	58	0
44	59	0
44	60	0
44	61	0
44	62	1
44	63	0
44	64	1
44	65	0
44	66	1
44	67	0
44	68	1
44	69	1
44	70	1
44	71	0
44	72	1
44	73	0
44	74	1
44	75	0
44	76	0
44	77	0
44	78	0
44	79	0
44	80	1
44	81	0
44	82	1
44	83	0
44	84	0
44	85	1
44	86	0
44	87	0
44	88	0
44	89	0
44	90	1
44	91	1
44	92	0
44	93	0
44	94	1
44	95	0
44	96	0
44	97	0
44	98	0
44	99	1
44	100	0
44	101	0
44	102	1
44	103	1
44	104	0
44	105	0
44	106	1
44	107	1
44	108	1
44	109	1
44	110	0
44	111	0
44	112	0
44	113	0
44	114	0
44	115	0
44	116	1
44	117	1
44	118	0
44	119	0
44	120	1
45	46	1
45	47	1
45	48	0
45	49	1
45	50	0
45	51	1
45	52	1
45	53	0
45	54	0
45	55	0
45	56	0
45	57	1
45	58	1
45	59	1
45	60	0
45	61	1
45	62	0
45	63	1
45	64	1
45	65	0
45	66	1
45	67	0
45	68	0
45	69	1
45	70	1
45	71	1
45	72	1
45	73	1
45	74	1
45	75	0
45	76	0
45	77	0
45	78	0
45	79	0
45	80	1
45	81	0
45	82	1
45	83	0
45	84	1
45	85	1
45	86	1
45	87	1
45	88	0
45	89	0
45	90	0
45	91	1
45	92	0
45	93	0
45	94	0
45	95	0
45	96	0
45	97	1
45	98	1
45	99	0
45	100	1
45	101	1
45	102	0
45	103	1
45	104	0
45	105	0
45	106	1
45	107	0
45	108	1
45	109	0
45	110	1
45	111	1
45	112	1
45	113	0
45	114	0
45	115	1
45	116	0
45	117	0
45	118	0
45	119	1
45	120	1
46	47	1
46	48	0
46	49	1
46	50	1
46	51	0
46	52	0
46	53	1
46	54	0
46	55	0
46	56	0
46	57	1
46	58	0
46	59	0
46	60	1
46	61	0
46	62	0
46	63	0
46	64	1
46	65	0
46	66	1
46	67	0
46	68	0
46	69	0
46	70	0
46	71	1
46	72	1
46	73	0
46	74	1
46	75	1
46	76	1
46	77	0
46	78	1
46	79	1
46	80	1
46	81	0
46	82	1
46	83	1
46	84	1
46	85	1
46	86	1
46	87	1
46	88	1
46	89	0
46	90	0
46	91	1
46	92	0
46	93	1
46	94	0
46	95	0
46	96	1
46	97	1
46	98	1
46	99	1
46	100	0
46	101	0
46	102	0
46	103	1
46	104	0
46	105	1
46	106	1
46	107	0
46	108	1
46	109	1
46	110	1
46	111	0
46	112	0
46	113	1
46	114	1
46	115	1
46	116	0
46	117	0
46	118	1
46	119	0
46	120	0
47	48	0
47	49	1
47	50	1
47	51	0
47	52	0
47	53	0
47	54	1
47	55	0
47	56	1
47	57	0
47	58	1
47	59	1
47	60	0
47	61	1
47	62	1
47	63	1
47	64	1
47	65	1
47	66	0
47	67	0
47	68	1
47	69	0
47	70	0
47	71	1
47	72	1
47	73	1
47	74	1
47	75	0
47	76	1
47	77	0
47	78	0
47	79	0
47	80	1
47	81	1
47	82	0
47	83	1
47	84	1
47	85	1
47	86	1
47	87	1
47	88	1
47	89	1
47	90	0
47	91	0
47	92	0
47	93	1
47	94	0
47	95	1
47	96	0
47	97	1
47	98	1
47	99	1
47	100	1
47	101	0
47	102	0
47	103	1
47	104	0
47	105	0
47	106	1
47	107	0
47	108	1
47	109	1
47	110	0
47	111	1
47	112	0
47	113	0
47	114	0
47	115	0
47	116	0
47	117	1
47	118	1
47	119	0
47	120	1
48	49	1
48	50	1
48	51	1
48	52	1
48	53	1
48	54	1
48	55	1
48	56	0
48	57	1
48	58	1
48	59	1
48	60	0
48	61	0
48	62	1
48	63	0
48	64	1
48	65	1
48	66	1
48	67	0
48	68	0
48	69	1
48	70	0
48	71	1
48	72	0
48	73	1
48	74	1
48	75	0
48	76	1
48	77	0
48	78	0
48	79	1
48	80	1
48	81	1
48	82	0
48	83	1
48	84	0
48	85	1
48	86	1
48	87	1
48	88	0
48	89	1
48	90	1
48	91	0
48	92	0
48	93	1
48	94	0
48	95	0
48	96	0
48	97	1
48	98	0
48	99	0
48	100	0
48	101	0
48	102	1
48	103	0
48	104	0
48	105	0
48	106	0
48	107	1
48	108	0
48	109	1
48	110	1
48	111	0
48	112	0
48	113	1
48	114	0
48	115	0
48	116	1
48	117	1
48	118	0
48	119	0
48	120	1
49	50	1
49	51	1
49	52	1
49	53	1
49	54	1
49	55	1
49	56	1
49	57	0
49	58	1
49	59	1
49	60	1
49	61	1
49	62	0
49	63	0
49	64	1
49	65	1
49	66	0
49	67	1
49	68	0
49	69	0
49	70	1
49	71	1
49	72	0
49	73	0
49	74	0
49	75	1
49	76	0
49	77	0
49	78	0
49	79	1
49	80	0
49	81	1
49	82	1
49	83	0
49	84	1
49	85	1
49	86	0
49	87	0
49	88	1
49	89	0
49	90	0
49	91	0
49	92	0
49	93	1
49	94	0
49	95	1
49	96	0
49	97	0
49	98	0
49	99	1
49	100	0
49	101	0
49	102	0
49	103	0
49	104	0
49	105	0
49	106	0
49	107	0
49	108	1
49	109	1
49	110	0
49	111	1
49	112	1
49	113	1
49	114	1
49	115	1
49	116	1
49	117	0
49	118	0
49	119	1
49	120	1
50	51	0
50	52	1
50	53	0
50	54	1
50	55	0
50	56	1
50	57	0
50	58	1
50	59	0
50	60	1
50	61	0
50	62	1
50	63	1
50	64	0
50	65	1
50	66	0
50	67	0
50	68	1
50	69	1
50	70	0
50	71	1
50	72	0
50	73	1
50	74	1
50	75	0
50	76	1
50	77	1
50	78	1
50	79	1
50	80	0
50	81	0
50	82	0
50	83	0
50	84	0
50	85	0
50	86	1
50	87	0
50	88	1
50	89	0
50	90	0
50	91	0
50	92	1
50	93	1
50	94	0
50	95	0
50	96	0
50	97	0
50	98	1
50	99	1
50	100	0
50	101	0
50	102	0
50	103	0
50	104	0
50	105	0
50	106	1
50	107	0
50	108	0
50	109	0
50	110	0
50	111	0
50	112	0
50	113	0
50	114	0
50	115	0
50	116	1
50	117	0
50	118	0
50	119	1
50	120	1
51	52	1
51	53	0
51	54	0
51	55	0
51	56	0
51	57	1
51	58	0
51	59	0
51	60	0
51	61	1
51	62	1
51	63	1
51	64	1
51	65	0
51	66	0
51	67	1
51	68	1
51	69	1
51	70	0
51	71	0
51	72	1
51	73	1
51	74	1
51	75	1
51	76	1
51	77	0
51	78	0
51	79	0
51	80	0
51	81	1
51	82	1
51	83	0
51	84	1
51	85	0
51	86	1
51	87	1
51	88	1
51	89	0
51	90	0
51	91	0
51	92	0
51	93	1
51	94	0
51	95	1
51	96	1
51	97	0
51	98	1
51	99	0
51	100	1
51	101	0
51	102	0
51	103	1
51	104	1
51	105	1
51	106	0
51	107	1
51	108	1
51	109	0
51	110	1
51	111	0
51	112	1
51	113	0
51	114	1
51	115	1
51	116	0
51	117	0
51	118	0
51	119	0
51	120	1
52	53	1
52	54	0
52	55	1
52	56	0
52	57	0
52	58	1
52	59	1
52	60	1
52	61	1
52	62	1
52	63	1
52	64	1
52	65	1
52	66	1
52	67	1
52	68	0
52	69	1
52	70	0
52	71	0
52	72	0
52	73	1
52	74	1
52	75	1
52	76	0
52	77	0
52	78	1
52	79	0
52	80	0
52	81	1
52	82	0
52	83	0
52	84	0
52	85	0
52	86	1
52	87	0
52	88	1
52	89	0
52	90	0
52	91	1
52	92	0
52	93	0
52	94	1
52	95	0
52	96	1
52	97	0
52	98	1
52	99	0
52	100	1
52	101	1
52	102	1
52	103	0
52	104	1
52	105	1
52	106	1
52	107	1
52	108	0
52	109	1
52	110	1
52	111	0
52	112	1
52	113	1
52	114	0
52	115	0
52	116	1
52	117	0
52	118	0
52	119	1
52	120	0
53	54	1
53	55	1
53	56	0
53	57	1
53	58	1
53	59	0
53	60	1
53	61	1
53	62	0
53	63	1
53	64	1
53	65	1
53	66	1
53	67	0
53	68	0
53	69	0
53	70	1
53	71	0
53	72	0
53	73	0
53	74	0
53	75	0
53	76	1
53	77	1
53	78	0
53	79	1
53	80	0
53	81	0
53	82	1
53	83	1
53	84	0
53	85	0
53	86	1
53	87	1
53	88	0
53	89	1
53	90	1
53	91	1
53	92	1
53	93	1
53	94	0
53	95	1
53	96	0
53	97	0
53	98	1
53	99	1
53	100	1
53	101	1
53	102	0
53	103	1
53	104	0
53	105	0
53	106	1
53	107	1
53	108	0
53	109	1
53	110	0
53	111	0
53	112	0
53	113	0
53	114	1
53	115	0
53	116	1
53	117	0
53	118	0
53	119	1
53	120	1
54	55	1
54	56	0
54	57	0
54	58	1
54	59	1
54	60	1
54	61	1
54	62	1
54	63	1
54	64	1
54	65	0
54	66	0
54	67	1
54	68	0
54	69	1
54	70	1
54	71	0
54	72	0
54	73	1
54	74	0
54	75	0
54	76	1
54	77	0
54	78	1
54	79	1
54	80	1
54	81	1
54	82	0
54	83	0
54	84	0
54	85	1
54	86	0
54	87	1
54	88	1
54	89	0
54	90	0
54	91	0
54	92	1
54	93	0
54	94	1
54	95	1
54	96	0
54	97	0
54	98	1
54	99	0
54	100	0
54	101	0
54	102	0
54	103	0
54	104	1
54	105	0
54	106	1
54	107	0
54	108	1
54	109	1
54	110	0
54	111	0
54	112	1
54	113	0
54	114	0
54	115	0
54	116	1
54	117	1
54	118	0
54	119	0
54	120	1
55	56	1
55	57	1
55	58	0
55	59	1
55	60	0
55	61	1
55	62	0
55	63	1
55	64	1
55	65	1
55	66	1
55	67	1
55	68	1
55	69	0
55	70	0
55	71	0
55	72	1
55	73	0
55	74	0
55	75	1
55	76	0
55	77	0
55	78	0
55	79	0
55	80	0
55	81	1
55	82	0
55	83	1
55	84	0
55	85	0
55	86	0
55	87	1
55	88	1
55	89	1
55	90	1
55	91	1
55	92	1
55	93	1
55	94	1
55	95	1
55	96	0
55	97	1
55	98	1
55	99	0
55	100	1
55	101	1
55	102	0
55	103	1
55	104	1
55	105	1
55	106	1
55	107	1
55	108	1
55	109	1
55	110	1
55	111	1
55	112	0
55	113	1
55	114	1
55	115	1
55	116	1
55	117	0
55	118	1
55	119	0
55	120	1
56	57	0
56	58	0
56	59	1
56	60	1
56	61	1
56	62	0
56	63	1
56	64	0
56	65	1
56	66	0
56	67	1
56	68	0
56	69	0
56	70	1
56	71	1
56	72	0
56	73	1
56	74	0
56	75	1
56	76	1
56	77	1
56	78	0
56	79	0
56	80	0
56	81	0
56	82	1
56	83	1
56	84	0
56	85	0
56	86	0
56	87	0
56	88	0
56	89	1
56	90	1
56	91	1
56	92	1
56	93	1
56	94	0
56	95	1
56	96	1
56	97	1
56	98	1
56	99	1
56	100	0
56	101	1
56	102	0
56	103	0
56	104	1
56	105	0
56	106	1
56	107	1
56	108	0
56	109	0
56	110	1
56	111	0
56	112	0
56	113	1
56	114	1
56	115	1
56	116	0
56	117	0
56	118	1
56	119	1
56	120	1
57	58	0
57	59	1
57	60	0
57	61	0
57	62	0
57	63	1
57	64	1
57	65	1
57	66	0
57	67	1
57	68	1
57	69	1
57	70	1
57	71	0
57	72	0
57	73	1
57	74	0
57	75	1
57	76	1
57	77	1
57	78	0
57	79	0
57	80	0
57	81	1
57	82	0
57	83	1
57	84	0
57	85	1
57	86	0
57	87	0
57	88	0
57	89	0
57	90	1
57	91	0
57	92	1
57	93	1
57	94	0
57	95	1
57	96	0
57	97	1
57	98	0
57	99	0
57	100	1
57	101	1
57	102	1
57	103	0
57	104	0
57	105	1
57	106	0
57	107	0
57	108	0
57	109	1
57	110	0
57	111	1
57	112	1
57	113	1
57	114	1
57	115	0
57	116	1
57	117	1
57	118	0
57	119	0
57	120	0
58	59	0
58	60	0
58	61	0
58	62	1
58	63	1
58	64	1
58	65	0
58	66	0
58	67	0
58	68	0
58	69	0
58	70	0
58	71	0
58	72	0
58	73	1
58	74	0
58	75	0
58	76	0
58	77	0
58	78	0
58	79	1
58	80	0
58	81	1
58	82	0
58	83	0
58	84	0
58	85	0
58	86	1
58	87	1
58	88	1
58	89	1
58	90	0
58	91	1
58	92	1
58	93	0
58	94	0
58	95	1
58	96	0
58	97	1
58	98	0
58	99	0
58	100	0
58	101	0
58	102	0
58	103	0
58	104	0
58	105	0
58	106	0
58	107	0
58	108	1
58	109	1
58	110	0
58	111	1
58	112	1
58	113	1
58	114	1
58	115	0
58	116	0
58	117	0
58	118	1
58	119	1
58	120	1
59	60	0
59	61	1
59	62	1
59	63	1
59	64	0
59	65	0
59	66	1
59	67	0
59	68	1
59	69	1
59	70	0
59	71	0
59	72	1
59	73	0
59	74	1
59	75	1
59	76	0
59	77	0
59	78	0
59	79	0
59	80	0
59	81	1
59	82	0
59	83	1
59	84	0
59	85	0
59	86	0
59	87	1
59	88	1
59	89	0
59	90	1
59	91	1
59	92	0
59	93	0
59	94	1
59	95	1
59	96	1
59	97	0
59	98	0
59	99	0
59	100	0
59	101	0
59	102	1
59	103	0
59	104	1
59	105	0
59	106	1
59	107	1
59	108	0
59	109	1
59	110	1
59	111	0
59	112	0
59	113	0
59	114	0
59	115	1
59	116	1
59	117	0
59	118	0
59	119	0
59	120	1
60	61	0
60	62	0
60	63	1
60	64	0
60	65	1
60	66	1
60	67	0
60	68	1
60	69	1
60	70	1
60	71	1
60	72	0
60	73	1
60	74	0
60	75	1
60	76	1
60	77	0
60	78	1
60	79	1
60	80	0
60	81	1
60	82	0
60	83	1
60	84	1
60	85	1
60	86	0
60	87	1
60	88	1
60	89	1
60	90	1
60	91	1
60	92	1
60	93	1
60	94	1
60	95	1
60	96	0
60	97	0
60	98	1
60	99	1
60	100	0
60	101	1
60	102	1
60	103	0
60	104	1
60	105	0
60	106	1
60	107	1
60	108	0
60	109	1
60	110	1
60	111	1
60	112	1
60	113	1
60	114	1
60	115	0
60	116	1
60	117	0
60	118	0
60	119	1
60	120	1
61	62	0
61	63	0
61	64	1
61	65	0
61	66	1
61	67	0
61	68	1
61	69	0
61	70	1
61	71	0
61	72	0
61	73	1
61	74	0
61	75	1
61	76	1
61	77	1
61	78	1
61	79	0
61	80	1
61	81	0
61	82	1
61	83	1
61	84	0
61	85	0
61	86	1
61	87	1
61	88	1
61	89	0
61	90	1
61	91	0
61	92	1
61	93	0
61	94	1
61	95	0
61	96	0
61	97	0
61	98	1
61	99	0
61	100	0
61	101	1
61	102	0
61	103	0
61	104	1
61	105	1
61	106	0
61	107	0
61	108	0
61	109	1
61	110	0
61	111	0
61	112	0
61	113	0
61	114	0
61	115	1
61	116	0
61	117	0
61	118	0
61	119	0
61	120	0
62	63	0
62	64	0
62	65	1
62	66	0
62	67	1
62	68	0
62	69	0
62	70	1
62	71	0
62	72	0
62	73	1
62	74	1
62	75	0
62	76	0
62	77	1
62	78	0
62	79	0
62	80	0
62	81	1
62	82	1
62	83	1
62	84	0
62	85	1
62	86	0
62	87	1
62	88	1
62	89	0
62	90	1
62	91	0
62	92	1
62	93	1
62	94	1
62	95	0
62	96	0
62	97	1
62	98	0
62	99	0
62	100	1
62	101	1
62	102	0
62	103	0
62	104	0
62	105	1
62	106	0
62	107	1
62	108	0
62	109	0
62	110	1
62	111	1
62	112	0
62	113	0
62	114	1
62	115	1
62	116	0
62	117	0
62	118	1
62	119	1
62	120	1
63	64	1
63	65	0
63	66	1
63	67	0
63	68	1
63	69	1
63	70	0
63	71	0
63	72	0
63	73	1
63	74	0
63	75	1
63	76	1
63	77	0
63	78	0
63	79	0
63	80	1
63	81	0
63	82	0
63	83	0
63	84	0
63	85	1
63	86	1
63	87	1
63	88	1
63	89	1
63	90	0
63	91	0
63	92	1
63	93	1
63	94	0
63	95	0
63	96	0
63	97	0
63	98	0
63	99	1
63	100	1
63	101	0
63	102	1
63	103	0
63	104	1
63	105	1
63	106	1
63	107	1
63	108	0
63	109	0
63	110	1
63	111	1
63	112	0
63	113	0
63	114	1
63	115	0
63	116	1
63	117	1
63	118	1
63	119	0
63	120	1
64	65	0
64	66	1
64	67	1
64	68	1
64	69	1
64	70	1
64	71	0
64	72	1
64	73	0
64	74	1
64	75	0
64	76	0
64	77	0
64	78	0
64	79	0
64	80	0
64	81	1
64	82	0
64	83	0
64	84	0
64	85	0
64	86	0
64	87	1
64	88	0
64	89	0
64	90	0
64	91	0
64	92	1
64	93	1
64	94	1
64	95	0
64	96	0
64	97	0
64	98	0
64	99	0
64	100	1
64	101	1
64	102	0
64	103	1
64	104	1
64	105	0
64	106	0
64	107	1
64	108	1
64	109	0
64	110	1
64	111	0
64	112	0
64	113	1
64	114	0
64	115	0
64	116	0
64	117	1
64	118	0
64	119	0
64	120	1
65	66	0
65	67	0
65	68	1
65	69	1
65	70	0
65	71	0
65	72	1
65	73	1
65	74	1
65	75	0
65	76	0
65	77	1
65	78	1
65	79	1
65	80	0
65	81	0
65	82	0
65	83	1
65	84	1
65	85	1
65	86	0
65	87	0
65	88	0
65	89	0
65	90	1
65	91	0
65	92	0
65	93	0
65	94	1
65	95	1
65	96	1
65	97	1
65	98	0
65	99	0
65	100	1
65	101	1
65	102	0
65	103	1
65	104	1
65	105	0
65	106	1
65	107	1
65	108	1
65	109	0
65	110	1
65	111	1
65	112	1
65	113	0
65	114	1
65	115	0
65	116	0
65	117	1
65	118	0
65	119	0
65	120	0
66	67	1
66	68	1
66	69	1
66	70	0
66	71	1
66	72	0
66	73	1
66	74	1
66	75	1
66	76	1
66	77	1
66	78	1
66	79	0
66	80	0
66	81	0
66	82	0
66	83	0
66	84	0
66	85	0
66	86	1
66	87	1
66	88	0
66	89	0
66	90	0
66	91	1
66	92	1
66	93	0
66	94	0
66	95	0
66	96	1
66	97	1
66	98	1
66	99	1
66	100	0
66	101	1
66	102	1
66	103	0
66	104	1
66	105	0
66	106	0
66	107	1
66	108	1
66	109	1
66	110	1
66	111	0
66	112	0
66	113	1
66	114	0
66	115	1
66	116	0
66	117	1
66	118	1
66	119	0
66	120	1
67	68	0
67	69	0
67	70	0
67	71	1
67	72	1
67	73	0
67	74	0
67	75	0
67	76	1
67	77	1
67	78	0
67	79	0
67	80	1
67	81	1
67	82	1
67	83	0
67	84	0
67	85	0
67	86	1
67	87	0
67	88	0
67	89	1
67	90	1
67	91	0
67	92	1
67	93	1
67	94	0
67	95	1
67	96	0
67	97	0
67	98	1
67	99	0
67	100	0
67	101	0
67	102	1
67	103	1
67	104	1
67	105	0
67	106	0
67	107	0
67	108	1
67	109	1
67	110	0
67	111	1
67	112	0
67	113	0
67	114	1
67	115	0
67	116	0
67	117	1
67	118	0
67	119	0
67	120	0
68	69	1
68	70	1
68	71	0
68	72	0
68	73	1
68	74	1
68	75	0
68	76	0
68	77	0
68	78	1
68	79	1
68	80	0
68	81	0
68	82	1
68	83	1
68	84	0
68	85	1
68	86	1
68	87	1
68	88	0
68	89	0
68	90	1
68	91	0
68	92	0
68	93	0
68	94	0
68	95	1
68	96	0
68	97	0
68	98	0
68	99	0
68	100	1
68	101	0
68	102	1
68	103	1
68	104	1
68	105	0
68	106	0
68	107	1
68	108	1
68	109	1
68	110	1
68	111	1
68	112	1
68	113	0
68	114	1
68	115	0
68	116	1
68	117	1
68	118	1
68	119	1
68	120	0
69	70	1
69	71	1
69	72	1
69	73	1
69	74	1
69	75	1
69	76	1
69	77	0
69	78	0
69	79	0
69	80	1
69	81	1
69	82	0
69	83	1
69	84	1
69	85	1
69	86	1
69	87	0
69	88	0
69	89	1
69	90	1
69	91	0
69	92	0
69	93	1
69	94	0
69	95	0
69	96	0
69	97	1
69	98	1
69	99	0
69	100	0
69	101	0
69	102	1
69	103	1
69	104	1
69	105	1
69	106	0
69	107	1
69	108	1
69	109	1
69	110	0
69	111	0
69	112	1
69	113	1
69	114	1
69	115	0
69	116	1
69	117	1
69	118	0
69	119	1
69	120	1
70	71	0
70	72	1
70	73	0
70	74	1
70	75	0
70	76	0
70	77	1
70	78	0
70	79	1
70	80	0
70	81	0
70	82	0
70	83	0
70	84	0
70	85	0
70	86	1
70	87	1
70	88	1
70	89	0
70	90	1
70	91	0
70	92	0
70	93	1
70	94	0
70	95	0
70	96	0
70	97	1
70	98	1
70	99	1
70	100	0
70	101	0
70	102	1
70	103	0
70	104	0
70	105	0
70	106	1
70	107	1
70	108	1
70	109	1
70	110	1
70	111	0
70	112	1
70	113	0
70	114	1
70	115	0
70	116	1
70	117	0
70	118	0
70	119	0
70	120	1
71	72	0
71	73	1
71	74	0
71	75	1
71	76	0
71	77	1
71	78	1
71	79	0
71	80	0
71	81	0
71	82	0
71	83	0
71	84	0
71	85	0
71	86	1
71	87	0
71	88	0
71	89	1
71	90	0
71	91	0
71	92	1
71	93	0
71	94	1
71	95	0
71	96	0
71	97	0
71	98	0
71	99	1
71	100	0
71	101	0
71	102	1
71	103	0
71	104	1
71	105	1
71	106	1
71	107	0
71	108	1
71	109	0
71	110	1
71	111	0
71	112	0
71	113	1
71	114	0
71	115	1
71	116	0
71	117	1
71	118	1
71	119	1
71	120	1
72	73	1
72	74	1
72	75	1
72	76	0
72	77	1
72	78	0
72	79	0
72	80	1
72	81	1
72	82	1
72	83	0
72	84	1
72	85	0
72	86	0
72	87	1
72	88	0
72	89	0
72	90	1
72	91	0
72	92	1
72	93	0
72	94	1
72	95	1
72	96	1
72	97	1
72	98	0
72	99	0
72	100	0
72	101	0
72	102	0
72	103	1
72	104	1
72	105	1
72	106	0
72	107	0
72	108	0
72	109	0
72	110	1
72	111	1
72	112	1
72	113	1
72	114	1
72	115	0
72	116	0
72	117	1
72	118	0
72	119	0
72	120	0
73	74	1
73	75	0
73	76	1
73	77	1
73	78	1
73	79	0
73	80	0
73	81	1
73	82	0
73	83	1
73	84	0
73	85	1
73	86	1
73	87	1
73	88	1
73	89	0
73	90	1
73	91	1
73	92	1
73	93	0
73	94	1
73	95	0
73	96	1
73	97	1
73	98	1
73	99	0
73	100	0
73	101	0
73	102	1
73	103	1
73	104	1
73	105	1
73	106	1
73	107	0
73	108	0
73	109	0
73	110	0
73	111	1
73	112	1
73	113	0
73	114	1
73	115	1
73	116	1
73	117	0
73	118	1
73	119	1
73	120	0
74	75	1
74	76	1
74	77	1
74	78	1
74	79	0
74	80	0
74	81	0
74	82	0
74	83	1
74	84	1
74	85	1
74	86	0
74	87	1
74	88	0
74	89	1
74	90	1
74	91	0
74	92	0
74	93	1
74	94	1
74	95	1
74	96	1
74	97	1
74	98	1
74	99	1
74	100	1
74	101	1
74	102	1
74	103	1
74	104	0
74	105	0
74	106	0
74	107	0
74	108	1
74	109	0
74	110	0
74	111	1
74	112	1
74	113	1
74	114	0
74	115	0
74	116	0
74	117	0
74	118	0
74	119	0
74	120	0
75	76	0
75	77	0
75	78	0
75	79	0
75	80	1
75	81	0
75	82	0
75	83	0
75	84	1
75	85	1
75	86	0
75	87	1
75	88	1
75	89	1
75	90	1
75	91	1
75	92	1
75	93	0
75	94	1
75	95	0
75	96	0
75	97	1
75	98	1
75	99	0
75	100	1
75	101	1
75	102	1
75	103	1
75	104	0
75	105	1
75	106	1
75	107	1
75	108	0
75	109	1
75	110	1
75	111	1
75	112	0
75	113	0
75	114	1
75	115	1
75	116	1
75	117	1
75	118	1
75	119	1
75	120	0
76	77	1
76	78	0
76	79	0
76	80	0
76	81	1
76	82	1
76	83	1
76	84	1
76	85	0
76	86	0
76	87	0
76	88	0
76	89	1
76	90	1
76	91	1
76	92	1
76	93	0
76	94	1
76	95	0
76	96	0
76	97	1
76	98	0
76	99	1
76	100	1
76	101	1
76	102	0
76	103	0
76	104	0
76	105	1
76	106	0
76	107	0
76	108	1
76	109	1
76	110	0
76	111	1
76	112	0
76	113	0
76	114	0
76	115	0
76	116	0
76	117	0
76	118	1
76	119	1
76	120	1
77	78	0
77	79	0
77	80	1
77	81	0
77	82	0
77	83	0
77	84	0
77	85	0
77	86	1
77	87	1
77	88	1
77	89	0
77	90	0
77	91	0
77	92	1
77	93	1
77	94	0
77	95	0
77	96	1
77	97	1
77	98	1
77	99	0
77	100	0
77	101	0
77	102	1
77	103	1
77	104	1
77	105	0
77	106	0
77	107	1
77	108	1
77	109	1
77	110	1
77	111	0
77	112	0
77	113	0
77	114	0
77	115	1
77	116	0
77	117	1
77	118	1
77	119	0
77	120	1
78	79	0
78	80	1
78	81	0
78	82	0
78	83	0
78	84	1
78	85	0
78	86	1
78	87	0
78	88	1
78	89	1
78	90	0
78	91	0
78	92	1
78	93	1
78	94	0
78	95	0
78	96	0
78	97	1
78	98	0
78	99	0
78	100	0
78	101	0
78	102	0
78	103	1
78	104	0
78	105	0
78	106	0
78	107	1
78	108	0
78	109	0
78	110	1
78	111	0
78	112	0
78	113	0
78	114	0
78	115	1
78	116	0
78	117	1
78	118	1
78	119	0
78	120	0
79	80	1
79	81	0
79	82	1
79	83	0
79	84	1
79	85	1
79	86	1
79	87	0
79	88	1
79	89	1
79	90	0
79	91	0
79	92	1
79	93	0
79	94	0
79	95	0
79	96	1
79	97	1
79	98	0
79	99	0
79	100	1
79	101	0
79	102	1
79	103	1
79	104	1
79	105	0
79	106	0
79	107	0
79	108	0
79	109	0
79	110	1
79	111	1
79	112	0
79	113	0
79	114	1
79	115	0
79	116	0
79	117	1
79	118	0
79	119	0
79	120	0
80	81	0
80	82	0
80	83	1
80	84	0
80	85	1
80	86	1
80	87	0
80	88	0
80	89	1
80	90	1
80	91	0
80	92	1
80	93	1
80	94	0
80	95	1
80	96	0
80	97	1
80	98	1
80	99	1
80	100	1
80	101	0
80	102	0
80	103	0
80	104	0
80	105	1
80	106	0
80	107	0
80	108	1
80	109	1
80	110	1
80	111	0
80	112	1
80	113	1
80	114	1
80	115	1
80	116	1
80	117	0
80	118	1
80	119	0
80	120	0
81	82	0
81	83	1
81	84	1
81	85	1
81	86	0
81	87	1
81	88	0
81	89	1
81	90	1
81	91	0
81	92	0
81	93	0
81	94	0
81	95	1
81	96	1
81	97	1
81	98	0
81	99	1
81	100	1
81	101	0
81	102	1
81	103	1
81	104	1
81	105	1
81	106	0
81	107	1
81	108	0
81	109	0
81	110	1
81	111	0
81	112	0
81	113	1
81	114	0
81	115	0
81	116	1
81	117	1
81	118	0
81	119	1
81	120	1
82	83	1
82	84	1
82	85	1
82	86	1
82	87	0
82	88	0
82	89	1
82	90	0
82	91	1
82	92	1
82	93	0
82	94	0
82	95	0
82	96	1
82	97	1
82	98	1
82	99	0
82	100	0
82	101	1
82	102	1
82	103	1
82	104	0
82	105	0
82	106	1
82	107	0
82	108	1
82	109	0
82	110	1
82	111	0
82	112	0
82	113	0
82	114	0
82	115	0
82	116	1
82	117	1
82	118	1
82	119	0
82	120	1
83	84	0
83	85	0
83	86	1
83	87	1
83	88	0
83	89	0
83	90	1
83	91	0
83	92	1
83	93	0
83	94	0
83	95	0
83	96	0
83	97	1
83	98	1
83	99	0
83	100	0
83	101	0
83	102	1
83	103	0
83	104	0
83	105	0
83	106	0
83	107	0
83	108	1
83	109	0
83	110	0
83	111	1
83	112	1
83	113	0
83	114	1
83	115	1
83	116	0
83	117	0
83	118	0
83	119	0
83	120	0
84	85	0
84	86	1
84	87	0
84	88	0
84	89	0
84	90	1
84	91	1
84	92	1
84	93	0
84	94	1
84	95	0
84	96	1
84	97	0
84	98	0
84	99	1
84	100	1
84	101	0
84	102	0
84	103	0
84	104	0
84	105	1
84	106	1
84	107	0
84	108	1
84	109	0
84	110	0
84	111	1
84	112	1
84	113	1
84	114	0
84	115	1
84	116	1
84	117	1
84	118	0
84	119	1
84	120	0
85	86	1
85	87	1
85	88	1
85	89	1
85	90	1
85	91	0
85	92	1
85	93	0
85	94	0
85	95	0
85	96	1
85	97	1
85	98	1
85	99	1
85	100	0
85	101	0
85	102	0
85	103	0
85	104	0
85	105	0
85	106	1
85	107	1
85	108	0
85	109	0
85	110	1
85	111	1
85	112	1
85	113	1
85	114	1
85	115	1
85	116	0
85	117	0
85	118	0
85	119	1
85	120	0
86	87	0
86	88	0
86	89	0
86	90	1
86	91	0
86	92	1
86	93	1
86	94	0
86	95	0
86	96	0
86	97	0
86	98	0
86	99	1
86	100	0
86	101	1
86	102	0
86	103	0
86	104	1
86	105	1
86	106	0
86	107	0
86	108	0
86	109	0
86	110	0
86	111	1
86	112	0
86	113	0
86	114	0
86	115	1
86	116	0
86	117	1
86	118	1
86	119	0
86	120	0
87	88	0
87	89	0
87	90	1
87	91	1
87	92	1
87	93	1
87	94	1
87	95	0
87	96	0
87	97	1
87	98	1
87	99	0
87	100	0
87	101	1
87	102	0
87	103	0
87	104	0
87	105	1
87	106	1
87	107	1
87	108	0
87	109	1
87	110	1
87	111	1
87	112	1
87	113	0
87	114	1
87	115	0
87	116	1
87	117	0
87	118	1
87	119	1
87	120	1
88	89	0
88	90	1
88	91	1
88	92	1
88	93	0
88	94	1
88	95	0
88	96	0
88	97	1
88	98	1
88	99	1
88	100	0
88	101	0
88	102	1
88	103	1
88	104	0
88	105	1
88	106	0
88	107	1
88	108	1
88	109	1
88	110	1
88	111	0
88	112	0
88	113	1
88	114	1
88	115	0
88	116	0
88	117	0
88	118	1
88	119	1
88	120	1
89	90	0
89	91	1
89	92	0
89	93	0
89	94	1
89	95	1
89	96	1
89	97	1
89	98	0
89	99	1
89	100	0
89	101	0
89	102	0
89	103	1
89	104	0
89	105	1
89	106	0
89	107	0
89	108	0
89	109	1
89	110	1
89	111	1
89	112	1
89	113	1
89	114	1
89	115	0
89	116	1
89	117	0
89	118	1
89	119	0
89	120	1
90	91	0
90	92	1
90	93	0
90	94	0
90	95	1
90	96	1
90	97	0
90	98	1
90	99	0
90	100	0
90	101	0
90	102	1
90	103	0
90	104	1
90	105	1
90	106	0
90	107	0
90	108	0
90	109	0
90	110	1
90	111	0
90	112	0
90	113	1
90	114	1
90	115	1
90	116	0
90	117	1
90	118	1
90	119	1
90	120	0
91	92	0
91	93	1
91	94	1
91	95	1
91	96	0
91	97	1
91	98	0
91	99	0
91	100	1
91	101	1
91	102	0
91	103	0
91	104	1
91	105	0
91	106	0
91	107	0
91	108	0
91	109	1
91	110	0
91	111	0
91	112	1
91	113	1
91	114	0
91	115	1
91	116	0
91	117	0
91	118	0
91	119	1
91	120	0
92	93	1
92	94	1
92	95	0
92	96	1
92	97	0
92	98	0
92	99	1
92	100	1
92	101	0
92	102	0
92	103	1
92	104	0
92	105	0
92	106	1
92	107	1
92	108	1
92	109	1
92	110	0
92	111	0
92	112	1
92	113	1
92	114	0
92	115	1
92	116	0
92	117	0
92	118	1
92	119	0
92	120	0
93	94	0
93	95	0
93	96	1
93	97	1
93	98	1
93	99	1
93	100	0
93	101	1
93	102	1
93	103	0
93	104	0
93	105	0
93	106	1
93	107	1
93	108	1
93	109	0
93	110	0
93	111	0
93	112	1
93	113	0
93	114	1
93	115	1
93	116	1
93	117	0
93	118	1
93	119	0
93	120	1
94	95	1
94	96	1
94	97	1
94	98	1
94	99	0
94	100	1
94	101	1
94	102	1
94	103	0
94	104	0
94	105	1
94	106	0
94	107	1
94	108	1
94	109	1
94	110	0
94	111	0
94	112	1
94	113	0
94	114	0
94	115	1
94	116	1
94	117	0
94	118	0
94	119	0
94	120	1
95	96	0
95	97	0
95	98	1
95	99	0
95	100	1
95	101	0
95	102	0
95	103	1
95	104	1
95	105	0
95	106	1
95	107	1
95	108	1
95	109	1
95	110	0
95	111	0
95	112	1
95	113	0
95	114	1
95	115	1
95	116	1
95	117	0
95	118	1
95	119	0
95	120	1
96	97	0
96	98	1
96	99	1
96	100	1
96	101	0
96	102	0
96	103	1
96	104	1
96	105	1
96	106	1
96	107	0
96	108	1
96	109	1
96	110	1
96	111	0
96	112	0
96	113	0
96	114	1
96	115	0
96	116	0
96	117	0
96	118	0
96	119	0
96	120	0
97	98	0
97	99	1
97	100	0
97	101	1
97	102	1
97	103	0
97	104	0
97	105	1
97	106	0
97	107	0
97	108	0
97	109	0
97	110	1
97	111	0
97	112	0
97	113	1
97	114	0
97	115	0
97	116	1
97	117	0
97	118	1
97	119	0
97	120	1
98	99	0
98	100	1
98	101	0
98	102	0
98	103	1
98	104	0
98	105	1
98	106	0
98	107	1
98	108	0
98	109	1
98	110	1
98	111	1
98	112	1
98	113	0
98	114	1
98	115	0
98	116	1
98	117	0
98	118	0
98	119	0
98	120	1
99	100	0
99	101	1
99	102	0
99	103	0
99	104	0
99	105	0
99	106	0
99	107	1
99	108	0
99	109	0
99	110	0
99	111	1
99	112	1
99	113	1
99	114	0
99	115	0
99	116	0
99	117	0
99	118	1
99	119	0
99	120	1
100	101	0
100	102	0
100	103	1
100	104	1
100	105	1
100	106	0
100	107	0
100	108	1
100	109	1
100	110	0
100	111	0
100	112	0
100	113	0
100	114	0
100	115	1
100	116	1
100	117	0
100	118	1
100	119	0
100	120	1
101	102	1
101	103	0
101	104	0
101	105	1
101	106	0
101	107	0
101	108	1
101	109	1
101	110	0
101	111	0
101	112	1
101	113	1
101	114	0
101	115	0
101	116	0
101	117	0
101	118	1
101	119	0
101	120	0
102	103	0
102	104	1
102	105	0
102	106	1
102	107	1
102	108	0
102	109	1
102	110	0
102	111	0
102	112	0
102	113	1
102	114	1
102	115	1
102	116	1
102	117	0
102	118	1
102	119	1
102	120	1
103	104	1
103	105	1
103	106	0
103	107	0
103	108	0
103	109	1
103	110	0
103	111	0
103	112	0
103	113	1
103	114	1
103	115	0
103	116	1
103	117	1
103	118	0
103	119	1
103	120	1
104	105	0
104	106	0
104	107	0
104	108	0
104	109	0
104	110	1
104	111	0
104	112	1
104	113	0
104	114	1
104	115	0
104	116	1
104	117	0
104	118	0
104	119	0
104	120	1
105	106	0
105	107	1
105	108	0
105	109	1
105	110	1
105	111	0
105	112	0
105	113	1
105	114	0
105	115	1
105	116	1
105	117	1
105	118	0
105	119	1
105	120	1
106	107	1
106	108	0
106	109	1
106	110	1
106	111	1
106	112	1
106	113	1
106	114	0
106	115	0
106	116	0
106	117	0
106	118	1
106	119	0
106	120	1
107	108	0
107	109	1
107	110	0
107	111	1
107	112	0
107	113	0
107	114	0
107	115	0
107	116	0
107	117	0
107	118	1
107	119	1
107	120	1
108	109	0
108	110	1
108	111	0
108	112	1
108	113	1
108	114	1
108	115	0
108	116	1
108	117	1
108	118	1
108	119	1
108	120	0
109	110	0
109	111	0
109	112	1
109	113	1
109	114	1
109	115	0
109	116	0
109	117	0
109	118	1
109	119	1
109	120	1
110	111	0
110	112	1
110	113	0
110	114	1
110	115	0
110	116	0
110	117	0
110	118	1
110	119	0
110	120	0
111	112	1
111	113	0
111	114	0
111	115	1
111	116	0
111	117	0
111	118	1
111	119	0
111	120	0
112	113	0
112	114	1
112	115	0
112	116	1
112	117	0
112	118	0
112	119	1
112	120	0
113	114	1
113	115	0
113	116	1
113	117	1
113	118	0
113	119	1
113	120	0
114	115	0
114	116	0
114	117	0
114	118	1
114	119	0
114	120	0
115	116	0
115	117	1
115	118	1
115	119	0
115	120	1
116	117	0
116	118	1
116	119	1
116	120	1
117	118	0
117	119	1
117	120	0
118	119	0
118	120	1
119	120	1
