120	7140	0
1	2	1
1	3	1
1	4	0
1	5	0
1	6	1
1	7	1
1	8	1
1	9	0
1	10	0
1	11	1
1	12	1
1	13	1
1	14	0
1	15	0
1	16	1
1	17	1
1	18	1
1	19	0
1	20	1
1	21	1
1	22	0
1	23	1
1	24	0
1	25	1
1	26	1
1	27	0
1	28	1
1	29	0
1	30	0
1	31	0
1	32	1
1	33	1
1	34	1
1	35	1
1	36	0
1	37	0
1	38	1
1	39	0
1	40	0
1	41	0
1	42	0
1	43	1
1	44	0
1	45	1
1	46	1
1	47	1
1	48	0
1	49	0
1	50	0
1	51	0
1	52	1
1	53	0
1	54	1
1	55	0
1	56	0
1	57	1
1	58	1
1	59	0
1	60	1
1	61	0
1	62	1
1	63	0
1	64	1
1	65	1
1	66	0
1	67	1
1	68	1
1	69	1
1	70	1
1	71	0
1	72	0
1	73	0
1	74	0
1	75	1
1	76	1
1	77	1
1	78	0
1	79	1
1	80	0
1	81	1
1	82	1
1	83	0
1	84	0
1	85	1
1	86	0
1	87	0
1	88	1
1	89	0
1	90	1
1	91	0
1	92	0
1	93	0
1	94	1
1	95	1
1	96	0
1	97	1
1	98	0
1	99	1
1	100	1
1	101	0
1	102	0
1	103	0
1	104	1
1	105	0
1	106	1
1	107	0
1	108	1
1	109	0
1	110	0
1	111	1
1	112	1
1	113	1
1	114	1
1	115	0
1	116	1
1	117	0
1	118	1
1	119	1
1	120	1
2	3	1
2	4	0
2	5	1
2	6	0
2	7	1
2	8	1
2	9	1
2	10	1
2	11	1
2	12	1
2	13	1
2	14	1
2	15	0
2	16	0
2	17	1
2	18	0
2	19	0
2	20	0
2	21	1
2	22	0
2	23	0
2	24	1
2	25	0
2	26	1
2	27	1
2	28	1
2	29	1
2	30	0
2	31	0
2	32	0
2	33	1
2	34	0
2	35	0
2	36	0
2	37	1
2	38	1
2	39	0
2	40	1
2	41	1
2	42	0
2	43	0
2	44	1
2	45	0
2	46	1
2	47	0
2	48	0
2	49	1
2	50	0
2	51	0
2	52	1
2	53	1
2	54	0
2	55	0
2	56	0
2	57	0
2	58	1
2	59	1
2	60	0
2	61	0
2	62	0
2	63	1
2	64	0
2	65	0
2	66	1
2	67	1
2	68	0
2	69	1
2	70	0
2	71	0
2	72	0
2	73	1
2	74	0
2	75	0
2	76	1
2	77	0
2	78	0
2	79	0
2	80	1
2	81	1
2	82	0
2	83	1
2	84	1
2	85	1
2	86	0
2	87	0
2	88	0
2	89	0
2	90	1
2	91	1
2	92	1
2	93	0
2	94	1
2	95	1
2	96	1
2	97	0
2	98	0
2	99	1
2	100	1
2	101	0
2	102	1
2	103	1
2	104	0
2	105	1
2	106	1
2	107	0
2	108	1
2	109	1
2	110	0
2	111	0
2	112	0
2	113	1
2	114	0
2	115	0
2	116	1
2	117	1
2	118	1
2	119	0
2	120	0
3	4	1
3	5	0
3	6	0
3	7	0
3	8	0
3	9	1
3	10	0
3	11	1
3	12	1
3	13	0
3	14	0
3	15	1
3	16	1
3	17	1
3	18	1
3	19	0
3	20	0
3	21	1
3	22	0
3	23	1
3	24	1
3	25	0
3	26	0
3	27	1
3	28	0
3	29	0
3	30	1
3	31	1
3	32	1
3	33	0
3	34	1
3	35	1
3	36	0
3	37	1
3	38	0
3	39	1
3	40	0
3	41	0
3	42	0
3	43	1
3	44	0
3	45	0
3	46	1
3	47	1
3	48	1
3	49	0
3	50	1
3	51	0
3	52	1
3	53	0
3	54	1
3	55	1
3	56	1
3	57	1
3	58	0
3	59	0
3	60	1
3	61	0
3	62	0
3	63	1
3	64	0
3	65	0
3	66	0
3	67	1
3	68	0
3	69	1
3	70	1
3	71	0
3	72	1
3	73	1
3	74	0
3	75	0
3	76	0
3	77	1
3	78	0
3	79	1
3	80	0
3	81	0
3	82	0
3	83	0
3	84	0
3	85	0
3	86	1
3	87	1
3	88	0
3	89	1
3	90	0
3	91	1
3	92	0
3	93	0
3	94	0
3	95	1
3	96	1
3	97	1
3	98	0
3	99	0
3	100	0
3	101	0
3	102	0
3	103	1
3	104	1
3	105	1
3	106	1
3	107	1
3	108	0
3	109	1
3	110	1
3	111	1
3	112	0
3	113	1
3	114	0
3	115	1
3	116	1
3	117	0
3	118	0
3	119	0
3	120	0
4	5	1
4	6	0
4	7	1
4	8	0
4	9	0
4	10	0
4	11	1
4	12	1
4	13	1
4	14	0
4	15	0
4	16	1
4	17	1
4	18	1
4	19	1
4	20	1
4	21	0
4	22	1
4	23	0
4	24	1
4	25	0
4	26	1
4	27	0
4	28	0
4	29	1
4	30	1
4	31	1
4	32	0
4	33	0
4	34	0
4	35	1
4	36	0
4	37	0
4	38	0
4	39	0
4	40	0
4	41	1
4	42	1
4	43	0
4	44	0
4	45	1
4	46	1
4	47	1
4	48	0
4	49	0
4	50	0
4	51	1
4	52	1
4	53	1
4	54	1
4	55	0
4	56	1
4	57	0
4	58	0
4	59	1
4	60	0
4	61	0
4	62	0
4	63	0
4	64	1
4	65	0
4	66	0
4	67	0
4	68	1
4	69	1
4	70	0
4	71	1
4	72	1
4	73	1
4	74	1
4	75	0
4	76	1
4	77	0
4	78	0
4	79	0
4	80	0
4	81	1
4	82	1
4	83	1
4	84	0
4	85	0
4	86	0
4	87	0
4	88	1
4	89	0
4	90	1
4	91	0
4	92	1
4	93	1
4	94	0
4	95	1
4	96	0
4	97	0
4	98	1
4	99	0
4	100	0
4	101	1
4	102	0
4	103	1
4	104	0
4	105	0
4	106	0
4	107	0
4	108	1
4	109	1
4	110	1
4	111	1
4	112	0
4	113	0
4	114	0
4	115	1
4	116	1
4	117	1
4	118	1
4	119	1
4	120	0
5	6	1
5	7	1
5	8	1
5	9	0
5	10	0
5	11	1
5	12	0
5	13	0
5	14	0
5	15	0
5	16	0
5	17	0
5	18	1
5	19	1
5	20	1
5	21	0
5	22	0
5	23	0
5	24	0
5	25	1
5	26	1
5	27	1
5	28	0
5	29	1
5	30	0
5	31	0
5	32	0
5	33	1
5	34	0
5	35	1
5	36	0
5	37	0
5	38	0
5	39	1
5	40	0
5	41	1
5	42	0
5	43	0
5	44	1
5	45	0
5	46	0
5	47	0
5	48	0
5	49	1
5	50	1
5	51	1
5	52	0
5	53	0
5	54	0
5	55	0
5	56	0
5	57	0
5	58	0
5	59	0
5	60	1
5	61	1
5	62	0
5	63	0
5	64	0
5	65	0
5	66	1
5	67	1
5	68	0
5	69	1
5	70	1
5	71	1
5	72	0
5	73	1
5	74	1
5	75	1
5	76	1
5	77	0
5	78	0
5	79	1
5	80	1
5	81	1
5	82	0
5	83	1
5	84	0
5	85	1
5	86	0
5	87	1
5	88	1
5	89	1
5	90	0
5	91	1
5	92	0
5	93	0
5	94	0
5	95	1
5	96	0
5	97	0
5	98	0
5	99	0
5	100	0
5	101	1
5	102	1
5	103	1
5	104	0
5	105	1
5	106	0
5	107	0
5	108	1
5	109	0
5	110	1
5	111	1
5	112	0
5	113	1
5	114	1
5	115	1
5	116	0
5	117	0
5	118	1
5	119	1
5	120	0
6	7	0
6	8	0
6	9	0
6	10	1
6	11	0
6	12	0
6	13	0
6	14	0
6	15	0
6	16	1
6	17	1
6	18	0
6	19	0
6	20	1
6	21	1
6	22	1
6	23	0
6	24	0
6	25	1
6	26	1
6	27	1
6	28	1
6	29	1
6	30	1
6	31	1
6	32	1
6	33	1
6	34	1
6	35	1
6	36	0
6	37	1
6	38	0
6	39	1
6	40	1
6	41	0
6	42	1
6	43	1
6	44	1
6	45	1
6	46	0
6	47	0
6	48	0
6	49	0
6	50	0
6	51	1
6	52	0
6	53	1
6	54	0
6	55	1
6	56	1
6	57	1
6	58	1
6	59	1
6	60	1
6	61	0
6	62	0
6	63	1
6	64	0
6	65	0
6	66	1
6	67	0
6	68	1
6	69	1
6	70	0
6	71	1
6	72	1
6	73	0
6	74	1
6	75	0
6	76	1
6	77	1
6	78	1
6	79	0
6	80	0
6	81	0
6	82	0
6	83	0
6	84	1
6	85	0
6	86	1
6	87	0
6	88	1
6	89	0
6	90	1
6	91	1
6	92	1
6	93	1
6	94	0
6	95	1
6	96	0
6	97	1
6	98	0
6	99	0
6	100	1
6	101	0
6	102	0
6	103	0
6	104	0
6	105	1
6	106	0
6	107	1
6	108	1
6	109	0
6	110	1
6	111	1
6	112	1
6	113	0
6	114	0
6	115	1
6	116	0
6	117	0
6	118	0
6	119	1
6	120	1
7	8	1
7	9	0
7	10	0
7	11	1
7	12	0
7	13	0
7	14	0
7	15	0
7	16	1
7	17	0
7	18	1
7	19	1
7	20	1
7	21	1
7	22	1
7	23	1
7	24	0
7	25	0
7	26	1
7	27	0
7	28	1
7	29	1
7	30	0
7	31	1
7	32	1
7	33	1
7	34	1
7	35	1
7	36	1
7	37	0
7	38	0
7	39	1
7	40	0
7	41	0
7	42	0
7	43	1
7	44	0
7	45	0
7	46	1
7	47	1
7	48	1
7	49	0
7	50	1
7	51	0
7	52	0
7	53	1
7	54	0
7	55	0
7	56	1
7	57	0
7	58	0
7	59	0
7	60	1
7	61	0
7	62	0
7	63	1
7	64	1
7	65	1
7	66	0
7	67	1
7	68	0
7	69	0
7	70	1
7	71	0
7	72	1
7	73	1
7	74	1
7	75	0
7	76	0
7	77	0
7	78	1
7	79	0
7	80	0
7	81	1
7	82	1
7	83	0
7	84	1
7	85	0
7	86	0
7	87	1
7	88	0
7	89	0
7	90	0
7	91	0
7	92	1
7	93	1
7	94	1
7	95	1
7	96	0
7	97	1
7	98	0
7	99	1
7	100	0
7	101	0
7	102	0
7	103	0
7	104	0
7	105	1
7	106	0
7	107	1
7	108	0
7	109	1
7	110	0
7	111	0
7	112	0
7	113	0
7	114	1
7	115	1
7	116	1
7	117	0
7	118	0
7	119	0
7	120	0
8	9	0
8	10	1
8	11	1
8	12	1
8	13	1
8	14	0
8	15	0
8	16	1
8	17	1
8	18	0
8	19	1
8	20	0
8	21	1
8	22	0
8	23	1
8	24	0
8	25	1
8	26	1
8	27	1
8	28	0
8	29	1
8	30	0
8	31	0
8	32	1
8	33	1
8	34	0
8	35	0
8	36	1
8	37	0
8	38	0
8	39	1
8	40	0
8	41	0
8	42	0
8	43	0
8	44	1
8	45	0
8	46	1
8	47	1
8	48	1
8	49	0
8	50	1
8	51	0
8	52	0
8	53	0
8	54	0
8	55	0
8	56	1
8	57	1
8	58	0
8	59	1
8	60	0
8	61	0
8	62	1
8	63	0
8	64	1
8	65	1
8	66	0
8	67	1
8	68	1
8	69	1
8	70	1
8	71	0
8	72	1
8	73	1
8	74	1
8	75	1
8	76	1
8	77	1
8	78	1
8	79	0
8	80	1
8	81	1
8	82	1
8	83	1
8	84	1
8	85	1
8	86	0
8	87	1
8	88	0
8	89	0
8	90	1
8	91	1
8	92	0
8	93	1
8	94	1
8	95	1
8	96	0
8	97	1
8	98	0
8	99	1
8	100	1
8	101	1
8	102	1
8	103	1
8	104	0
8	105	1
8	106	1
8	107	1
8	108	0
8	109	0
8	110	0
8	111	0
8	112	0
8	113	1
8	114	1
8	115	0
8	116	0
8	117	1
8	118	0
8	119	1
8	120	0
9	10	0
9	11	1
9	12	1
9	13	0
9	14	1
9	15	0
9	16	1
9	17	1
9	18	1
9	19	0
9	20	0
9	21	1
9	22	1
9	23	0
9	24	1
9	25	1
9	26	0
9	27	1
9	28	1
9	29	0
9	30	0
9	31	1
9	32	0
9	33	1
9	34	1
9	35	0
9	36	1
9	37	1
9	38	1
9	39	0
9	40	1
9	41	1
9	42	0
9	43	0
9	44	0
9	45	1
9	46	1
9	47	1
9	48	0
9	49	1
9	50	1
9	51	0
9	52	1
9	53	1
9	54	0
9	55	1
9	56	1
9	57	1
9	58	1
9	59	1
9	60	1
9	61	0
9	62	1
9	63	0
9	64	0
9	65	0
9	66	1
9	67	0
9	68	1
9	69	0
9	70	1
9	71	1
9	72	1
9	73	0
9	74	0
9	75	1
9	76	1
9	77	1
9	78	1
9	79	1
9	80	1
9	81	1
9	82	1
9	83	1
9	84	1
9	85	1
9	86	1
9	87	1
9	88	0
9	89	1
9	90	1
9	91	1
9	92	1
9	93	1
9	94	0
9	95	1
9	96	0
9	97	1
9	98	1
9	99	0
9	100	1
9	101	1
9	102	0
9	103	1
9	104	0
9	105	1
9	106	1
9	107	1
9	108	0
9	109	0
9	110	1
9	111	0
9	112	1
9	113	1
9	114	0
9	115	0
9	116	0
9	117	1
9	118	1
9	119	0
9	120	0
10	11	0
10	12	1
10	13	0
10	14	1
10	15	1
10	16	1
10	17	0
10	18	0
10	19	0
10	20	1
10	21	1
10	22	0
10	23	0
10	24	1
10	25	1
10	26	1
10	27	0
10	28	1
10	29	0
10	30	0
10	31	0
10	32	1
10	33	0
10	34	0
10	35	1
10	36	0
10	37	0
10	38	0
10	39	1
10	40	1
10	41	0
10	42	0
10	43	1
10	44	0
10	45	0
10	46	1
10	47	0
10	48	0
10	49	1
10	50	1
10	51	0
10	52	0
10	53	1
10	54	1
10	55	1
10	56	0
10	57	0
10	58	0
10	59	1
10	60	1
10	61	1
10	62	0
10	63	1
10	64	0
10	65	0
10	66	1
10	67	0
10	68	0
10	69	1
10	70	1
10	71	0
10	72	0
10	73	1
10	74	1
10	75	1
10	76	0
10	77	1
10	78	0
10	79	0
10	80	1
10	81	1
10	82	0
10	83	1
10	84	0
10	85	1
10	86	0
10	87	0
10	88	0
10	89	0
10	90	1
10	91	0
10	92	0
10	93	1
10	94	1
10	95	0
10	96	0
10	97	1
10	98	0
10	99	0
10	100	1
10	101	1
10	102	0
10	103	1
10	104	0
10	105	1
10	106	1
10	107	1
10	108	0
10	109	1
10	110	0
10	111	0
10	112	1
10	113	0
10	114	0
10	115	0
10	116	1
10	117	0
10	118	0
10	119	1
10	120	0
11	12	1
11	13	0
11	14	0
11	15	1
11	16	1
11	17	0
11	18	0
11	19	1
11	20	1
11	21	1
11	22	1
11	23	1
11	24	1
11	25	0
11	26	0
11	27	0
11	28	1
11	29	1
11	30	1
11	31	1
11	32	0
11	33	1
11	34	1
11	35	0
11	36	0
11	37	1
11	38	1
11	39	0
11	40	1
11	41	1
11	42	1
11	43	1
11	44	0
11	45	1
11	46	1
11	47	1
11	48	1
11	49	0
11	50	1
11	51	1
11	52	1
11	53	1
11	54	1
11	55	0
11	56	0
11	57	1
11	58	0
11	59	0
11	60	0
11	61	1
11	62	0
11	63	1
11	64	1
11	65	1
11	66	1
11	67	0
11	68	1
11	69	0
11	70	1
11	71	1
11	72	1
11	73	0
11	74	0
11	75	1
11	76	1
11	77	0
11	78	0
11	79	0
11	80	1
11	81	0
11	82	1
11	83	0
11	84	0
11	85	1
11	86	0
11	87	1
11	88	0
11	89	1
11	90	1
11	91	1
11	92	1
11	93	1
11	94	1
11	95	1
11	96	1
11	97	1
11	98	0
11	99	1
11	100	1
11	101	0
11	102	1
11	103	1
11	104	0
11	105	1
11	106	0
11	107	0
11	108	1
11	109	1
11	110	1
11	111	1
11	112	1
11	113	1
11	114	0
11	115	1
11	116	0
11	117	0
11	118	0
11	119	1
11	120	1
12	13	1
12	14	0
12	15	1
12	16	0
12	17	1
12	18	0
12	19	0
12	20	0
12	21	1
12	22	1
12	23	0
12	24	1
12	25	1
12	26	0
12	27	1
12	28	1
12	29	0
12	30	1
12	31	0
12	32	0
12	33	0
12	34	0
12	35	1
12	36	0
12	37	0
12	38	0
12	39	1
12	40	0
12	41	0
12	42	0
12	43	1
12	44	0
12	45	1
12	46	0
12	47	1
12	48	0
12	49	0
12	50	1
12	51	0
12	52	1
12	53	0
12	54	0
12	55	1
12	56	1
12	57	1
12	58	1
12	59	0
12	60	1
12	61	0
12	62	0
12	63	1
12	64	1
12	65	0
12	66	0
12	67	0
12	68	1
12	69	1
12	70	1
12	71	1
12	72	1
12	73	1
12	74	1
12	75	1
12	76	1
12	77	1
12	78	1
12	79	1
12	80	0
12	81	0
12	82	1
12	83	1
12	84	0
12	85	1
12	86	0
12	87	0
12	88	1
12	89	1
12	90	0
12	91	1
12	92	0
12	93	0
12	94	1
12	95	1
12	96	1
12	97	0
12	98	1
12	99	1
12	100	1
12	101	0
12	102	0
12	103	0
12	104	1
12	105	0
12	106	0
12	107	0
12	108	0
12	109	1
12	110	0
12	111	1
12	112	1
12	113	0
12	114	1
12	115	0
12	116	1
12	117	0
12	118	1
12	119	1
12	120	1
13	14	0
13	15	0
13	16	0
13	17	1
13	18	1
13	19	1
13	20	1
13	21	0
13	22	1
13	23	1
13	24	1
13	25	0
13	26	0
13	27	0
13	28	1
13	29	1
13	30	0
13	31	1
13	32	1
13	33	1
13	34	0
13	35	1
13	36	0
13	37	1
13	38	1
13	39	1
13	40	0
13	41	0
13	42	0
13	43	1
13	44	1
13	45	1
13	46	1
13	47	0
13	48	1
13	49	0
13	50	0
13	51	0
13	52	0
13	53	0
13	54	0
13	55	1
13	56	1
13	57	1
13	58	1
13	59	1
13	60	1
13	61	1
13	62	0
13	63	0
13	64	0
13	65	1
13	66	1
13	67	0
13	68	1
13	69	0
13	70	0
13	71	0
13	72	0
13	73	0
13	74	1
13	75	1
13	76	0
13	77	1
13	78	1
13	79	0
13	80	0
13	81	1
13	82	1
13	83	1
13	84	1
13	85	0
13	86	0
13	87	1
13	88	0
13	89	1
13	90	1
13	91	0
13	92	0
13	93	0
13	94	1
13	95	0
13	96	0
13	97	0
13	98	1
13	99	0
13	100	0
13	101	1
13	102	0
13	103	1
13	104	1
13	105	0
13	106	1
13	107	0
13	108	1
13	109	1
13	110	1
13	111	0
13	112	1
13	113	0
13	114	1
13	115	0
13	116	1
13	117	0
13	118	1
13	119	0
13	120	0
14	15	1
14	16	0
14	17	1
14	18	1
14	19	0
14	20	0
14	21	0
14	22	0
14	23	1
14	24	1
14	25	0
14	26	1
14	27	0
14	28	1
14	29	1
14	30	0
14	31	1
14	32	1
14	33	0
14	34	1
14	35	0
14	36	1
14	37	1
14	38	0
14	39	1
14	40	0
14	41	0
14	42	0
14	43	0
14	44	0
14	45	1
14	46	0
14	47	1
14	48	1
14	49	1
14	50	1
14	51	0
14	52	1
14	53	0
14	54	0
14	55	0
14	56	1
14	57	1
14	58	1
14	59	1
14	60	0
14	61	0
14	62	0
14	63	0
14	64	1
14	65	0
14	66	1
14	67	0
14	68	1
14	69	1
14	70	1
14	71	1
14	72	0
14	73	1
14	74	1
14	75	1
14	76	1
14	77	0
14	78	0
14	79	1
14	80	1
14	81	0
14	82	1
14	83	1
14	84	1
14	85	0
14	86	0
14	87	1
14	88	1
14	89	1
14	90	0
14	91	1
14	92	1
14	93	0
14	94	1
14	95	0
14	96	0
14	97	0
14	98	1
14	99	1
14	100	0
14	101	1
14	102	1
14	103	1
14	104	1
14	105	1
14	106	0
14	107	1
14	108	0
14	109	0
14	110	1
14	111	1
14	112	0
14	113	1
14	114	0
14	115	1
14	116	1
14	117	0
14	118	1
14	119	0
14	120	1
15	16	0
15	17	0
15	18	1
15	19	1
15	20	1
15	21	1
15	22	1
15	23	1
15	24	1
15	25	0
15	26	1
15	27	1
15	28	0
15	29	1
15	30	0
15	31	0
15	32	1
15	33	0
15	34	1
15	35	1
15	36	0
15	37	1
15	38	1
15	39	0
15	40	0
15	41	0
15	42	1
15	43	0
15	44	0
15	45	1
15	46	0
15	47	1
15	48	0
15	49	1
15	50	0
15	51	1
15	52	1
15	53	0
15	54	1
15	55	0
15	56	1
15	57	0
15	58	0
15	59	0
15	60	0
15	61	0
15	62	0
15	63	0
15	64	1
15	65	0
15	66	0
15	67	1
15	68	1
15	69	0
15	70	1
15	71	0
15	72	1
15	73	0
15	74	1
15	75	0
15	76	0
15	77	0
15	78	0
15	79	1
15	80	1
15	81	1
15	82	1
15	83	1
15	84	0
15	85	1
15	86	0
15	87	0
15	88	0
15	89	1
15	90	0
15	91	1
15	92	0
15	93	0
15	94	1
15	95	0
15	96	0
15	97	1
15	98	0
15	99	0
15	100	0
15	101	0
15	102	0
15	103	0
15	104	1
15	105	1
15	106	1
15	107	0
15	108	0
15	109	0
15	110	0
15	111	0
15	112	1
15	113	0
15	114	0
15	115	1
15	116	1
15	117	0
15	118	1
15	119	1
15	120	0
16	17	0
16	18	1
16	19	0
16	20	1
16	21	0
16	22	0
16	23	1
16	24	1
16	25	1
16	26	0
16	27	0
16	28	0
16	29	1
16	30	1
16	31	1
16	32	1
16	33	1
16	34	0
16	35	1
16	36	0
16	37	1
16	38	1
16	39	0
16	40	0
16	41	0
16	42	0
16	43	1
16	44	0
16	45	0
16	46	1
16	47	0
16	48	1
16	49	0
16	50	0
16	51	0
16	52	1
16	53	0
16	54	1
16	55	0
16	56	1
16	57	1
16	58	0
16	59	0
16	60	0
16	61	0
16	62	1
16	63	0
16	64	0
16	65	1
16	66	1
16	67	0
16	68	0
16	69	1
16	70	0
16	71	0
16	72	0
16	73	1
16	74	1
16	75	1
16	76	1
16	77	0
16	78	1
16	79	0
16	80	0
16	81	1
16	82	0
16	83	1
16	84	0
16	85	0
16	86	0
16	87	0
16	88	1
16	89	1
16	90	0
16	91	0
16	92	0
16	93	0
16	94	1
16	95	0
16	96	1
16	97	1
16	98	0
16	99	0
16	100	1
16	101	0
16	102	1
16	103	0
16	104	1
16	105	1
16	106	0
16	107	1
16	108	0
16	109	0
16	110	1
16	111	0
16	112	1
16	113	0
16	114	0
16	115	1
16	116	0
16	117	0
16	118	1
16	119	1
16	120	1
17	18	0
17	19	1
17	20	0
17	21	1
17	22	1
17	23	0
17	24	0
17	25	0
17	26	0
17	27	0
17	28	0
17	29	1
17	30	0
17	31	0
17	32	1
17	33	1
17	34	1
17	35	1
17	36	1
17	37	0
17	38	0
17	39	0
17	40	0
17	41	1
17	42	1
17	43	1
17	44	1
17	45	1
17	46	1
17	47	0
17	48	1
17	49	0
17	50	0
17	51	0
17	52	1
17	53	0
17	54	0
17	55	1
17	56	0
17	57	1
17	58	0
17	59	1
17	60	0
17	61	1
17	62	0
17	63	0
17	64	1
17	65	1
17	66	1
17	67	0
17	68	0
17	69	0
17	70	1
17	71	1
17	72	0
17	73	1
17	74	0
17	75	1
17	76	0
17	77	1
17	78	1
17	79	0
17	80	0
17	81	1
17	82	1
17	83	1
17	84	1
17	85	1
17	86	1
17	87	0
17	88	0
17	89	0
17	90	1
17	91	1
17	92	1
17	93	1
17	94	1
17	95	0
17	96	1
17	97	0
17	98	1
17	99	0
17	100	1
17	101	0
17	102	0
17	103	0
17	104	0
17	105	1
17	106	0
17	107	0
17	108	0
17	109	0
17	110	1
17	111	1
17	112	1
17	113	0
17	114	0
17	115	0
17	116	1
17	117	0
17	118	0
17	119	1
17	120	1
18	19	0
18	20	0
18	21	0
18	22	0
18	23	1
18	24	1
18	25	0
18	26	0
18	27	1
18	28	1
18	29	1
18	30	1
18	31	1
18	32	1
18	33	0
18	34	0
18	35	0
18	36	1
18	37	0
18	38	0
18	39	1
18	40	0
18	41	0
18	42	0
18	43	1
18	44	0
18	45	1
18	46	1
18	47	1
18	48	0
18	49	1
18	50	0
18	51	0
18	52	0
18	53	1
18	54	1
18	55	0
18	56	0
18	57	1
18	58	0
18	59	0
18	60	1
18	61	0
18	62	0
18	63	1
18	64	0
18	65	1
18	66	1
18	67	0
18	68	1
18	69	0
18	70	0
18	71	1
18	72	1
18	73	1
18	74	0
18	75	0
18	76	1
18	77	1
18	78	0
18	79	1
18	80	1
18	81	1
18	82	0
18	83	1
18	84	0
18	85	0
18	86	1
18	87	1
18	88	1
18	89	1
18	90	0
18	91	0
18	92	0
18	93	1
18	94	1
18	95	1
18	96	1
18	97	1
18	98	1
18	99	1
18	100	1
18	101	1
18	102	1
18	103	0
18	104	0
18	105	1
18	106	0
18	107	0
18	108	1
18	109	1
18	110	1
18	111	1
18	112	1
18	113	0
18	114	1
18	115	1
18	116	0
18	117	0
18	118	0
18	119	1
18	120	0
19	20	0
19	21	0
19	22	0
19	23	0
19	24	1
19	25	1
19	26	1
19	27	1
19	28	1
19	29	1
19	30	0
19	31	1
19	32	0
19	33	0
19	34	1
19	35	0
19	36	0
19	37	0
19	38	0
19	39	1
19	40	0
19	41	1
19	42	0
19	43	0
19	44	1
19	45	0
19	46	0
19	47	0
19	48	0
19	49	0
19	50	1
19	51	0
19	52	1
19	53	1
19	54	0
19	55	1
19	56	1
19	57	1
19	58	1
19	59	1
19	60	0
19	61	0
19	62	1
19	63	1
19	64	0
19	65	0
19	66	1
19	67	0
19	68	1
19	69	1
19	70	0
19	71	0
19	72	1
19	73	1
19	74	0
19	75	0
19	76	0
19	77	1
19	78	1
19	79	0
19	80	0
19	81	0
19	82	0
19	83	1
19	84	0
19	85	0
19	86	1
19	87	0
19	88	1
19	89	0
19	90	0
19	91	1
19	92	0
19	93	0
19	94	0
19	95	1
19	96	1
19	97	1
19	98	1
19	99	1
19	100	1
19	101	0
19	102	0
19	103	0
19	104	1
19	105	1
19	106	1
19	107	0
19	108	0
19	109	1
19	110	1
19	111	0
19	112	0
19	113	1
19	114	0
19	115	1
19	116	1
19	117	1
19	118	1
19	119	0
19	120	1
20	21	0
20	22	1
20	23	1
20	24	1
20	25	0
20	26	1
20	27	0
20	28	0
20	29	1
20	30	0
20	31	1
20	32	1
20	33	1
20	34	0
20	35	1
20	36	0
20	37	0
20	38	1
20	39	0
20	40	1
20	41	0
20	42	0
20	43	0
20	44	1
20	45	1
20	46	0
20	47	1
20	48	0
20	49	0
20	50	0
20	51	1
20	52	0
20	53	0
20	54	0
20	55	1
20	56	0
20	57	1
20	58	1
20	59	0
20	60	0
20	61	0
20	62	1
20	63	1
20	64	1
20	65	0
20	66	0
20	67	1
20	68	1
20	69	1
20	70	0
20	71	0
20	72	1
20	73	1
20	74	1
20	75	0
20	76	0
20	77	1
20	78	1
20	79	0
20	80	0
20	81	0
20	82	0
20	83	1
20	84	1
20	85	1
20	86	1
20	87	0
20	88	0
20	89	0
20	90	0
20	91	1
20	92	1
20	93	0
20	94	0
20	95	0
20	96	1
20	97	1
20	98	1
20	99	0
20	100	1
20	101	1
20	102	1
20	103	1
20	104	0
20	105	1
20	106	0
20	107	0
20	108	1
20	109	1
20	110	1
20	111	0
20	112	0
20	113	1
20	114	0
20	115	1
20	116	0
20	117	0
20	118	1
20	119	1
20	120	0
21	22	1
21	23	0
21	24	1
21	25	0
21	26	0
21	27	1
21	28	0
21	29	0
21	30	0
21	31	1
21	32	1
21	33	1
21	34	1
21	35	1
21	36	1
21	37	1
21	38	1
21	39	1
21	40	0
21	41	1
21	42	0
21	43	0
21	44	1
21	45	0
21	46	1
21	47	0
21	48	1
21	49	1
21	50	1
21	51	0
21	52	0
21	53	0
21	54	0
21	55	0
21	56	0
21	57	1
21	58	0
21	59	1
21	60	1
21	61	1
21	62	1
21	63	0
21	64	1
21	65	0
21	66	1
21	67	1
21	68	0
21	69	1
21	70	1
21	71	0
21	72	0
21	73	0
21	74	1
21	75	1
21	76	1
21	77	0
21	78	1
21	79	1
21	80	0
21	81	0
21	82	0
21	83	1
21	84	1
21	85	1
21	86	1
21	87	0
21	88	1
21	89	1
21	90	1
21	91	0
21	92	1
21	93	0
21	94	0
21	95	1
21	96	0
21	97	0
21	98	1
21	99	1
21	100	0
21	101	0
21	102	0
21	103	0
21	104	1
21	105	0
21	106	0
21	107	0
21	108	1
21	109	0
21	110	1
21	111	0
21	112	1
21	113	0
21	114	0
21	115	0
21	116	0
21	117	0
21	118	0
21	119	0
21	120	0
22	23	1
22	24	0
22	25	1
22	26	0
22	27	1
22	28	1
22	29	0
22	30	1
22	31	0
22	32	1
22	33	0
22	34	0
22	35	0
22	36	0
22	37	1
22	38	0
22	39	0
22	40	1
22	41	0
22	42	0
22	43	0
22	44	1
22	45	1
22	46	1
22	47	0
22	48	1
22	49	0
22	50	0
22	51	1
22	52	1
22	53	0
22	54	1
22	55	0
22	56	0
22	57	1
22	58	0
22	59	0
22	60	1
22	61	1
22	62	1
22	63	0
22	64	0
22	65	1
22	66	0
22	67	0
22	68	0
22	69	1
22	70	0
22	71	1
22	72	0
22	73	1
22	74	1
22	75	0
22	76	0
22	77	0
22	78	0
22	79	1
22	80	0
22	81	1
22	82	0
22	83	0
22	84	0
22	85	0
22	86	1
22	87	0
22	88	1
22	89	1
22	90	0
22	91	0
22	92	0
22	93	1
22	94	0
22	95	0
22	96	1
22	97	1
22	98	0
22	99	1
22	100	0
22	101	0
22	102	0
22	103	0
22	104	0
22	105	0
22	106	1
22	107	1
22	108	0
22	109	0
22	110	0
22	111	1
22	112	1
22	113	0
22	114	1
22	115	0
22	116	1
22	117	1
22	118	1
22	119	1
22	120	0
23	24	0
23	25	0
23	26	0
23	27	0
23	28	0
23	29	0
23	30	1
23	31	0
23	32	1
23	33	0
23	34	0
23	35	0
23	36	0
23	37	0
23	38	0
23	39	0
23	40	0
23	41	1
23	42	0
23	43	1
23	44	1
23	45	0
23	46	1
23	47	1
23	48	0
23	49	0
23	50	0
23	51	1
23	52	1
23	53	1
23	54	1
23	55	0
23	56	1
23	57	0
23	58	0
23	59	0
23	60	0
23	61	1
23	62	1
23	63	0
23	64	1
23	65	0
23	66	1
23	67	1
23	68	0
23	69	1
23	70	1
23	71	0
23	72	1
23	73	1
23	74	1
23	75	1
23	76	1
23	77	0
23	78	1
23	79	1
23	80	1
23	81	1
23	82	0
23	83	0
23	84	0
23	85	1
23	86	0
23	87	1
23	88	0
23	89	1
23	90	1
23	91	1
23	92	1
23	93	1
23	94	0
23	95	0
23	96	1
23	97	0
23	98	0
23	99	0
23	100	0
23	101	1
23	102	1
23	103	0
23	104	0
23	105	1
23	106	1
23	107	1
23	108	1
23	109	0
23	110	1
23	111	1
23	112	1
23	113	0
23	114	1
23	115	1
23	116	0
23	117	0
23	118	1
23	119	0
23	120	1
24	25	0
24	26	0
24	27	1
24	28	1
24	29	0
24	30	0
24	31	1
24	32	0
24	33	1
24	34	1
24	35	1
24	36	0
24	37	1
24	38	1
24	39	0
24	40	1
24	41	0
24	42	1
24	43	0
24	44	1
24	45	0
24	46	1
24	47	0
24	48	1
24	49	1
24	50	1
24	51	1
24	52	0
24	53	1
24	54	1
24	55	1
24	56	0
24	57	1
24	58	0
24	59	1
24	60	0
24	61	0
24	62	1
24	63	0
24	64	0
24	65	0
24	66	0
24	67	0
24	68	0
24	69	1
24	70	1
24	71	0
24	72	1
24	73	1
24	74	1
24	75	0
24	76	1
24	77	0
24	78	0
24	79	1
24	80	0
24	81	1
24	82	0
24	83	0
24	84	0
24	85	1
24	86	0
24	87	1
24	88	0
24	89	1
24	90	0
24	91	1
24	92	1
24	93	1
24	94	1
24	95	1
24	96	1
24	97	0
24	98	1
24	99	0
24	100	1
24	101	1
24	102	1
24	103	1
24	104	1
24	105	1
24	106	1
24	107	0
24	108	0
24	109	1
24	110	0
24	111	1
24	112	0
24	113	0
24	114	0
24	115	1
24	116	1
24	117	1
24	118	1
24	119	0
24	120	0
25	26	1
25	27	0
25	28	0
25	29	1
25	30	1
25	31	1
25	32	0
25	33	0
25	34	1
25	35	0
25	36	1
25	37	0
25	38	1
25	39	0
25	40	1
25	41	1
25	42	0
25	43	0
25	44	0
25	45	1
25	46	1
25	47	1
25	48	1
25	49	1
25	50	1
25	51	0
25	52	1
25	53	0
25	54	1
25	55	0
25	56	0
25	57	1
25	58	1
25	59	0
25	60	1
25	61	1
25	62	1
25	63	0
25	64	0
25	65	1
25	66	0
25	67	0
25	68	0
25	69	1
25	70	1
25	71	1
25	72	1
25	73	1
25	74	1
25	75	0
25	76	0
25	77	1
25	78	1
25	79	1
25	80	0
25	81	0
25	82	0
25	83	0
25	84	1
25	85	0
25	86	1
25	87	0
25	88	0
25	89	0
25	90	1
25	91	0
25	92	0
25	93	0
25	94	0
25	95	0
25	96	0
25	97	1
25	98	1
25	99	0
25	100	1
25	101	1
25	102	1
25	103	0
25	104	0
25	105	1
25	106	0
25	107	1
25	108	1
25	109	1
25	110	1
25	111	1
25	112	0
25	113	0
25	114	0
25	115	0
25	116	0
25	117	0
25	118	0
25	119	0
25	120	1
26	27	0
26	28	1
26	29	0
26	30	1
26	31	0
26	32	0
26	33	0
26	34	1
26	35	1
26	36	0
26	37	0
26	38	1
26	39	0
26	40	0
26	41	1
26	42	1
26	43	0
26	44	0
26	45	0
26	46	0
26	47	1
26	48	1
26	49	0
26	50	0
26	51	1
26	52	0
26	53	1
26	54	0
26	55	0
26	56	0
26	57	1
26	58	0
26	59	1
26	60	0
26	61	1
26	62	0
26	63	0
26	64	1
26	65	1
26	66	0
26	67	0
26	68	0
26	69	1
26	70	0
26	71	1
26	72	0
26	73	1
26	74	1
26	75	0
26	76	0
26	77	0
26	78	0
26	79	0
26	80	0
26	81	1
26	82	0
26	83	1
26	84	1
26	85	1
26	86	1
26	87	0
26	88	1
26	89	0
26	90	0
26	91	0
26	92	0
26	93	0
26	94	1
26	95	0
26	96	0
26	97	0
26	98	0
26	99	1
26	100	1
26	101	1
26	102	1
26	103	0
26	104	0
26	105	1
26	106	0
26	107	0
26	108	1
26	109	1
26	110	0
26	111	0
26	112	1
26	113	1
26	114	1
26	115	1
26	116	1
26	117	0
26	118	0
26	119	1
26	120	0
27	28	0
27	29	0
27	30	0
27	31	1
27	32	1
27	33	0
27	34	0
27	35	0
27	36	0
27	37	1
27	38	1
27	39	1
27	40	1
27	41	1
27	42	0
27	43	0
27	44	1
27	45	0
27	46	0
27	47	1
27	48	0
27	49	1
27	50	0
27	51	1
27	52	1
27	53	0
27	54	1
27	55	1
27	56	1
27	57	1
27	58	0
27	59	1
27	60	1
27	61	0
27	62	1
27	63	1
27	64	1
27	65	1
27	66	1
27	67	1
27	68	0
27	69	0
27	70	1
27	71	1
27	72	1
27	73	1
27	74	0
27	75	0
27	76	0
27	77	0
27	78	0
27	79	0
27	80	0
27	81	0
27	82	1
27	83	0
27	84	0
27	85	1
27	86	1
27	87	0
27	88	1
27	89	0
27	90	0
27	91	0
27	92	0
27	93	1
27	94	0
27	95	1
27	96	1
27	97	0
27	98	1
27	99	1
27	100	1
27	101	1
27	102	0
27	103	1
27	104	1
27	105	1
27	106	1
27	107	1
27	108	0
27	109	1
27	110	0
27	111	0
27	112	1
27	113	0
27	114	1
27	115	1
27	116	0
27	117	0
27	118	1
27	119	1
27	120	1
28	29	1
28	30	1
28	31	1
28	32	0
28	33	0
28	34	1
28	35	0
28	36	0
28	37	0
28	38	0
28	39	0
28	40	1
28	41	0
28	42	1
28	43	0
28	44	0
28	45	0
28	46	0
28	47	0
28	48	0
28	49	0
28	50	0
28	51	1
28	52	1
28	53	0
28	54	1
28	55	0
28	56	1
28	57	1
28	58	0
28	59	1
28	60	1
28	61	0
28	62	1
28	63	1
28	64	0
28	65	0
28	66	0
28	67	1
28	68	0
28	69	1
28	70	1
28	71	1
28	72	1
28	73	0
28	74	0
28	75	1
28	76	1
28	77	0
28	78	0
28	79	0
28	80	1
28	81	1
28	82	1
28	83	0
28	84	0
28	85	1
28	86	1
28	87	1
28	88	1
28	89	1
28	90	0
28	91	1
28	92	1
28	93	0
28	94	0
28	95	0
28	96	0
28	97	1
28	98	0
28	99	1
28	100	0
28	101	1
28	102	0
28	103	1
28	104	0
28	105	0
28	106	0
28	107	1
28	108	1
28	109	1
28	110	1
28	111	1
28	112	0
28	113	1
28	114	1
28	115	0
28	116	1
28	117	1
28	118	1
28	119	0
28	120	0
29	30	0
29	31	0
29	32	0
29	33	0
29	34	1
29	35	0
29	36	1
29	37	1
29	38	0
29	39	1
29	40	1
29	41	1
29	42	1
29	43	1
29	44	0
29	45	1
29	46	0
29	47	0
29	48	1
29	49	0
29	50	1
29	51	1
29	52	1
29	53	1
29	54	0
29	55	0
29	56	1
29	57	1
29	58	0
29	59	1
29	60	1
29	61	1
29	62	0
29	63	0
29	64	1
29	65	0
29	66	1
29	67	0
29	68	0
29	69	1
29	70	0
29	71	0
29	72	1
29	73	0
29	74	1
29	75	1
29	76	0
29	77	0
29	78	0
29	79	1
29	80	0
29	81	1
29	82	1
29	83	1
29	84	1
29	85	1
29	86	0
29	87	1
29	88	1
29	89	1
29	90	1
29	91	1
29	92	0
29	93	0
29	94	1
29	95	0
29	96	1
29	97	1
29	98	1
29	99	0
29	100	1
29	101	1
29	102	1
29	103	0
29	104	1
29	105	1
29	106	0
29	107	0
29	108	0
29	109	0
29	110	0
29	111	0
29	112	0
29	113	0
29	114	1
29	115	1
29	116	0
29	117	1
29	118	0
29	119	1
29	120	0
30	31	0
30	32	0
30	33	1
30	34	1
30	35	1
30	36	1
30	37	1
30	38	1
30	39	0
30	40	1
30	41	0
30	42	1
30	43	1
30	44	1
30	45	1
30	46	1
30	47	1
30	48	0
30	49	0
30	50	0
30	51	0
30	52	1
30	53	0
30	54	1
30	55	1
30	56	1
30	57	0
30	58	1
30	59	1
30	60	1
30	61	0
30	62	1
30	63	0
30	64	1
30	65	1
30	66	0
30	67	1
30	68	1
30	69	1
30	70	0
30	71	1
30	72	1
30	73	1
30	74	1
30	75	0
30	76	0
30	77	0
30	78	1
30	79	1
30	80	1
30	81	0
30	82	1
30	83	1
30	84	0
30	85	0
30	86	0
30	87	1
30	88	1
30	89	1
30	90	1
30	91	1
30	92	1
30	93	0
30	94	1
30	95	1
30	96	0
30	97	0
30	98	1
30	99	1
30	100	0
30	101	0
30	102	0
30	103	0
30	104	1
30	105	1
30	106	1
30	107	0
30	108	0
30	109	1
30	110	1
30	111	1
30	112	0
30	113	1
30	114	1
30	115	1
30	116	1
30	117	1
30	118	1
30	119	1
30	120	1
31	32	1
31	33	0
31	34	0
31	35	0
31	36	1
31	37	0
31	38	1
31	39	0
31	40	1
31	41	1
31	42	0
31	43	0
31	44	0
31	45	1
31	46	1
31	47	0
31	48	1
31	49	1
31	50	0
31	51	1
31	52	1
31	53	1
31	54	1
31	55	0
31	56	0
31	57	0
31	58	1
31	59	0
31	60	1
31	61	1
31	62	0
31	63	0
31	64	0
31	65	1
31	66	0
31	67	1
31	68	1
31	69	0
31	70	1
31	71	1
31	72	0
31	73	1
31	74	1
31	75	1
31	76	0
31	77	0
31	78	1
31	79	0
31	80	0
31	81	1
31	82	0
31	83	1
31	84	1
31	85	0
31	86	0
31	87	1
31	88	1
31	89	1
31	90	1
31	91	1
31	92	1
31	93	0
31	94	1
31	95	0
31	96	0
31	97	0
31	98	0
31	99	0
31	100	1
31	101	1
31	102	0
31	103	1
31	104	0
31	105	1
31	106	1
31	107	1
31	108	0
31	109	1
31	110	1
31	111	0
31	112	0
31	113	1
31	114	0
31	115	0
31	116	0
31	117	0
31	118	0
31	119	0
31	120	0
32	33	1
32	34	0
32	35	0
32	36	0
32	37	1
32	38	0
32	39	0
32	40	0
32	41	1
32	42	1
32	43	1
32	44	0
32	45	0
32	46	1
32	47	0
32	48	0
32	49	0
32	50	1
32	51	0
32	52	0
32	53	0
32	54	0
32	55	0
32	56	1
32	57	1
32	58	1
32	59	0
32	60	0
32	61	1
32	62	1
32	63	0
32	64	1
32	65	0
32	66	1
32	67	0
32	68	0
32	69	0
32	70	1
32	71	0
32	72	1
32	73	1
32	74	0
32	75	1
32	76	0
32	77	0
32	78	1
32	79	1
32	80	1
32	81	1
32	82	1
32	83	0
32	84	1
32	85	0
32	86	1
32	87	1
32	88	1
32	89	0
32	90	1
32	91	0
32	92	1
32	93	1
32	94	0
32	95	1
32	96	0
32	97	1
32	98	1
32	99	0
32	100	0
32	101	1
32	102	1
32	103	1
32	104	0
32	105	1
32	106	0
32	107	0
32	108	1
32	109	1
32	110	0
32	111	1
32	112	1
32	113	0
32	114	0
32	115	0
32	116	0
32	117	0
32	118	1
32	119	1
32	120	1
33	34	1
33	35	1
33	36	1
33	37	0
33	38	1
33	39	0
33	40	0
33	41	0
33	42	0
33	43	0
33	44	1
33	45	0
33	46	0
33	47	1
33	48	0
33	49	0
33	50	1
33	51	1
33	52	0
33	53	0
33	54	1
33	55	0
33	56	1
33	57	0
33	58	1
33	59	1
33	60	0
33	61	1
33	62	1
33	63	0
33	64	1
33	65	1
33	66	0
33	67	0
33	68	0
33	69	1
33	70	0
33	71	0
33	72	1
33	73	1
33	74	1
33	75	0
33	76	1
33	77	1
33	78	0
33	79	1
33	80	0
33	81	0
33	82	0
33	83	0
33	84	0
33	85	0
33	86	1
33	87	0
33	88	0
33	89	0
33	90	1
33	91	1
33	92	1
33	93	0
33	94	0
33	95	0
33	96	0
33	97	0
33	98	1
33	99	0
33	100	0
33	101	1
33	102	1
33	103	1
33	104	1
33	105	1
33	106	1
33	107	1
33	108	0
33	109	1
33	110	0
33	111	1
33	112	1
33	113	1
33	114	0
33	115	0
33	116	1
33	117	0
33	118	0
33	119	1
33	120	0
34	35	1
34	36	1
34	37	1
34	38	1
34	39	1
34	40	1
34	41	0
34	42	0
34	43	1
34	44	1
34	45	1
34	46	1
34	47	0
34	48	1
34	49	0
34	50	1
34	51	0
34	52	0
34	53	1
34	54	1
34	55	0
34	56	1
34	57	1
34	58	1
34	59	0
34	60	0
34	61	1
34	62	1
34	63	1
34	64	0
34	65	0
34	66	1
34	67	1
34	68	1
34	69	1
34	70	1
34	71	1
34	72	1
34	73	0
34	74	0
34	75	1
34	76	0
34	77	0
34	78	0
34	79	0
34	80	0
34	81	1
34	82	1
34	83	1
34	84	1
34	85	1
34	86	1
34	87	0
34	88	1
34	89	0
34	90	0
34	91	1
34	92	0
34	93	1
34	94	1
34	95	1
34	96	1
34	97	0
34	98	0
34	99	1
34	100	0
34	101	1
34	102	1
34	103	1
34	104	1
34	105	1
34	106	1
34	107	1
34	108	0
34	109	0
34	110	1
34	111	0
34	112	1
34	113	0
34	114	1
34	115	0
34	116	0
34	117	0
34	118	0
34	119	1
34	120	0
35	36	0
35	37	1
35	38	1
35	39	0
35	40	1
35	41	0
35	42	0
35	43	0
35	44	0
35	45	0
35	46	0
35	47	0
35	48	0
35	49	0
35	50	0
35	51	1
35	52	0
35	53	1
35	54	0
35	55	0
35	56	0
35	57	1
35	58	0
35	59	0
35	60	1
35	61	1
35	62	0
35	63	0
35	64	1
35	65	0
35	66	0
35	67	1
35	68	0
35	69	0
35	70	0
35	71	0
35	72	0
35	73	0
35	74	1
35	75	0
35	76	1
35	77	0
35	78	0
35	79	0
35	80	1
35	81	0
35	82	0
35	83	1
35	84	1
35	85	0
35	86	0
35	87	1
35	88	1
35	89	0
35	90	1
35	91	1
35	92	1
35	93	0
35	94	1
35	95	1
35	96	0
35	97	1
35	98	0
35	99	0
35	100	0
35	101	0
35	102	1
35	103	1
35	104	1
35	105	0
35	106	1
35	107	0
35	108	0
35	109	1
35	110	0
35	111	1
35	112	0
35	113	0
35	114	0
35	115	1
35	116	0
35	117	0
35	118	0
35	119	0
35	120	0
36	37	1
36	38	1
36	39	0
36	40	0
36	41	0
36	42	0
36	43	0
36	44	0
36	45	0
36	46	0
36	47	0
36	48	0
36	49	0
36	50	1
36	51	1
36	52	1
36	53	0
36	54	1
36	55	1
36	56	0
36	57	1
36	58	0
36	59	0
36	60	0
36	61	1
36	62	1
36	63	0
36	64	1
36	65	0
36	66	1
36	67	0
36	68	1
36	69	0
36	70	1
36	71	0
36	72	1
36	73	0
36	74	0
36	75	1
36	76	0
36	77	1
36	78	0
36	79	1
36	80	0
36	81	0
36	82	1
36	83	0
36	84	0
36	85	0
36	86	0
36	87	0
36	88	1
36	89	1
36	90	1
36	91	0
36	92	1
36	93	1
36	94	1
36	95	1
36	96	1
36	97	0
36	98	1
36	99	0
36	100	0
36	101	0
36	102	1
36	103	0
36	104	1
36	105	0
36	106	1
36	107	1
36	108	1
36	109	0
36	110	0
36	111	0
36	112	0
36	113	0
36	114	0
36	115	1
36	116	0
36	117	1
36	118	1
36	119	1
36	120	1
37	38	1
37	39	1
37	40	1
37	41	0
37	42	0
37	43	1
37	44	0
37	45	1
37	46	1
37	47	1
37	48	1
37	49	0
37	50	0
37	51	0
37	52	1
37	53	0
37	54	0
37	55	1
37	56	1
37	57	0
37	58	1
37	59	0
37	60	1
37	61	0
37	62	1
37	63	0
37	64	0
37	65	0
37	66	1
37	67	0
37	68	0
37	69	1
37	70	0
37	71	0
37	72	0
37	73	1
37	74	0
37	75	1
37	76	1
37	77	1
37	78	0
37	79	1
37	80	1
37	81	1
37	82	1
37	83	1
37	84	0
37	85	1
37	86	0
37	87	1
37	88	1
37	89	1
37	90	1
37	91	1
37	92	1
37	93	1
37	94	0
37	95	1
37	96	1
37	97	0
37	98	0
37	99	1
37	100	0
37	101	1
37	102	1
37	103	1
37	104	1
37	105	1
37	106	0
37	107	1
37	108	1
37	109	1
37	110	0
37	111	0
37	112	0
37	113	1
37	114	0
37	115	0
37	116	0
37	117	0
37	118	0
37	119	1
37	120	0
38	39	0
38	40	1
38	41	0
38	42	0
38	43	1
38	44	0
38	45	1
38	46	1
38	47	1
38	48	1
38	49	0
38	50	1
38	51	1
38	52	1
38	53	1
38	54	0
38	55	0
38	56	1
38	57	0
38	58	1
38	59	1
38	60	0
38	61	1
38	62	1
38	63	1
38	64	0
38	65	1
38	66	0
38	67	1
38	68	0
38	69	0
38	70	1
38	71	0
38	72	1
38	73	0
38	74	0
38	75	1
38	76	1
38	77	1
38	78	0
38	79	1
38	80	0
38	81	0
38	82	1
38	83	1
38	84	0
38	85	1
38	86	0
38	87	1
38	88	1
38	89	0
38	90	1
38	91	0
38	92	0
38	93	0
38	94	1
38	95	1
38	96	1
38	97	0
38	98	0
38	99	0
38	100	1
38	101	1
38	102	1
38	103	1
38	104	0
38	105	0
38	106	1
38	107	0
38	108	0
38	109	0
38	110	1
38	111	1
38	112	0
38	113	1
38	114	0
38	115	1
38	116	0
38	117	1
38	118	0
38	119	0
38	120	1
39	40	0
39	41	1
39	42	0
39	43	0
39	44	0
39	45	1
39	46	1
39	47	1
39	48	1
39	49	1
39	50	0
39	51	1
39	52	0
39	53	1
39	54	0
39	55	0
39	56	0
39	57	1
39	58	1
39	59	0
39	60	1
39	61	1
39	62	0
39	63	1
39	64	0
39	65	0
39	66	1
39	67	1
39	68	1
39	69	0
39	70	0
39	71	0
39	72	1
39	73	1
39	74	0
39	75	0
39	76	1
39	77	0
39	78	1
39	79	0
39	80	1
39	81	1
39	82	1
39	83	0
39	84	1
39	85	0
39	86	1
39	87	0
39	88	0
39	89	0
39	90	1
39	91	0
39	92	1
39	93	1
39	94	1
39	95	1
39	96	1
39	97	0
39	98	0
39	99	0
39	100	0
39	101	0
39	102	0
39	103	1
39	104	0
39	105	1
39	106	0
39	107	0
39	108	0
39	109	1
39	110	0
39	111	0
39	112	0
39	113	1
39	114	0
39	115	1
39	116	1
39	117	0
39	118	1
39	119	0
39	120	1
40	41	0
40	42	1
40	43	0
40	44	0
40	45	0
40	46	0
40	47	1
40	48	1
40	49	0
40	50	1
40	51	0
40	52	0
40	53	0
40	54	0
40	55	0
40	56	0
40	57	0
40	58	0
40	59	1
40	60	1
40	61	0
40	62	0
40	63	1
40	64	0
40	65	1
40	66	1
40	67	0
40	68	0
40	69	1
40	70	1
40	71	1
40	72	0
40	73	1
40	74	0
40	75	0
40	76	0
40	77	0
40	78	0
40	79	1
40	80	0
40	81	1
40	82	1
40	83	1
40	84	0
40	85	1
40	86	0
40	87	0
40	88	1
40	89	0
40	90	1
40	91	1
40	92	1
40	93	1
40	94	0
40	95	0
40	96	1
40	97	1
40	98	0
40	99	0
40	100	1
40	101	1
40	102	1
40	103	0
40	104	1
40	105	0
40	106	1
40	107	0
40	108	1
40	109	1
40	110	0
40	111	1
40	112	0
40	113	0
40	114	1
40	115	0
40	116	0
40	117	1
40	118	0
40	119	1
40	120	0
41	42	0
41	43	1
41	44	0
41	45	1
41	46	1
41	47	0
41	48	1
41	49	1
41	50	1
41	51	1
41	52	0
41	53	0
41	54	1
41	55	0
41	56	1
41	57	0
41	58	1
41	59	1
41	60	0
41	61	0
41	62	0
41	63	1
41	64	0
41	65	1
41	66	1
41	67	0
41	68	1
41	69	0
41	70	0
41	71	0
41	72	0
41	73	0
41	74	0
41	75	1
41	76	1
41	77	1
41	78	1
41	79	0
41	80	0
41	81	1
41	82	0
41	83	1
41	84	0
41	85	1
41	86	0
41	87	0
41	88	1
41	89	1
41	90	0
41	91	0
41	92	1
41	93	0
41	94	0
41	95	0
41	96	1
41	97	1
41	98	1
41	99	1
41	100	1
41	101	0
41	102	0
41	103	1
41	104	0
41	105	1
41	106	1
41	107	0
41	108	1
41	109	0
41	110	1
41	111	0
41	112	1
41	113	1
41	114	1
41	115	0
41	116	1
41	117	1
41	118	0
41	119	0
41	120	0
42	43	1
42	44	0
42	45	1
42	46	1
42	47	0
42	48	0
42	49	0
42	50	1
42	51	1
42	52	1
42	53	1
42	54	1
42	55	0
42	56	1
42	57	0
42	58	0
42	59	0
42	60	0
42	61	1
42	62	0
42	63	1
42	64	1
42	65	0
42	66	0
42	67	0
42	68	0
42	69	0
42	70	1
42	71	0
42	72	0
42	73	1
42	74	0
42	75	0
42	76	1
42	77	1
42	78	0
42	79	1
42	80	0
42	81	1
42	82	0
42	83	0
42	84	1
42	85	0
42	86	0
42	87	1
42	88	1
42	89	0
42	90	0
42	91	0
42	92	1
42	93	1
42	94	0
42	95	1
42	96	0
42	97	0
42	98	1
42	99	1
42	100	0
42	101	1
42	102	1
42	103	0
42	104	1
42	105	0
42	106	0
42	107	0
42	108	0
42	109	0
42	110	0
42	111	1
42	112	1
42	113	0
42	114	1
42	115	1
42	116	1
42	117	0
42	118	0
42	119	1
42	120	1
43	44	1
43	45	0
43	46	0
43	47	1
43	48	1
43	49	1
43	50	0
43	51	1
43	52	1
43	53	1
43	54	0
43	55	0
43	56	1
43	57	0
43	58	0
43	59	0
43	60	0
43	61	0
43	62	1
43	63	1
43	64	0
43	65	0
43	66	1
43	67	0
43	68	1
43	69	1
43	70	0
43	71	1
43	72	1
43	73	0
43	74	0
43	75	0
43	76	0
43	77	1
43	78	1
43	79	0
43	80	0
43	81	1
43	82	1
43	83	1
43	84	1
43	85	1
43	86	1
43	87	1
43	88	0
43	89	1
43	90	1
43	91	1
43	92	0
43	93	1
43	94	1
43	95	1
43	96	1
43	97	1
43	98	1
43	99	1
43	100	0
43	101	0
43	102	0
43	103	1
43	104	1
43	105	0
43	106	0
43	107	0
43	108	0
43	109	1
43	110	1
43	111	1
43	112	0
43	113	0
43	114	0
43	115	1
43	116	0
43	117	0
43	118	0
43	119	0
43	120	1
44	45	1
44	46	0
44	47	1
44	48	1
44	49	1
44	50	1
44	51	0
44	52	0
44	53	0
44	54	1
44	55	1
44	56	0
44	57	0
44	58	1
44	59	0
44	60	1
44	61	0
44	62	1
44	63	1
44	64	0
44	65	1
44	66	0
44	67	1
44	68	0
44	69	1
44	70	1
44	71	1
44	72	1
44	73	0
44	74	1
44	75	0
44	76	1
44	77	0
44	78	1
44	79	1
44	80	1
44	81	1
44	82	0
44	83	0
44	84	1
44	85	0
44	86	1
44	87	1
44	88	0
44	89	0
44	90	1
44	91	0
44	92	0
44	93	1
44	94	0
44	95	0
44	96	1
44	97	0
44	98	1
44	99	1
44	100	1
44	101	0
44	102	1
44	103	0
44	104	1
44	105	0
44	106	0
44	107	1
44	108	0
44	109	0
44	110	1
44	111	1
44	112	0
44	113	1
44	114	1
44	115	1
44	116	0
44	117	1
44	118	0
44	119	1
44	120	0
45	46	0
45	47	1
45	48	0
45	49	0
45	50	1
45	51	0
45	52	0
45	53	1
45	54	0
45	55	0
45	56	1
45	57	1
45	58	1
45	59	1
45	60	0
45	61	0
45	62	0
45	63	0
45	64	1
45	65	0
45	66	0
45	67	1
45	68	0
45	69	0
45	70	0
45	71	0
45	72	0
45	73	0
45	74	1
45	75	1
45	76	0
45	77	1
45	78	1
45	79	1
45	80	0
45	81	1
45	82	1
45	83	1
45	84	0
45	85	0
45	86	0
45	87	0
45	88	0
45	89	1
45	90	0
45	91	1
45	92	0
45	93	1
45	94	1
45	95	0
45	96	1
45	97	0
45	98	1
45	99	1
45	100	0
45	101	1
45	102	0
45	103	0
45	104	1
45	105	0
45	106	1
45	107	0
45	108	0
45	109	0
45	110	0
45	111	1
45	112	1
45	113	0
45	114	0
45	115	1
45	116	1
45	117	1
45	118	0
45	119	1
45	120	0
46	47	1
46	48	1
46	49	0
46	50	0
46	51	1
46	52	1
46	53	1
46	54	0
46	55	1
46	56	0
46	57	0
46	58	1
46	59	1
46	60	1
46	61	1
46	62	0
46	63	0
46	64	1
46	65	1
46	66	0
46	67	1
46	68	1
46	69	0
46	70	0
46	71	0
46	72	1
46	73	1
46	74	0
46	75	1
46	76	0
46	77	0
46	78	1
46	79	0
46	80	0
46	81	0
46	82	0
46	83	1
46	84	1
46	85	0
46	86	1
46	87	0
46	88	0
46	89	0
46	90	1
46	91	0
46	92	0
46	93	0
46	94	1
46	95	0
46	96	1
46	97	0
46	98	1
46	99	0
46	100	1
46	101	1
46	102	1
46	103	1
46	104	0
46	105	0
46	106	0
46	107	1
46	108	1
46	109	1
46	110	1
46	111	1
46	112	1
46	113	0
46	114	1
46	115	1
46	116	0
46	117	0
46	118	0
46	119	1
46	120	1
47	48	1
47	49	0
47	50	0
47	51	1
47	52	1
47	53	0
47	54	0
47	55	1
47	56	0
47	57	0
47	58	1
47	59	0
47	60	0
47	61	1
47	62	0
47	63	0
47	64	1
47	65	0
47	66	0
47	67	0
47	68	1
47	69	1
47	70	1
47	71	0
47	72	0
47	73	1
47	74	1
47	75	0
47	76	1
47	77	0
47	78	0
47	79	0
47	80	0
47	81	0
47	82	1
47	83	1
47	84	1
47	85	1
47	86	0
47	87	1
47	88	1
47	89	1
47	90	1
47	91	0
47	92	0
47	93	1
47	94	0
47	95	0
47	96	0
47	97	0
47	98	1
47	99	1
47	100	0
47	101	1
47	102	0
47	103	0
47	104	0
47	105	0
47	106	0
47	107	0
47	108	1
47	109	1
47	110	0
47	111	0
47	112	1
47	113	0
47	114	1
47	115	0
47	116	1
47	117	0
47	118	0
47	119	0
47	120	1
48	49	1
48	50	0
48	51	1
48	52	0
48	53	1
48	54	1
48	55	0
48	56	0
48	57	0
48	58	1
48	59	0
48	60	1
48	61	0
48	62	1
48	63	1
48	64	1
48	65	1
48	66	1
48	67	1
48	68	0
48	69	0
48	70	0
48	71	1
48	72	1
48	73	1
48	74	1
48	75	1
48	76	0
48	77	0
48	78	1
48	79	0
48	80	1
48	81	0
48	82	1
48	83	1
48	84	0
48	85	1
48	86	1
48	87	0
48	88	0
48	89	0
48	90	1
48	91	0
48	92	0
48	93	0
48	94	1
48	95	1
48	96	1
48	97	1
48	98	0
48	99	1
48	100	1
48	101	0
48	102	0
48	103	1
48	104	0
48	105	0
48	106	0
48	107	1
48	108	1
48	109	1
48	110	0
48	111	1
48	112	1
48	113	1
48	114	0
48	115	1
48	116	1
48	117	0
48	118	1
48	119	0
48	120	0
49	50	1
49	51	0
49	52	1
49	53	0
49	54	0
49	55	1
49	56	0
49	57	0
49	58	1
49	59	0
49	60	0
49	61	0
49	62	1
49	63	0
49	64	1
49	65	0
49	66	1
49	67	0
49	68	1
49	69	0
49	70	0
49	71	1
49	72	0
49	73	1
49	74	0
49	75	1
49	76	1
49	77	0
49	78	0
49	79	1
49	80	0
49	81	0
49	82	1
49	83	1
49	84	0
49	85	0
49	86	1
49	87	1
49	88	1
49	89	1
49	90	0
49	91	1
49	92	0
49	93	1
49	94	0
49	95	1
49	96	1
49	97	0
49	98	0
49	99	1
49	100	1
49	101	0
49	102	1
49	103	1
49	104	1
49	105	0
49	106	0
49	107	0
49	108	1
49	109	1
49	110	0
49	111	0
49	112	0
49	113	1
49	114	0
49	115	0
49	116	0
49	117	1
49	118	1
49	119	1
49	120	1
50	51	1
50	52	0
50	53	0
50	54	0
50	55	0
50	56	1
50	57	0
50	58	1
50	59	1
50	60	0
50	61	1
50	62	1
50	63	1
50	64	0
50	65	1
50	66	0
50	67	0
50	68	1
50	69	0
50	70	1
50	71	0
50	72	0
50	73	1
50	74	1
50	75	1
50	76	1
50	77	1
50	78	1
50	79	1
50	80	1
50	81	1
50	82	1
50	83	0
50	84	0
50	85	0
50	86	0
50	87	0
50	88	1
50	89	1
50	90	1
50	91	1
50	92	0
50	93	0
50	94	0
50	95	0
50	96	1
50	97	0
50	98	1
50	99	1
50	100	1
50	101	0
50	102	0
50	103	1
50	104	0
50	105	1
50	106	1
50	107	0
50	108	0
50	109	0
50	110	0
50	111	0
50	112	0
50	113	1
50	114	1
50	115	1
50	116	1
50	117	0
50	118	1
50	119	0
50	120	0
51	52	0
51	53	1
51	54	0
51	55	1
51	56	0
51	57	1
51	58	0
51	59	0
51	60	0
51	61	1
51	62	1
51	63	1
51	64	0
51	65	1
51	66	1
51	67	0
51	68	0
51	69	0
51	70	1
51	71	1
51	72	0
51	73	0
51	74	1
51	75	1
51	76	0
51	77	1
51	78	0
51	79	1
51	80	0
51	81	0
51	82	0
51	83	0
51	84	0
51	85	1
51	86	0
51	87	0
51	88	0
51	89	0
51	90	0
51	91	1
51	92	1
51	93	0
51	94	1
51	95	1
51	96	1
51	97	0
51	98	1
51	99	1
51	100	0
51	101	0
51	102	0
51	103	0
51	104	1
51	105	1
51	106	1
51	107	0
51	108	1
51	109	1
51	110	0
51	111	1
51	112	1
51	113	1
51	114	0
51	115	1
51	116	0
51	117	1
51	118	0
51	119	1
51	120	1
52	53	0
52	54	0
52	55	1
52	56	0
52	57	1
52	58	1
52	59	0
52	60	0
52	61	1
52	62	0
52	63	1
52	64	0
52	65	0
52	66	1
52	67	1
52	68	0
52	69	0
52	70	0
52	71	0
52	72	1
52	73	1
52	74	1
52	75	0
52	76	0
52	77	1
52	78	0
52	79	0
52	80	0
52	81	0
52	82	0
52	83	0
52	84	0
52	85	0
52	86	0
52	87	1
52	88	1
52	89	0
52	90	1
52	91	1
52	92	1
52	93	0
52	94	1
52	95	1
52	96	0
52	97	1
52	98	1
52	99	1
52	100	1
52	101	1
52	102	1
52	103	1
52	104	0
52	105	0
52	106	0
52	107	1
52	108	0
52	109	1
52	110	0
52	111	1
52	112	1
52	113	1
52	114	0
52	115	1
52	116	0
52	117	1
52	118	0
52	119	1
52	120	0
53	54	0
53	55	0
53	56	1
53	57	1
53	58	1
53	59	0
53	60	1
53	61	0
53	62	0
53	63	1
53	64	1
53	65	0
53	66	0
53	67	0
53	68	1
53	69	0
53	70	1
53	71	0
53	72	0
53	73	0
53	74	1
53	75	1
53	76	1
53	77	0
53	78	0
53	79	0
53	80	1
53	81	0
53	82	0
53	83	1
53	84	1
53	85	1
53	86	1
53	87	1
53	88	0
53	89	0
53	90	1
53	91	0
53	92	1
53	93	0
53	94	0
53	95	1
53	96	1
53	97	0
53	98	1
53	99	0
53	100	0
53	101	1
53	102	0
53	103	0
53	104	1
53	105	1
53	106	1
53	107	0
53	108	0
53	109	0
53	110	1
53	111	1
53	112	0
53	113	0
53	114	0
53	115	1
53	116	0
53	117	0
53	118	1
53	119	0
53	120	0
54	55	0
54	56	0
54	57	0
54	58	0
54	59	1
54	60	1
54	61	0
54	62	0
54	63	0
54	64	1
54	65	1
54	66	0
54	67	0
54	68	0
54	69	1
54	70	0
54	71	1
54	72	0
54	73	0
54	74	1
54	75	1
54	76	0
54	77	0
54	78	0
54	79	0
54	80	0
54	81	1
54	82	0
54	83	1
54	84	0
54	85	0
54	86	1
54	87	1
54	88	0
54	89	0
54	90	1
54	91	1
54	92	0
54	93	1
54	94	1
54	95	0
54	96	0
54	97	0
54	98	1
54	99	0
54	100	1
54	101	1
54	102	0
54	103	0
54	104	0
54	105	1
54	106	1
54	107	1
54	108	1
54	109	1
54	110	0
54	111	1
54	112	1
54	113	0
54	114	0
54	115	1
54	116	1
54	117	0
54	118	0
54	119	1
54	120	0
55	56	1
55	57	1
55	58	1
55	59	1
55	60	0
55	61	1
55	62	1
55	63	0
55	64	1
55	65	0
55	66	0
55	67	0
55	68	1
55	69	0
55	70	0
55	71	0
55	72	1
55	73	1
55	74	1
55	75	0
55	76	1
55	77	1
55	78	1
55	79	1
55	80	1
55	81	1
55	82	0
55	83	1
55	84	0
55	85	0
55	86	0
55	87	1
55	88	0
55	89	0
55	90	1
55	91	0
55	92	1
55	93	1
55	94	0
55	95	0
55	96	1
55	97	0
55	98	0
55	99	1
55	100	0
55	101	1
55	102	1
55	103	0
55	104	1
55	105	1
55	106	0
55	107	0
55	108	1
55	109	1
55	110	1
55	111	1
55	112	0
55	113	0
55	114	1
55	115	0
55	116	1
55	117	0
55	118	1
55	119	0
55	120	0
56	57	1
56	58	1
56	59	1
56	60	0
56	61	1
56	62	0
56	63	1
56	64	0
56	65	1
56	66	1
56	67	1
56	68	0
56	69	1
56	70	1
56	71	1
56	72	1
56	73	1
56	74	1
56	75	0
56	76	1
56	77	0
56	78	0
56	79	1
56	80	0
56	81	1
56	82	0
56	83	1
56	84	0
56	85	0
56	86	0
56	87	0
56	88	1
56	89	0
56	90	0
56	91	1
56	92	1
56	93	0
56	94	0
56	95	1
56	96	0
56	97	0
56	98	0
56	99	1
56	100	0
56	101	0
56	102	1
56	103	1
56	104	1
56	105	0
56	106	1
56	107	1
56	108	0
56	109	1
56	110	0
56	111	0
56	112	0
56	113	0
56	114	0
56	115	1
56	116	0
56	117	0
56	118	0
56	119	0
56	120	1
57	58	1
57	59	1
57	60	1
57	61	0
57	62	1
57	63	0
57	64	1
57	65	1
57	66	0
57	67	1
57	68	1
57	69	0
57	70	0
57	71	1
57	72	0
57	73	0
57	74	1
57	75	1
57	76	0
57	77	1
57	78	0
57	79	1
57	80	1
57	81	0
57	82	1
57	83	0
57	84	1
57	85	1
57	86	0
57	87	1
57	88	0
57	89	1
57	90	1
57	91	0
57	92	0
57	93	0
57	94	0
57	95	1
57	96	1
57	97	0
57	98	1
57	99	1
57	100	0
57	101	1
57	102	0
57	103	1
57	104	0
57	105	0
57	106	0
57	107	1
57	108	0
57	109	1
57	110	1
57	111	0
57	112	0
57	113	1
57	114	1
57	115	1
57	116	1
57	117	1
57	118	1
57	119	0
57	120	0
58	59	1
58	60	1
58	61	1
58	62	0
58	63	1
58	64	1
58	65	0
58	66	0
58	67	1
58	68	0
58	69	0
58	70	1
58	71	1
58	72	1
58	73	1
58	74	0
58	75	0
58	76	0
58	77	1
58	78	1
58	79	0
58	80	0
58	81	0
58	82	1
58	83	1
58	84	1
58	85	1
58	86	1
58	87	1
58	88	1
58	89	1
58	90	0
58	91	1
58	92	1
58	93	1
58	94	0
58	95	0
58	96	0
58	97	0
58	98	0
58	99	0
58	100	1
58	101	1
58	102	1
58	103	0
58	104	0
58	105	0
58	106	1
58	107	1
58	108	1
58	109	0
58	110	0
58	111	0
58	112	1
58	113	1
58	114	0
58	115	1
58	116	1
58	117	0
58	118	1
58	119	1
58	120	1
59	60	1
59	61	0
59	62	0
59	63	1
59	64	0
59	65	1
59	66	0
59	67	1
59	68	0
59	69	1
59	70	1
59	71	1
59	72	1
59	73	1
59	74	1
59	75	0
59	76	0
59	77	1
59	78	0
59	79	0
59	80	1
59	81	1
59	82	0
59	83	0
59	84	0
59	85	0
59	86	0
59	87	1
59	88	0
59	89	1
59	90	0
59	91	0
59	92	1
59	93	0
59	94	0
59	95	1
59	96	0
59	97	1
59	98	1
59	99	0
59	100	1
59	101	0
59	102	1
59	103	0
59	104	0
59	105	0
59	106	0
59	107	0
59	108	0
59	109	1
59	110	1
59	111	1
59	112	1
59	113	1
59	114	1
59	115	0
59	116	1
59	117	1
59	118	1
59	119	0
59	120	0
60	61	1
60	62	1
60	63	1
60	64	0
60	65	0
60	66	0
60	67	0
60	68	1
60	69	1
60	70	1
60	71	0
60	72	1
60	73	0
60	74	0
60	75	1
60	76	0
60	77	0
60	78	0
60	79	0
60	80	0
60	81	0
60	82	1
60	83	1
60	84	1
60	85	1
60	86	1
60	87	0
60	88	0
60	89	1
60	90	1
60	91	1
60	92	1
60	93	1
60	94	0
60	95	1
60	96	0
60	97	1
60	98	0
60	99	0
60	100	1
60	101	0
60	102	1
60	103	0
60	104	0
60	105	1
60	106	1
60	107	0
60	108	0
60	109	1
60	110	1
60	111	1
60	112	1
60	113	0
60	114	1
60	115	1
60	116	0
60	117	0
60	118	0
60	119	1
60	120	1
61	62	0
61	63	1
61	64	1
61	65	1
61	66	1
61	67	0
61	68	0
61	69	0
61	70	1
61	71	1
61	72	0
61	73	0
61	74	1
61	75	0
61	76	1
61	77	1
61	78	0
61	79	0
61	80	1
61	81	0
61	82	0
61	83	1
61	84	1
61	85	0
61	86	1
61	87	0
61	88	0
61	89	1
61	90	0
61	91	0
61	92	0
61	93	0
61	94	1
61	95	0
61	96	1
61	97	1
61	98	0
61	99	0
61	100	1
61	101	0
61	102	1
61	103	0
61	104	0
61	105	1
61	106	0
61	107	0
61	108	1
61	109	1
61	110	0
61	111	0
61	112	0
61	113	1
61	114	0
61	115	0
61	116	1
61	117	0
61	118	1
61	119	0
61	120	1
62	63	0
62	64	0
62	65	1
62	66	1
62	67	0
62	68	1
62	69	0
62	70	1
62	71	1
62	72	1
62	73	0
62	74	1
62	75	0
62	76	0
62	77	0
62	78	1
62	79	0
62	80	1
62	81	1
62	82	1
62	83	0
62	84	1
62	85	1
62	86	1
62	87	1
62	88	1
62	89	1
62	90	0
62	91	1
62	92	1
62	93	0
62	94	1
62	95	1
62	96	1
62	97	1
62	98	0
62	99	1
62	100	0
62	101	0
62	102	1
62	103	0
62	104	0
62	105	0
62	106	1
62	107	1
62	108	0
62	109	0
62	110	1
62	111	0
62	112	1
62	113	0
62	114	1
62	115	1
62	116	1
62	117	1
62	118	0
62	119	0
62	120	1
63	64	1
63	65	0
63	66	1
63	67	0
63	68	0
63	69	0
63	70	0
63	71	1
63	72	1
63	73	0
63	74	0
63	75	0
63	76	1
63	77	0
63	78	0
63	79	1
63	80	0
63	81	0
63	82	1
63	83	1
63	84	1
63	85	0
63	86	1
63	87	0
63	88	0
63	89	1
63	90	0
63	91	0
63	92	0
63	93	0
63	94	0
63	95	0
63	96	0
63	97	1
63	98	0
63	99	1
63	100	1
63	101	1
63	102	1
63	103	0
63	104	0
63	105	1
63	106	1
63	107	1
63	108	0
63	109	1
63	110	0
63	111	0
63	112	0
63	113	0
63	114	0
63	115	1
63	116	1
63	117	1
63	118	0
63	119	0
63	120	0
64	65	0
64	66	1
64	67	1
64	68	1
64	69	0
64	70	0
64	71	1
64	72	0
64	73	1
64	74	1
64	75	1
64	76	1
64	77	0
64	78	0
64	79	1
64	80	1
64	81	1
64	82	1
64	83	1
64	84	1
64	85	1
64	86	1
64	87	1
64	88	0
64	89	1
64	90	1
64	91	0
64	92	1
64	93	0
64	94	0
64	95	1
64	96	1
64	97	1
64	98	1
64	99	1
64	100	0
64	101	1
64	102	0
64	103	1
64	104	1
64	105	0
64	106	0
64	107	1
64	108	1
64	109	1
64	110	1
64	111	1
64	112	1
64	113	0
64	114	0
64	115	0
64	116	0
64	117	1
64	118	1
64	119	0
64	120	0
65	66	0
65	67	1
65	68	1
65	69	0
65	70	0
65	71	1
65	72	1
65	73	1
65	74	1
65	75	1
65	76	0
65	77	1
65	78	1
65	79	0
65	80	1
65	81	1
65	82	0
65	83	1
65	84	1
65	85	1
65	86	0
65	87	1
65	88	1
65	89	0
65	90	0
65	91	1
65	92	0
65	93	0
65	94	0
65	95	0
65	96	0
65	97	1
65	98	1
65	99	0
65	100	1
65	101	1
65	102	0
65	103	0
65	104	0
65	105	0
65	106	1
65	107	0
65	108	1
65	109	0
65	110	1
65	111	1
65	112	0
65	113	1
65	114	1
65	115	0
65	116	1
65	117	1
65	118	1
65	119	0
65	120	1
66	67	0
66	68	1
66	69	0
66	70	1
66	71	1
66	72	1
66	73	0
66	74	0
66	75	1
66	76	1
66	77	0
66	78	1
66	79	0
66	80	0
66	81	1
66	82	0
66	83	0
66	84	1
66	85	1
66	86	0
66	87	1
66	88	0
66	89	1
66	90	0
66	91	0
66	92	1
66	93	1
66	94	1
66	95	0
66	96	1
66	97	0
66	98	0
66	99	0
66	100	1
66	101	1
66	102	0
66	103	1
66	104	0
66	105	1
66	106	0
66	107	0
66	108	0
66	109	1
66	110	0
66	111	0
66	112	0
66	113	0
66	114	1
66	115	0
66	116	0
66	117	1
66	118	1
66	119	0
66	120	1
67	68	0
67	69	0
67	70	0
67	71	1
67	72	0
67	73	0
67	74	1
67	75	1
67	76	1
67	77	1
67	78	0
67	79	0
67	80	0
67	81	1
67	82	1
67	83	0
67	84	0
67	85	0
67	86	1
67	87	0
67	88	0
67	89	0
67	90	0
67	91	1
67	92	0
67	93	0
67	94	1
67	95	1
67	96	0
67	97	0
67	98	0
67	99	1
67	100	1
67	101	0
67	102	1
67	103	0
67	104	0
67	105	0
67	106	1
67	107	0
67	108	1
67	109	0
67	110	1
67	111	1
67	112	1
67	113	0
67	114	1
67	115	0
67	116	1
67	117	1
67	118	0
67	119	0
67	120	1
68	69	1
68	70	0
68	71	1
68	72	1
68	73	0
68	74	0
68	75	1
68	76	0
68	77	1
68	78	1
68	79	0
68	80	1
68	81	0
68	82	1
68	83	0
68	84	1
68	85	1
68	86	1
68	87	0
68	88	0
68	89	0
68	90	0
68	91	1
68	92	0
68	93	0
68	94	0
68	95	0
68	96	1
68	97	0
68	98	1
68	99	0
68	100	1
68	101	1
68	102	1
68	103	0
68	104	1
68	105	0
68	106	0
68	107	0
68	108	1
68	109	1
68	110	1
68	111	0
68	112	1
68	113	1
68	114	1
68	115	0
68	116	1
68	117	1
68	118	0
68	119	1
68	120	0
69	70	0
69	71	1
69	72	0
69	73	1
69	74	0
69	75	1
69	76	0
69	77	0
69	78	0
69	79	1
69	80	1
69	81	0
69	82	0
69	83	0
69	84	1
69	85	1
69	86	0
69	87	0
69	88	0
69	89	1
69	90	0
69	91	1
69	92	0
69	93	0
69	94	1
69	95	0
69	96	0
69	97	1
69	98	0
69	99	0
69	100	1
69	101	0
69	102	1
69	103	0
69	104	1
69	105	1
69	106	1
69	107	0
69	108	0
69	109	0
69	110	1
69	111	0
69	112	1
69	113	1
69	114	0
69	115	1
69	116	1
69	117	1
69	118	0
69	119	0
69	120	1
70	71	1
70	72	1
70	73	0
70	74	1
70	75	1
70	76	0
70	77	0
70	78	1
70	79	1
70	80	1
70	81	0
70	82	1
70	83	0
70	84	1
70	85	0
70	86	0
70	87	0
70	88	0
70	89	0
70	90	0
70	91	0
70	92	0
70	93	1
70	94	1
70	95	0
70	96	1
70	97	1
70	98	0
70	99	1
70	100	0
70	101	0
70	102	0
70	103	0
70	104	1
70	105	0
70	106	1
70	107	0
70	108	0
70	109	1
70	110	0
70	111	0
70	112	0
70	113	1
70	114	1
70	115	1
70	116	0
70	117	1
70	118	1
70	119	0
70	120	1
71	72	0
71	73	0
71	74	0
71	75	1
71	76	1
71	77	1
71	78	0
71	79	1
71	80	0
71	81	1
71	82	1
71	83	1
71	84	1
71	85	1
71	86	0
71	87	1
71	88	1
71	89	0
71	90	1
71	91	0
71	92	1
71	93	0
71	94	0
71	95	1
71	96	0
71	97	0
71	98	1
71	99	1
71	100	1
71	101	1
71	102	0
71	103	1
71	104	1
71	105	0
71	106	0
71	107	1
71	108	0
71	109	0
71	110	1
71	111	0
71	112	0
71	113	1
71	114	1
71	115	0
71	116	0
71	117	0
71	118	1
71	119	1
71	120	1
72	73	0
72	74	1
72	75	1
72	76	1
72	77	1
72	78	0
72	79	0
72	80	1
72	81	1
72	82	1
72	83	0
72	84	1
72	85	0
72	86	1
72	87	0
72	88	1
72	89	0
72	90	1
72	91	1
72	92	0
72	93	0
72	94	1
72	95	1
72	96	0
72	97	1
72	98	0
72	99	1
72	100	0
72	101	0
72	102	0
72	103	0
72	104	0
72	105	1
72	106	1
72	107	0
72	108	1
72	109	1
72	110	0
72	111	1
72	112	0
72	113	1
72	114	0
72	115	1
72	116	1
72	117	1
72	118	1
72	119	0
72	120	1
73	74	1
73	75	0
73	76	0
73	77	0
73	78	1
73	79	1
73	80	1
73	81	0
73	82	0
73	83	0
73	84	0
73	85	1
73	86	1
73	87	0
73	88	0
73	89	1
73	90	0
73	91	0
73	92	1
73	93	0
73	94	1
73	95	1
73	96	0
73	97	0
73	98	1
73	99	0
73	100	1
73	101	1
73	102	0
73	103	1
73	104	0
73	105	0
73	106	0
73	107	1
73	108	1
73	109	1
73	110	0
73	111	0
73	112	1
73	113	0
73	114	1
73	115	1
73	116	0
73	117	0
73	118	0
73	119	0
73	120	0
74	75	1
74	76	0
74	77	0
74	78	0
74	79	1
74	80	0
74	81	1
74	82	1
74	83	0
74	84	1
74	85	0
74	86	0
74	87	1
74	88	0
74	89	1
74	90	1
74	91	1
74	92	1
74	93	0
74	94	0
74	95	0
74	96	0
74	97	1
74	98	0
74	99	1
74	100	0
74	101	1
74	102	1
74	103	0
74	104	1
74	105	0
74	106	1
74	107	0
74	108	1
74	109	1
74	110	0
74	111	1
74	112	1
74	113	0
74	114	0
74	115	0
74	116	0
74	117	0
74	118	1
74	119	1
74	120	1
75	76	1
75	77	0
75	78	1
75	79	0
75	80	1
75	81	0
75	82	1
75	83	1
75	84	1
75	85	0
75	86	0
75	87	0
75	88	0
75	89	1
75	90	0
75	91	0
75	92	0
75	93	0
75	94	1
75	95	1
75	96	0
75	97	0
75	98	1
75	99	1
75	100	1
75	101	0
75	102	0
75	103	0
75	104	0
75	105	0
75	106	0
75	107	1
75	108	0
75	109	0
75	110	0
75	111	1
75	112	1
75	113	0
75	114	0
75	115	1
75	116	1
75	117	1
75	118	0
75	119	0
75	120	1
76	77	0
76	78	1
76	79	1
76	80	0
76	81	1
76	82	1
76	83	1
76	84	1
76	85	0
76	86	0
76	87	1
76	88	1
76	89	1
76	90	0
76	91	0
76	92	0
76	93	0
76	94	1
76	95	1
76	96	1
76	97	0
76	98	1
76	99	0
76	100	0
76	101	0
76	102	0
76	103	0
76	104	0
76	105	1
76	106	0
76	107	1
76	108	0
76	109	1
76	110	1
76	111	1
76	112	1
76	113	1
76	114	0
76	115	1
76	116	0
76	117	0
76	118	1
76	119	1
76	120	0
77	78	0
77	79	1
77	80	0
77	81	1
77	82	1
77	83	0
77	84	1
77	85	0
77	86	1
77	87	0
77	88	1
77	89	0
77	90	0
77	91	1
77	92	1
77	93	1
77	94	0
77	95	0
77	96	0
77	97	0
77	98	0
77	99	0
77	100	1
77	101	1
77	102	0
77	103	1
77	104	0
77	105	0
77	106	1
77	107	1
77	108	0
77	109	1
77	110	0
77	111	0
77	112	0
77	113	1
77	114	0
77	115	0
77	116	0
77	117	1
77	118	1
77	119	1
77	120	0
78	79	0
78	80	1
78	81	1
78	82	1
78	83	1
78	84	1
78	85	1
78	86	1
78	87	0
78	88	0
78	89	0
78	90	0
78	91	0
78	92	0
78	93	1
78	94	0
78	95	0
78	96	0
78	97	1
78	98	1
78	99	1
78	100	0
78	101	0
78	102	1
78	103	1
78	104	0
78	105	0
78	106	1
78	107	0
78	108	1
78	109	1
78	110	0
78	111	0
78	112	1
78	113	1
78	114	1
78	115	0
78	116	1
78	117	0
78	118	1
78	119	1
78	120	1
79	80	1
79	81	0
79	82	1
79	83	0
79	84	1
79	85	1
79	86	0
79	87	1
79	88	0
79	89	0
79	90	0
79	91	0
79	92	1
79	93	1
79	94	0
79	95	0
79	96	0
79	97	0
79	98	1
79	99	0
79	100	0
79	101	1
79	102	0
79	103	0
79	104	1
79	105	0
79	106	0
79	107	0
79	108	0
79	109	1
79	110	0
79	111	1
79	112	0
79	113	1
79	114	0
79	115	1
79	116	1
79	117	0
79	118	1
79	119	0
79	120	1
80	81	1
80	82	1
80	83	1
80	84	0
80	85	1
80	86	1
80	87	1
80	88	1
80	89	0
80	90	0
80	91	1
80	92	1
80	93	1
80	94	1
80	95	1
80	96	0
80	97	0
80	98	0
80	99	0
80	100	0
80	101	0
80	102	1
80	103	0
80	104	0
80	105	1
80	106	0
80	107	0
80	108	0
80	109	0
80	110	1
80	111	1
80	112	0
80	113	0
80	114	1
80	115	1
80	116	1
80	117	0
80	118	0
80	119	1
80	120	0
81	82	1
81	83	0
81	84	0
81	85	1
81	86	1
81	87	1
81	88	1
81	89	0
81	90	1
81	91	0
81	92	1
81	93	1
81	94	0
81	95	0
81	96	1
81	97	0
81	98	1
81	99	0
81	100	0
81	101	0
81	102	1
81	103	0
81	104	1
81	105	1
81	106	0
81	107	1
81	108	1
81	109	1
81	110	0
81	111	0
81	112	0
81	113	1
81	114	1
81	115	0
81	116	0
81	117	1
81	118	0
81	119	0
81	120	1
82	83	1
82	84	1
82	85	0
82	86	0
82	87	0
82	88	1
82	89	1
82	90	1
82	91	0
82	92	0
82	93	0
82	94	1
82	95	0
82	96	1
82	97	0
82	98	0
82	99	1
82	100	0
82	101	1
82	102	1
82	103	0
82	104	1
82	105	1
82	106	1
82	107	1
82	108	0
82	109	1
82	110	0
82	111	0
82	112	1
82	113	1
82	114	0
82	115	0
82	116	1
82	117	1
82	118	0
82	119	0
82	120	0
83	84	1
83	85	0
83	86	1
83	87	1
83	88	1
83	89	1
83	90	0
83	91	0
83	92	0
83	93	1
83	94	1
83	95	1
83	96	1
83	97	0
83	98	1
83	99	0
83	100	0
83	101	1
83	102	1
83	103	1
83	104	0
83	105	1
83	106	0
83	107	0
83	108	0
83	109	1
83	110	1
83	111	0
83	112	1
83	113	1
83	114	0
83	115	0
83	116	1
83	117	0
83	118	1
83	119	0
83	120	0
84	85	0
84	86	1
84	87	0
84	88	0
84	89	0
84	90	0
84	91	1
84	92	1
84	93	1
84	94	1
84	95	1
84	96	0
84	97	1
84	98	1
84	99	0
84	100	0
84	101	1
84	102	0
84	103	0
84	104	1
84	105	1
84	106	1
84	107	0
84	108	1
84	109	0
84	110	0
84	111	1
84	112	0
84	113	0
84	114	0
84	115	0
84	116	0
84	117	0
84	118	0
84	119	0
84	120	1
85	86	1
85	87	0
85	88	0
85	89	1
85	90	1
85	91	0
85	92	1
85	93	1
85	94	0
85	95	1
85	96	0
85	97	1
85	98	1
85	99	1
85	100	1
85	101	1
85	102	0
85	103	1
85	104	1
85	105	1
85	106	0
85	107	0
85	108	0
85	109	1
85	110	0
85	111	1
85	112	0
85	113	1
85	114	0
85	115	1
85	116	1
85	117	1
85	118	1
85	119	1
85	120	0
86	87	0
86	88	0
86	89	0
86	90	1
86	91	0
86	92	1
86	93	0
86	94	0
86	95	1
86	96	0
86	97	1
86	98	1
86	99	1
86	100	1
86	101	1
86	102	0
86	103	0
86	104	0
86	105	0
86	106	1
86	107	0
86	108	0
86	109	0
86	110	1
86	111	0
86	112	0
86	113	1
86	114	1
86	115	1
86	116	0
86	117	1
86	118	0
86	119	1
86	120	1
87	88	0
87	89	1
87	90	0
87	91	0
87	92	1
87	93	0
87	94	0
87	95	0
87	96	1
87	97	0
87	98	0
87	99	0
87	100	1
87	101	0
87	102	0
87	103	1
87	104	1
87	105	0
87	106	0
87	107	0
87	108	0
87	109	0
87	110	0
87	111	0
87	112	1
87	113	1
87	114	1
87	115	0
87	116	0
87	117	1
87	118	1
87	119	1
87	120	0
88	89	1
88	90	0
88	91	1
88	92	0
88	93	0
88	94	1
88	95	1
88	96	0
88	97	0
88	98	1
88	99	0
88	100	1
88	101	0
88	102	0
88	103	0
88	104	0
88	105	1
88	106	1
88	107	0
88	108	0
88	109	1
88	110	0
88	111	1
88	112	0
88	113	1
88	114	1
88	115	1
88	116	1
88	117	1
88	118	1
88	119	1
88	120	0
89	90	0
89	91	1
89	92	0
89	93	0
89	94	1
89	95	0
89	96	1
89	97	0
89	98	0
89	99	0
89	100	0
89	101	1
89	102	1
89	103	0
89	104	1
89	105	1
89	106	1
89	107	1
89	108	1
89	109	0
89	110	0
89	111	0
89	112	0
89	113	0
89	114	0
89	115	1
89	116	1
89	117	1
89	118	0
89	119	0
89	120	0
90	91	1
90	92	1
90	93	0
90	94	1
90	95	1
90	96	1
90	97	0
90	98	0
90	99	0
90	100	1
90	101	0
90	102	1
90	103	0
90	104	0
90	105	1
90	106	0
90	107	0
90	108	0
90	109	0
90	110	0
90	111	1
90	112	0
90	113	0
90	114	0
90	115	1
90	116	1
90	117	1
90	118	1
90	119	0
90	120	1
91	92	1
91	93	0
91	94	1
91	95	0
91	96	0
91	97	1
91	98	1
91	99	0
91	100	1
91	101	0
91	102	0
91	103	1
91	104	1
91	105	1
91	106	1
91	107	0
91	108	1
91	109	1
91	110	0
91	111	1
91	112	1
91	113	0
91	114	1
91	115	0
91	116	1
91	117	1
91	118	1
91	119	0
91	120	1
92	93	0
92	94	1
92	95	1
92	96	0
92	97	0
92	98	1
92	99	1
92	100	0
92	101	0
92	102	1
92	103	0
92	104	1
92	105	1
92	106	0
92	107	0
92	108	0
92	109	0
92	110	0
92	111	0
92	112	0
92	113	1
92	114	1
92	115	0
92	116	1
92	117	1
92	118	1
92	119	1
92	120	0
93	94	1
93	95	1
93	96	0
93	97	0
93	98	0
93	99	1
93	100	0
93	101	0
93	102	0
93	103	0
93	104	1
93	105	1
93	106	0
93	107	1
93	108	0
93	109	0
93	110	0
93	111	1
93	112	1
93	113	0
93	114	1
93	115	1
93	116	0
93	117	1
93	118	0
93	119	1
93	120	1
94	95	1
94	96	0
94	97	0
94	98	0
94	99	0
94	100	0
94	101	0
94	102	1
94	103	0
94	104	0
94	105	0
94	106	1
94	107	0
94	108	0
94	109	0
94	110	1
94	111	0
94	112	1
94	113	1
94	114	0
94	115	0
94	116	0
94	117	0
94	118	1
94	119	1
94	120	1
95	96	1
95	97	1
95	98	0
95	99	0
95	100	0
95	101	1
95	102	1
95	103	0
95	104	0
95	105	0
95	106	1
95	107	0
95	108	1
95	109	1
95	110	1
95	111	0
95	112	0
95	113	0
95	114	0
95	115	0
95	116	0
95	117	1
95	118	1
95	119	0
95	120	0
96	97	1
96	98	1
96	99	0
96	100	0
96	101	0
96	102	1
96	103	0
96	104	1
96	105	1
96	106	0
96	107	0
96	108	0
96	109	1
96	110	0
96	111	1
96	112	1
96	113	0
96	114	1
96	115	1
96	116	0
96	117	0
96	118	1
96	119	1
96	120	1
97	98	1
97	99	1
97	100	0
97	101	1
97	102	0
97	103	0
97	104	1
97	105	0
97	106	1
97	107	0
97	108	1
97	109	1
97	110	1
97	111	1
97	112	0
97	113	0
97	114	1
97	115	0
97	116	0
97	117	0
97	118	1
97	119	1
97	120	1
98	99	0
98	100	1
98	101	0
98	102	0
98	103	1
98	104	1
98	105	0
98	106	0
98	107	1
98	108	1
98	109	1
98	110	0
98	111	1
98	112	0
98	113	0
98	114	0
98	115	0
98	116	1
98	117	1
98	118	0
98	119	0
98	120	1
99	100	0
99	101	1
99	102	1
99	103	0
99	104	0
99	105	1
99	106	0
99	107	1
99	108	0
99	109	0
99	110	1
99	111	0
99	112	1
99	113	1
99	114	1
99	115	1
99	116	0
99	117	1
99	118	1
99	119	0
99	120	1
100	101	1
100	102	1
100	103	0
100	104	0
100	105	1
100	106	0
100	107	0
100	108	1
100	109	1
100	110	1
100	111	1
100	112	0
100	113	0
100	114	1
100	115	0
100	116	0
100	117	0
100	118	0
100	119	1
100	120	1
101	102	0
101	103	1
101	104	0
101	105	1
101	106	0
101	107	0
101	108	0
101	109	0
101	110	1
101	111	1
101	112	0
101	113	0
101	114	1
101	115	0
101	116	0
101	117	1
101	118	0
101	119	0
101	120	1
102	103	1
102	104	1
102	105	0
102	106	1
102	107	0
102	108	1
102	109	1
102	110	0
102	111	0
102	112	1
102	113	1
102	114	1
102	115	1
102	116	0
102	117	0
102	118	1
102	119	0
102	120	1
103	104	0
103	105	1
103	106	0
103	107	1
103	108	1
103	109	1
103	110	0
103	111	1
103	112	1
103	113	0
103	114	1
103	115	1
103	116	1
103	117	0
103	118	0
103	119	1
103	120	0
104	105	1
104	106	0
104	107	1
104	108	1
104	109	1
104	110	1
104	111	1
104	112	1
104	113	0
104	114	1
104	115	0
104	116	1
104	117	1
104	118	1
104	119	0
104	120	0
105	106	0
105	107	1
105	108	1
105	109	0
105	110	1
105	111	0
105	112	1
105	113	0
105	114	1
105	115	1
105	116	1
105	117	0
105	118	0
105	119	0
105	120	1
106	107	0
106	108	0
106	109	1
106	110	0
106	111	1
106	112	1
106	113	1
106	114	0
106	115	1
106	116	0
106	117	0
106	118	0
106	119	0
106	120	0
107	108	0
107	109	1
107	110	0
107	111	0
107	112	0
107	113	0
107	114	0
107	115	1
107	116	0
107	117	1
107	118	1
107	119	0
107	120	0
108	109	0
108	110	1
108	111	1
108	112	1
108	113	0
108	114	1
108	115	1
108	116	1
108	117	1
108	118	1
108	119	0
108	120	0
109	110	1
109	111	0
109	112	1
109	113	1
109	114	0
109	115	0
109	116	0
109	117	1
109	118	0
109	119	1
109	120	1
110	111	0
110	112	0
110	113	1
110	114	0
110	115	1
110	116	1
110	117	0
110	118	0
110	119	0
110	120	0
111	112	0
111	113	0
111	114	0
111	115	1
111	116	0
111	117	1
111	118	0
111	119	1
111	120	0
112	113	0
112	114	0
112	115	0
112	116	0
112	117	1
112	118	0
112	119	1
112	120	1
113	114	1
113	115	1
113	116	0
113	117	1
113	118	0
113	119	0
113	120	1
114	115	1
114	116	1
114	117	1
114	118	1
114	119	1
114	120	0
115	116	1
115	117	1
115	118	1
115	119	1
115	120	0
116	117	1
116	118	1
116	119	1
116	120	0
117	118	1
117	119	0
117	120	1
118	119	0
118	120	0
119	120	1
