120	7140	0
1	2	0
1	3	1
1	4	0
1	5	0
1	6	0
1	7	1
1	8	1
1	9	0
1	10	0
1	11	0
1	12	0
1	13	0
1	14	1
1	15	1
1	16	1
1	17	0
1	18	0
1	19	1
1	20	0
1	21	1
1	22	0
1	23	0
1	24	1
1	25	1
1	26	1
1	27	1
1	28	0
1	29	0
1	30	0
1	31	0
1	32	1
1	33	1
1	34	0
1	35	1
1	36	0
1	37	0
1	38	0
1	39	0
1	40	1
1	41	0
1	42	0
1	43	0
1	44	0
1	45	0
1	46	1
1	47	0
1	48	0
1	49	1
1	50	1
1	51	0
1	52	0
1	53	1
1	54	1
1	55	1
1	56	0
1	57	0
1	58	1
1	59	1
1	60	0
1	61	0
1	62	0
1	63	0
1	64	0
1	65	1
1	66	0
1	67	1
1	68	0
1	69	1
1	70	1
1	71	1
1	72	0
1	73	0
1	74	0
1	75	0
1	76	1
1	77	0
1	78	1
1	79	1
1	80	1
1	81	0
1	82	0
1	83	0
1	84	1
1	85	0
1	86	1
1	87	0
1	88	0
1	89	1
1	90	0
1	91	1
1	92	1
1	93	1
1	94	0
1	95	0
1	96	0
1	97	1
1	98	0
1	99	0
1	100	0
1	101	0
1	102	0
1	103	0
1	104	1
1	105	1
1	106	0
1	107	1
1	108	0
1	109	0
1	110	1
1	111	0
1	112	1
1	113	1
1	114	1
1	115	1
1	116	0
1	117	0
1	118	1
1	119	0
1	120	1
2	3	0
2	4	0
2	5	1
2	6	0
2	7	1
2	8	1
2	9	0
2	10	0
2	11	0
2	12	0
2	13	1
2	14	0
2	15	1
2	16	1
2	17	1
2	18	0
2	19	1
2	20	1
2	21	0
2	22	0
2	23	1
2	24	1
2	25	1
2	26	1
2	27	0
2	28	1
2	29	1
2	30	0
2	31	0
2	32	1
2	33	1
2	34	1
2	35	1
2	36	0
2	37	1
2	38	1
2	39	1
2	40	0
2	41	0
2	42	0
2	43	1
2	44	1
2	45	1
2	46	1
2	47	1
2	48	0
2	49	0
2	50	1
2	51	1
2	52	1
2	53	1
2	54	1
2	55	0
2	56	0
2	57	1
2	58	0
2	59	0
2	60	1
2	61	1
2	62	1
2	63	1
2	64	0
2	65	1
2	66	0
2	67	1
2	68	1
2	69	1
2	70	1
2	71	0
2	72	0
2	73	1
2	74	1
2	75	1
2	76	1
2	77	0
2	78	1
2	79	1
2	80	0
2	81	1
2	82	0
2	83	1
2	84	1
2	85	1
2	86	1
2	87	0
2	88	1
2	89	0
2	90	0
2	91	1
2	92	0
2	93	1
2	94	1
2	95	1
2	96	0
2	97	0
2	98	0
2	99	0
2	100	1
2	101	1
2	102	0
2	103	1
2	104	1
2	105	0
2	106	1
2	107	1
2	108	0
2	109	1
2	110	1
2	111	1
2	112	0
2	113	0
2	114	0
2	115	0
2	116	0
2	117	1
2	118	0
2	119	0
2	120	0
3	4	1
3	5	1
3	6	1
3	7	1
3	8	0
3	9	0
3	10	1
3	11	1
3	12	0
3	13	0
3	14	0
3	15	0
3	16	1
3	17	0
3	18	0
3	19	1
3	20	0
3	21	0
3	22	0
3	23	1
3	24	1
3	25	0
3	26	1
3	27	1
3	28	1
3	29	1
3	30	0
3	31	0
3	32	0
3	33	1
3	34	0
3	35	1
3	36	1
3	37	1
3	38	1
3	39	1
3	40	0
3	41	0
3	42	0
3	43	1
3	44	1
3	45	1
3	46	0
3	47	1
3	48	0
3	49	1
3	50	0
3	51	0
3	52	0
3	53	0
3	54	1
3	55	1
3	56	1
3	57	1
3	58	1
3	59	1
3	60	0
3	61	0
3	62	0
3	63	1
3	64	1
3	65	1
3	66	1
3	67	0
3	68	0
3	69	1
3	70	0
3	71	0
3	72	1
3	73	0
3	74	0
3	75	0
3	76	0
3	77	0
3	78	0
3	79	0
3	80	1
3	81	0
3	82	0
3	83	0
3	84	1
3	85	1
3	86	1
3	87	0
3	88	1
3	89	1
3	90	1
3	91	1
3	92	0
3	93	0
3	94	1
3	95	1
3	96	0
3	97	0
3	98	0
3	99	0
3	100	1
3	101	0
3	102	1
3	103	1
3	104	1
3	105	1
3	106	1
3	107	0
3	108	0
3	109	1
3	110	1
3	111	0
3	112	1
3	113	0
3	114	1
3	115	1
3	116	0
3	117	0
3	118	1
3	119	1
3	120	1
4	5	0
4	6	0
4	7	1
4	8	0
4	9	0
4	10	0
4	11	0
4	12	0
4	13	0
4	14	1
4	15	1
4	16	0
4	17	1
4	18	1
4	19	1
4	20	1
4	21	0
4	22	1
4	23	1
4	24	0
4	25	0
4	26	0
4	27	1
4	28	0
4	29	1
4	30	0
4	31	1
4	32	0
4	33	0
4	34	0
4	35	0
4	36	1
4	37	0
4	38	1
4	39	0
4	40	1
4	41	1
4	42	1
4	43	0
4	44	0
4	45	0
4	46	1
4	47	0
4	48	1
4	49	0
4	50	0
4	51	1
4	52	1
4	53	0
4	54	1
4	55	0
4	56	1
4	57	1
4	58	0
4	59	1
4	60	1
4	61	0
4	62	0
4	63	0
4	64	0
4	65	0
4	66	1
4	67	0
4	68	1
4	69	1
4	70	1
4	71	0
4	72	1
4	73	0
4	74	0
4	75	0
4	76	1
4	77	0
4	78	1
4	79	0
4	80	0
4	81	0
4	82	0
4	83	1
4	84	1
4	85	1
4	86	0
4	87	1
4	88	0
4	89	0
4	90	0
4	91	0
4	92	1
4	93	0
4	94	1
4	95	0
4	96	1
4	97	0
4	98	1
4	99	1
4	100	1
4	101	1
4	102	0
4	103	0
4	104	1
4	105	1
4	106	0
4	107	1
4	108	1
4	109	1
4	110	1
4	111	0
4	112	1
4	113	0
4	114	1
4	115	0
4	116	1
4	117	0
4	118	0
4	119	0
4	120	0
5	6	1
5	7	1
5	8	0
5	9	0
5	10	0
5	11	1
5	12	1
5	13	1
5	14	1
5	15	0
5	16	0
5	17	0
5	18	1
5	19	0
5	20	1
5	21	1
5	22	1
5	23	1
5	24	1
5	25	0
5	26	0
5	27	1
5	28	0
5	29	0
5	30	1
5	31	1
5	32	0
5	33	0
5	34	1
5	35	0
5	36	1
5	37	0
5	38	1
5	39	0
5	40	0
5	41	0
5	42	1
5	43	1
5	44	0
5	45	1
5	46	1
5	47	1
5	48	1
5	49	1
5	50	1
5	51	1
5	52	1
5	53	0
5	54	1
5	55	1
5	56	0
5	57	1
5	58	1
5	59	1
5	60	1
5	61	0
5	62	1
5	63	1
5	64	1
5	65	1
5	66	0
5	67	1
5	68	0
5	69	1
5	70	1
5	71	1
5	72	1
5	73	1
5	74	1
5	75	0
5	76	0
5	77	1
5	78	0
5	79	0
5	80	1
5	81	1
5	82	0
5	83	1
5	84	1
5	85	0
5	86	1
5	87	0
5	88	0
5	89	0
5	90	1
5	91	0
5	92	0
5	93	1
5	94	0
5	95	1
5	96	0
5	97	0
5	98	0
5	99	0
5	100	1
5	101	1
5	102	0
5	103	0
5	104	1
5	105	1
5	106	0
5	107	0
5	108	0
5	109	1
5	110	1
5	111	1
5	112	0
5	113	0
5	114	1
5	115	0
5	116	1
5	117	1
5	118	0
5	119	1
5	120	0
6	7	1
6	8	0
6	9	0
6	10	0
6	11	1
6	12	1
6	13	1
6	14	0
6	15	1
6	16	0
6	17	1
6	18	0
6	19	1
6	20	0
6	21	0
6	22	1
6	23	1
6	24	0
6	25	0
6	26	0
6	27	0
6	28	1
6	29	1
6	30	1
6	31	1
6	32	0
6	33	1
6	34	1
6	35	0
6	36	1
6	37	0
6	38	1
6	39	0
6	40	0
6	41	0
6	42	0
6	43	0
6	44	0
6	45	0
6	46	0
6	47	1
6	48	0
6	49	0
6	50	1
6	51	0
6	52	0
6	53	1
6	54	0
6	55	1
6	56	0
6	57	1
6	58	0
6	59	1
6	60	1
6	61	0
6	62	1
6	63	0
6	64	0
6	65	0
6	66	1
6	67	1
6	68	0
6	69	1
6	70	1
6	71	0
6	72	1
6	73	1
6	74	1
6	75	1
6	76	0
6	77	1
6	78	1
6	79	1
6	80	0
6	81	0
6	82	1
6	83	1
6	84	0
6	85	0
6	86	1
6	87	0
6	88	0
6	89	0
6	90	0
6	91	1
6	92	0
6	93	0
6	94	0
6	95	0
6	96	1
6	97	1
6	98	0
6	99	0
6	100	0
6	101	0
6	102	0
6	103	1
6	104	0
6	105	0
6	106	0
6	107	0
6	108	1
6	109	1
6	110	0
6	111	0
6	112	0
6	113	1
6	114	0
6	115	1
6	116	0
6	117	1
6	118	0
6	119	0
6	120	1
7	8	1
7	9	0
7	10	0
7	11	1
7	12	1
7	13	1
7	14	1
7	15	0
7	16	1
7	17	1
7	18	1
7	19	0
7	20	0
7	21	1
7	22	1
7	23	0
7	24	1
7	25	1
7	26	1
7	27	0
7	28	0
7	29	0
7	30	1
7	31	0
7	32	1
7	33	0
7	34	1
7	35	1
7	36	1
7	37	0
7	38	0
7	39	1
7	40	0
7	41	1
7	42	0
7	43	1
7	44	1
7	45	0
7	46	1
7	47	1
7	48	1
7	49	1
7	50	1
7	51	0
7	52	0
7	53	0
7	54	1
7	55	1
7	56	1
7	57	0
7	58	1
7	59	1
7	60	1
7	61	1
7	62	0
7	63	1
7	64	1
7	65	0
7	66	1
7	67	1
7	68	1
7	69	0
7	70	0
7	71	0
7	72	0
7	73	1
7	74	0
7	75	1
7	76	1
7	77	0
7	78	0
7	79	0
7	80	0
7	81	1
7	82	0
7	83	0
7	84	1
7	85	0
7	86	1
7	87	0
7	88	0
7	89	1
7	90	0
7	91	0
7	92	0
7	93	0
7	94	0
7	95	0
7	96	0
7	97	0
7	98	0
7	99	1
7	100	1
7	101	0
7	102	1
7	103	1
7	104	0
7	105	0
7	106	0
7	107	0
7	108	0
7	109	1
7	110	0
7	111	1
7	112	0
7	113	0
7	114	0
7	115	0
7	116	0
7	117	0
7	118	0
7	119	1
7	120	0
8	9	0
8	10	1
8	11	1
8	12	1
8	13	0
8	14	0
8	15	1
8	16	1
8	17	0
8	18	0
8	19	0
8	20	1
8	21	0
8	22	0
8	23	0
8	24	0
8	25	0
8	26	0
8	27	0
8	28	1
8	29	1
8	30	1
8	31	1
8	32	1
8	33	1
8	34	0
8	35	0
8	36	0
8	37	1
8	38	1
8	39	1
8	40	0
8	41	0
8	42	1
8	43	0
8	44	0
8	45	1
8	46	1
8	47	0
8	48	1
8	49	1
8	50	1
8	51	0
8	52	0
8	53	1
8	54	0
8	55	1
8	56	0
8	57	0
8	58	1
8	59	0
8	60	0
8	61	1
8	62	1
8	63	1
8	64	1
8	65	1
8	66	1
8	67	1
8	68	1
8	69	1
8	70	1
8	71	0
8	72	0
8	73	0
8	74	1
8	75	0
8	76	1
8	77	1
8	78	0
8	79	1
8	80	1
8	81	0
8	82	0
8	83	0
8	84	1
8	85	0
8	86	0
8	87	1
8	88	0
8	89	0
8	90	0
8	91	0
8	92	0
8	93	1
8	94	1
8	95	1
8	96	1
8	97	1
8	98	0
8	99	1
8	100	0
8	101	1
8	102	0
8	103	0
8	104	0
8	105	1
8	106	1
8	107	1
8	108	0
8	109	1
8	110	1
8	111	1
8	112	0
8	113	0
8	114	1
8	115	0
8	116	0
8	117	1
8	118	1
8	119	0
8	120	0
9	10	0
9	11	1
9	12	1
9	13	0
9	14	0
9	15	1
9	16	0
9	17	0
9	18	0
9	19	0
9	20	1
9	21	1
9	22	1
9	23	1
9	24	0
9	25	0
9	26	1
9	27	0
9	28	0
9	29	0
9	30	0
9	31	1
9	32	1
9	33	0
9	34	0
9	35	1
9	36	0
9	37	0
9	38	0
9	39	0
9	40	1
9	41	1
9	42	1
9	43	1
9	44	0
9	45	0
9	46	1
9	47	1
9	48	1
9	49	1
9	50	0
9	51	1
9	52	1
9	53	1
9	54	0
9	55	0
9	56	0
9	57	1
9	58	0
9	59	0
9	60	0
9	61	1
9	62	0
9	63	1
9	64	1
9	65	1
9	66	0
9	67	0
9	68	0
9	69	0
9	70	1
9	71	1
9	72	1
9	73	0
9	74	0
9	75	1
9	76	0
9	77	1
9	78	0
9	79	1
9	80	1
9	81	0
9	82	0
9	83	1
9	84	0
9	85	1
9	86	0
9	87	1
9	88	1
9	89	1
9	90	0
9	91	1
9	92	0
9	93	1
9	94	0
9	95	1
9	96	1
9	97	0
9	98	0
9	99	1
9	100	0
9	101	0
9	102	0
9	103	0
9	104	0
9	105	1
9	106	0
9	107	1
9	108	0
9	109	1
9	110	1
9	111	1
9	112	1
9	113	0
9	114	1
9	115	1
9	116	1
9	117	0
9	118	1
9	119	1
9	120	1
10	11	1
10	12	1
10	13	0
10	14	0
10	15	0
10	16	1
10	17	1
10	18	1
10	19	0
10	20	0
10	21	1
10	22	0
10	23	0
10	24	1
10	25	0
10	26	0
10	27	1
10	28	0
10	29	0
10	30	1
10	31	0
10	32	0
10	33	0
10	34	1
10	35	1
10	36	0
10	37	1
10	38	0
10	39	1
10	40	0
10	41	1
10	42	0
10	43	0
10	44	1
10	45	0
10	46	1
10	47	0
10	48	1
10	49	0
10	50	1
10	51	0
10	52	1
10	53	0
10	54	1
10	55	0
10	56	0
10	57	0
10	58	1
10	59	0
10	60	1
10	61	0
10	62	0
10	63	0
10	64	0
10	65	1
10	66	1
10	67	0
10	68	0
10	69	1
10	70	0
10	71	0
10	72	1
10	73	1
10	74	1
10	75	1
10	76	1
10	77	1
10	78	0
10	79	1
10	80	1
10	81	1
10	82	1
10	83	1
10	84	0
10	85	1
10	86	0
10	87	0
10	88	0
10	89	0
10	90	1
10	91	0
10	92	0
10	93	1
10	94	0
10	95	0
10	96	0
10	97	1
10	98	0
10	99	0
10	100	0
10	101	0
10	102	1
10	103	0
10	104	1
10	105	0
10	106	0
10	107	1
10	108	1
10	109	0
10	110	0
10	111	0
10	112	1
10	113	1
10	114	0
10	115	1
10	116	0
10	117	1
10	118	0
10	119	0
10	120	0
11	12	1
11	13	0
11	14	0
11	15	0
11	16	1
11	17	1
11	18	1
11	19	1
11	20	1
11	21	0
11	22	1
11	23	1
11	24	1
11	25	0
11	26	0
11	27	1
11	28	0
11	29	1
11	30	0
11	31	1
11	32	1
11	33	0
11	34	0
11	35	0
11	36	1
11	37	0
11	38	1
11	39	1
11	40	0
11	41	0
11	42	1
11	43	0
11	44	0
11	45	0
11	46	1
11	47	1
11	48	0
11	49	1
11	50	1
11	51	1
11	52	0
11	53	0
11	54	0
11	55	1
11	56	0
11	57	1
11	58	0
11	59	0
11	60	0
11	61	0
11	62	0
11	63	1
11	64	0
11	65	1
11	66	0
11	67	0
11	68	1
11	69	0
11	70	0
11	71	1
11	72	1
11	73	1
11	74	1
11	75	0
11	76	1
11	77	1
11	78	1
11	79	1
11	80	0
11	81	1
11	82	1
11	83	1
11	84	1
11	85	0
11	86	0
11	87	1
11	88	0
11	89	1
11	90	0
11	91	1
11	92	1
11	93	0
11	94	1
11	95	0
11	96	0
11	97	0
11	98	1
11	99	1
11	100	1
11	101	1
11	102	1
11	103	1
11	104	0
11	105	0
11	106	0
11	107	1
11	108	1
11	109	0
11	110	0
11	111	0
11	112	0
11	113	0
11	114	1
11	115	0
11	116	0
11	117	0
11	118	0
11	119	1
11	120	0
12	13	1
12	14	1
12	15	0
12	16	1
12	17	0
12	18	1
12	19	0
12	20	0
12	21	0
12	22	0
12	23	0
12	24	1
12	25	0
12	26	0
12	27	1
12	28	1
12	29	0
12	30	1
12	31	1
12	32	1
12	33	1
12	34	1
12	35	0
12	36	1
12	37	1
12	38	1
12	39	1
12	40	1
12	41	1
12	42	0
12	43	1
12	44	0
12	45	1
12	46	1
12	47	1
12	48	1
12	49	1
12	50	0
12	51	1
12	52	0
12	53	1
12	54	1
12	55	0
12	56	1
12	57	0
12	58	1
12	59	1
12	60	0
12	61	1
12	62	1
12	63	0
12	64	1
12	65	1
12	66	1
12	67	0
12	68	1
12	69	0
12	70	1
12	71	1
12	72	0
12	73	0
12	74	1
12	75	1
12	76	1
12	77	1
12	78	1
12	79	1
12	80	1
12	81	0
12	82	0
12	83	1
12	84	1
12	85	0
12	86	1
12	87	1
12	88	0
12	89	0
12	90	1
12	91	0
12	92	1
12	93	1
12	94	0
12	95	1
12	96	1
12	97	1
12	98	0
12	99	0
12	100	0
12	101	1
12	102	0
12	103	1
12	104	1
12	105	1
12	106	0
12	107	0
12	108	1
12	109	1
12	110	1
12	111	1
12	112	1
12	113	0
12	114	0
12	115	1
12	116	0
12	117	0
12	118	0
12	119	1
12	120	0
13	14	1
13	15	0
13	16	0
13	17	0
13	18	1
13	19	0
13	20	0
13	21	0
13	22	1
13	23	0
13	24	0
13	25	1
13	26	0
13	27	1
13	28	0
13	29	1
13	30	1
13	31	1
13	32	0
13	33	0
13	34	0
13	35	0
13	36	1
13	37	1
13	38	0
13	39	0
13	40	1
13	41	0
13	42	0
13	43	1
13	44	0
13	45	0
13	46	0
13	47	1
13	48	0
13	49	0
13	50	1
13	51	0
13	52	1
13	53	1
13	54	0
13	55	0
13	56	0
13	57	1
13	58	1
13	59	1
13	60	1
13	61	0
13	62	0
13	63	0
13	64	0
13	65	0
13	66	1
13	67	0
13	68	0
13	69	1
13	70	0
13	71	0
13	72	0
13	73	1
13	74	1
13	75	0
13	76	0
13	77	1
13	78	0
13	79	0
13	80	0
13	81	0
13	82	1
13	83	1
13	84	0
13	85	1
13	86	1
13	87	0
13	88	0
13	89	0
13	90	0
13	91	1
13	92	1
13	93	1
13	94	1
13	95	1
13	96	1
13	97	0
13	98	0
13	99	1
13	100	0
13	101	0
13	102	1
13	103	1
13	104	0
13	105	1
13	106	1
13	107	0
13	108	1
13	109	1
13	110	0
13	111	0
13	112	0
13	113	1
13	114	0
13	115	0
13	116	0
13	117	0
13	118	1
13	119	1
13	120	1
14	15	1
14	16	0
14	17	1
14	18	1
14	19	1
14	20	0
14	21	0
14	22	0
14	23	1
14	24	0
14	25	0
14	26	1
14	27	0
14	28	0
14	29	1
14	30	1
14	31	0
14	32	1
14	33	1
14	34	0
14	35	0
14	36	0
14	37	1
14	38	1
14	39	1
14	40	1
14	41	1
14	42	0
14	43	1
14	44	0
14	45	1
14	46	0
14	47	0
14	48	0
14	49	1
14	50	0
14	51	0
14	52	1
14	53	1
14	54	1
14	55	1
14	56	0
14	57	1
14	58	1
14	59	0
14	60	1
14	61	1
14	62	1
14	63	1
14	64	1
14	65	1
14	66	1
14	67	1
14	68	0
14	69	0
14	70	1
14	71	0
14	72	0
14	73	0
14	74	1
14	75	0
14	76	1
14	77	0
14	78	1
14	79	1
14	80	0
14	81	0
14	82	0
14	83	1
14	84	0
14	85	0
14	86	1
14	87	0
14	88	0
14	89	0
14	90	0
14	91	1
14	92	0
14	93	0
14	94	1
14	95	1
14	96	1
14	97	1
14	98	0
14	99	0
14	100	1
14	101	1
14	102	1
14	103	0
14	104	1
14	105	1
14	106	0
14	107	1
14	108	0
14	109	1
14	110	0
14	111	1
14	112	1
14	113	1
14	114	0
14	115	0
14	116	0
14	117	1
14	118	1
14	119	0
14	120	1
15	16	0
15	17	0
15	18	1
15	19	0
15	20	0
15	21	0
15	22	0
15	23	1
15	24	1
15	25	1
15	26	0
15	27	1
15	28	0
15	29	1
15	30	1
15	31	0
15	32	1
15	33	0
15	34	1
15	35	1
15	36	1
15	37	0
15	38	0
15	39	1
15	40	0
15	41	0
15	42	1
15	43	1
15	44	1
15	45	1
15	46	0
15	47	1
15	48	0
15	49	0
15	50	0
15	51	0
15	52	1
15	53	0
15	54	1
15	55	0
15	56	0
15	57	1
15	58	1
15	59	1
15	60	0
15	61	0
15	62	1
15	63	1
15	64	1
15	65	0
15	66	0
15	67	1
15	68	1
15	69	0
15	70	1
15	71	0
15	72	0
15	73	0
15	74	0
15	75	0
15	76	1
15	77	1
15	78	1
15	79	0
15	80	1
15	81	1
15	82	1
15	83	0
15	84	1
15	85	1
15	86	0
15	87	1
15	88	1
15	89	0
15	90	0
15	91	0
15	92	0
15	93	1
15	94	0
15	95	1
15	96	0
15	97	1
15	98	0
15	99	1
15	100	0
15	101	0
15	102	1
15	103	0
15	104	1
15	105	0
15	106	1
15	107	0
15	108	0
15	109	1
15	110	0
15	111	1
15	112	1
15	113	1
15	114	1
15	115	1
15	116	0
15	117	1
15	118	1
15	119	0
15	120	0
16	17	1
16	18	0
16	19	0
16	20	0
16	21	1
16	22	1
16	23	1
16	24	0
16	25	1
16	26	0
16	27	0
16	28	0
16	29	1
16	30	1
16	31	0
16	32	1
16	33	1
16	34	0
16	35	1
16	36	0
16	37	1
16	38	1
16	39	0
16	40	0
16	41	1
16	42	0
16	43	0
16	44	1
16	45	0
16	46	0
16	47	1
16	48	1
16	49	0
16	50	1
16	51	0
16	52	1
16	53	0
16	54	1
16	55	1
16	56	1
16	57	1
16	58	0
16	59	0
16	60	1
16	61	1
16	62	0
16	63	1
16	64	0
16	65	1
16	66	0
16	67	0
16	68	0
16	69	1
16	70	1
16	71	0
16	72	1
16	73	0
16	74	0
16	75	0
16	76	1
16	77	1
16	78	1
16	79	1
16	80	1
16	81	1
16	82	0
16	83	0
16	84	0
16	85	0
16	86	1
16	87	1
16	88	0
16	89	0
16	90	0
16	91	0
16	92	1
16	93	1
16	94	1
16	95	0
16	96	1
16	97	1
16	98	1
16	99	1
16	100	0
16	101	1
16	102	0
16	103	1
16	104	0
16	105	1
16	106	0
16	107	0
16	108	0
16	109	0
16	110	1
16	111	0
16	112	1
16	113	0
16	114	1
16	115	0
16	116	0
16	117	0
16	118	1
16	119	1
16	120	0
17	18	1
17	19	1
17	20	1
17	21	1
17	22	0
17	23	1
17	24	0
17	25	0
17	26	0
17	27	1
17	28	0
17	29	0
17	30	1
17	31	0
17	32	1
17	33	1
17	34	1
17	35	1
17	36	1
17	37	1
17	38	0
17	39	0
17	40	0
17	41	1
17	42	1
17	43	1
17	44	0
17	45	1
17	46	0
17	47	0
17	48	0
17	49	1
17	50	1
17	51	0
17	52	0
17	53	0
17	54	1
17	55	1
17	56	1
17	57	1
17	58	1
17	59	1
17	60	0
17	61	1
17	62	0
17	63	0
17	64	0
17	65	1
17	66	0
17	67	1
17	68	0
17	69	0
17	70	0
17	71	0
17	72	0
17	73	0
17	74	1
17	75	1
17	76	1
17	77	1
17	78	1
17	79	0
17	80	1
17	81	1
17	82	1
17	83	0
17	84	0
17	85	0
17	86	0
17	87	1
17	88	1
17	89	0
17	90	1
17	91	0
17	92	0
17	93	1
17	94	1
17	95	0
17	96	1
17	97	1
17	98	1
17	99	1
17	100	1
17	101	1
17	102	0
17	103	0
17	104	0
17	105	1
17	106	0
17	107	1
17	108	0
17	109	0
17	110	0
17	111	0
17	112	1
17	113	0
17	114	0
17	115	0
17	116	0
17	117	0
17	118	0
17	119	1
17	120	0
18	19	0
18	20	0
18	21	1
18	22	0
18	23	0
18	24	1
18	25	0
18	26	0
18	27	1
18	28	1
18	29	0
18	30	0
18	31	1
18	32	1
18	33	1
18	34	1
18	35	1
18	36	1
18	37	0
18	38	0
18	39	1
18	40	1
18	41	1
18	42	0
18	43	0
18	44	1
18	45	1
18	46	0
18	47	0
18	48	1
18	49	0
18	50	1
18	51	0
18	52	1
18	53	0
18	54	0
18	55	1
18	56	1
18	57	0
18	58	0
18	59	1
18	60	1
18	61	0
18	62	0
18	63	1
18	64	1
18	65	0
18	66	0
18	67	0
18	68	0
18	69	0
18	70	0
18	71	1
18	72	0
18	73	1
18	74	0
18	75	1
18	76	1
18	77	0
18	78	1
18	79	0
18	80	1
18	81	0
18	82	1
18	83	1
18	84	0
18	85	1
18	86	1
18	87	1
18	88	0
18	89	1
18	90	0
18	91	1
18	92	1
18	93	1
18	94	0
18	95	1
18	96	0
18	97	1
18	98	0
18	99	0
18	100	1
18	101	1
18	102	0
18	103	0
18	104	1
18	105	1
18	106	0
18	107	0
18	108	1
18	109	1
18	110	1
18	111	0
18	112	0
18	113	1
18	114	0
18	115	1
18	116	1
18	117	0
18	118	1
18	119	0
18	120	0
19	20	0
19	21	1
19	22	1
19	23	0
19	24	0
19	25	0
19	26	0
19	27	0
19	28	1
19	29	0
19	30	0
19	31	0
19	32	1
19	33	0
19	34	1
19	35	0
19	36	0
19	37	0
19	38	0
19	39	0
19	40	1
19	41	1
19	42	1
19	43	0
19	44	1
19	45	0
19	46	1
19	47	0
19	48	0
19	49	0
19	50	0
19	51	0
19	52	0
19	53	1
19	54	0
19	55	0
19	56	0
19	57	1
19	58	0
19	59	0
19	60	0
19	61	0
19	62	1
19	63	0
19	64	0
19	65	1
19	66	1
19	67	0
19	68	1
19	69	0
19	70	1
19	71	1
19	72	1
19	73	1
19	74	0
19	75	0
19	76	0
19	77	1
19	78	1
19	79	0
19	80	1
19	81	0
19	82	0
19	83	0
19	84	1
19	85	1
19	86	0
19	87	1
19	88	0
19	89	1
19	90	1
19	91	1
19	92	1
19	93	1
19	94	0
19	95	1
19	96	0
19	97	1
19	98	0
19	99	0
19	100	1
19	101	0
19	102	1
19	103	0
19	104	1
19	105	1
19	106	1
19	107	1
19	108	1
19	109	1
19	110	0
19	111	0
19	112	0
19	113	0
19	114	1
19	115	1
19	116	0
19	117	0
19	118	1
19	119	1
19	120	1
20	21	0
20	22	1
20	23	1
20	24	0
20	25	1
20	26	1
20	27	1
20	28	1
20	29	0
20	30	0
20	31	0
20	32	1
20	33	1
20	34	0
20	35	1
20	36	1
20	37	1
20	38	0
20	39	0
20	40	1
20	41	0
20	42	1
20	43	1
20	44	0
20	45	0
20	46	1
20	47	1
20	48	0
20	49	0
20	50	1
20	51	0
20	52	1
20	53	1
20	54	0
20	55	1
20	56	0
20	57	1
20	58	1
20	59	1
20	60	1
20	61	0
20	62	0
20	63	0
20	64	0
20	65	0
20	66	1
20	67	1
20	68	0
20	69	0
20	70	1
20	71	1
20	72	1
20	73	0
20	74	1
20	75	1
20	76	0
20	77	1
20	78	1
20	79	0
20	80	1
20	81	0
20	82	1
20	83	0
20	84	1
20	85	1
20	86	1
20	87	0
20	88	0
20	89	0
20	90	0
20	91	0
20	92	1
20	93	1
20	94	1
20	95	1
20	96	0
20	97	0
20	98	0
20	99	0
20	100	1
20	101	1
20	102	1
20	103	1
20	104	1
20	105	0
20	106	1
20	107	1
20	108	1
20	109	0
20	110	1
20	111	1
20	112	1
20	113	0
20	114	1
20	115	1
20	116	0
20	117	0
20	118	0
20	119	1
20	120	1
21	22	0
21	23	0
21	24	1
21	25	1
21	26	0
21	27	0
21	28	1
21	29	1
21	30	1
21	31	0
21	32	0
21	33	0
21	34	1
21	35	0
21	36	1
21	37	0
21	38	0
21	39	1
21	40	1
21	41	0
21	42	1
21	43	0
21	44	1
21	45	1
21	46	0
21	47	0
21	48	0
21	49	1
21	50	1
21	51	1
21	52	1
21	53	1
21	54	0
21	55	0
21	56	0
21	57	1
21	58	0
21	59	1
21	60	1
21	61	1
21	62	0
21	63	1
21	64	0
21	65	0
21	66	0
21	67	1
21	68	0
21	69	1
21	70	1
21	71	1
21	72	1
21	73	1
21	74	1
21	75	0
21	76	0
21	77	1
21	78	0
21	79	1
21	80	1
21	81	1
21	82	1
21	83	0
21	84	0
21	85	0
21	86	0
21	87	1
21	88	1
21	89	1
21	90	1
21	91	0
21	92	1
21	93	1
21	94	1
21	95	0
21	96	0
21	97	0
21	98	1
21	99	0
21	100	1
21	101	0
21	102	0
21	103	0
21	104	1
21	105	0
21	106	0
21	107	1
21	108	1
21	109	1
21	110	1
21	111	0
21	112	0
21	113	0
21	114	0
21	115	0
21	116	1
21	117	1
21	118	1
21	119	1
21	120	1
22	23	1
22	24	1
22	25	0
22	26	1
22	27	0
22	28	0
22	29	1
22	30	1
22	31	0
22	32	1
22	33	0
22	34	1
22	35	1
22	36	1
22	37	0
22	38	0
22	39	1
22	40	1
22	41	1
22	42	0
22	43	1
22	44	1
22	45	0
22	46	1
22	47	1
22	48	1
22	49	1
22	50	0
22	51	1
22	52	1
22	53	0
22	54	0
22	55	1
22	56	1
22	57	1
22	58	0
22	59	1
22	60	0
22	61	1
22	62	1
22	63	1
22	64	1
22	65	1
22	66	1
22	67	0
22	68	1
22	69	0
22	70	0
22	71	0
22	72	0
22	73	0
22	74	1
22	75	0
22	76	0
22	77	1
22	78	1
22	79	1
22	80	0
22	81	0
22	82	1
22	83	0
22	84	1
22	85	0
22	86	0
22	87	0
22	88	0
22	89	0
22	90	0
22	91	0
22	92	1
22	93	1
22	94	1
22	95	1
22	96	0
22	97	1
22	98	1
22	99	1
22	100	0
22	101	1
22	102	1
22	103	0
22	104	0
22	105	0
22	106	0
22	107	0
22	108	0
22	109	1
22	110	1
22	111	1
22	112	1
22	113	0
22	114	0
22	115	0
22	116	1
22	117	0
22	118	1
22	119	0
22	120	0
23	24	1
23	25	1
23	26	0
23	27	0
23	28	1
23	29	1
23	30	1
23	31	1
23	32	1
23	33	1
23	34	1
23	35	0
23	36	1
23	37	0
23	38	1
23	39	0
23	40	0
23	41	0
23	42	0
23	43	0
23	44	1
23	45	1
23	46	0
23	47	0
23	48	0
23	49	0
23	50	1
23	51	1
23	52	0
23	53	0
23	54	0
23	55	1
23	56	0
23	57	0
23	58	1
23	59	1
23	60	1
23	61	0
23	62	1
23	63	0
23	64	0
23	65	0
23	66	0
23	67	1
23	68	0
23	69	1
23	70	1
23	71	0
23	72	0
23	73	0
23	74	0
23	75	1
23	76	0
23	77	0
23	78	0
23	79	1
23	80	1
23	81	1
23	82	0
23	83	0
23	84	0
23	85	1
23	86	0
23	87	0
23	88	1
23	89	0
23	90	1
23	91	1
23	92	1
23	93	1
23	94	0
23	95	1
23	96	1
23	97	1
23	98	1
23	99	0
23	100	1
23	101	0
23	102	1
23	103	1
23	104	0
23	105	1
23	106	1
23	107	0
23	108	1
23	109	1
23	110	0
23	111	0
23	112	1
23	113	0
23	114	1
23	115	1
23	116	0
23	117	1
23	118	1
23	119	1
23	120	0
24	25	0
24	26	0
24	27	1
24	28	1
24	29	1
24	30	1
24	31	0
24	32	1
24	33	1
24	34	0
24	35	0
24	36	0
24	37	1
24	38	0
24	39	1
24	40	0
24	41	1
24	42	0
24	43	0
24	44	0
24	45	1
24	46	1
24	47	1
24	48	0
24	49	1
24	50	1
24	51	1
24	52	1
24	53	1
24	54	0
24	55	0
24	56	1
24	57	0
24	58	0
24	59	1
24	60	0
24	61	0
24	62	0
24	63	0
24	64	1
24	65	0
24	66	1
24	67	1
24	68	1
24	69	0
24	70	0
24	71	1
24	72	0
24	73	1
24	74	0
24	75	1
24	76	1
24	77	1
24	78	1
24	79	0
24	80	1
24	81	0
24	82	1
24	83	0
24	84	0
24	85	0
24	86	1
24	87	0
24	88	0
24	89	1
24	90	1
24	91	0
24	92	0
24	93	1
24	94	0
24	95	1
24	96	0
24	97	0
24	98	0
24	99	0
24	100	0
24	101	1
24	102	0
24	103	1
24	104	1
24	105	1
24	106	0
24	107	0
24	108	0
24	109	1
24	110	0
24	111	0
24	112	0
24	113	1
24	114	1
24	115	0
24	116	1
24	117	0
24	118	1
24	119	0
24	120	0
25	26	0
25	27	0
25	28	1
25	29	0
25	30	0
25	31	1
25	32	1
25	33	1
25	34	1
25	35	0
25	36	1
25	37	0
25	38	0
25	39	0
25	40	1
25	41	1
25	42	1
25	43	1
25	44	0
25	45	1
25	46	0
25	47	0
25	48	0
25	49	0
25	50	1
25	51	0
25	52	0
25	53	1
25	54	1
25	55	0
25	56	0
25	57	1
25	58	0
25	59	0
25	60	0
25	61	1
25	62	1
25	63	1
25	64	0
25	65	1
25	66	0
25	67	1
25	68	1
25	69	1
25	70	0
25	71	1
25	72	0
25	73	1
25	74	1
25	75	1
25	76	1
25	77	1
25	78	0
25	79	1
25	80	0
25	81	1
25	82	0
25	83	1
25	84	1
25	85	1
25	86	1
25	87	0
25	88	0
25	89	0
25	90	1
25	91	0
25	92	0
25	93	1
25	94	0
25	95	0
25	96	1
25	97	1
25	98	0
25	99	1
25	100	1
25	101	0
25	102	1
25	103	0
25	104	1
25	105	0
25	106	0
25	107	0
25	108	1
25	109	0
25	110	0
25	111	0
25	112	0
25	113	0
25	114	0
25	115	0
25	116	1
25	117	0
25	118	1
25	119	1
25	120	1
26	27	0
26	28	0
26	29	0
26	30	0
26	31	1
26	32	0
26	33	0
26	34	1
26	35	0
26	36	0
26	37	1
26	38	0
26	39	1
26	40	0
26	41	0
26	42	0
26	43	0
26	44	1
26	45	1
26	46	0
26	47	0
26	48	1
26	49	0
26	50	1
26	51	1
26	52	0
26	53	0
26	54	0
26	55	1
26	56	1
26	57	0
26	58	1
26	59	0
26	60	1
26	61	0
26	62	0
26	63	1
26	64	0
26	65	0
26	66	1
26	67	0
26	68	1
26	69	1
26	70	0
26	71	0
26	72	0
26	73	0
26	74	1
26	75	0
26	76	0
26	77	0
26	78	0
26	79	0
26	80	0
26	81	1
26	82	1
26	83	1
26	84	0
26	85	0
26	86	1
26	87	0
26	88	0
26	89	1
26	90	1
26	91	1
26	92	1
26	93	1
26	94	0
26	95	0
26	96	1
26	97	0
26	98	1
26	99	0
26	100	1
26	101	0
26	102	0
26	103	1
26	104	0
26	105	1
26	106	0
26	107	0
26	108	0
26	109	1
26	110	1
26	111	1
26	112	0
26	113	1
26	114	1
26	115	0
26	116	0
26	117	0
26	118	1
26	119	1
26	120	1
27	28	1
27	29	1
27	30	0
27	31	1
27	32	0
27	33	1
27	34	0
27	35	1
27	36	1
27	37	1
27	38	0
27	39	1
27	40	0
27	41	1
27	42	0
27	43	1
27	44	1
27	45	0
27	46	0
27	47	1
27	48	0
27	49	0
27	50	1
27	51	0
27	52	0
27	53	0
27	54	0
27	55	0
27	56	0
27	57	0
27	58	0
27	59	1
27	60	1
27	61	0
27	62	1
27	63	1
27	64	1
27	65	1
27	66	0
27	67	1
27	68	0
27	69	1
27	70	0
27	71	1
27	72	0
27	73	1
27	74	1
27	75	1
27	76	0
27	77	1
27	78	1
27	79	1
27	80	1
27	81	0
27	82	1
27	83	0
27	84	0
27	85	0
27	86	1
27	87	0
27	88	0
27	89	0
27	90	0
27	91	1
27	92	1
27	93	1
27	94	0
27	95	0
27	96	1
27	97	0
27	98	0
27	99	1
27	100	0
27	101	1
27	102	1
27	103	0
27	104	0
27	105	1
27	106	1
27	107	0
27	108	0
27	109	1
27	110	1
27	111	1
27	112	1
27	113	0
27	114	0
27	115	0
27	116	0
27	117	0
27	118	0
27	119	0
27	120	0
28	29	1
28	30	1
28	31	1
28	32	0
28	33	0
28	34	1
28	35	1
28	36	1
28	37	0
28	38	1
28	39	0
28	40	1
28	41	0
28	42	1
28	43	1
28	44	1
28	45	0
28	46	1
28	47	1
28	48	0
28	49	1
28	50	1
28	51	1
28	52	1
28	53	1
28	54	1
28	55	1
28	56	1
28	57	1
28	58	1
28	59	1
28	60	0
28	61	0
28	62	0
28	63	1
28	64	0
28	65	0
28	66	1
28	67	1
28	68	1
28	69	1
28	70	0
28	71	0
28	72	0
28	73	1
28	74	0
28	75	0
28	76	1
28	77	1
28	78	0
28	79	1
28	80	1
28	81	1
28	82	1
28	83	0
28	84	0
28	85	1
28	86	0
28	87	1
28	88	1
28	89	1
28	90	1
28	91	1
28	92	1
28	93	0
28	94	0
28	95	0
28	96	0
28	97	1
28	98	1
28	99	0
28	100	1
28	101	0
28	102	0
28	103	1
28	104	1
28	105	1
28	106	0
28	107	0
28	108	0
28	109	0
28	110	0
28	111	1
28	112	1
28	113	1
28	114	1
28	115	1
28	116	1
28	117	0
28	118	0
28	119	1
28	120	1
29	30	0
29	31	0
29	32	1
29	33	0
29	34	1
29	35	1
29	36	1
29	37	1
29	38	1
29	39	0
29	40	1
29	41	0
29	42	0
29	43	1
29	44	0
29	45	1
29	46	1
29	47	1
29	48	1
29	49	1
29	50	1
29	51	0
29	52	1
29	53	1
29	54	0
29	55	1
29	56	1
29	57	1
29	58	1
29	59	1
29	60	1
29	61	0
29	62	0
29	63	1
29	64	0
29	65	1
29	66	1
29	67	0
29	68	0
29	69	0
29	70	1
29	71	0
29	72	0
29	73	1
29	74	1
29	75	1
29	76	0
29	77	1
29	78	1
29	79	0
29	80	0
29	81	0
29	82	0
29	83	1
29	84	1
29	85	0
29	86	0
29	87	1
29	88	1
29	89	0
29	90	0
29	91	0
29	92	1
29	93	1
29	94	0
29	95	1
29	96	1
29	97	1
29	98	1
29	99	0
29	100	1
29	101	0
29	102	0
29	103	0
29	104	0
29	105	1
29	106	1
29	107	0
29	108	0
29	109	0
29	110	1
29	111	1
29	112	0
29	113	0
29	114	1
29	115	1
29	116	0
29	117	1
29	118	0
29	119	1
29	120	1
30	31	1
30	32	1
30	33	1
30	34	1
30	35	1
30	36	1
30	37	1
30	38	0
30	39	0
30	40	1
30	41	1
30	42	1
30	43	1
30	44	1
30	45	0
30	46	0
30	47	1
30	48	0
30	49	1
30	50	0
30	51	1
30	52	1
30	53	1
30	54	0
30	55	0
30	56	0
30	57	0
30	58	1
30	59	0
30	60	1
30	61	0
30	62	0
30	63	1
30	64	1
30	65	1
30	66	0
30	67	1
30	68	0
30	69	1
30	70	0
30	71	0
30	72	1
30	73	0
30	74	1
30	75	1
30	76	1
30	77	0
30	78	1
30	79	1
30	80	0
30	81	0
30	82	0
30	83	0
30	84	0
30	85	1
30	86	0
30	87	1
30	88	0
30	89	1
30	90	0
30	91	0
30	92	1
30	93	0
30	94	0
30	95	0
30	96	1
30	97	1
30	98	0
30	99	0
30	100	1
30	101	1
30	102	1
30	103	0
30	104	1
30	105	1
30	106	1
30	107	0
30	108	1
30	109	0
30	110	1
30	111	0
30	112	1
30	113	1
30	114	0
30	115	1
30	116	0
30	117	0
30	118	0
30	119	0
30	120	1
31	32	1
31	33	1
31	34	0
31	35	1
31	36	0
31	37	0
31	38	1
31	39	0
31	40	0
31	41	0
31	42	1
31	43	0
31	44	1
31	45	1
31	46	1
31	47	1
31	48	1
31	49	0
31	50	0
31	51	1
31	52	0
31	53	1
31	54	1
31	55	1
31	56	1
31	57	1
31	58	0
31	59	1
31	60	0
31	61	0
31	62	1
31	63	1
31	64	1
31	65	1
31	66	0
31	67	1
31	68	1
31	69	0
31	70	1
31	71	0
31	72	0
31	73	1
31	74	0
31	75	1
31	76	0
31	77	0
31	78	1
31	79	0
31	80	1
31	81	1
31	82	1
31	83	1
31	84	0
31	85	0
31	86	1
31	87	1
31	88	0
31	89	0
31	90	0
31	91	1
31	92	1
31	93	0
31	94	0
31	95	1
31	96	1
31	97	0
31	98	1
31	99	1
31	100	1
31	101	1
31	102	1
31	103	0
31	104	0
31	105	0
31	106	1
31	107	0
31	108	1
31	109	0
31	110	1
31	111	1
31	112	0
31	113	1
31	114	0
31	115	0
31	116	1
31	117	1
31	118	0
31	119	1
31	120	0
32	33	0
32	34	1
32	35	0
32	36	0
32	37	0
32	38	1
32	39	1
32	40	1
32	41	1
32	42	0
32	43	1
32	44	1
32	45	1
32	46	0
32	47	1
32	48	0
32	49	1
32	50	1
32	51	1
32	52	0
32	53	1
32	54	1
32	55	0
32	56	1
32	57	0
32	58	0
32	59	1
32	60	1
32	61	0
32	62	1
32	63	0
32	64	1
32	65	0
32	66	0
32	67	0
32	68	0
32	69	0
32	70	0
32	71	1
32	72	0
32	73	0
32	74	0
32	75	0
32	76	1
32	77	1
32	78	1
32	79	1
32	80	0
32	81	0
32	82	0
32	83	1
32	84	1
32	85	0
32	86	1
32	87	0
32	88	0
32	89	0
32	90	0
32	91	0
32	92	0
32	93	0
32	94	1
32	95	1
32	96	0
32	97	1
32	98	0
32	99	1
32	100	1
32	101	1
32	102	0
32	103	0
32	104	0
32	105	0
32	106	1
32	107	0
32	108	0
32	109	1
32	110	1
32	111	0
32	112	0
32	113	0
32	114	1
32	115	0
32	116	1
32	117	1
32	118	1
32	119	1
32	120	0
33	34	0
33	35	1
33	36	1
33	37	1
33	38	0
33	39	1
33	40	1
33	41	1
33	42	0
33	43	1
33	44	0
33	45	1
33	46	0
33	47	1
33	48	1
33	49	1
33	50	0
33	51	0
33	52	1
33	53	1
33	54	0
33	55	1
33	56	0
33	57	1
33	58	0
33	59	0
33	60	0
33	61	1
33	62	0
33	63	1
33	64	0
33	65	0
33	66	0
33	67	1
33	68	0
33	69	1
33	70	0
33	71	0
33	72	1
33	73	1
33	74	1
33	75	1
33	76	0
33	77	1
33	78	0
33	79	0
33	80	1
33	81	1
33	82	0
33	83	0
33	84	0
33	85	0
33	86	1
33	87	0
33	88	0
33	89	0
33	90	0
33	91	0
33	92	0
33	93	1
33	94	0
33	95	1
33	96	1
33	97	0
33	98	0
33	99	1
33	100	0
33	101	0
33	102	1
33	103	1
33	104	0
33	105	0
33	106	0
33	107	1
33	108	0
33	109	0
33	110	1
33	111	1
33	112	1
33	113	1
33	114	0
33	115	0
33	116	0
33	117	0
33	118	1
33	119	0
33	120	0
34	35	1
34	36	0
34	37	1
34	38	1
34	39	1
34	40	1
34	41	1
34	42	0
34	43	0
34	44	1
34	45	0
34	46	0
34	47	0
34	48	0
34	49	1
34	50	0
34	51	0
34	52	1
34	53	0
34	54	0
34	55	1
34	56	1
34	57	0
34	58	0
34	59	0
34	60	0
34	61	1
34	62	0
34	63	0
34	64	1
34	65	1
34	66	1
34	67	1
34	68	1
34	69	0
34	70	1
34	71	0
34	72	1
34	73	0
34	74	1
34	75	1
34	76	0
34	77	1
34	78	0
34	79	1
34	80	1
34	81	0
34	82	1
34	83	0
34	84	0
34	85	0
34	86	1
34	87	0
34	88	0
34	89	0
34	90	0
34	91	1
34	92	1
34	93	0
34	94	0
34	95	1
34	96	1
34	97	0
34	98	1
34	99	1
34	100	0
34	101	0
34	102	1
34	103	0
34	104	1
34	105	1
34	106	1
34	107	0
34	108	0
34	109	0
34	110	1
34	111	1
34	112	1
34	113	1
34	114	0
34	115	1
34	116	0
34	117	1
34	118	1
34	119	1
34	120	0
35	36	1
35	37	0
35	38	0
35	39	0
35	40	1
35	41	0
35	42	1
35	43	1
35	44	1
35	45	0
35	46	1
35	47	0
35	48	0
35	49	0
35	50	1
35	51	0
35	52	1
35	53	0
35	54	1
35	55	1
35	56	0
35	57	1
35	58	1
35	59	0
35	60	1
35	61	1
35	62	1
35	63	0
35	64	0
35	65	0
35	66	0
35	67	1
35	68	1
35	69	0
35	70	1
35	71	0
35	72	1
35	73	0
35	74	1
35	75	0
35	76	1
35	77	1
35	78	0
35	79	1
35	80	1
35	81	1
35	82	0
35	83	0
35	84	0
35	85	1
35	86	0
35	87	0
35	88	0
35	89	1
35	90	0
35	91	0
35	92	1
35	93	1
35	94	0
35	95	1
35	96	0
35	97	0
35	98	0
35	99	1
35	100	0
35	101	0
35	102	1
35	103	0
35	104	0
35	105	0
35	106	1
35	107	1
35	108	0
35	109	0
35	110	1
35	111	0
35	112	1
35	113	0
35	114	1
35	115	1
35	116	1
35	117	0
35	118	0
35	119	0
35	120	0
36	37	0
36	38	0
36	39	0
36	40	1
36	41	0
36	42	0
36	43	0
36	44	0
36	45	1
36	46	1
36	47	1
36	48	1
36	49	0
36	50	0
36	51	1
36	52	0
36	53	0
36	54	1
36	55	0
36	56	1
36	57	0
36	58	1
36	59	0
36	60	1
36	61	0
36	62	0
36	63	0
36	64	1
36	65	0
36	66	0
36	67	1
36	68	1
36	69	1
36	70	0
36	71	0
36	72	1
36	73	0
36	74	1
36	75	0
36	76	0
36	77	1
36	78	0
36	79	0
36	80	0
36	81	1
36	82	1
36	83	0
36	84	0
36	85	0
36	86	0
36	87	0
36	88	0
36	89	1
36	90	0
36	91	1
36	92	0
36	93	0
36	94	0
36	95	1
36	96	1
36	97	1
36	98	0
36	99	1
36	100	0
36	101	0
36	102	1
36	103	1
36	104	1
36	105	0
36	106	1
36	107	1
36	108	0
36	109	1
36	110	0
36	111	0
36	112	0
36	113	1
36	114	1
36	115	1
36	116	1
36	117	0
36	118	0
36	119	0
36	120	0
37	38	0
37	39	1
37	40	1
37	41	1
37	42	0
37	43	0
37	44	1
37	45	1
37	46	1
37	47	1
37	48	1
37	49	0
37	50	0
37	51	0
37	52	0
37	53	0
37	54	0
37	55	1
37	56	1
37	57	0
37	58	0
37	59	1
37	60	1
37	61	1
37	62	1
37	63	0
37	64	1
37	65	0
37	66	1
37	67	1
37	68	1
37	69	1
37	70	0
37	71	1
37	72	0
37	73	1
37	74	1
37	75	1
37	76	0
37	77	0
37	78	1
37	79	0
37	80	0
37	81	0
37	82	0
37	83	0
37	84	0
37	85	0
37	86	0
37	87	1
37	88	0
37	89	1
37	90	1
37	91	0
37	92	0
37	93	0
37	94	1
37	95	1
37	96	0
37	97	0
37	98	0
37	99	1
37	100	1
37	101	1
37	102	0
37	103	0
37	104	1
37	105	1
37	106	0
37	107	0
37	108	1
37	109	0
37	110	1
37	111	0
37	112	1
37	113	0
37	114	1
37	115	1
37	116	1
37	117	1
37	118	1
37	119	1
37	120	1
38	39	1
38	40	0
38	41	1
38	42	0
38	43	0
38	44	1
38	45	1
38	46	0
38	47	1
38	48	0
38	49	1
38	50	0
38	51	1
38	52	1
38	53	0
38	54	1
38	55	0
38	56	0
38	57	1
38	58	0
38	59	0
38	60	0
38	61	1
38	62	1
38	63	0
38	64	0
38	65	0
38	66	0
38	67	0
38	68	0
38	69	0
38	70	1
38	71	0
38	72	1
38	73	0
38	74	1
38	75	0
38	76	1
38	77	1
38	78	1
38	79	0
38	80	1
38	81	1
38	82	0
38	83	1
38	84	1
38	85	0
38	86	1
38	87	0
38	88	0
38	89	0
38	90	0
38	91	0
38	92	1
38	93	1
38	94	1
38	95	1
38	96	0
38	97	0
38	98	0
38	99	0
38	100	0
38	101	1
38	102	1
38	103	1
38	104	0
38	105	0
38	106	0
38	107	0
38	108	0
38	109	1
38	110	0
38	111	0
38	112	1
38	113	1
38	114	1
38	115	1
38	116	1
38	117	0
38	118	1
38	119	0
38	120	0
39	40	1
39	41	0
39	42	0
39	43	0
39	44	0
39	45	0
39	46	1
39	47	1
39	48	1
39	49	0
39	50	1
39	51	0
39	52	0
39	53	0
39	54	1
39	55	0
39	56	1
39	57	0
39	58	1
39	59	1
39	60	1
39	61	1
39	62	1
39	63	1
39	64	0
39	65	1
39	66	0
39	67	0
39	68	1
39	69	1
39	70	1
39	71	0
39	72	1
39	73	1
39	74	1
39	75	1
39	76	1
39	77	0
39	78	1
39	79	0
39	80	1
39	81	0
39	82	1
39	83	0
39	84	0
39	85	0
39	86	1
39	87	0
39	88	1
39	89	1
39	90	0
39	91	0
39	92	1
39	93	0
39	94	1
39	95	0
39	96	1
39	97	0
39	98	0
39	99	1
39	100	0
39	101	0
39	102	0
39	103	0
39	104	0
39	105	0
39	106	1
39	107	1
39	108	0
39	109	1
39	110	0
39	111	0
39	112	0
39	113	1
39	114	0
39	115	0
39	116	1
39	117	0
39	118	1
39	119	0
39	120	0
40	41	1
40	42	0
40	43	1
40	44	1
40	45	1
40	46	0
40	47	1
40	48	1
40	49	0
40	50	0
40	51	0
40	52	0
40	53	0
40	54	0
40	55	0
40	56	0
40	57	0
40	58	1
40	59	0
40	60	1
40	61	0
40	62	1
40	63	1
40	64	0
40	65	1
40	66	1
40	67	1
40	68	1
40	69	0
40	70	1
40	71	1
40	72	0
40	73	0
40	74	0
40	75	1
40	76	1
40	77	1
40	78	1
40	79	1
40	80	1
40	81	0
40	82	1
40	83	0
40	84	1
40	85	0
40	86	1
40	87	1
40	88	0
40	89	1
40	90	0
40	91	1
40	92	0
40	93	0
40	94	1
40	95	1
40	96	0
40	97	1
40	98	1
40	99	0
40	100	1
40	101	0
40	102	0
40	103	1
40	104	1
40	105	1
40	106	0
40	107	1
40	108	0
40	109	0
40	110	1
40	111	0
40	112	0
40	113	0
40	114	1
40	115	0
40	116	1
40	117	1
40	118	0
40	119	0
40	120	0
41	42	1
41	43	0
41	44	0
41	45	0
41	46	0
41	47	0
41	48	0
41	49	0
41	50	1
41	51	1
41	52	0
41	53	0
41	54	1
41	55	1
41	56	1
41	57	1
41	58	1
41	59	0
41	60	1
41	61	0
41	62	1
41	63	0
41	64	1
41	65	0
41	66	0
41	67	0
41	68	1
41	69	1
41	70	1
41	71	0
41	72	1
41	73	1
41	74	1
41	75	1
41	76	0
41	77	0
41	78	0
41	79	1
41	80	1
41	81	0
41	82	1
41	83	1
41	84	1
41	85	1
41	86	1
41	87	0
41	88	0
41	89	1
41	90	0
41	91	0
41	92	1
41	93	0
41	94	1
41	95	0
41	96	1
41	97	0
41	98	0
41	99	0
41	100	0
41	101	0
41	102	1
41	103	0
41	104	0
41	105	1
41	106	1
41	107	1
41	108	1
41	109	0
41	110	0
41	111	1
41	112	1
41	113	1
41	114	1
41	115	0
41	116	1
41	117	1
41	118	0
41	119	1
41	120	1
42	43	1
42	44	1
42	45	1
42	46	0
42	47	1
42	48	0
42	49	0
42	50	0
42	51	1
42	52	1
42	53	0
42	54	0
42	55	0
42	56	1
42	57	0
42	58	1
42	59	0
42	60	0
42	61	0
42	62	1
42	63	0
42	64	0
42	65	0
42	66	0
42	67	0
42	68	1
42	69	1
42	70	1
42	71	0
42	72	0
42	73	0
42	74	0
42	75	0
42	76	0
42	77	1
42	78	0
42	79	1
42	80	1
42	81	0
42	82	0
42	83	1
42	84	1
42	85	0
42	86	0
42	87	0
42	88	1
42	89	1
42	90	1
42	91	1
42	92	1
42	93	1
42	94	0
42	95	0
42	96	0
42	97	0
42	98	0
42	99	1
42	100	0
42	101	0
42	102	0
42	103	1
42	104	0
42	105	1
42	106	1
42	107	0
42	108	0
42	109	0
42	110	1
42	111	0
42	112	1
42	113	0
42	114	0
42	115	1
42	116	0
42	117	1
42	118	0
42	119	0
42	120	1
43	44	1
43	45	0
43	46	0
43	47	1
43	48	0
43	49	0
43	50	0
43	51	0
43	52	0
43	53	0
43	54	1
43	55	1
43	56	1
43	57	1
43	58	1
43	59	0
43	60	0
43	61	0
43	62	1
43	63	1
43	64	0
43	65	0
43	66	1
43	67	0
43	68	0
43	69	1
43	70	1
43	71	1
43	72	1
43	73	1
43	74	0
43	75	1
43	76	0
43	77	0
43	78	1
43	79	0
43	80	0
43	81	0
43	82	1
43	83	1
43	84	0
43	85	1
43	86	0
43	87	0
43	88	1
43	89	1
43	90	1
43	91	0
43	92	0
43	93	1
43	94	0
43	95	1
43	96	1
43	97	1
43	98	1
43	99	0
43	100	0
43	101	1
43	102	0
43	103	0
43	104	0
43	105	0
43	106	0
43	107	0
43	108	1
43	109	0
43	110	0
43	111	0
43	112	0
43	113	0
43	114	0
43	115	1
43	116	1
43	117	1
43	118	0
43	119	0
43	120	0
44	45	1
44	46	1
44	47	0
44	48	0
44	49	1
44	50	1
44	51	1
44	52	0
44	53	0
44	54	0
44	55	0
44	56	1
44	57	0
44	58	0
44	59	1
44	60	1
44	61	0
44	62	1
44	63	0
44	64	1
44	65	1
44	66	1
44	67	0
44	68	0
44	69	1
44	70	1
44	71	1
44	72	0
44	73	0
44	74	0
44	75	0
44	76	0
44	77	0
44	78	0
44	79	1
44	80	1
44	81	1
44	82	1
44	83	1
44	84	0
44	85	1
44	86	1
44	87	1
44	88	0
44	89	0
44	90	1
44	91	1
44	92	0
44	93	1
44	94	1
44	95	0
44	96	0
44	97	1
44	98	0
44	99	0
44	100	1
44	101	1
44	102	0
44	103	1
44	104	1
44	105	1
44	106	0
44	107	0
44	108	1
44	109	1
44	110	1
44	111	0
44	112	1
44	113	1
44	114	1
44	115	1
44	116	1
44	117	1
44	118	0
44	119	0
44	120	0
45	46	0
45	47	0
45	48	0
45	49	0
45	50	1
45	51	1
45	52	1
45	53	1
45	54	1
45	55	0
45	56	0
45	57	1
45	58	0
45	59	1
45	60	0
45	61	0
45	62	1
45	63	1
45	64	1
45	65	1
45	66	1
45	67	1
45	68	0
45	69	1
45	70	0
45	71	0
45	72	0
45	73	1
45	74	0
45	75	1
45	76	1
45	77	1
45	78	1
45	79	0
45	80	1
45	81	1
45	82	0
45	83	0
45	84	0
45	85	1
45	86	0
45	87	0
45	88	0
45	89	1
45	90	0
45	91	1
45	92	0
45	93	0
45	94	0
45	95	1
45	96	1
45	97	0
45	98	1
45	99	1
45	100	0
45	101	0
45	102	0
45	103	0
45	104	0
45	105	0
45	106	1
45	107	0
45	108	0
45	109	0
45	110	0
45	111	1
45	112	1
45	113	1
45	114	1
45	115	0
45	116	0
45	117	0
45	118	1
45	119	1
45	120	1
46	47	1
46	48	0
46	49	1
46	50	0
46	51	0
46	52	1
46	53	1
46	54	1
46	55	0
46	56	1
46	57	1
46	58	1
46	59	0
46	60	0
46	61	0
46	62	1
46	63	1
46	64	1
46	65	1
46	66	0
46	67	1
46	68	0
46	69	1
46	70	1
46	71	0
46	72	0
46	73	0
46	74	0
46	75	0
46	76	1
46	77	0
46	78	1
46	79	1
46	80	1
46	81	1
46	82	0
46	83	0
46	84	0
46	85	1
46	86	0
46	87	1
46	88	1
46	89	0
46	90	1
46	91	1
46	92	0
46	93	0
46	94	0
46	95	0
46	96	0
46	97	0
46	98	1
46	99	1
46	100	0
46	101	0
46	102	1
46	103	0
46	104	0
46	105	1
46	106	1
46	107	1
46	108	0
46	109	1
46	110	0
46	111	1
46	112	1
46	113	0
46	114	0
46	115	0
46	116	0
46	117	1
46	118	0
46	119	0
46	120	1
47	48	1
47	49	0
47	50	0
47	51	1
47	52	1
47	53	1
47	54	1
47	55	1
47	56	0
47	57	1
47	58	0
47	59	0
47	60	0
47	61	0
47	62	0
47	63	0
47	64	1
47	65	0
47	66	1
47	67	1
47	68	1
47	69	0
47	70	0
47	71	1
47	72	0
47	73	0
47	74	0
47	75	0
47	76	0
47	77	1
47	78	1
47	79	1
47	80	0
47	81	0
47	82	1
47	83	1
47	84	0
47	85	1
47	86	0
47	87	0
47	88	1
47	89	0
47	90	1
47	91	0
47	92	1
47	93	1
47	94	1
47	95	1
47	96	1
47	97	0
47	98	1
47	99	0
47	100	0
47	101	1
47	102	0
47	103	1
47	104	0
47	105	1
47	106	1
47	107	0
47	108	0
47	109	0
47	110	1
47	111	1
47	112	0
47	113	1
47	114	0
47	115	1
47	116	0
47	117	0
47	118	1
47	119	0
47	120	1
48	49	0
48	50	0
48	51	0
48	52	1
48	53	1
48	54	0
48	55	1
48	56	0
48	57	1
48	58	0
48	59	0
48	60	1
48	61	0
48	62	1
48	63	1
48	64	1
48	65	0
48	66	0
48	67	0
48	68	1
48	69	1
48	70	0
48	71	1
48	72	1
48	73	0
48	74	0
48	75	0
48	76	1
48	77	1
48	78	0
48	79	0
48	80	1
48	81	1
48	82	1
48	83	1
48	84	1
48	85	0
48	86	0
48	87	1
48	88	0
48	89	1
48	90	1
48	91	0
48	92	1
48	93	1
48	94	0
48	95	1
48	96	1
48	97	0
48	98	0
48	99	0
48	100	0
48	101	1
48	102	1
48	103	0
48	104	0
48	105	1
48	106	0
48	107	1
48	108	1
48	109	0
48	110	0
48	111	1
48	112	0
48	113	1
48	114	0
48	115	1
48	116	1
48	117	1
48	118	0
48	119	1
48	120	1
49	50	0
49	51	1
49	52	0
49	53	0
49	54	1
49	55	0
49	56	0
49	57	0
49	58	0
49	59	1
49	60	0
49	61	0
49	62	0
49	63	0
49	64	1
49	65	0
49	66	0
49	67	0
49	68	1
49	69	0
49	70	0
49	71	1
49	72	1
49	73	0
49	74	0
49	75	1
49	76	0
49	77	0
49	78	1
49	79	0
49	80	1
49	81	1
49	82	0
49	83	0
49	84	0
49	85	1
49	86	0
49	87	0
49	88	0
49	89	1
49	90	0
49	91	1
49	92	1
49	93	1
49	94	1
49	95	0
49	96	0
49	97	1
49	98	0
49	99	1
49	100	1
49	101	1
49	102	1
49	103	0
49	104	1
49	105	1
49	106	1
49	107	0
49	108	0
49	109	1
49	110	0
49	111	1
49	112	1
49	113	1
49	114	1
49	115	1
49	116	0
49	117	1
49	118	1
49	119	0
49	120	0
50	51	0
50	52	1
50	53	0
50	54	0
50	55	1
50	56	0
50	57	0
50	58	1
50	59	0
50	60	0
50	61	0
50	62	1
50	63	1
50	64	1
50	65	1
50	66	1
50	67	0
50	68	0
50	69	0
50	70	0
50	71	0
50	72	0
50	73	0
50	74	1
50	75	0
50	76	0
50	77	0
50	78	1
50	79	0
50	80	0
50	81	0
50	82	1
50	83	1
50	84	1
50	85	0
50	86	0
50	87	0
50	88	0
50	89	0
50	90	0
50	91	1
50	92	1
50	93	0
50	94	1
50	95	1
50	96	0
50	97	0
50	98	1
50	99	1
50	100	1
50	101	0
50	102	0
50	103	0
50	104	1
50	105	1
50	106	1
50	107	0
50	108	1
50	109	1
50	110	0
50	111	1
50	112	1
50	113	0
50	114	1
50	115	1
50	116	1
50	117	1
50	118	0
50	119	1
50	120	1
51	52	0
51	53	1
51	54	1
51	55	1
51	56	1
51	57	0
51	58	0
51	59	0
51	60	0
51	61	1
51	62	1
51	63	1
51	64	1
51	65	1
51	66	0
51	67	1
51	68	0
51	69	1
51	70	1
51	71	1
51	72	0
51	73	0
51	74	1
51	75	0
51	76	0
51	77	1
51	78	0
51	79	0
51	80	0
51	81	1
51	82	0
51	83	0
51	84	1
51	85	0
51	86	0
51	87	1
51	88	1
51	89	1
51	90	1
51	91	0
51	92	0
51	93	0
51	94	1
51	95	0
51	96	0
51	97	0
51	98	0
51	99	1
51	100	0
51	101	1
51	102	0
51	103	0
51	104	0
51	105	1
51	106	0
51	107	0
51	108	1
51	109	0
51	110	1
51	111	1
51	112	0
51	113	0
51	114	1
51	115	0
51	116	1
51	117	1
51	118	1
51	119	1
51	120	0
52	53	1
52	54	0
52	55	1
52	56	1
52	57	1
52	58	1
52	59	0
52	60	1
52	61	1
52	62	0
52	63	0
52	64	0
52	65	0
52	66	0
52	67	1
52	68	0
52	69	1
52	70	0
52	71	0
52	72	0
52	73	1
52	74	0
52	75	0
52	76	0
52	77	0
52	78	1
52	79	1
52	80	0
52	81	0
52	82	0
52	83	1
52	84	0
52	85	0
52	86	1
52	87	0
52	88	0
52	89	0
52	90	0
52	91	0
52	92	0
52	93	1
52	94	0
52	95	0
52	96	1
52	97	0
52	98	0
52	99	0
52	100	0
52	101	0
52	102	1
52	103	0
52	104	0
52	105	0
52	106	0
52	107	0
52	108	0
52	109	1
52	110	0
52	111	1
52	112	0
52	113	1
52	114	0
52	115	1
52	116	1
52	117	1
52	118	0
52	119	1
52	120	1
53	54	1
53	55	0
53	56	0
53	57	0
53	58	0
53	59	1
53	60	1
53	61	0
53	62	1
53	63	1
53	64	0
53	65	1
53	66	1
53	67	1
53	68	0
53	69	0
53	70	0
53	71	1
53	72	0
53	73	1
53	74	0
53	75	1
53	76	0
53	77	0
53	78	1
53	79	1
53	80	1
53	81	1
53	82	1
53	83	1
53	84	0
53	85	0
53	86	0
53	87	1
53	88	0
53	89	0
53	90	0
53	91	1
53	92	1
53	93	1
53	94	0
53	95	0
53	96	1
53	97	1
53	98	0
53	99	1
53	100	1
53	101	0
53	102	1
53	103	0
53	104	1
53	105	0
53	106	0
53	107	0
53	108	1
53	109	1
53	110	1
53	111	0
53	112	0
53	113	0
53	114	0
53	115	1
53	116	0
53	117	1
53	118	1
53	119	1
53	120	1
54	55	1
54	56	1
54	57	0
54	58	1
54	59	1
54	60	0
54	61	1
54	62	1
54	63	0
54	64	0
54	65	0
54	66	1
54	67	1
54	68	1
54	69	1
54	70	0
54	71	1
54	72	1
54	73	1
54	74	1
54	75	0
54	76	1
54	77	1
54	78	0
54	79	1
54	80	1
54	81	1
54	82	1
54	83	1
54	84	1
54	85	1
54	86	0
54	87	1
54	88	0
54	89	1
54	90	1
54	91	1
54	92	0
54	93	0
54	94	1
54	95	1
54	96	1
54	97	0
54	98	1
54	99	1
54	100	0
54	101	0
54	102	1
54	103	1
54	104	1
54	105	1
54	106	1
54	107	1
54	108	1
54	109	1
54	110	0
54	111	1
54	112	1
54	113	1
54	114	1
54	115	1
54	116	1
54	117	1
54	118	1
54	119	1
54	120	1
55	56	1
55	57	0
55	58	0
55	59	1
55	60	0
55	61	1
55	62	0
55	63	1
55	64	1
55	65	0
55	66	1
55	67	0
55	68	1
55	69	1
55	70	0
55	71	1
55	72	1
55	73	0
55	74	0
55	75	0
55	76	0
55	77	1
55	78	0
55	79	1
55	80	1
55	81	0
55	82	0
55	83	0
55	84	0
55	85	1
55	86	1
55	87	1
55	88	1
55	89	0
55	90	0
55	91	1
55	92	0
55	93	0
55	94	0
55	95	0
55	96	1
55	97	0
55	98	0
55	99	1
55	100	0
55	101	0
55	102	1
55	103	1
55	104	1
55	105	0
55	106	1
55	107	0
55	108	1
55	109	1
55	110	1
55	111	1
55	112	0
55	113	1
55	114	0
55	115	1
55	116	1
55	117	1
55	118	0
55	119	1
55	120	1
56	57	1
56	58	1
56	59	1
56	60	1
56	61	0
56	62	0
56	63	1
56	64	1
56	65	1
56	66	1
56	67	0
56	68	0
56	69	0
56	70	0
56	71	0
56	72	0
56	73	0
56	74	1
56	75	0
56	76	1
56	77	0
56	78	0
56	79	0
56	80	0
56	81	0
56	82	1
56	83	1
56	84	0
56	85	1
56	86	1
56	87	0
56	88	0
56	89	1
56	90	0
56	91	0
56	92	1
56	93	1
56	94	0
56	95	0
56	96	0
56	97	1
56	98	1
56	99	0
56	100	1
56	101	1
56	102	1
56	103	1
56	104	1
56	105	0
56	106	0
56	107	1
56	108	1
56	109	0
56	110	0
56	111	1
56	112	0
56	113	1
56	114	1
56	115	0
56	116	1
56	117	0
56	118	0
56	119	0
56	120	1
57	58	1
57	59	1
57	60	1
57	61	0
57	62	1
57	63	1
57	64	0
57	65	0
57	66	0
57	67	0
57	68	1
57	69	0
57	70	1
57	71	1
57	72	1
57	73	0
57	74	1
57	75	0
57	76	1
57	77	0
57	78	0
57	79	1
57	80	1
57	81	1
57	82	1
57	83	0
57	84	0
57	85	0
57	86	0
57	87	1
57	88	0
57	89	0
57	90	0
57	91	1
57	92	0
57	93	1
57	94	1
57	95	0
57	96	1
57	97	1
57	98	1
57	99	1
57	100	0
57	101	1
57	102	1
57	103	0
57	104	0
57	105	0
57	106	0
57	107	1
57	108	1
57	109	0
57	110	0
57	111	0
57	112	0
57	113	1
57	114	1
57	115	0
57	116	1
57	117	0
57	118	1
57	119	0
57	120	0
58	59	0
58	60	1
58	61	1
58	62	0
58	63	1
58	64	1
58	65	0
58	66	1
58	67	0
58	68	0
58	69	1
58	70	0
58	71	0
58	72	1
58	73	0
58	74	0
58	75	0
58	76	1
58	77	1
58	78	1
58	79	1
58	80	0
58	81	0
58	82	0
58	83	0
58	84	0
58	85	1
58	86	0
58	87	1
58	88	0
58	89	0
58	90	1
58	91	0
58	92	1
58	93	1
58	94	0
58	95	0
58	96	0
58	97	0
58	98	0
58	99	0
58	100	1
58	101	0
58	102	1
58	103	1
58	104	0
58	105	1
58	106	1
58	107	1
58	108	1
58	109	0
58	110	1
58	111	0
58	112	0
58	113	0
58	114	1
58	115	1
58	116	1
58	117	0
58	118	1
58	119	0
58	120	1
59	60	0
59	61	0
59	62	0
59	63	1
59	64	0
59	65	1
59	66	1
59	67	1
59	68	0
59	69	0
59	70	1
59	71	1
59	72	0
59	73	1
59	74	0
59	75	0
59	76	0
59	77	1
59	78	1
59	79	1
59	80	1
59	81	0
59	82	0
59	83	0
59	84	0
59	85	0
59	86	0
59	87	1
59	88	0
59	89	0
59	90	1
59	91	1
59	92	1
59	93	0
59	94	1
59	95	1
59	96	0
59	97	0
59	98	0
59	99	1
59	100	1
59	101	0
59	102	0
59	103	0
59	104	1
59	105	1
59	106	0
59	107	0
59	108	0
59	109	1
59	110	1
59	111	0
59	112	0
59	113	0
59	114	0
59	115	0
59	116	1
59	117	0
59	118	1
59	119	0
59	120	1
60	61	0
60	62	1
60	63	0
60	64	0
60	65	0
60	66	0
60	67	1
60	68	1
60	69	1
60	70	1
60	71	0
60	72	0
60	73	1
60	74	0
60	75	0
60	76	1
60	77	0
60	78	0
60	79	0
60	80	1
60	81	0
60	82	1
60	83	1
60	84	0
60	85	1
60	86	1
60	87	1
60	88	1
60	89	1
60	90	1
60	91	1
60	92	1
60	93	1
60	94	0
60	95	0
60	96	1
60	97	1
60	98	1
60	99	1
60	100	0
60	101	1
60	102	1
60	103	0
60	104	1
60	105	1
60	106	1
60	107	0
60	108	1
60	109	0
60	110	1
60	111	1
60	112	0
60	113	0
60	114	1
60	115	0
60	116	0
60	117	0
60	118	1
60	119	0
60	120	1
61	62	1
61	63	1
61	64	1
61	65	1
61	66	0
61	67	1
61	68	0
61	69	1
61	70	1
61	71	0
61	72	0
61	73	1
61	74	1
61	75	1
61	76	0
61	77	1
61	78	1
61	79	0
61	80	1
61	81	1
61	82	0
61	83	1
61	84	0
61	85	0
61	86	0
61	87	1
61	88	1
61	89	1
61	90	0
61	91	0
61	92	0
61	93	0
61	94	0
61	95	0
61	96	0
61	97	0
61	98	0
61	99	1
61	100	1
61	101	1
61	102	0
61	103	1
61	104	1
61	105	0
61	106	0
61	107	1
61	108	0
61	109	1
61	110	1
61	111	0
61	112	0
61	113	0
61	114	0
61	115	0
61	116	0
61	117	0
61	118	1
61	119	1
61	120	1
62	63	1
62	64	1
62	65	0
62	66	1
62	67	1
62	68	0
62	69	0
62	70	1
62	71	1
62	72	1
62	73	1
62	74	1
62	75	1
62	76	1
62	77	1
62	78	0
62	79	1
62	80	1
62	81	1
62	82	1
62	83	1
62	84	1
62	85	1
62	86	1
62	87	1
62	88	0
62	89	0
62	90	1
62	91	1
62	92	0
62	93	1
62	94	0
62	95	0
62	96	0
62	97	1
62	98	0
62	99	1
62	100	0
62	101	0
62	102	1
62	103	1
62	104	0
62	105	1
62	106	1
62	107	0
62	108	1
62	109	1
62	110	1
62	111	0
62	112	0
62	113	1
62	114	0
62	115	1
62	116	1
62	117	1
62	118	1
62	119	1
62	120	0
63	64	1
63	65	1
63	66	0
63	67	0
63	68	0
63	69	1
63	70	1
63	71	0
63	72	0
63	73	1
63	74	1
63	75	0
63	76	1
63	77	0
63	78	0
63	79	1
63	80	0
63	81	1
63	82	1
63	83	0
63	84	1
63	85	1
63	86	0
63	87	1
63	88	0
63	89	1
63	90	0
63	91	0
63	92	1
63	93	1
63	94	1
63	95	1
63	96	0
63	97	1
63	98	1
63	99	1
63	100	1
63	101	1
63	102	1
63	103	1
63	104	1
63	105	0
63	106	0
63	107	0
63	108	1
63	109	0
63	110	0
63	111	1
63	112	0
63	113	0
63	114	1
63	115	0
63	116	1
63	117	0
63	118	0
63	119	0
63	120	0
64	65	0
64	66	1
64	67	1
64	68	0
64	69	1
64	70	1
64	71	1
64	72	1
64	73	1
64	74	1
64	75	1
64	76	0
64	77	0
64	78	1
64	79	0
64	80	1
64	81	1
64	82	1
64	83	0
64	84	1
64	85	1
64	86	1
64	87	0
64	88	1
64	89	0
64	90	1
64	91	1
64	92	0
64	93	1
64	94	0
64	95	0
64	96	1
64	97	1
64	98	1
64	99	0
64	100	0
64	101	0
64	102	0
64	103	0
64	104	1
64	105	1
64	106	0
64	107	1
64	108	0
64	109	1
64	110	1
64	111	1
64	112	0
64	113	0
64	114	1
64	115	0
64	116	0
64	117	1
64	118	0
64	119	1
64	120	1
65	66	1
65	67	1
65	68	1
65	69	1
65	70	1
65	71	1
65	72	0
65	73	0
65	74	0
65	75	0
65	76	0
65	77	1
65	78	0
65	79	1
65	80	1
65	81	0
65	82	1
65	83	0
65	84	1
65	85	1
65	86	1
65	87	1
65	88	0
65	89	0
65	90	0
65	91	1
65	92	1
65	93	0
65	94	0
65	95	1
65	96	0
65	97	1
65	98	0
65	99	0
65	100	0
65	101	0
65	102	0
65	103	1
65	104	1
65	105	0
65	106	1
65	107	1
65	108	0
65	109	1
65	110	0
65	111	0
65	112	1
65	113	1
65	114	1
65	115	1
65	116	1
65	117	1
65	118	1
65	119	0
65	120	1
66	67	0
66	68	1
66	69	1
66	70	0
66	71	0
66	72	0
66	73	1
66	74	0
66	75	0
66	76	0
66	77	0
66	78	1
66	79	1
66	80	1
66	81	1
66	82	1
66	83	0
66	84	1
66	85	1
66	86	1
66	87	0
66	88	1
66	89	0
66	90	0
66	91	0
66	92	1
66	93	0
66	94	0
66	95	0
66	96	0
66	97	0
66	98	1
66	99	0
66	100	1
66	101	0
66	102	1
66	103	1
66	104	0
66	105	1
66	106	0
66	107	1
66	108	1
66	109	1
66	110	1
66	111	0
66	112	0
66	113	0
66	114	0
66	115	0
66	116	1
66	117	1
66	118	1
66	119	0
66	120	0
67	68	1
67	69	0
67	70	0
67	71	0
67	72	0
67	73	1
67	74	0
67	75	0
67	76	0
67	77	0
67	78	1
67	79	0
67	80	0
67	81	1
67	82	0
67	83	0
67	84	1
67	85	0
67	86	1
67	87	0
67	88	1
67	89	1
67	90	1
67	91	0
67	92	0
67	93	0
67	94	1
67	95	1
67	96	0
67	97	1
67	98	0
67	99	0
67	100	1
67	101	1
67	102	1
67	103	1
67	104	0
67	105	1
67	106	1
67	107	1
67	108	0
67	109	0
67	110	1
67	111	0
67	112	1
67	113	0
67	114	0
67	115	0
67	116	1
67	117	1
67	118	1
67	119	0
67	120	1
68	69	1
68	70	0
68	71	1
68	72	1
68	73	0
68	74	1
68	75	1
68	76	0
68	77	1
68	78	0
68	79	0
68	80	1
68	81	1
68	82	0
68	83	0
68	84	1
68	85	0
68	86	1
68	87	0
68	88	0
68	89	0
68	90	0
68	91	0
68	92	0
68	93	0
68	94	1
68	95	0
68	96	0
68	97	0
68	98	0
68	99	0
68	100	0
68	101	1
68	102	0
68	103	1
68	104	0
68	105	1
68	106	0
68	107	0
68	108	0
68	109	0
68	110	0
68	111	0
68	112	0
68	113	1
68	114	1
68	115	1
68	116	0
68	117	1
68	118	0
68	119	0
68	120	0
69	70	1
69	71	1
69	72	1
69	73	1
69	74	0
69	75	1
69	76	1
69	77	1
69	78	1
69	79	1
69	80	1
69	81	0
69	82	0
69	83	0
69	84	0
69	85	0
69	86	1
69	87	0
69	88	0
69	89	0
69	90	0
69	91	1
69	92	0
69	93	0
69	94	0
69	95	1
69	96	0
69	97	0
69	98	1
69	99	0
69	100	0
69	101	0
69	102	0
69	103	1
69	104	1
69	105	0
69	106	0
69	107	1
69	108	0
69	109	0
69	110	0
69	111	0
69	112	0
69	113	1
69	114	0
69	115	0
69	116	1
69	117	0
69	118	1
69	119	0
69	120	0
70	71	1
70	72	0
70	73	0
70	74	0
70	75	1
70	76	0
70	77	1
70	78	0
70	79	0
70	80	0
70	81	0
70	82	1
70	83	1
70	84	1
70	85	1
70	86	0
70	87	0
70	88	0
70	89	1
70	90	1
70	91	1
70	92	1
70	93	0
70	94	0
70	95	1
70	96	1
70	97	0
70	98	0
70	99	1
70	100	0
70	101	0
70	102	0
70	103	1
70	104	1
70	105	0
70	106	0
70	107	0
70	108	1
70	109	0
70	110	1
70	111	0
70	112	1
70	113	0
70	114	1
70	115	0
70	116	1
70	117	1
70	118	0
70	119	1
70	120	0
71	72	1
71	73	1
71	74	0
71	75	0
71	76	1
71	77	0
71	78	1
71	79	0
71	80	1
71	81	1
71	82	1
71	83	0
71	84	1
71	85	1
71	86	0
71	87	1
71	88	1
71	89	0
71	90	1
71	91	0
71	92	0
71	93	0
71	94	1
71	95	1
71	96	0
71	97	1
71	98	0
71	99	0
71	100	0
71	101	0
71	102	1
71	103	0
71	104	0
71	105	0
71	106	0
71	107	0
71	108	0
71	109	1
71	110	0
71	111	1
71	112	0
71	113	1
71	114	1
71	115	1
71	116	1
71	117	0
71	118	0
71	119	0
71	120	0
72	73	1
72	74	1
72	75	1
72	76	0
72	77	1
72	78	1
72	79	0
72	80	0
72	81	1
72	82	0
72	83	1
72	84	0
72	85	0
72	86	0
72	87	1
72	88	1
72	89	0
72	90	1
72	91	0
72	92	0
72	93	1
72	94	0
72	95	1
72	96	1
72	97	1
72	98	0
72	99	0
72	100	0
72	101	0
72	102	1
72	103	0
72	104	0
72	105	0
72	106	0
72	107	0
72	108	1
72	109	0
72	110	0
72	111	1
72	112	1
72	113	0
72	114	0
72	115	0
72	116	1
72	117	1
72	118	0
72	119	0
72	120	0
73	74	0
73	75	0
73	76	1
73	77	0
73	78	0
73	79	1
73	80	0
73	81	0
73	82	0
73	83	1
73	84	0
73	85	0
73	86	0
73	87	0
73	88	1
73	89	0
73	90	1
73	91	0
73	92	0
73	93	0
73	94	0
73	95	1
73	96	0
73	97	1
73	98	1
73	99	1
73	100	1
73	101	0
73	102	0
73	103	1
73	104	0
73	105	0
73	106	1
73	107	0
73	108	1
73	109	1
73	110	1
73	111	0
73	112	1
73	113	0
73	114	0
73	115	1
73	116	0
73	117	1
73	118	1
73	119	1
73	120	1
74	75	1
74	76	1
74	77	0
74	78	1
74	79	0
74	80	0
74	81	0
74	82	1
74	83	1
74	84	1
74	85	1
74	86	0
74	87	0
74	88	0
74	89	0
74	90	1
74	91	0
74	92	0
74	93	0
74	94	0
74	95	0
74	96	1
74	97	1
74	98	1
74	99	1
74	100	1
74	101	0
74	102	1
74	103	0
74	104	1
74	105	0
74	106	0
74	107	0
74	108	0
74	109	1
74	110	0
74	111	0
74	112	0
74	113	0
74	114	0
74	115	0
74	116	1
74	117	1
74	118	1
74	119	0
74	120	0
75	76	1
75	77	1
75	78	0
75	79	1
75	80	1
75	81	1
75	82	0
75	83	1
75	84	0
75	85	1
75	86	1
75	87	0
75	88	1
75	89	1
75	90	0
75	91	1
75	92	1
75	93	1
75	94	1
75	95	1
75	96	0
75	97	0
75	98	0
75	99	0
75	100	0
75	101	0
75	102	0
75	103	1
75	104	0
75	105	0
75	106	1
75	107	0
75	108	0
75	109	0
75	110	0
75	111	1
75	112	1
75	113	0
75	114	0
75	115	1
75	116	1
75	117	0
75	118	0
75	119	1
75	120	1
76	77	1
76	78	0
76	79	1
76	80	0
76	81	1
76	82	1
76	83	0
76	84	1
76	85	0
76	86	1
76	87	0
76	88	1
76	89	0
76	90	0
76	91	1
76	92	0
76	93	0
76	94	1
76	95	1
76	96	1
76	97	0
76	98	0
76	99	0
76	100	1
76	101	0
76	102	1
76	103	0
76	104	0
76	105	1
76	106	0
76	107	0
76	108	0
76	109	1
76	110	1
76	111	0
76	112	1
76	113	1
76	114	1
76	115	1
76	116	0
76	117	1
76	118	1
76	119	1
76	120	0
77	78	1
77	79	1
77	80	0
77	81	1
77	82	0
77	83	1
77	84	0
77	85	0
77	86	1
77	87	1
77	88	1
77	89	1
77	90	0
77	91	1
77	92	1
77	93	0
77	94	1
77	95	0
77	96	1
77	97	1
77	98	1
77	99	1
77	100	0
77	101	0
77	102	0
77	103	1
77	104	1
77	105	1
77	106	0
77	107	0
77	108	0
77	109	0
77	110	0
77	111	1
77	112	0
77	113	0
77	114	1
77	115	1
77	116	1
77	117	1
77	118	0
77	119	1
77	120	1
78	79	1
78	80	0
78	81	1
78	82	1
78	83	0
78	84	1
78	85	1
78	86	0
78	87	1
78	88	0
78	89	0
78	90	0
78	91	0
78	92	1
78	93	1
78	94	0
78	95	0
78	96	0
78	97	0
78	98	1
78	99	0
78	100	0
78	101	0
78	102	1
78	103	0
78	104	0
78	105	0
78	106	0
78	107	0
78	108	0
78	109	1
78	110	1
78	111	1
78	112	0
78	113	0
78	114	0
78	115	1
78	116	0
78	117	0
78	118	1
78	119	1
78	120	0
79	80	1
79	81	1
79	82	0
79	83	1
79	84	0
79	85	1
79	86	1
79	87	1
79	88	0
79	89	0
79	90	1
79	91	1
79	92	0
79	93	0
79	94	0
79	95	1
79	96	1
79	97	1
79	98	0
79	99	0
79	100	1
79	101	1
79	102	1
79	103	1
79	104	0
79	105	1
79	106	1
79	107	0
79	108	0
79	109	0
79	110	0
79	111	1
79	112	1
79	113	0
79	114	0
79	115	1
79	116	0
79	117	0
79	118	1
79	119	1
79	120	0
80	81	1
80	82	0
80	83	1
80	84	1
80	85	0
80	86	1
80	87	1
80	88	0
80	89	0
80	90	0
80	91	0
80	92	1
80	93	0
80	94	1
80	95	1
80	96	1
80	97	1
80	98	0
80	99	0
80	100	0
80	101	1
80	102	0
80	103	1
80	104	0
80	105	1
80	106	1
80	107	1
80	108	0
80	109	1
80	110	1
80	111	1
80	112	0
80	113	1
80	114	0
80	115	0
80	116	1
80	117	0
80	118	1
80	119	0
80	120	0
81	82	1
81	83	1
81	84	0
81	85	0
81	86	1
81	87	0
81	88	0
81	89	1
81	90	0
81	91	0
81	92	0
81	93	0
81	94	1
81	95	0
81	96	0
81	97	0
81	98	0
81	99	1
81	100	1
81	101	0
81	102	1
81	103	1
81	104	0
81	105	1
81	106	0
81	107	1
81	108	0
81	109	0
81	110	1
81	111	1
81	112	1
81	113	1
81	114	1
81	115	0
81	116	0
81	117	0
81	118	0
81	119	0
81	120	0
82	83	1
82	84	1
82	85	1
82	86	0
82	87	1
82	88	0
82	89	0
82	90	1
82	91	0
82	92	1
82	93	0
82	94	0
82	95	0
82	96	0
82	97	1
82	98	0
82	99	1
82	100	0
82	101	1
82	102	1
82	103	1
82	104	0
82	105	1
82	106	1
82	107	1
82	108	0
82	109	1
82	110	0
82	111	1
82	112	0
82	113	0
82	114	0
82	115	0
82	116	0
82	117	1
82	118	0
82	119	1
82	120	0
83	84	1
83	85	1
83	86	1
83	87	1
83	88	1
83	89	1
83	90	1
83	91	0
83	92	0
83	93	1
83	94	1
83	95	1
83	96	1
83	97	0
83	98	1
83	99	0
83	100	1
83	101	0
83	102	0
83	103	1
83	104	1
83	105	1
83	106	0
83	107	1
83	108	1
83	109	1
83	110	0
83	111	0
83	112	1
83	113	0
83	114	0
83	115	1
83	116	1
83	117	1
83	118	1
83	119	0
83	120	0
84	85	1
84	86	1
84	87	0
84	88	1
84	89	1
84	90	0
84	91	0
84	92	0
84	93	1
84	94	0
84	95	0
84	96	0
84	97	1
84	98	0
84	99	1
84	100	1
84	101	0
84	102	0
84	103	1
84	104	0
84	105	0
84	106	0
84	107	1
84	108	1
84	109	1
84	110	0
84	111	1
84	112	0
84	113	1
84	114	1
84	115	1
84	116	0
84	117	0
84	118	1
84	119	1
84	120	1
85	86	0
85	87	0
85	88	1
85	89	1
85	90	1
85	91	0
85	92	0
85	93	0
85	94	0
85	95	1
85	96	1
85	97	1
85	98	0
85	99	1
85	100	1
85	101	0
85	102	1
85	103	1
85	104	0
85	105	0
85	106	0
85	107	1
85	108	0
85	109	0
85	110	1
85	111	1
85	112	1
85	113	1
85	114	1
85	115	0
85	116	0
85	117	1
85	118	0
85	119	1
85	120	0
86	87	0
86	88	1
86	89	1
86	90	0
86	91	1
86	92	1
86	93	0
86	94	1
86	95	1
86	96	1
86	97	1
86	98	0
86	99	1
86	100	1
86	101	1
86	102	0
86	103	1
86	104	1
86	105	0
86	106	0
86	107	0
86	108	0
86	109	1
86	110	1
86	111	0
86	112	1
86	113	0
86	114	1
86	115	0
86	116	1
86	117	1
86	118	1
86	119	1
86	120	1
87	88	0
87	89	0
87	90	0
87	91	0
87	92	1
87	93	1
87	94	1
87	95	1
87	96	1
87	97	1
87	98	1
87	99	1
87	100	1
87	101	1
87	102	0
87	103	1
87	104	0
87	105	0
87	106	1
87	107	1
87	108	0
87	109	0
87	110	0
87	111	1
87	112	0
87	113	0
87	114	1
87	115	1
87	116	1
87	117	0
87	118	0
87	119	1
87	120	1
88	89	1
88	90	1
88	91	1
88	92	0
88	93	0
88	94	0
88	95	0
88	96	0
88	97	0
88	98	0
88	99	1
88	100	0
88	101	1
88	102	0
88	103	0
88	104	1
88	105	0
88	106	0
88	107	1
88	108	1
88	109	1
88	110	0
88	111	0
88	112	0
88	113	0
88	114	1
88	115	1
88	116	1
88	117	0
88	118	1
88	119	1
88	120	1
89	90	1
89	91	0
89	92	0
89	93	0
89	94	0
89	95	1
89	96	1
89	97	1
89	98	1
89	99	1
89	100	0
89	101	1
89	102	1
89	103	0
89	104	1
89	105	0
89	106	1
89	107	0
89	108	1
89	109	1
89	110	0
89	111	0
89	112	1
89	113	0
89	114	0
89	115	1
89	116	0
89	117	0
89	118	1
89	119	0
89	120	0
90	91	1
90	92	1
90	93	1
90	94	0
90	95	1
90	96	1
90	97	1
90	98	0
90	99	0
90	100	1
90	101	1
90	102	1
90	103	0
90	104	0
90	105	1
90	106	1
90	107	0
90	108	1
90	109	0
90	110	1
90	111	1
90	112	1
90	113	1
90	114	1
90	115	1
90	116	0
90	117	1
90	118	1
90	119	1
90	120	1
91	92	1
91	93	0
91	94	0
91	95	1
91	96	0
91	97	1
91	98	0
91	99	1
91	100	1
91	101	1
91	102	1
91	103	0
91	104	0
91	105	1
91	106	1
91	107	0
91	108	0
91	109	0
91	110	0
91	111	0
91	112	0
91	113	1
91	114	0
91	115	0
91	116	0
91	117	0
91	118	1
91	119	0
91	120	0
92	93	0
92	94	0
92	95	0
92	96	1
92	97	0
92	98	1
92	99	0
92	100	0
92	101	1
92	102	1
92	103	1
92	104	1
92	105	1
92	106	1
92	107	0
92	108	1
92	109	1
92	110	1
92	111	1
92	112	0
92	113	1
92	114	1
92	115	1
92	116	0
92	117	0
92	118	1
92	119	1
92	120	0
93	94	0
93	95	0
93	96	0
93	97	0
93	98	0
93	99	0
93	100	0
93	101	1
93	102	0
93	103	0
93	104	1
93	105	0
93	106	1
93	107	0
93	108	0
93	109	1
93	110	0
93	111	1
93	112	1
93	113	0
93	114	1
93	115	1
93	116	1
93	117	0
93	118	1
93	119	1
93	120	1
94	95	0
94	96	0
94	97	0
94	98	0
94	99	0
94	100	0
94	101	1
94	102	1
94	103	1
94	104	1
94	105	0
94	106	1
94	107	0
94	108	1
94	109	1
94	110	1
94	111	1
94	112	0
94	113	1
94	114	0
94	115	1
94	116	0
94	117	0
94	118	1
94	119	1
94	120	0
95	96	1
95	97	0
95	98	0
95	99	0
95	100	1
95	101	0
95	102	1
95	103	1
95	104	0
95	105	1
95	106	1
95	107	0
95	108	1
95	109	0
95	110	0
95	111	1
95	112	1
95	113	0
95	114	1
95	115	0
95	116	1
95	117	0
95	118	1
95	119	1
95	120	0
96	97	1
96	98	0
96	99	1
96	100	0
96	101	0
96	102	1
96	103	0
96	104	0
96	105	1
96	106	0
96	107	0
96	108	1
96	109	0
96	110	0
96	111	1
96	112	0
96	113	0
96	114	1
96	115	0
96	116	1
96	117	1
96	118	1
96	119	1
96	120	1
97	98	1
97	99	1
97	100	1
97	101	0
97	102	0
97	103	1
97	104	0
97	105	1
97	106	0
97	107	0
97	108	1
97	109	0
97	110	1
97	111	0
97	112	0
97	113	0
97	114	0
97	115	1
97	116	0
97	117	0
97	118	1
97	119	0
97	120	1
98	99	0
98	100	0
98	101	0
98	102	0
98	103	1
98	104	0
98	105	0
98	106	0
98	107	0
98	108	1
98	109	1
98	110	0
98	111	1
98	112	1
98	113	1
98	114	0
98	115	0
98	116	1
98	117	1
98	118	0
98	119	1
98	120	0
99	100	1
99	101	1
99	102	1
99	103	1
99	104	1
99	105	0
99	106	1
99	107	0
99	108	1
99	109	0
99	110	0
99	111	1
99	112	0
99	113	0
99	114	0
99	115	0
99	116	1
99	117	0
99	118	0
99	119	0
99	120	0
100	101	1
100	102	0
100	103	1
100	104	0
100	105	0
100	106	0
100	107	0
100	108	1
100	109	1
100	110	1
100	111	0
100	112	0
100	113	0
100	114	1
100	115	1
100	116	0
100	117	1
100	118	1
100	119	0
100	120	0
101	102	1
101	103	1
101	104	0
101	105	1
101	106	1
101	107	0
101	108	1
101	109	0
101	110	0
101	111	1
101	112	0
101	113	1
101	114	0
101	115	1
101	116	1
101	117	0
101	118	0
101	119	0
101	120	0
102	103	0
102	104	0
102	105	1
102	106	1
102	107	0
102	108	0
102	109	1
102	110	1
102	111	1
102	112	1
102	113	0
102	114	1
102	115	1
102	116	1
102	117	0
102	118	0
102	119	1
102	120	1
103	104	0
103	105	0
103	106	1
103	107	1
103	108	0
103	109	1
103	110	1
103	111	1
103	112	0
103	113	1
103	114	0
103	115	1
103	116	1
103	117	1
103	118	0
103	119	0
103	120	0
104	105	1
104	106	1
104	107	0
104	108	0
104	109	0
104	110	1
104	111	1
104	112	0
104	113	1
104	114	1
104	115	1
104	116	0
104	117	0
104	118	0
104	119	0
104	120	0
105	106	1
105	107	1
105	108	1
105	109	1
105	110	1
105	111	1
105	112	0
105	113	0
105	114	1
105	115	1
105	116	0
105	117	0
105	118	1
105	119	0
105	120	0
106	107	1
106	108	1
106	109	0
106	110	0
106	111	1
106	112	1
106	113	1
106	114	0
106	115	0
106	116	0
106	117	1
106	118	0
106	119	1
106	120	1
107	108	0
107	109	1
107	110	1
107	111	1
107	112	1
107	113	1
107	114	0
107	115	0
107	116	0
107	117	1
107	118	0
107	119	0
107	120	0
108	109	0
108	110	0
108	111	0
108	112	1
108	113	0
108	114	1
108	115	0
108	116	1
108	117	1
108	118	0
108	119	0
108	120	0
109	110	0
109	111	0
109	112	1
109	113	0
109	114	0
109	115	0
109	116	1
109	117	1
109	118	1
109	119	0
109	120	0
110	111	0
110	112	1
110	113	1
110	114	1
110	115	0
110	116	0
110	117	1
110	118	1
110	119	1
110	120	0
111	112	0
111	113	0
111	114	0
111	115	1
111	116	1
111	117	1
111	118	1
111	119	0
111	120	1
112	113	1
112	114	0
112	115	0
112	116	1
112	117	0
112	118	1
112	119	1
112	120	1
113	114	0
113	115	1
113	116	1
113	117	1
113	118	1
113	119	1
113	120	0
114	115	1
114	116	0
114	117	1
114	118	0
114	119	0
114	120	0
115	116	1
115	117	1
115	118	0
115	119	0
115	120	0
116	117	1
116	118	0
116	119	0
116	120	1
117	118	0
117	119	1
117	120	1
118	119	1
118	120	1
119	120	0
