120	7140	0
1	2	1
1	3	1
1	4	0
1	5	1
1	6	0
1	7	0
1	8	1
1	9	0
1	10	0
1	11	1
1	12	1
1	13	0
1	14	1
1	15	0
1	16	0
1	17	0
1	18	1
1	19	1
1	20	0
1	21	1
1	22	0
1	23	1
1	24	0
1	25	1
1	26	0
1	27	0
1	28	1
1	29	0
1	30	1
1	31	0
1	32	0
1	33	0
1	34	1
1	35	1
1	36	0
1	37	0
1	38	1
1	39	1
1	40	1
1	41	1
1	42	0
1	43	0
1	44	0
1	45	0
1	46	1
1	47	0
1	48	1
1	49	1
1	50	0
1	51	0
1	52	0
1	53	0
1	54	0
1	55	0
1	56	1
1	57	0
1	58	1
1	59	1
1	60	0
1	61	1
1	62	0
1	63	1
1	64	0
1	65	1
1	66	1
1	67	1
1	68	1
1	69	0
1	70	1
1	71	0
1	72	0
1	73	0
1	74	1
1	75	1
1	76	0
1	77	0
1	78	1
1	79	1
1	80	1
1	81	0
1	82	0
1	83	1
1	84	1
1	85	0
1	86	1
1	87	1
1	88	1
1	89	1
1	90	0
1	91	1
1	92	1
1	93	0
1	94	0
1	95	0
1	96	1
1	97	0
1	98	1
1	99	0
1	100	0
1	101	0
1	102	1
1	103	0
1	104	0
1	105	0
1	106	0
1	107	1
1	108	1
1	109	0
1	110	0
1	111	0
1	112	0
1	113	1
1	114	0
1	115	1
1	116	1
1	117	1
1	118	1
1	119	1
1	120	1
2	3	0
2	4	1
2	5	1
2	6	0
2	7	0
2	8	1
2	9	0
2	10	1
2	11	0
2	12	1
2	13	1
2	14	1
2	15	1
2	16	0
2	17	0
2	18	1
2	19	0
2	20	1
2	21	0
2	22	1
2	23	1
2	24	1
2	25	1
2	26	1
2	27	1
2	28	1
2	29	0
2	30	0
2	31	1
2	32	0
2	33	0
2	34	1
2	35	0
2	36	0
2	37	0
2	38	0
2	39	1
2	40	1
2	41	1
2	42	0
2	43	0
2	44	1
2	45	0
2	46	0
2	47	0
2	48	0
2	49	0
2	50	1
2	51	1
2	52	1
2	53	1
2	54	1
2	55	1
2	56	1
2	57	0
2	58	0
2	59	1
2	60	1
2	61	1
2	62	1
2	63	1
2	64	0
2	65	0
2	66	0
2	67	0
2	68	1
2	69	0
2	70	1
2	71	1
2	72	1
2	73	1
2	74	0
2	75	0
2	76	1
2	77	1
2	78	0
2	79	1
2	80	1
2	81	1
2	82	0
2	83	1
2	84	1
2	85	0
2	86	1
2	87	1
2	88	1
2	89	1
2	90	1
2	91	1
2	92	1
2	93	1
2	94	1
2	95	0
2	96	0
2	97	0
2	98	1
2	99	1
2	100	1
2	101	0
2	102	1
2	103	1
2	104	0
2	105	0
2	106	1
2	107	0
2	108	1
2	109	0
2	110	1
2	111	0
2	112	0
2	113	1
2	114	1
2	115	1
2	116	0
2	117	1
2	118	0
2	119	0
2	120	0
3	4	1
3	5	0
3	6	0
3	7	1
3	8	1
3	9	0
3	10	0
3	11	1
3	12	0
3	13	1
3	14	0
3	15	1
3	16	1
3	17	0
3	18	0
3	19	0
3	20	1
3	21	0
3	22	1
3	23	0
3	24	1
3	25	1
3	26	1
3	27	0
3	28	1
3	29	0
3	30	0
3	31	0
3	32	0
3	33	0
3	34	1
3	35	0
3	36	0
3	37	1
3	38	0
3	39	0
3	40	0
3	41	1
3	42	1
3	43	1
3	44	0
3	45	0
3	46	0
3	47	0
3	48	1
3	49	0
3	50	0
3	51	1
3	52	0
3	53	1
3	54	1
3	55	1
3	56	1
3	57	1
3	58	1
3	59	1
3	60	0
3	61	0
3	62	1
3	63	0
3	64	1
3	65	1
3	66	0
3	67	0
3	68	0
3	69	1
3	70	1
3	71	1
3	72	0
3	73	1
3	74	0
3	75	0
3	76	1
3	77	0
3	78	0
3	79	1
3	80	0
3	81	0
3	82	0
3	83	0
3	84	1
3	85	0
3	86	1
3	87	1
3	88	1
3	89	1
3	90	1
3	91	0
3	92	0
3	93	0
3	94	1
3	95	0
3	96	1
3	97	0
3	98	0
3	99	0
3	100	1
3	101	1
3	102	0
3	103	1
3	104	1
3	105	0
3	106	1
3	107	0
3	108	1
3	109	0
3	110	0
3	111	1
3	112	0
3	113	1
3	114	1
3	115	1
3	116	0
3	117	1
3	118	1
3	119	0
3	120	1
4	5	1
4	6	1
4	7	1
4	8	1
4	9	0
4	10	0
4	11	1
4	12	0
4	13	1
4	14	1
4	15	0
4	16	0
4	17	0
4	18	1
4	19	0
4	20	1
4	21	1
4	22	1
4	23	1
4	24	1
4	25	0
4	26	0
4	27	1
4	28	1
4	29	0
4	30	1
4	31	1
4	32	0
4	33	0
4	34	0
4	35	0
4	36	0
4	37	0
4	38	0
4	39	1
4	40	0
4	41	1
4	42	0
4	43	0
4	44	0
4	45	1
4	46	0
4	47	1
4	48	0
4	49	1
4	50	0
4	51	1
4	52	0
4	53	0
4	54	1
4	55	1
4	56	1
4	57	0
4	58	1
4	59	1
4	60	1
4	61	0
4	62	0
4	63	1
4	64	0
4	65	0
4	66	0
4	67	0
4	68	0
4	69	1
4	70	1
4	71	0
4	72	0
4	73	0
4	74	1
4	75	1
4	76	0
4	77	1
4	78	0
4	79	0
4	80	0
4	81	0
4	82	1
4	83	1
4	84	1
4	85	1
4	86	1
4	87	0
4	88	1
4	89	1
4	90	0
4	91	0
4	92	0
4	93	0
4	94	1
4	95	0
4	96	1
4	97	0
4	98	1
4	99	0
4	100	1
4	101	1
4	102	0
4	103	0
4	104	0
4	105	0
4	106	1
4	107	0
4	108	1
4	109	1
4	110	1
4	111	0
4	112	1
4	113	1
4	114	0
4	115	0
4	116	0
4	117	1
4	118	1
4	119	1
4	120	0
5	6	0
5	7	1
5	8	1
5	9	0
5	10	0
5	11	1
5	12	1
5	13	1
5	14	1
5	15	1
5	16	1
5	17	1
5	18	1
5	19	0
5	20	1
5	21	1
5	22	0
5	23	0
5	24	1
5	25	0
5	26	0
5	27	0
5	28	0
5	29	1
5	30	0
5	31	0
5	32	0
5	33	0
5	34	0
5	35	1
5	36	1
5	37	0
5	38	0
5	39	1
5	40	0
5	41	0
5	42	1
5	43	1
5	44	1
5	45	1
5	46	0
5	47	1
5	48	1
5	49	0
5	50	0
5	51	1
5	52	0
5	53	1
5	54	0
5	55	0
5	56	0
5	57	0
5	58	0
5	59	0
5	60	1
5	61	1
5	62	1
5	63	0
5	64	0
5	65	1
5	66	0
5	67	1
5	68	0
5	69	1
5	70	0
5	71	0
5	72	1
5	73	0
5	74	0
5	75	1
5	76	0
5	77	1
5	78	1
5	79	0
5	80	1
5	81	0
5	82	1
5	83	0
5	84	0
5	85	1
5	86	1
5	87	1
5	88	0
5	89	1
5	90	1
5	91	1
5	92	0
5	93	0
5	94	0
5	95	0
5	96	0
5	97	1
5	98	1
5	99	1
5	100	0
5	101	1
5	102	1
5	103	0
5	104	1
5	105	1
5	106	0
5	107	0
5	108	0
5	109	0
5	110	0
5	111	1
5	112	0
5	113	0
5	114	1
5	115	1
5	116	0
5	117	0
5	118	0
5	119	0
5	120	0
6	7	1
6	8	0
6	9	0
6	10	0
6	11	1
6	12	1
6	13	1
6	14	1
6	15	1
6	16	0
6	17	1
6	18	0
6	19	1
6	20	1
6	21	1
6	22	0
6	23	0
6	24	0
6	25	1
6	26	1
6	27	1
6	28	1
6	29	0
6	30	1
6	31	1
6	32	0
6	33	0
6	34	0
6	35	1
6	36	1
6	37	0
6	38	0
6	39	1
6	40	1
6	41	1
6	42	1
6	43	1
6	44	0
6	45	1
6	46	0
6	47	0
6	48	0
6	49	1
6	50	1
6	51	1
6	52	1
6	53	0
6	54	0
6	55	1
6	56	1
6	57	0
6	58	0
6	59	0
6	60	1
6	61	1
6	62	1
6	63	1
6	64	0
6	65	0
6	66	1
6	67	1
6	68	0
6	69	1
6	70	1
6	71	1
6	72	1
6	73	1
6	74	1
6	75	1
6	76	0
6	77	1
6	78	0
6	79	1
6	80	1
6	81	0
6	82	1
6	83	1
6	84	0
6	85	0
6	86	0
6	87	1
6	88	1
6	89	0
6	90	1
6	91	1
6	92	0
6	93	0
6	94	1
6	95	1
6	96	0
6	97	1
6	98	0
6	99	0
6	100	1
6	101	1
6	102	0
6	103	1
6	104	1
6	105	1
6	106	0
6	107	0
6	108	0
6	109	0
6	110	0
6	111	0
6	112	0
6	113	0
6	114	0
6	115	0
6	116	1
6	117	1
6	118	0
6	119	0
6	120	0
7	8	0
7	9	0
7	10	0
7	11	0
7	12	0
7	13	1
7	14	1
7	15	1
7	16	1
7	17	0
7	18	0
7	19	0
7	20	0
7	21	1
7	22	0
7	23	1
7	24	1
7	25	1
7	26	0
7	27	0
7	28	1
7	29	1
7	30	1
7	31	0
7	32	1
7	33	1
7	34	0
7	35	0
7	36	0
7	37	1
7	38	0
7	39	1
7	40	1
7	41	0
7	42	1
7	43	0
7	44	0
7	45	1
7	46	1
7	47	0
7	48	1
7	49	1
7	50	0
7	51	0
7	52	0
7	53	0
7	54	0
7	55	0
7	56	1
7	57	1
7	58	0
7	59	0
7	60	1
7	61	1
7	62	0
7	63	0
7	64	0
7	65	0
7	66	0
7	67	1
7	68	1
7	69	0
7	70	1
7	71	0
7	72	0
7	73	0
7	74	0
7	75	1
7	76	1
7	77	0
7	78	0
7	79	1
7	80	0
7	81	1
7	82	0
7	83	1
7	84	1
7	85	0
7	86	0
7	87	1
7	88	1
7	89	0
7	90	1
7	91	1
7	92	0
7	93	1
7	94	0
7	95	0
7	96	0
7	97	0
7	98	0
7	99	0
7	100	0
7	101	0
7	102	1
7	103	0
7	104	1
7	105	1
7	106	1
7	107	0
7	108	1
7	109	0
7	110	1
7	111	0
7	112	0
7	113	1
7	114	0
7	115	0
7	116	1
7	117	0
7	118	1
7	119	1
7	120	1
8	9	0
8	10	1
8	11	0
8	12	0
8	13	0
8	14	1
8	15	1
8	16	1
8	17	0
8	18	1
8	19	1
8	20	0
8	21	0
8	22	1
8	23	1
8	24	1
8	25	0
8	26	0
8	27	0
8	28	1
8	29	0
8	30	1
8	31	1
8	32	1
8	33	0
8	34	0
8	35	0
8	36	0
8	37	0
8	38	1
8	39	0
8	40	1
8	41	0
8	42	1
8	43	0
8	44	1
8	45	0
8	46	0
8	47	0
8	48	0
8	49	0
8	50	0
8	51	1
8	52	0
8	53	0
8	54	0
8	55	0
8	56	0
8	57	1
8	58	1
8	59	1
8	60	0
8	61	0
8	62	0
8	63	0
8	64	0
8	65	0
8	66	1
8	67	0
8	68	0
8	69	0
8	70	1
8	71	0
8	72	0
8	73	0
8	74	0
8	75	0
8	76	0
8	77	0
8	78	1
8	79	1
8	80	1
8	81	1
8	82	1
8	83	1
8	84	1
8	85	1
8	86	1
8	87	1
8	88	0
8	89	1
8	90	1
8	91	1
8	92	1
8	93	1
8	94	1
8	95	0
8	96	0
8	97	1
8	98	0
8	99	1
8	100	0
8	101	0
8	102	1
8	103	1
8	104	0
8	105	0
8	106	1
8	107	1
8	108	1
8	109	1
8	110	0
8	111	0
8	112	0
8	113	1
8	114	0
8	115	1
8	116	1
8	117	1
8	118	0
8	119	1
8	120	0
9	10	1
9	11	0
9	12	1
9	13	0
9	14	0
9	15	1
9	16	0
9	17	0
9	18	0
9	19	0
9	20	1
9	21	1
9	22	0
9	23	1
9	24	1
9	25	1
9	26	0
9	27	0
9	28	0
9	29	0
9	30	0
9	31	0
9	32	0
9	33	0
9	34	0
9	35	0
9	36	0
9	37	0
9	38	1
9	39	1
9	40	1
9	41	0
9	42	0
9	43	1
9	44	1
9	45	0
9	46	1
9	47	0
9	48	0
9	49	1
9	50	1
9	51	1
9	52	1
9	53	0
9	54	0
9	55	1
9	56	0
9	57	0
9	58	0
9	59	1
9	60	0
9	61	1
9	62	1
9	63	0
9	64	1
9	65	1
9	66	0
9	67	1
9	68	0
9	69	1
9	70	1
9	71	0
9	72	1
9	73	1
9	74	1
9	75	0
9	76	0
9	77	0
9	78	0
9	79	1
9	80	0
9	81	1
9	82	1
9	83	1
9	84	1
9	85	0
9	86	0
9	87	1
9	88	0
9	89	1
9	90	1
9	91	0
9	92	0
9	93	0
9	94	0
9	95	0
9	96	1
9	97	0
9	98	0
9	99	0
9	100	0
9	101	0
9	102	0
9	103	1
9	104	0
9	105	0
9	106	0
9	107	1
9	108	0
9	109	0
9	110	0
9	111	0
9	112	0
9	113	0
9	114	1
9	115	1
9	116	1
9	117	1
9	118	0
9	119	0
9	120	1
10	11	1
10	12	0
10	13	0
10	14	1
10	15	1
10	16	1
10	17	0
10	18	0
10	19	0
10	20	0
10	21	0
10	22	0
10	23	0
10	24	0
10	25	0
10	26	0
10	27	0
10	28	1
10	29	0
10	30	0
10	31	1
10	32	1
10	33	1
10	34	1
10	35	0
10	36	1
10	37	1
10	38	0
10	39	0
10	40	0
10	41	0
10	42	1
10	43	0
10	44	0
10	45	0
10	46	1
10	47	0
10	48	1
10	49	1
10	50	1
10	51	0
10	52	1
10	53	1
10	54	1
10	55	1
10	56	0
10	57	0
10	58	1
10	59	0
10	60	0
10	61	1
10	62	0
10	63	1
10	64	1
10	65	1
10	66	0
10	67	0
10	68	1
10	69	0
10	70	0
10	71	1
10	72	0
10	73	0
10	74	0
10	75	0
10	76	1
10	77	0
10	78	0
10	79	1
10	80	1
10	81	0
10	82	1
10	83	0
10	84	1
10	85	0
10	86	0
10	87	0
10	88	1
10	89	0
10	90	0
10	91	0
10	92	0
10	93	0
10	94	0
10	95	1
10	96	1
10	97	0
10	98	1
10	99	0
10	100	0
10	101	1
10	102	0
10	103	1
10	104	0
10	105	0
10	106	0
10	107	1
10	108	0
10	109	0
10	110	0
10	111	1
10	112	1
10	113	1
10	114	0
10	115	1
10	116	0
10	117	1
10	118	0
10	119	1
10	120	0
11	12	1
11	13	1
11	14	1
11	15	0
11	16	0
11	17	1
11	18	0
11	19	1
11	20	1
11	21	1
11	22	1
11	23	1
11	24	1
11	25	0
11	26	0
11	27	0
11	28	1
11	29	0
11	30	1
11	31	1
11	32	1
11	33	0
11	34	1
11	35	0
11	36	0
11	37	0
11	38	0
11	39	0
11	40	1
11	41	0
11	42	1
11	43	0
11	44	1
11	45	1
11	46	1
11	47	0
11	48	1
11	49	1
11	50	0
11	51	1
11	52	1
11	53	1
11	54	1
11	55	1
11	56	1
11	57	0
11	58	1
11	59	1
11	60	0
11	61	1
11	62	1
11	63	0
11	64	1
11	65	0
11	66	0
11	67	1
11	68	0
11	69	0
11	70	1
11	71	1
11	72	0
11	73	1
11	74	0
11	75	0
11	76	0
11	77	0
11	78	1
11	79	0
11	80	1
11	81	0
11	82	1
11	83	0
11	84	1
11	85	1
11	86	1
11	87	1
11	88	0
11	89	1
11	90	0
11	91	0
11	92	1
11	93	0
11	94	0
11	95	1
11	96	0
11	97	1
11	98	0
11	99	1
11	100	1
11	101	0
11	102	0
11	103	1
11	104	0
11	105	0
11	106	0
11	107	0
11	108	0
11	109	0
11	110	1
11	111	0
11	112	0
11	113	0
11	114	1
11	115	0
11	116	0
11	117	1
11	118	1
11	119	1
11	120	0
12	13	1
12	14	0
12	15	1
12	16	1
12	17	0
12	18	0
12	19	0
12	20	1
12	21	1
12	22	0
12	23	0
12	24	1
12	25	1
12	26	1
12	27	0
12	28	1
12	29	1
12	30	0
12	31	1
12	32	1
12	33	0
12	34	1
12	35	1
12	36	1
12	37	1
12	38	0
12	39	0
12	40	0
12	41	1
12	42	0
12	43	1
12	44	1
12	45	0
12	46	1
12	47	0
12	48	0
12	49	0
12	50	1
12	51	1
12	52	0
12	53	1
12	54	1
12	55	0
12	56	0
12	57	1
12	58	0
12	59	0
12	60	1
12	61	1
12	62	1
12	63	0
12	64	1
12	65	1
12	66	0
12	67	1
12	68	0
12	69	1
12	70	0
12	71	1
12	72	0
12	73	0
12	74	0
12	75	0
12	76	0
12	77	1
12	78	1
12	79	0
12	80	0
12	81	1
12	82	1
12	83	0
12	84	1
12	85	0
12	86	0
12	87	0
12	88	1
12	89	0
12	90	1
12	91	1
12	92	0
12	93	1
12	94	0
12	95	0
12	96	1
12	97	0
12	98	0
12	99	1
12	100	1
12	101	1
12	102	1
12	103	0
12	104	1
12	105	0
12	106	0
12	107	1
12	108	0
12	109	1
12	110	0
12	111	1
12	112	0
12	113	1
12	114	0
12	115	1
12	116	1
12	117	0
12	118	1
12	119	1
12	120	0
13	14	1
13	15	0
13	16	1
13	17	1
13	18	0
13	19	0
13	20	1
13	21	1
13	22	0
13	23	1
13	24	0
13	25	0
13	26	0
13	27	0
13	28	1
13	29	1
13	30	0
13	31	1
13	32	0
13	33	0
13	34	1
13	35	0
13	36	0
13	37	0
13	38	0
13	39	0
13	40	0
13	41	1
13	42	1
13	43	1
13	44	0
13	45	0
13	46	0
13	47	0
13	48	1
13	49	1
13	50	1
13	51	1
13	52	0
13	53	0
13	54	1
13	55	0
13	56	0
13	57	1
13	58	1
13	59	1
13	60	0
13	61	0
13	62	0
13	63	1
13	64	1
13	65	1
13	66	1
13	67	0
13	68	1
13	69	0
13	70	1
13	71	1
13	72	1
13	73	1
13	74	1
13	75	0
13	76	0
13	77	1
13	78	0
13	79	1
13	80	0
13	81	0
13	82	0
13	83	0
13	84	0
13	85	0
13	86	0
13	87	1
13	88	0
13	89	0
13	90	1
13	91	1
13	92	1
13	93	1
13	94	0
13	95	0
13	96	1
13	97	0
13	98	1
13	99	1
13	100	0
13	101	1
13	102	0
13	103	0
13	104	1
13	105	0
13	106	0
13	107	0
13	108	0
13	109	1
13	110	1
13	111	0
13	112	0
13	113	0
13	114	0
13	115	0
13	116	0
13	117	1
13	118	0
13	119	1
13	120	1
14	15	1
14	16	0
14	17	0
14	18	0
14	19	0
14	20	1
14	21	1
14	22	1
14	23	0
14	24	1
14	25	1
14	26	1
14	27	1
14	28	1
14	29	1
14	30	0
14	31	1
14	32	0
14	33	0
14	34	0
14	35	0
14	36	0
14	37	1
14	38	0
14	39	1
14	40	0
14	41	1
14	42	0
14	43	0
14	44	1
14	45	1
14	46	1
14	47	0
14	48	0
14	49	0
14	50	0
14	51	0
14	52	1
14	53	1
14	54	0
14	55	0
14	56	0
14	57	0
14	58	1
14	59	1
14	60	1
14	61	0
14	62	0
14	63	0
14	64	0
14	65	0
14	66	0
14	67	1
14	68	1
14	69	0
14	70	1
14	71	1
14	72	0
14	73	1
14	74	1
14	75	1
14	76	1
14	77	0
14	78	0
14	79	0
14	80	1
14	81	1
14	82	1
14	83	1
14	84	1
14	85	0
14	86	0
14	87	1
14	88	0
14	89	1
14	90	1
14	91	0
14	92	1
14	93	0
14	94	1
14	95	1
14	96	1
14	97	1
14	98	1
14	99	1
14	100	0
14	101	1
14	102	1
14	103	0
14	104	1
14	105	0
14	106	1
14	107	0
14	108	0
14	109	1
14	110	1
14	111	0
14	112	1
14	113	1
14	114	0
14	115	1
14	116	0
14	117	1
14	118	0
14	119	0
14	120	0
15	16	0
15	17	0
15	18	1
15	19	1
15	20	1
15	21	0
15	22	1
15	23	1
15	24	1
15	25	0
15	26	1
15	27	0
15	28	0
15	29	0
15	30	1
15	31	1
15	32	1
15	33	1
15	34	0
15	35	0
15	36	0
15	37	1
15	38	0
15	39	0
15	40	1
15	41	1
15	42	0
15	43	0
15	44	0
15	45	1
15	46	0
15	47	1
15	48	1
15	49	1
15	50	0
15	51	1
15	52	1
15	53	0
15	54	1
15	55	1
15	56	1
15	57	1
15	58	1
15	59	0
15	60	0
15	61	1
15	62	0
15	63	0
15	64	1
15	65	1
15	66	0
15	67	1
15	68	0
15	69	1
15	70	0
15	71	0
15	72	0
15	73	0
15	74	1
15	75	0
15	76	1
15	77	1
15	78	0
15	79	1
15	80	0
15	81	0
15	82	0
15	83	1
15	84	1
15	85	0
15	86	1
15	87	1
15	88	1
15	89	0
15	90	0
15	91	1
15	92	1
15	93	0
15	94	0
15	95	1
15	96	1
15	97	0
15	98	0
15	99	0
15	100	1
15	101	0
15	102	1
15	103	0
15	104	0
15	105	1
15	106	0
15	107	0
15	108	0
15	109	1
15	110	1
15	111	1
15	112	1
15	113	1
15	114	1
15	115	1
15	116	1
15	117	0
15	118	1
15	119	1
15	120	0
16	17	0
16	18	1
16	19	0
16	20	0
16	21	0
16	22	1
16	23	1
16	24	0
16	25	0
16	26	0
16	27	0
16	28	0
16	29	1
16	30	0
16	31	0
16	32	1
16	33	0
16	34	0
16	35	0
16	36	0
16	37	0
16	38	1
16	39	1
16	40	0
16	41	1
16	42	1
16	43	0
16	44	0
16	45	0
16	46	1
16	47	1
16	48	0
16	49	0
16	50	1
16	51	0
16	52	0
16	53	0
16	54	1
16	55	1
16	56	1
16	57	1
16	58	0
16	59	1
16	60	0
16	61	0
16	62	0
16	63	1
16	64	1
16	65	0
16	66	1
16	67	1
16	68	1
16	69	0
16	70	0
16	71	0
16	72	1
16	73	1
16	74	0
16	75	1
16	76	0
16	77	1
16	78	0
16	79	0
16	80	1
16	81	1
16	82	1
16	83	1
16	84	1
16	85	1
16	86	0
16	87	0
16	88	0
16	89	0
16	90	1
16	91	0
16	92	1
16	93	0
16	94	0
16	95	0
16	96	0
16	97	1
16	98	1
16	99	0
16	100	1
16	101	0
16	102	1
16	103	1
16	104	1
16	105	1
16	106	0
16	107	1
16	108	0
16	109	0
16	110	0
16	111	1
16	112	0
16	113	0
16	114	0
16	115	1
16	116	1
16	117	0
16	118	1
16	119	0
16	120	0
17	18	1
17	19	1
17	20	1
17	21	1
17	22	0
17	23	1
17	24	0
17	25	0
17	26	0
17	27	0
17	28	0
17	29	1
17	30	0
17	31	1
17	32	0
17	33	0
17	34	1
17	35	1
17	36	0
17	37	0
17	38	1
17	39	0
17	40	1
17	41	0
17	42	0
17	43	0
17	44	0
17	45	1
17	46	0
17	47	0
17	48	1
17	49	0
17	50	1
17	51	1
17	52	1
17	53	1
17	54	1
17	55	0
17	56	1
17	57	0
17	58	0
17	59	1
17	60	0
17	61	0
17	62	0
17	63	0
17	64	1
17	65	1
17	66	1
17	67	0
17	68	1
17	69	0
17	70	0
17	71	0
17	72	0
17	73	0
17	74	1
17	75	1
17	76	0
17	77	1
17	78	0
17	79	1
17	80	1
17	81	0
17	82	1
17	83	1
17	84	0
17	85	1
17	86	0
17	87	0
17	88	1
17	89	0
17	90	0
17	91	1
17	92	1
17	93	1
17	94	0
17	95	0
17	96	0
17	97	1
17	98	1
17	99	0
17	100	0
17	101	1
17	102	1
17	103	1
17	104	1
17	105	0
17	106	1
17	107	1
17	108	0
17	109	0
17	110	1
17	111	1
17	112	1
17	113	1
17	114	1
17	115	1
17	116	1
17	117	1
17	118	1
17	119	1
17	120	1
18	19	1
18	20	0
18	21	0
18	22	1
18	23	1
18	24	1
18	25	0
18	26	0
18	27	1
18	28	1
18	29	1
18	30	1
18	31	1
18	32	1
18	33	0
18	34	1
18	35	0
18	36	1
18	37	1
18	38	0
18	39	0
18	40	0
18	41	1
18	42	0
18	43	0
18	44	1
18	45	1
18	46	1
18	47	0
18	48	0
18	49	0
18	50	1
18	51	1
18	52	0
18	53	0
18	54	0
18	55	1
18	56	0
18	57	1
18	58	0
18	59	1
18	60	0
18	61	1
18	62	0
18	63	1
18	64	1
18	65	1
18	66	1
18	67	1
18	68	1
18	69	1
18	70	0
18	71	0
18	72	1
18	73	1
18	74	1
18	75	1
18	76	1
18	77	1
18	78	1
18	79	1
18	80	0
18	81	1
18	82	0
18	83	0
18	84	0
18	85	1
18	86	0
18	87	1
18	88	1
18	89	1
18	90	1
18	91	1
18	92	0
18	93	1
18	94	1
18	95	1
18	96	0
18	97	0
18	98	1
18	99	0
18	100	1
18	101	1
18	102	1
18	103	1
18	104	1
18	105	0
18	106	1
18	107	1
18	108	1
18	109	1
18	110	0
18	111	1
18	112	1
18	113	1
18	114	1
18	115	1
18	116	0
18	117	1
18	118	1
18	119	1
18	120	1
19	20	1
19	21	1
19	22	0
19	23	1
19	24	1
19	25	1
19	26	0
19	27	1
19	28	0
19	29	0
19	30	0
19	31	0
19	32	1
19	33	0
19	34	0
19	35	0
19	36	0
19	37	0
19	38	1
19	39	0
19	40	0
19	41	1
19	42	1
19	43	0
19	44	1
19	45	1
19	46	0
19	47	0
19	48	0
19	49	1
19	50	0
19	51	0
19	52	0
19	53	1
19	54	1
19	55	0
19	56	0
19	57	1
19	58	1
19	59	0
19	60	1
19	61	1
19	62	1
19	63	0
19	64	1
19	65	0
19	66	0
19	67	1
19	68	0
19	69	1
19	70	1
19	71	0
19	72	1
19	73	1
19	74	1
19	75	1
19	76	1
19	77	0
19	78	0
19	79	1
19	80	0
19	81	1
19	82	0
19	83	1
19	84	1
19	85	0
19	86	0
19	87	0
19	88	1
19	89	0
19	90	1
19	91	1
19	92	1
19	93	0
19	94	0
19	95	0
19	96	1
19	97	0
19	98	1
19	99	1
19	100	0
19	101	1
19	102	1
19	103	1
19	104	0
19	105	0
19	106	1
19	107	1
19	108	0
19	109	1
19	110	0
19	111	0
19	112	0
19	113	0
19	114	1
19	115	0
19	116	0
19	117	1
19	118	0
19	119	0
19	120	0
20	21	0
20	22	0
20	23	0
20	24	0
20	25	0
20	26	0
20	27	0
20	28	0
20	29	1
20	30	0
20	31	0
20	32	1
20	33	0
20	34	1
20	35	0
20	36	1
20	37	1
20	38	0
20	39	1
20	40	0
20	41	1
20	42	1
20	43	1
20	44	0
20	45	1
20	46	1
20	47	0
20	48	1
20	49	0
20	50	1
20	51	0
20	52	0
20	53	1
20	54	0
20	55	0
20	56	1
20	57	0
20	58	1
20	59	0
20	60	1
20	61	1
20	62	1
20	63	1
20	64	0
20	65	1
20	66	0
20	67	1
20	68	0
20	69	1
20	70	1
20	71	0
20	72	0
20	73	0
20	74	1
20	75	1
20	76	0
20	77	1
20	78	0
20	79	0
20	80	0
20	81	1
20	82	0
20	83	0
20	84	0
20	85	0
20	86	0
20	87	0
20	88	1
20	89	1
20	90	1
20	91	1
20	92	0
20	93	0
20	94	1
20	95	1
20	96	0
20	97	0
20	98	0
20	99	1
20	100	1
20	101	0
20	102	0
20	103	1
20	104	0
20	105	1
20	106	0
20	107	0
20	108	1
20	109	0
20	110	1
20	111	1
20	112	1
20	113	0
20	114	1
20	115	1
20	116	0
20	117	0
20	118	1
20	119	1
20	120	0
21	22	0
21	23	1
21	24	0
21	25	0
21	26	0
21	27	0
21	28	1
21	29	1
21	30	0
21	31	0
21	32	0
21	33	1
21	34	1
21	35	1
21	36	1
21	37	1
21	38	1
21	39	0
21	40	1
21	41	1
21	42	0
21	43	1
21	44	1
21	45	1
21	46	0
21	47	1
21	48	0
21	49	1
21	50	0
21	51	0
21	52	1
21	53	0
21	54	1
21	55	0
21	56	0
21	57	0
21	58	0
21	59	1
21	60	0
21	61	1
21	62	1
21	63	0
21	64	1
21	65	1
21	66	1
21	67	1
21	68	0
21	69	0
21	70	1
21	71	0
21	72	0
21	73	1
21	74	1
21	75	1
21	76	1
21	77	1
21	78	0
21	79	0
21	80	0
21	81	1
21	82	1
21	83	1
21	84	1
21	85	1
21	86	1
21	87	1
21	88	1
21	89	1
21	90	1
21	91	1
21	92	0
21	93	0
21	94	1
21	95	1
21	96	0
21	97	1
21	98	0
21	99	0
21	100	1
21	101	0
21	102	1
21	103	1
21	104	0
21	105	1
21	106	0
21	107	1
21	108	0
21	109	1
21	110	0
21	111	1
21	112	1
21	113	1
21	114	1
21	115	0
21	116	1
21	117	1
21	118	0
21	119	0
21	120	1
22	23	0
22	24	0
22	25	0
22	26	0
22	27	0
22	28	0
22	29	0
22	30	0
22	31	1
22	32	0
22	33	0
22	34	0
22	35	0
22	36	0
22	37	0
22	38	1
22	39	1
22	40	0
22	41	0
22	42	0
22	43	0
22	44	0
22	45	1
22	46	0
22	47	1
22	48	0
22	49	0
22	50	1
22	51	0
22	52	1
22	53	1
22	54	1
22	55	1
22	56	0
22	57	0
22	58	1
22	59	1
22	60	0
22	61	0
22	62	1
22	63	0
22	64	0
22	65	0
22	66	1
22	67	0
22	68	0
22	69	1
22	70	0
22	71	1
22	72	0
22	73	0
22	74	0
22	75	0
22	76	0
22	77	0
22	78	0
22	79	1
22	80	0
22	81	0
22	82	0
22	83	1
22	84	1
22	85	1
22	86	1
22	87	0
22	88	0
22	89	0
22	90	0
22	91	0
22	92	1
22	93	1
22	94	0
22	95	0
22	96	1
22	97	1
22	98	1
22	99	1
22	100	0
22	101	0
22	102	0
22	103	1
22	104	1
22	105	1
22	106	0
22	107	0
22	108	1
22	109	0
22	110	1
22	111	1
22	112	0
22	113	1
22	114	1
22	115	1
22	116	0
22	117	0
22	118	1
22	119	1
22	120	1
23	24	1
23	25	0
23	26	0
23	27	0
23	28	1
23	29	1
23	30	1
23	31	1
23	32	1
23	33	1
23	34	0
23	35	0
23	36	1
23	37	1
23	38	1
23	39	0
23	40	0
23	41	1
23	42	0
23	43	0
23	44	1
23	45	0
23	46	1
23	47	1
23	48	1
23	49	0
23	50	0
23	51	0
23	52	0
23	53	1
23	54	0
23	55	1
23	56	0
23	57	1
23	58	0
23	59	1
23	60	1
23	61	0
23	62	0
23	63	0
23	64	1
23	65	1
23	66	1
23	67	1
23	68	0
23	69	0
23	70	1
23	71	0
23	72	0
23	73	1
23	74	1
23	75	1
23	76	0
23	77	1
23	78	0
23	79	0
23	80	1
23	81	1
23	82	0
23	83	0
23	84	1
23	85	0
23	86	0
23	87	0
23	88	1
23	89	0
23	90	0
23	91	0
23	92	1
23	93	0
23	94	0
23	95	1
23	96	0
23	97	1
23	98	0
23	99	1
23	100	1
23	101	0
23	102	0
23	103	0
23	104	0
23	105	1
23	106	0
23	107	1
23	108	1
23	109	1
23	110	1
23	111	1
23	112	0
23	113	0
23	114	1
23	115	0
23	116	1
23	117	0
23	118	0
23	119	0
23	120	1
24	25	1
24	26	1
24	27	0
24	28	1
24	29	0
24	30	0
24	31	1
24	32	0
24	33	0
24	34	1
24	35	1
24	36	0
24	37	0
24	38	0
24	39	1
24	40	1
24	41	0
24	42	0
24	43	0
24	44	0
24	45	0
24	46	1
24	47	0
24	48	0
24	49	0
24	50	0
24	51	0
24	52	1
24	53	0
24	54	1
24	55	0
24	56	1
24	57	0
24	58	1
24	59	0
24	60	1
24	61	1
24	62	1
24	63	1
24	64	0
24	65	1
24	66	0
24	67	1
24	68	1
24	69	0
24	70	0
24	71	0
24	72	1
24	73	0
24	74	0
24	75	1
24	76	1
24	77	1
24	78	1
24	79	0
24	80	1
24	81	1
24	82	0
24	83	1
24	84	1
24	85	0
24	86	0
24	87	1
24	88	0
24	89	0
24	90	0
24	91	1
24	92	0
24	93	0
24	94	0
24	95	1
24	96	1
24	97	0
24	98	0
24	99	0
24	100	0
24	101	0
24	102	1
24	103	0
24	104	1
24	105	0
24	106	1
24	107	0
24	108	1
24	109	0
24	110	0
24	111	1
24	112	0
24	113	1
24	114	1
24	115	0
24	116	1
24	117	0
24	118	1
24	119	0
24	120	0
25	26	1
25	27	1
25	28	0
25	29	0
25	30	0
25	31	0
25	32	0
25	33	0
25	34	0
25	35	0
25	36	1
25	37	0
25	38	0
25	39	1
25	40	0
25	41	1
25	42	1
25	43	0
25	44	0
25	45	1
25	46	0
25	47	0
25	48	1
25	49	1
25	50	0
25	51	1
25	52	1
25	53	0
25	54	0
25	55	0
25	56	0
25	57	1
25	58	1
25	59	0
25	60	1
25	61	1
25	62	1
25	63	0
25	64	0
25	65	0
25	66	0
25	67	0
25	68	0
25	69	0
25	70	1
25	71	0
25	72	1
25	73	1
25	74	1
25	75	1
25	76	1
25	77	0
25	78	0
25	79	0
25	80	1
25	81	1
25	82	1
25	83	1
25	84	1
25	85	0
25	86	0
25	87	1
25	88	0
25	89	1
25	90	0
25	91	0
25	92	0
25	93	1
25	94	0
25	95	1
25	96	1
25	97	1
25	98	0
25	99	1
25	100	0
25	101	0
25	102	0
25	103	1
25	104	0
25	105	0
25	106	1
25	107	1
25	108	0
25	109	1
25	110	0
25	111	1
25	112	0
25	113	0
25	114	1
25	115	0
25	116	1
25	117	0
25	118	0
25	119	0
25	120	0
26	27	0
26	28	0
26	29	1
26	30	0
26	31	0
26	32	1
26	33	1
26	34	1
26	35	1
26	36	1
26	37	0
26	38	1
26	39	1
26	40	0
26	41	1
26	42	1
26	43	0
26	44	1
26	45	1
26	46	1
26	47	1
26	48	1
26	49	0
26	50	0
26	51	0
26	52	1
26	53	1
26	54	0
26	55	1
26	56	1
26	57	1
26	58	0
26	59	1
26	60	0
26	61	1
26	62	1
26	63	0
26	64	1
26	65	1
26	66	0
26	67	1
26	68	0
26	69	0
26	70	0
26	71	0
26	72	1
26	73	1
26	74	1
26	75	0
26	76	0
26	77	1
26	78	1
26	79	1
26	80	1
26	81	0
26	82	0
26	83	1
26	84	1
26	85	0
26	86	1
26	87	0
26	88	1
26	89	1
26	90	1
26	91	0
26	92	0
26	93	0
26	94	1
26	95	0
26	96	0
26	97	1
26	98	0
26	99	0
26	100	0
26	101	1
26	102	1
26	103	0
26	104	0
26	105	0
26	106	0
26	107	0
26	108	1
26	109	0
26	110	0
26	111	0
26	112	0
26	113	0
26	114	0
26	115	1
26	116	0
26	117	0
26	118	1
26	119	0
26	120	0
27	28	1
27	29	1
27	30	0
27	31	0
27	32	0
27	33	0
27	34	1
27	35	0
27	36	1
27	37	1
27	38	0
27	39	0
27	40	1
27	41	0
27	42	1
27	43	1
27	44	1
27	45	1
27	46	0
27	47	0
27	48	0
27	49	0
27	50	0
27	51	0
27	52	1
27	53	0
27	54	1
27	55	0
27	56	0
27	57	1
27	58	0
27	59	0
27	60	0
27	61	0
27	62	1
27	63	1
27	64	1
27	65	0
27	66	1
27	67	1
27	68	0
27	69	0
27	70	1
27	71	1
27	72	0
27	73	0
27	74	1
27	75	1
27	76	1
27	77	1
27	78	0
27	79	0
27	80	0
27	81	1
27	82	1
27	83	1
27	84	1
27	85	1
27	86	0
27	87	1
27	88	0
27	89	0
27	90	1
27	91	0
27	92	1
27	93	0
27	94	0
27	95	0
27	96	0
27	97	0
27	98	0
27	99	1
27	100	1
27	101	1
27	102	0
27	103	1
27	104	0
27	105	0
27	106	0
27	107	1
27	108	1
27	109	0
27	110	1
27	111	1
27	112	0
27	113	1
27	114	0
27	115	0
27	116	0
27	117	0
27	118	1
27	119	1
27	120	0
28	29	0
28	30	0
28	31	0
28	32	1
28	33	1
28	34	1
28	35	0
28	36	1
28	37	0
28	38	1
28	39	0
28	40	0
28	41	1
28	42	1
28	43	1
28	44	0
28	45	0
28	46	1
28	47	0
28	48	0
28	49	1
28	50	1
28	51	1
28	52	1
28	53	0
28	54	0
28	55	0
28	56	0
28	57	0
28	58	0
28	59	1
28	60	1
28	61	0
28	62	0
28	63	0
28	64	1
28	65	1
28	66	1
28	67	0
28	68	1
28	69	1
28	70	0
28	71	0
28	72	1
28	73	0
28	74	1
28	75	1
28	76	1
28	77	0
28	78	1
28	79	1
28	80	1
28	81	1
28	82	1
28	83	0
28	84	0
28	85	0
28	86	1
28	87	0
28	88	1
28	89	0
28	90	1
28	91	1
28	92	0
28	93	1
28	94	0
28	95	0
28	96	1
28	97	1
28	98	0
28	99	1
28	100	1
28	101	1
28	102	1
28	103	1
28	104	1
28	105	0
28	106	0
28	107	0
28	108	0
28	109	1
28	110	1
28	111	1
28	112	1
28	113	1
28	114	1
28	115	1
28	116	1
28	117	1
28	118	1
28	119	0
28	120	0
29	30	0
29	31	0
29	32	1
29	33	0
29	34	1
29	35	1
29	36	0
29	37	1
29	38	1
29	39	1
29	40	1
29	41	0
29	42	1
29	43	1
29	44	1
29	45	1
29	46	1
29	47	0
29	48	1
29	49	0
29	50	1
29	51	1
29	52	0
29	53	1
29	54	0
29	55	1
29	56	1
29	57	1
29	58	0
29	59	1
29	60	1
29	61	0
29	62	1
29	63	1
29	64	0
29	65	1
29	66	0
29	67	1
29	68	1
29	69	1
29	70	0
29	71	1
29	72	0
29	73	0
29	74	1
29	75	1
29	76	0
29	77	1
29	78	1
29	79	0
29	80	1
29	81	1
29	82	1
29	83	0
29	84	1
29	85	0
29	86	1
29	87	0
29	88	1
29	89	1
29	90	0
29	91	1
29	92	1
29	93	1
29	94	1
29	95	1
29	96	0
29	97	0
29	98	1
29	99	0
29	100	1
29	101	1
29	102	0
29	103	0
29	104	1
29	105	0
29	106	1
29	107	1
29	108	1
29	109	1
29	110	0
29	111	0
29	112	0
29	113	0
29	114	1
29	115	0
29	116	0
29	117	1
29	118	1
29	119	0
29	120	0
30	31	0
30	32	1
30	33	0
30	34	1
30	35	0
30	36	0
30	37	1
30	38	1
30	39	0
30	40	1
30	41	0
30	42	0
30	43	0
30	44	1
30	45	1
30	46	0
30	47	1
30	48	1
30	49	0
30	50	0
30	51	0
30	52	1
30	53	1
30	54	1
30	55	0
30	56	0
30	57	1
30	58	0
30	59	0
30	60	0
30	61	0
30	62	1
30	63	0
30	64	0
30	65	0
30	66	1
30	67	0
30	68	1
30	69	1
30	70	0
30	71	1
30	72	1
30	73	1
30	74	1
30	75	0
30	76	0
30	77	0
30	78	0
30	79	0
30	80	0
30	81	0
30	82	1
30	83	0
30	84	0
30	85	1
30	86	1
30	87	1
30	88	1
30	89	1
30	90	0
30	91	0
30	92	1
30	93	0
30	94	1
30	95	0
30	96	1
30	97	1
30	98	0
30	99	0
30	100	0
30	101	1
30	102	1
30	103	0
30	104	0
30	105	0
30	106	1
30	107	0
30	108	0
30	109	0
30	110	0
30	111	0
30	112	1
30	113	1
30	114	0
30	115	1
30	116	0
30	117	0
30	118	0
30	119	0
30	120	0
31	32	1
31	33	0
31	34	0
31	35	0
31	36	0
31	37	0
31	38	0
31	39	0
31	40	1
31	41	0
31	42	1
31	43	0
31	44	0
31	45	1
31	46	1
31	47	1
31	48	1
31	49	1
31	50	0
31	51	0
31	52	1
31	53	0
31	54	1
31	55	1
31	56	0
31	57	1
31	58	1
31	59	0
31	60	1
31	61	0
31	62	0
31	63	0
31	64	0
31	65	0
31	66	0
31	67	0
31	68	0
31	69	1
31	70	0
31	71	1
31	72	0
31	73	0
31	74	1
31	75	0
31	76	0
31	77	1
31	78	0
31	79	1
31	80	1
31	81	0
31	82	0
31	83	1
31	84	1
31	85	0
31	86	0
31	87	1
31	88	1
31	89	1
31	90	1
31	91	0
31	92	1
31	93	0
31	94	0
31	95	1
31	96	0
31	97	0
31	98	1
31	99	0
31	100	1
31	101	0
31	102	0
31	103	0
31	104	1
31	105	0
31	106	1
31	107	0
31	108	1
31	109	0
31	110	1
31	111	1
31	112	1
31	113	0
31	114	1
31	115	0
31	116	1
31	117	1
31	118	0
31	119	1
31	120	1
32	33	0
32	34	0
32	35	0
32	36	0
32	37	1
32	38	1
32	39	1
32	40	0
32	41	0
32	42	0
32	43	1
32	44	0
32	45	1
32	46	1
32	47	0
32	48	1
32	49	0
32	50	1
32	51	0
32	52	0
32	53	0
32	54	0
32	55	0
32	56	1
32	57	0
32	58	0
32	59	1
32	60	0
32	61	0
32	62	0
32	63	0
32	64	0
32	65	0
32	66	1
32	67	0
32	68	1
32	69	0
32	70	0
32	71	1
32	72	0
32	73	0
32	74	0
32	75	0
32	76	0
32	77	1
32	78	0
32	79	0
32	80	0
32	81	0
32	82	0
32	83	0
32	84	1
32	85	1
32	86	0
32	87	0
32	88	1
32	89	1
32	90	1
32	91	1
32	92	0
32	93	0
32	94	0
32	95	0
32	96	1
32	97	0
32	98	1
32	99	1
32	100	1
32	101	1
32	102	0
32	103	0
32	104	0
32	105	1
32	106	1
32	107	0
32	108	0
32	109	0
32	110	1
32	111	1
32	112	0
32	113	0
32	114	0
32	115	0
32	116	1
32	117	0
32	118	1
32	119	0
32	120	0
33	34	1
33	35	1
33	36	0
33	37	0
33	38	1
33	39	0
33	40	0
33	41	1
33	42	1
33	43	1
33	44	0
33	45	0
33	46	0
33	47	0
33	48	0
33	49	1
33	50	0
33	51	1
33	52	1
33	53	1
33	54	1
33	55	1
33	56	1
33	57	0
33	58	0
33	59	1
33	60	1
33	61	0
33	62	0
33	63	0
33	64	0
33	65	1
33	66	0
33	67	0
33	68	1
33	69	0
33	70	1
33	71	0
33	72	0
33	73	1
33	74	1
33	75	0
33	76	1
33	77	0
33	78	0
33	79	0
33	80	1
33	81	1
33	82	0
33	83	0
33	84	1
33	85	0
33	86	0
33	87	1
33	88	0
33	89	0
33	90	1
33	91	0
33	92	1
33	93	1
33	94	1
33	95	0
33	96	1
33	97	1
33	98	1
33	99	0
33	100	1
33	101	1
33	102	0
33	103	0
33	104	0
33	105	1
33	106	1
33	107	1
33	108	1
33	109	0
33	110	1
33	111	1
33	112	0
33	113	1
33	114	0
33	115	0
33	116	1
33	117	1
33	118	1
33	119	1
33	120	1
34	35	1
34	36	0
34	37	1
34	38	1
34	39	1
34	40	1
34	41	0
34	42	1
34	43	0
34	44	0
34	45	1
34	46	0
34	47	0
34	48	1
34	49	0
34	50	0
34	51	0
34	52	1
34	53	1
34	54	0
34	55	0
34	56	1
34	57	1
34	58	0
34	59	1
34	60	0
34	61	0
34	62	1
34	63	0
34	64	1
34	65	1
34	66	0
34	67	1
34	68	0
34	69	0
34	70	0
34	71	0
34	72	0
34	73	0
34	74	0
34	75	1
34	76	0
34	77	0
34	78	1
34	79	1
34	80	1
34	81	0
34	82	0
34	83	0
34	84	0
34	85	0
34	86	0
34	87	1
34	88	0
34	89	0
34	90	1
34	91	0
34	92	1
34	93	0
34	94	1
34	95	0
34	96	0
34	97	1
34	98	0
34	99	0
34	100	0
34	101	1
34	102	1
34	103	0
34	104	0
34	105	1
34	106	1
34	107	0
34	108	0
34	109	1
34	110	1
34	111	0
34	112	1
34	113	0
34	114	0
34	115	0
34	116	1
34	117	1
34	118	0
34	119	0
34	120	1
35	36	1
35	37	0
35	38	1
35	39	0
35	40	0
35	41	0
35	42	0
35	43	1
35	44	1
35	45	1
35	46	0
35	47	1
35	48	0
35	49	1
35	50	1
35	51	1
35	52	0
35	53	0
35	54	0
35	55	0
35	56	1
35	57	1
35	58	0
35	59	1
35	60	1
35	61	0
35	62	1
35	63	1
35	64	1
35	65	1
35	66	0
35	67	0
35	68	0
35	69	0
35	70	1
35	71	0
35	72	1
35	73	1
35	74	1
35	75	0
35	76	0
35	77	0
35	78	1
35	79	0
35	80	0
35	81	0
35	82	0
35	83	1
35	84	1
35	85	0
35	86	1
35	87	1
35	88	0
35	89	1
35	90	0
35	91	0
35	92	0
35	93	0
35	94	0
35	95	1
35	96	0
35	97	1
35	98	1
35	99	0
35	100	1
35	101	1
35	102	0
35	103	1
35	104	0
35	105	0
35	106	1
35	107	0
35	108	0
35	109	0
35	110	1
35	111	0
35	112	0
35	113	1
35	114	0
35	115	1
35	116	0
35	117	1
35	118	1
35	119	0
35	120	1
36	37	0
36	38	1
36	39	1
36	40	1
36	41	1
36	42	1
36	43	0
36	44	1
36	45	0
36	46	0
36	47	0
36	48	0
36	49	0
36	50	0
36	51	0
36	52	1
36	53	0
36	54	1
36	55	0
36	56	0
36	57	1
36	58	0
36	59	0
36	60	0
36	61	0
36	62	0
36	63	0
36	64	0
36	65	0
36	66	0
36	67	1
36	68	0
36	69	0
36	70	1
36	71	1
36	72	0
36	73	1
36	74	0
36	75	0
36	76	0
36	77	0
36	78	1
36	79	1
36	80	0
36	81	1
36	82	1
36	83	0
36	84	1
36	85	1
36	86	1
36	87	1
36	88	0
36	89	0
36	90	0
36	91	0
36	92	0
36	93	0
36	94	1
36	95	0
36	96	1
36	97	1
36	98	1
36	99	0
36	100	1
36	101	1
36	102	1
36	103	1
36	104	0
36	105	0
36	106	1
36	107	1
36	108	0
36	109	0
36	110	0
36	111	1
36	112	1
36	113	0
36	114	1
36	115	0
36	116	1
36	117	0
36	118	0
36	119	0
36	120	0
37	38	0
37	39	0
37	40	0
37	41	0
37	42	1
37	43	0
37	44	0
37	45	1
37	46	1
37	47	0
37	48	0
37	49	0
37	50	0
37	51	1
37	52	0
37	53	1
37	54	1
37	55	1
37	56	1
37	57	0
37	58	0
37	59	1
37	60	1
37	61	1
37	62	0
37	63	0
37	64	0
37	65	0
37	66	1
37	67	1
37	68	0
37	69	1
37	70	0
37	71	1
37	72	1
37	73	0
37	74	1
37	75	0
37	76	0
37	77	0
37	78	0
37	79	1
37	80	1
37	81	0
37	82	1
37	83	1
37	84	0
37	85	0
37	86	1
37	87	0
37	88	0
37	89	1
37	90	1
37	91	0
37	92	0
37	93	1
37	94	0
37	95	1
37	96	1
37	97	1
37	98	1
37	99	1
37	100	0
37	101	1
37	102	1
37	103	0
37	104	1
37	105	0
37	106	1
37	107	1
37	108	1
37	109	0
37	110	1
37	111	0
37	112	0
37	113	1
37	114	1
37	115	0
37	116	0
37	117	0
37	118	0
37	119	1
37	120	1
38	39	0
38	40	1
38	41	0
38	42	0
38	43	0
38	44	0
38	45	1
38	46	1
38	47	1
38	48	1
38	49	0
38	50	0
38	51	1
38	52	0
38	53	0
38	54	0
38	55	0
38	56	1
38	57	0
38	58	0
38	59	0
38	60	1
38	61	0
38	62	1
38	63	0
38	64	1
38	65	0
38	66	0
38	67	1
38	68	0
38	69	1
38	70	1
38	71	0
38	72	0
38	73	0
38	74	0
38	75	0
38	76	1
38	77	1
38	78	1
38	79	1
38	80	0
38	81	1
38	82	0
38	83	1
38	84	1
38	85	0
38	86	0
38	87	0
38	88	1
38	89	1
38	90	0
38	91	1
38	92	0
38	93	1
38	94	1
38	95	0
38	96	1
38	97	1
38	98	0
38	99	1
38	100	1
38	101	0
38	102	1
38	103	0
38	104	1
38	105	1
38	106	1
38	107	0
38	108	0
38	109	1
38	110	1
38	111	0
38	112	1
38	113	0
38	114	1
38	115	1
38	116	1
38	117	1
38	118	0
38	119	1
38	120	1
39	40	1
39	41	0
39	42	0
39	43	0
39	44	1
39	45	0
39	46	0
39	47	0
39	48	0
39	49	0
39	50	0
39	51	1
39	52	1
39	53	1
39	54	1
39	55	1
39	56	1
39	57	1
39	58	1
39	59	1
39	60	0
39	61	1
39	62	1
39	63	0
39	64	1
39	65	1
39	66	0
39	67	0
39	68	1
39	69	0
39	70	0
39	71	1
39	72	1
39	73	0
39	74	0
39	75	0
39	76	1
39	77	0
39	78	0
39	79	0
39	80	1
39	81	0
39	82	0
39	83	1
39	84	1
39	85	0
39	86	1
39	87	0
39	88	1
39	89	1
39	90	0
39	91	1
39	92	0
39	93	1
39	94	0
39	95	0
39	96	0
39	97	1
39	98	0
39	99	0
39	100	1
39	101	1
39	102	1
39	103	0
39	104	1
39	105	1
39	106	1
39	107	0
39	108	1
39	109	1
39	110	1
39	111	0
39	112	1
39	113	1
39	114	0
39	115	0
39	116	1
39	117	0
39	118	1
39	119	1
39	120	0
40	41	0
40	42	0
40	43	0
40	44	0
40	45	1
40	46	0
40	47	0
40	48	0
40	49	0
40	50	0
40	51	0
40	52	1
40	53	1
40	54	0
40	55	0
40	56	1
40	57	0
40	58	0
40	59	0
40	60	1
40	61	0
40	62	1
40	63	0
40	64	0
40	65	1
40	66	0
40	67	1
40	68	1
40	69	0
40	70	0
40	71	0
40	72	0
40	73	0
40	74	0
40	75	1
40	76	0
40	77	1
40	78	0
40	79	1
40	80	1
40	81	0
40	82	0
40	83	1
40	84	0
40	85	0
40	86	0
40	87	0
40	88	0
40	89	0
40	90	0
40	91	1
40	92	1
40	93	1
40	94	1
40	95	1
40	96	0
40	97	0
40	98	0
40	99	1
40	100	0
40	101	0
40	102	0
40	103	1
40	104	1
40	105	1
40	106	0
40	107	0
40	108	0
40	109	1
40	110	1
40	111	0
40	112	1
40	113	0
40	114	0
40	115	0
40	116	1
40	117	1
40	118	0
40	119	0
40	120	1
41	42	0
41	43	0
41	44	0
41	45	1
41	46	0
41	47	1
41	48	0
41	49	1
41	50	1
41	51	1
41	52	0
41	53	0
41	54	0
41	55	0
41	56	1
41	57	0
41	58	1
41	59	0
41	60	1
41	61	0
41	62	1
41	63	1
41	64	0
41	65	0
41	66	0
41	67	1
41	68	1
41	69	0
41	70	0
41	71	0
41	72	1
41	73	1
41	74	0
41	75	1
41	76	1
41	77	0
41	78	0
41	79	0
41	80	0
41	81	1
41	82	0
41	83	1
41	84	0
41	85	0
41	86	1
41	87	0
41	88	0
41	89	0
41	90	0
41	91	1
41	92	1
41	93	0
41	94	0
41	95	0
41	96	0
41	97	1
41	98	0
41	99	1
41	100	0
41	101	1
41	102	0
41	103	0
41	104	0
41	105	1
41	106	0
41	107	1
41	108	1
41	109	1
41	110	1
41	111	1
41	112	1
41	113	0
41	114	0
41	115	0
41	116	0
41	117	0
41	118	0
41	119	0
41	120	0
42	43	0
42	44	0
42	45	1
42	46	1
42	47	0
42	48	0
42	49	0
42	50	0
42	51	1
42	52	1
42	53	1
42	54	1
42	55	1
42	56	1
42	57	1
42	58	0
42	59	1
42	60	0
42	61	1
42	62	1
42	63	1
42	64	1
42	65	1
42	66	1
42	67	0
42	68	0
42	69	0
42	70	1
42	71	0
42	72	1
42	73	1
42	74	0
42	75	1
42	76	0
42	77	1
42	78	0
42	79	0
42	80	0
42	81	0
42	82	0
42	83	0
42	84	0
42	85	1
42	86	1
42	87	1
42	88	1
42	89	0
42	90	0
42	91	0
42	92	0
42	93	1
42	94	1
42	95	0
42	96	0
42	97	0
42	98	0
42	99	0
42	100	1
42	101	0
42	102	1
42	103	0
42	104	1
42	105	1
42	106	1
42	107	1
42	108	1
42	109	1
42	110	0
42	111	1
42	112	1
42	113	0
42	114	0
42	115	0
42	116	1
42	117	0
42	118	0
42	119	1
42	120	0
43	44	0
43	45	1
43	46	0
43	47	0
43	48	1
43	49	0
43	50	1
43	51	1
43	52	0
43	53	0
43	54	1
43	55	1
43	56	1
43	57	1
43	58	0
43	59	1
43	60	0
43	61	1
43	62	0
43	63	0
43	64	1
43	65	0
43	66	0
43	67	1
43	68	1
43	69	1
43	70	1
43	71	1
43	72	0
43	73	0
43	74	0
43	75	1
43	76	0
43	77	0
43	78	1
43	79	0
43	80	1
43	81	1
43	82	1
43	83	0
43	84	0
43	85	1
43	86	1
43	87	1
43	88	0
43	89	0
43	90	0
43	91	0
43	92	1
43	93	0
43	94	0
43	95	0
43	96	1
43	97	1
43	98	1
43	99	0
43	100	0
43	101	1
43	102	1
43	103	1
43	104	1
43	105	0
43	106	0
43	107	1
43	108	0
43	109	0
43	110	0
43	111	1
43	112	0
43	113	1
43	114	0
43	115	1
43	116	1
43	117	1
43	118	1
43	119	1
43	120	1
44	45	1
44	46	0
44	47	1
44	48	1
44	49	0
44	50	0
44	51	1
44	52	0
44	53	0
44	54	1
44	55	1
44	56	1
44	57	1
44	58	0
44	59	1
44	60	0
44	61	1
44	62	0
44	63	1
44	64	1
44	65	1
44	66	0
44	67	1
44	68	1
44	69	0
44	70	1
44	71	1
44	72	1
44	73	1
44	74	0
44	75	0
44	76	0
44	77	0
44	78	0
44	79	1
44	80	0
44	81	0
44	82	1
44	83	1
44	84	1
44	85	0
44	86	1
44	87	1
44	88	0
44	89	1
44	90	1
44	91	1
44	92	1
44	93	0
44	94	1
44	95	0
44	96	0
44	97	1
44	98	0
44	99	1
44	100	1
44	101	1
44	102	1
44	103	0
44	104	0
44	105	1
44	106	0
44	107	1
44	108	0
44	109	0
44	110	0
44	111	0
44	112	1
44	113	1
44	114	0
44	115	0
44	116	1
44	117	1
44	118	0
44	119	1
44	120	0
45	46	0
45	47	1
45	48	0
45	49	1
45	50	0
45	51	1
45	52	0
45	53	0
45	54	0
45	55	1
45	56	1
45	57	0
45	58	1
45	59	1
45	60	1
45	61	0
45	62	0
45	63	1
45	64	0
45	65	0
45	66	1
45	67	1
45	68	1
45	69	0
45	70	1
45	71	1
45	72	0
45	73	1
45	74	0
45	75	0
45	76	1
45	77	1
45	78	1
45	79	0
45	80	1
45	81	1
45	82	1
45	83	1
45	84	0
45	85	0
45	86	1
45	87	1
45	88	0
45	89	0
45	90	1
45	91	0
45	92	0
45	93	0
45	94	1
45	95	1
45	96	1
45	97	1
45	98	0
45	99	1
45	100	0
45	101	1
45	102	0
45	103	1
45	104	0
45	105	1
45	106	1
45	107	1
45	108	1
45	109	1
45	110	0
45	111	0
45	112	1
45	113	0
45	114	0
45	115	0
45	116	0
45	117	1
45	118	0
45	119	0
45	120	1
46	47	0
46	48	1
46	49	0
46	50	0
46	51	1
46	52	0
46	53	0
46	54	0
46	55	1
46	56	1
46	57	1
46	58	0
46	59	0
46	60	0
46	61	1
46	62	0
46	63	0
46	64	1
46	65	0
46	66	0
46	67	0
46	68	1
46	69	0
46	70	0
46	71	1
46	72	1
46	73	0
46	74	0
46	75	1
46	76	1
46	77	0
46	78	1
46	79	0
46	80	1
46	81	0
46	82	1
46	83	1
46	84	1
46	85	0
46	86	0
46	87	0
46	88	0
46	89	0
46	90	1
46	91	0
46	92	1
46	93	1
46	94	0
46	95	0
46	96	0
46	97	0
46	98	1
46	99	1
46	100	0
46	101	1
46	102	0
46	103	0
46	104	1
46	105	0
46	106	0
46	107	0
46	108	0
46	109	0
46	110	0
46	111	0
46	112	0
46	113	0
46	114	0
46	115	0
46	116	0
46	117	1
46	118	1
46	119	0
46	120	1
47	48	1
47	49	0
47	50	0
47	51	1
47	52	1
47	53	1
47	54	0
47	55	1
47	56	1
47	57	1
47	58	1
47	59	0
47	60	0
47	61	1
47	62	1
47	63	1
47	64	1
47	65	0
47	66	1
47	67	1
47	68	1
47	69	0
47	70	0
47	71	0
47	72	1
47	73	0
47	74	0
47	75	1
47	76	0
47	77	1
47	78	1
47	79	0
47	80	0
47	81	1
47	82	1
47	83	0
47	84	1
47	85	0
47	86	1
47	87	1
47	88	1
47	89	0
47	90	1
47	91	0
47	92	0
47	93	1
47	94	1
47	95	0
47	96	1
47	97	1
47	98	0
47	99	0
47	100	0
47	101	0
47	102	0
47	103	0
47	104	1
47	105	0
47	106	0
47	107	0
47	108	1
47	109	0
47	110	0
47	111	0
47	112	0
47	113	1
47	114	1
47	115	1
47	116	0
47	117	1
47	118	1
47	119	0
47	120	1
48	49	0
48	50	0
48	51	1
48	52	0
48	53	0
48	54	1
48	55	0
48	56	0
48	57	1
48	58	1
48	59	1
48	60	1
48	61	0
48	62	1
48	63	0
48	64	1
48	65	1
48	66	1
48	67	0
48	68	0
48	69	0
48	70	0
48	71	0
48	72	1
48	73	1
48	74	0
48	75	1
48	76	1
48	77	0
48	78	1
48	79	0
48	80	0
48	81	0
48	82	1
48	83	1
48	84	1
48	85	0
48	86	1
48	87	1
48	88	1
48	89	1
48	90	0
48	91	0
48	92	1
48	93	1
48	94	1
48	95	0
48	96	0
48	97	1
48	98	1
48	99	0
48	100	0
48	101	1
48	102	1
48	103	1
48	104	1
48	105	1
48	106	0
48	107	0
48	108	0
48	109	0
48	110	1
48	111	0
48	112	0
48	113	0
48	114	1
48	115	0
48	116	0
48	117	0
48	118	1
48	119	1
48	120	1
49	50	0
49	51	1
49	52	0
49	53	0
49	54	0
49	55	1
49	56	0
49	57	0
49	58	1
49	59	0
49	60	0
49	61	1
49	62	0
49	63	0
49	64	1
49	65	0
49	66	1
49	67	0
49	68	0
49	69	0
49	70	1
49	71	0
49	72	1
49	73	1
49	74	0
49	75	1
49	76	0
49	77	1
49	78	1
49	79	0
49	80	1
49	81	1
49	82	0
49	83	1
49	84	1
49	85	1
49	86	0
49	87	1
49	88	1
49	89	1
49	90	1
49	91	1
49	92	1
49	93	1
49	94	0
49	95	0
49	96	1
49	97	0
49	98	1
49	99	1
49	100	0
49	101	0
49	102	1
49	103	0
49	104	1
49	105	0
49	106	1
49	107	0
49	108	0
49	109	0
49	110	1
49	111	1
49	112	0
49	113	1
49	114	1
49	115	0
49	116	1
49	117	1
49	118	1
49	119	0
49	120	1
50	51	0
50	52	0
50	53	0
50	54	0
50	55	0
50	56	1
50	57	1
50	58	0
50	59	1
50	60	1
50	61	0
50	62	0
50	63	0
50	64	0
50	65	1
50	66	0
50	67	0
50	68	0
50	69	1
50	70	0
50	71	0
50	72	1
50	73	0
50	74	0
50	75	0
50	76	1
50	77	0
50	78	1
50	79	1
50	80	1
50	81	1
50	82	1
50	83	0
50	84	1
50	85	0
50	86	0
50	87	1
50	88	1
50	89	1
50	90	0
50	91	1
50	92	1
50	93	1
50	94	0
50	95	1
50	96	1
50	97	0
50	98	1
50	99	1
50	100	0
50	101	1
50	102	1
50	103	1
50	104	1
50	105	1
50	106	0
50	107	1
50	108	1
50	109	1
50	110	1
50	111	0
50	112	1
50	113	0
50	114	1
50	115	0
50	116	0
50	117	0
50	118	1
50	119	1
50	120	0
51	52	1
51	53	0
51	54	0
51	55	0
51	56	0
51	57	1
51	58	0
51	59	0
51	60	1
51	61	1
51	62	1
51	63	1
51	64	0
51	65	1
51	66	1
51	67	0
51	68	1
51	69	0
51	70	1
51	71	0
51	72	0
51	73	0
51	74	0
51	75	1
51	76	0
51	77	1
51	78	1
51	79	0
51	80	0
51	81	1
51	82	1
51	83	0
51	84	1
51	85	1
51	86	0
51	87	0
51	88	0
51	89	1
51	90	1
51	91	0
51	92	1
51	93	0
51	94	1
51	95	1
51	96	1
51	97	1
51	98	0
51	99	1
51	100	0
51	101	0
51	102	0
51	103	1
51	104	0
51	105	1
51	106	0
51	107	0
51	108	1
51	109	1
51	110	0
51	111	1
51	112	1
51	113	1
51	114	0
51	115	1
51	116	1
51	117	0
51	118	1
51	119	0
51	120	1
52	53	0
52	54	1
52	55	1
52	56	1
52	57	1
52	58	1
52	59	0
52	60	0
52	61	1
52	62	1
52	63	0
52	64	1
52	65	1
52	66	0
52	67	1
52	68	0
52	69	1
52	70	1
52	71	0
52	72	0
52	73	1
52	74	0
52	75	0
52	76	1
52	77	1
52	78	0
52	79	1
52	80	0
52	81	1
52	82	0
52	83	0
52	84	0
52	85	0
52	86	1
52	87	1
52	88	0
52	89	1
52	90	0
52	91	1
52	92	0
52	93	0
52	94	0
52	95	1
52	96	0
52	97	0
52	98	0
52	99	0
52	100	1
52	101	0
52	102	0
52	103	0
52	104	0
52	105	1
52	106	0
52	107	0
52	108	1
52	109	1
52	110	0
52	111	1
52	112	0
52	113	1
52	114	1
52	115	1
52	116	0
52	117	1
52	118	1
52	119	0
52	120	0
53	54	1
53	55	0
53	56	1
53	57	0
53	58	0
53	59	0
53	60	1
53	61	0
53	62	1
53	63	0
53	64	0
53	65	1
53	66	1
53	67	1
53	68	0
53	69	1
53	70	0
53	71	1
53	72	1
53	73	1
53	74	0
53	75	0
53	76	0
53	77	1
53	78	1
53	79	1
53	80	0
53	81	0
53	82	1
53	83	0
53	84	1
53	85	0
53	86	1
53	87	0
53	88	1
53	89	0
53	90	0
53	91	1
53	92	1
53	93	0
53	94	1
53	95	0
53	96	1
53	97	1
53	98	0
53	99	0
53	100	1
53	101	0
53	102	1
53	103	1
53	104	1
53	105	1
53	106	1
53	107	0
53	108	0
53	109	1
53	110	0
53	111	1
53	112	0
53	113	1
53	114	1
53	115	1
53	116	1
53	117	1
53	118	0
53	119	0
53	120	1
54	55	1
54	56	1
54	57	1
54	58	0
54	59	1
54	60	0
54	61	0
54	62	0
54	63	0
54	64	1
54	65	0
54	66	0
54	67	0
54	68	0
54	69	0
54	70	1
54	71	1
54	72	1
54	73	0
54	74	0
54	75	1
54	76	1
54	77	0
54	78	1
54	79	1
54	80	1
54	81	0
54	82	1
54	83	0
54	84	0
54	85	1
54	86	1
54	87	1
54	88	1
54	89	1
54	90	0
54	91	0
54	92	0
54	93	1
54	94	1
54	95	1
54	96	1
54	97	0
54	98	1
54	99	1
54	100	1
54	101	1
54	102	1
54	103	0
54	104	1
54	105	0
54	106	1
54	107	1
54	108	1
54	109	1
54	110	0
54	111	1
54	112	1
54	113	0
54	114	0
54	115	1
54	116	1
54	117	0
54	118	0
54	119	1
54	120	1
55	56	0
55	57	1
55	58	0
55	59	1
55	60	0
55	61	1
55	62	1
55	63	1
55	64	1
55	65	0
55	66	1
55	67	0
55	68	0
55	69	0
55	70	0
55	71	0
55	72	1
55	73	0
55	74	0
55	75	1
55	76	1
55	77	1
55	78	0
55	79	0
55	80	1
55	81	0
55	82	0
55	83	1
55	84	1
55	85	0
55	86	0
55	87	0
55	88	0
55	89	0
55	90	1
55	91	1
55	92	0
55	93	1
55	94	1
55	95	0
55	96	1
55	97	1
55	98	1
55	99	1
55	100	1
55	101	0
55	102	1
55	103	0
55	104	1
55	105	0
55	106	1
55	107	0
55	108	0
55	109	1
55	110	0
55	111	1
55	112	0
55	113	1
55	114	1
55	115	1
55	116	1
55	117	0
55	118	1
55	119	0
55	120	1
56	57	0
56	58	0
56	59	1
56	60	0
56	61	0
56	62	1
56	63	0
56	64	0
56	65	0
56	66	0
56	67	1
56	68	1
56	69	0
56	70	0
56	71	1
56	72	0
56	73	0
56	74	1
56	75	0
56	76	0
56	77	1
56	78	1
56	79	0
56	80	0
56	81	1
56	82	1
56	83	0
56	84	1
56	85	1
56	86	0
56	87	0
56	88	1
56	89	1
56	90	0
56	91	1
56	92	0
56	93	1
56	94	0
56	95	0
56	96	0
56	97	1
56	98	1
56	99	1
56	100	1
56	101	1
56	102	1
56	103	0
56	104	1
56	105	1
56	106	0
56	107	1
56	108	1
56	109	0
56	110	0
56	111	1
56	112	0
56	113	1
56	114	1
56	115	1
56	116	0
56	117	1
56	118	1
56	119	0
56	120	0
57	58	1
57	59	1
57	60	0
57	61	1
57	62	1
57	63	0
57	64	1
57	65	0
57	66	1
57	67	1
57	68	1
57	69	1
57	70	1
57	71	1
57	72	1
57	73	0
57	74	0
57	75	0
57	76	0
57	77	0
57	78	1
57	79	1
57	80	1
57	81	0
57	82	1
57	83	0
57	84	0
57	85	1
57	86	0
57	87	1
57	88	0
57	89	1
57	90	0
57	91	1
57	92	0
57	93	0
57	94	0
57	95	1
57	96	0
57	97	1
57	98	1
57	99	1
57	100	1
57	101	1
57	102	0
57	103	1
57	104	1
57	105	1
57	106	0
57	107	0
57	108	0
57	109	0
57	110	1
57	111	0
57	112	0
57	113	1
57	114	1
57	115	1
57	116	0
57	117	1
57	118	1
57	119	0
57	120	1
58	59	1
58	60	0
58	61	0
58	62	1
58	63	0
58	64	1
58	65	0
58	66	1
58	67	0
58	68	0
58	69	0
58	70	0
58	71	0
58	72	0
58	73	1
58	74	0
58	75	0
58	76	1
58	77	0
58	78	1
58	79	0
58	80	1
58	81	1
58	82	0
58	83	0
58	84	1
58	85	0
58	86	1
58	87	1
58	88	0
58	89	1
58	90	1
58	91	0
58	92	1
58	93	1
58	94	0
58	95	1
58	96	0
58	97	0
58	98	0
58	99	1
58	100	1
58	101	1
58	102	0
58	103	1
58	104	0
58	105	0
58	106	0
58	107	0
58	108	1
58	109	0
58	110	1
58	111	0
58	112	0
58	113	1
58	114	0
58	115	0
58	116	1
58	117	1
58	118	0
58	119	1
58	120	0
59	60	1
59	61	1
59	62	0
59	63	1
59	64	1
59	65	1
59	66	0
59	67	1
59	68	1
59	69	0
59	70	0
59	71	1
59	72	0
59	73	0
59	74	1
59	75	1
59	76	1
59	77	1
59	78	1
59	79	0
59	80	0
59	81	0
59	82	1
59	83	0
59	84	1
59	85	1
59	86	0
59	87	1
59	88	1
59	89	0
59	90	1
59	91	0
59	92	0
59	93	1
59	94	1
59	95	1
59	96	0
59	97	1
59	98	0
59	99	1
59	100	0
59	101	1
59	102	1
59	103	1
59	104	1
59	105	0
59	106	1
59	107	1
59	108	1
59	109	1
59	110	1
59	111	1
59	112	1
59	113	0
59	114	0
59	115	1
59	116	1
59	117	1
59	118	0
59	119	1
59	120	1
60	61	0
60	62	0
60	63	0
60	64	1
60	65	0
60	66	1
60	67	1
60	68	1
60	69	0
60	70	1
60	71	1
60	72	0
60	73	0
60	74	1
60	75	0
60	76	0
60	77	1
60	78	1
60	79	1
60	80	1
60	81	0
60	82	0
60	83	1
60	84	0
60	85	1
60	86	0
60	87	1
60	88	1
60	89	1
60	90	1
60	91	0
60	92	1
60	93	0
60	94	0
60	95	1
60	96	1
60	97	0
60	98	1
60	99	1
60	100	1
60	101	1
60	102	1
60	103	1
60	104	0
60	105	1
60	106	0
60	107	1
60	108	0
60	109	1
60	110	0
60	111	1
60	112	1
60	113	1
60	114	0
60	115	0
60	116	0
60	117	0
60	118	1
60	119	1
60	120	0
61	62	0
61	63	1
61	64	1
61	65	1
61	66	0
61	67	0
61	68	1
61	69	1
61	70	1
61	71	1
61	72	1
61	73	1
61	74	1
61	75	1
61	76	1
61	77	1
61	78	0
61	79	1
61	80	1
61	81	1
61	82	1
61	83	0
61	84	1
61	85	0
61	86	1
61	87	1
61	88	1
61	89	0
61	90	1
61	91	1
61	92	0
61	93	0
61	94	0
61	95	1
61	96	0
61	97	1
61	98	0
61	99	1
61	100	0
61	101	0
61	102	1
61	103	1
61	104	1
61	105	1
61	106	1
61	107	0
61	108	0
61	109	1
61	110	0
61	111	1
61	112	0
61	113	0
61	114	0
61	115	1
61	116	0
61	117	0
61	118	1
61	119	1
61	120	0
62	63	0
62	64	1
62	65	1
62	66	0
62	67	0
62	68	0
62	69	1
62	70	1
62	71	1
62	72	1
62	73	0
62	74	0
62	75	1
62	76	0
62	77	1
62	78	1
62	79	1
62	80	0
62	81	1
62	82	1
62	83	0
62	84	0
62	85	0
62	86	1
62	87	0
62	88	0
62	89	0
62	90	0
62	91	1
62	92	0
62	93	0
62	94	1
62	95	0
62	96	1
62	97	0
62	98	0
62	99	0
62	100	1
62	101	0
62	102	0
62	103	0
62	104	1
62	105	1
62	106	0
62	107	1
62	108	0
62	109	0
62	110	0
62	111	1
62	112	1
62	113	1
62	114	1
62	115	1
62	116	1
62	117	1
62	118	1
62	119	1
62	120	1
63	64	1
63	65	1
63	66	0
63	67	1
63	68	0
63	69	0
63	70	0
63	71	0
63	72	1
63	73	0
63	74	1
63	75	0
63	76	0
63	77	1
63	78	0
63	79	0
63	80	1
63	81	1
63	82	1
63	83	0
63	84	1
63	85	0
63	86	0
63	87	0
63	88	0
63	89	0
63	90	0
63	91	0
63	92	1
63	93	0
63	94	1
63	95	0
63	96	0
63	97	0
63	98	1
63	99	0
63	100	1
63	101	1
63	102	0
63	103	0
63	104	0
63	105	0
63	106	0
63	107	1
63	108	0
63	109	0
63	110	0
63	111	1
63	112	0
63	113	1
63	114	1
63	115	0
63	116	1
63	117	0
63	118	0
63	119	0
63	120	1
64	65	1
64	66	0
64	67	1
64	68	0
64	69	1
64	70	0
64	71	0
64	72	1
64	73	1
64	74	0
64	75	1
64	76	1
64	77	0
64	78	1
64	79	1
64	80	0
64	81	1
64	82	1
64	83	0
64	84	0
64	85	1
64	86	1
64	87	1
64	88	1
64	89	0
64	90	1
64	91	0
64	92	1
64	93	0
64	94	0
64	95	1
64	96	0
64	97	1
64	98	1
64	99	0
64	100	1
64	101	0
64	102	1
64	103	0
64	104	1
64	105	1
64	106	0
64	107	0
64	108	0
64	109	1
64	110	0
64	111	0
64	112	1
64	113	0
64	114	1
64	115	1
64	116	1
64	117	1
64	118	0
64	119	0
64	120	0
65	66	0
65	67	1
65	68	0
65	69	0
65	70	0
65	71	1
65	72	1
65	73	1
65	74	1
65	75	0
65	76	1
65	77	0
65	78	0
65	79	0
65	80	0
65	81	1
65	82	1
65	83	0
65	84	1
65	85	0
65	86	0
65	87	1
65	88	0
65	89	1
65	90	0
65	91	1
65	92	1
65	93	0
65	94	1
65	95	1
65	96	1
65	97	0
65	98	0
65	99	1
65	100	1
65	101	1
65	102	0
65	103	1
65	104	0
65	105	0
65	106	0
65	107	1
65	108	0
65	109	1
65	110	1
65	111	0
65	112	1
65	113	1
65	114	1
65	115	0
65	116	0
65	117	1
65	118	1
65	119	1
65	120	1
66	67	1
66	68	0
66	69	1
66	70	0
66	71	1
66	72	0
66	73	1
66	74	1
66	75	1
66	76	0
66	77	0
66	78	0
66	79	0
66	80	0
66	81	1
66	82	0
66	83	1
66	84	0
66	85	0
66	86	0
66	87	1
66	88	0
66	89	0
66	90	0
66	91	1
66	92	1
66	93	0
66	94	0
66	95	0
66	96	0
66	97	1
66	98	0
66	99	1
66	100	1
66	101	1
66	102	0
66	103	0
66	104	0
66	105	0
66	106	0
66	107	1
66	108	1
66	109	0
66	110	1
66	111	1
66	112	1
66	113	0
66	114	1
66	115	0
66	116	0
66	117	1
66	118	1
66	119	1
66	120	0
67	68	1
67	69	0
67	70	0
67	71	0
67	72	1
67	73	0
67	74	1
67	75	0
67	76	1
67	77	1
67	78	0
67	79	0
67	80	0
67	81	1
67	82	0
67	83	0
67	84	0
67	85	0
67	86	1
67	87	0
67	88	0
67	89	0
67	90	0
67	91	0
67	92	1
67	93	1
67	94	1
67	95	1
67	96	0
67	97	0
67	98	1
67	99	1
67	100	1
67	101	1
67	102	0
67	103	1
67	104	1
67	105	1
67	106	0
67	107	0
67	108	1
67	109	0
67	110	0
67	111	0
67	112	0
67	113	1
67	114	0
67	115	0
67	116	0
67	117	1
67	118	1
67	119	1
67	120	0
68	69	0
68	70	1
68	71	0
68	72	1
68	73	0
68	74	0
68	75	0
68	76	0
68	77	1
68	78	0
68	79	0
68	80	1
68	81	1
68	82	0
68	83	1
68	84	1
68	85	0
68	86	1
68	87	1
68	88	0
68	89	1
68	90	0
68	91	0
68	92	1
68	93	0
68	94	1
68	95	0
68	96	1
68	97	1
68	98	0
68	99	0
68	100	1
68	101	0
68	102	0
68	103	1
68	104	0
68	105	1
68	106	1
68	107	1
68	108	1
68	109	1
68	110	0
68	111	0
68	112	0
68	113	0
68	114	1
68	115	1
68	116	1
68	117	1
68	118	0
68	119	1
68	120	0
69	70	1
69	71	0
69	72	0
69	73	0
69	74	0
69	75	1
69	76	0
69	77	0
69	78	0
69	79	0
69	80	0
69	81	1
69	82	1
69	83	1
69	84	1
69	85	1
69	86	0
69	87	1
69	88	0
69	89	1
69	90	1
69	91	0
69	92	1
69	93	1
69	94	1
69	95	0
69	96	0
69	97	1
69	98	0
69	99	1
69	100	0
69	101	1
69	102	1
69	103	1
69	104	0
69	105	0
69	106	1
69	107	1
69	108	0
69	109	0
69	110	1
69	111	0
69	112	0
69	113	1
69	114	1
69	115	1
69	116	0
69	117	0
69	118	0
69	119	1
69	120	1
70	71	1
70	72	1
70	73	0
70	74	1
70	75	1
70	76	1
70	77	0
70	78	1
70	79	1
70	80	0
70	81	0
70	82	0
70	83	0
70	84	0
70	85	0
70	86	1
70	87	1
70	88	1
70	89	1
70	90	1
70	91	0
70	92	1
70	93	0
70	94	1
70	95	0
70	96	0
70	97	1
70	98	0
70	99	0
70	100	0
70	101	1
70	102	1
70	103	0
70	104	0
70	105	1
70	106	0
70	107	1
70	108	1
70	109	1
70	110	0
70	111	1
70	112	0
70	113	0
70	114	1
70	115	1
70	116	1
70	117	1
70	118	1
70	119	0
70	120	0
71	72	1
71	73	1
71	74	0
71	75	0
71	76	0
71	77	0
71	78	1
71	79	0
71	80	0
71	81	0
71	82	0
71	83	1
71	84	0
71	85	1
71	86	1
71	87	0
71	88	1
71	89	0
71	90	1
71	91	1
71	92	0
71	93	0
71	94	0
71	95	1
71	96	1
71	97	0
71	98	1
71	99	0
71	100	1
71	101	1
71	102	0
71	103	1
71	104	1
71	105	1
71	106	1
71	107	1
71	108	0
71	109	1
71	110	0
71	111	1
71	112	1
71	113	0
71	114	1
71	115	0
71	116	0
71	117	1
71	118	0
71	119	1
71	120	0
72	73	1
72	74	1
72	75	0
72	76	1
72	77	0
72	78	0
72	79	0
72	80	0
72	81	0
72	82	0
72	83	1
72	84	0
72	85	0
72	86	0
72	87	1
72	88	0
72	89	1
72	90	0
72	91	1
72	92	0
72	93	0
72	94	0
72	95	1
72	96	1
72	97	1
72	98	1
72	99	1
72	100	0
72	101	1
72	102	1
72	103	0
72	104	1
72	105	0
72	106	1
72	107	1
72	108	0
72	109	1
72	110	0
72	111	1
72	112	1
72	113	0
72	114	1
72	115	0
72	116	1
72	117	1
72	118	0
72	119	0
72	120	1
73	74	1
73	75	1
73	76	0
73	77	0
73	78	0
73	79	1
73	80	0
73	81	0
73	82	0
73	83	1
73	84	0
73	85	1
73	86	0
73	87	1
73	88	1
73	89	1
73	90	1
73	91	1
73	92	1
73	93	1
73	94	0
73	95	1
73	96	0
73	97	0
73	98	1
73	99	1
73	100	1
73	101	0
73	102	1
73	103	0
73	104	0
73	105	1
73	106	1
73	107	1
73	108	1
73	109	0
73	110	0
73	111	1
73	112	1
73	113	1
73	114	1
73	115	1
73	116	1
73	117	1
73	118	0
73	119	0
73	120	0
74	75	0
74	76	1
74	77	1
74	78	0
74	79	1
74	80	1
74	81	0
74	82	0
74	83	0
74	84	0
74	85	1
74	86	1
74	87	1
74	88	0
74	89	1
74	90	1
74	91	0
74	92	0
74	93	1
74	94	0
74	95	0
74	96	1
74	97	1
74	98	0
74	99	1
74	100	0
74	101	0
74	102	1
74	103	0
74	104	1
74	105	0
74	106	1
74	107	0
74	108	0
74	109	0
74	110	0
74	111	1
74	112	0
74	113	0
74	114	1
74	115	0
74	116	0
74	117	0
74	118	1
74	119	1
74	120	0
75	76	0
75	77	0
75	78	1
75	79	0
75	80	1
75	81	0
75	82	1
75	83	0
75	84	0
75	85	0
75	86	0
75	87	1
75	88	1
75	89	1
75	90	0
75	91	1
75	92	0
75	93	0
75	94	0
75	95	1
75	96	1
75	97	0
75	98	1
75	99	1
75	100	0
75	101	0
75	102	1
75	103	0
75	104	0
75	105	0
75	106	0
75	107	0
75	108	0
75	109	1
75	110	1
75	111	0
75	112	0
75	113	0
75	114	1
75	115	0
75	116	0
75	117	1
75	118	1
75	119	1
75	120	1
76	77	0
76	78	1
76	79	1
76	80	1
76	81	1
76	82	1
76	83	1
76	84	0
76	85	1
76	86	0
76	87	1
76	88	0
76	89	1
76	90	1
76	91	0
76	92	1
76	93	1
76	94	0
76	95	0
76	96	1
76	97	0
76	98	0
76	99	1
76	100	1
76	101	1
76	102	0
76	103	1
76	104	0
76	105	1
76	106	0
76	107	0
76	108	0
76	109	0
76	110	0
76	111	0
76	112	0
76	113	1
76	114	0
76	115	0
76	116	0
76	117	1
76	118	0
76	119	0
76	120	0
77	78	0
77	79	1
77	80	1
77	81	0
77	82	0
77	83	1
77	84	0
77	85	0
77	86	1
77	87	0
77	88	0
77	89	1
77	90	1
77	91	1
77	92	1
77	93	1
77	94	0
77	95	0
77	96	0
77	97	1
77	98	0
77	99	0
77	100	1
77	101	1
77	102	1
77	103	1
77	104	1
77	105	0
77	106	1
77	107	0
77	108	0
77	109	0
77	110	0
77	111	0
77	112	0
77	113	1
77	114	1
77	115	1
77	116	0
77	117	1
77	118	0
77	119	0
77	120	0
78	79	0
78	80	0
78	81	1
78	82	0
78	83	1
78	84	0
78	85	1
78	86	1
78	87	1
78	88	0
78	89	0
78	90	1
78	91	1
78	92	1
78	93	0
78	94	1
78	95	0
78	96	0
78	97	1
78	98	1
78	99	1
78	100	1
78	101	1
78	102	1
78	103	1
78	104	1
78	105	0
78	106	0
78	107	0
78	108	0
78	109	1
78	110	1
78	111	0
78	112	1
78	113	0
78	114	1
78	115	0
78	116	1
78	117	1
78	118	1
78	119	0
78	120	1
79	80	1
79	81	1
79	82	1
79	83	0
79	84	1
79	85	1
79	86	1
79	87	1
79	88	0
79	89	0
79	90	1
79	91	1
79	92	1
79	93	1
79	94	1
79	95	1
79	96	0
79	97	0
79	98	1
79	99	1
79	100	1
79	101	0
79	102	0
79	103	1
79	104	1
79	105	0
79	106	1
79	107	0
79	108	0
79	109	0
79	110	0
79	111	1
79	112	1
79	113	0
79	114	0
79	115	0
79	116	0
79	117	1
79	118	1
79	119	0
79	120	0
80	81	1
80	82	0
80	83	0
80	84	0
80	85	0
80	86	0
80	87	1
80	88	1
80	89	0
80	90	1
80	91	0
80	92	0
80	93	1
80	94	1
80	95	0
80	96	1
80	97	0
80	98	0
80	99	0
80	100	1
80	101	1
80	102	1
80	103	0
80	104	1
80	105	0
80	106	1
80	107	0
80	108	0
80	109	1
80	110	0
80	111	1
80	112	0
80	113	1
80	114	0
80	115	0
80	116	0
80	117	0
80	118	0
80	119	0
80	120	0
81	82	0
81	83	1
81	84	0
81	85	1
81	86	0
81	87	0
81	88	1
81	89	1
81	90	0
81	91	1
81	92	1
81	93	1
81	94	1
81	95	1
81	96	0
81	97	1
81	98	1
81	99	1
81	100	0
81	101	0
81	102	0
81	103	1
81	104	0
81	105	1
81	106	0
81	107	1
81	108	1
81	109	0
81	110	1
81	111	0
81	112	0
81	113	0
81	114	1
81	115	1
81	116	1
81	117	1
81	118	1
81	119	0
81	120	0
82	83	0
82	84	0
82	85	1
82	86	1
82	87	0
82	88	1
82	89	0
82	90	0
82	91	1
82	92	1
82	93	0
82	94	0
82	95	0
82	96	0
82	97	1
82	98	1
82	99	1
82	100	1
82	101	1
82	102	0
82	103	0
82	104	0
82	105	0
82	106	0
82	107	0
82	108	1
82	109	0
82	110	1
82	111	1
82	112	0
82	113	0
82	114	0
82	115	1
82	116	1
82	117	0
82	118	0
82	119	0
82	120	0
83	84	0
83	85	1
83	86	1
83	87	1
83	88	0
83	89	1
83	90	1
83	91	1
83	92	0
83	93	0
83	94	1
83	95	1
83	96	0
83	97	0
83	98	1
83	99	1
83	100	0
83	101	1
83	102	1
83	103	1
83	104	1
83	105	1
83	106	0
83	107	0
83	108	0
83	109	0
83	110	1
83	111	0
83	112	0
83	113	1
83	114	0
83	115	1
83	116	0
83	117	0
83	118	0
83	119	0
83	120	1
84	85	0
84	86	0
84	87	0
84	88	0
84	89	1
84	90	1
84	91	1
84	92	1
84	93	0
84	94	1
84	95	0
84	96	0
84	97	1
84	98	0
84	99	0
84	100	1
84	101	0
84	102	0
84	103	0
84	104	1
84	105	0
84	106	0
84	107	1
84	108	0
84	109	1
84	110	0
84	111	1
84	112	1
84	113	0
84	114	1
84	115	1
84	116	0
84	117	1
84	118	1
84	119	0
84	120	0
85	86	1
85	87	0
85	88	0
85	89	1
85	90	0
85	91	0
85	92	0
85	93	1
85	94	0
85	95	0
85	96	0
85	97	0
85	98	0
85	99	0
85	100	1
85	101	1
85	102	1
85	103	0
85	104	1
85	105	0
85	106	0
85	107	0
85	108	0
85	109	0
85	110	1
85	111	0
85	112	1
85	113	0
85	114	0
85	115	1
85	116	0
85	117	1
85	118	1
85	119	0
85	120	1
86	87	0
86	88	1
86	89	1
86	90	1
86	91	1
86	92	0
86	93	1
86	94	0
86	95	0
86	96	0
86	97	0
86	98	0
86	99	1
86	100	0
86	101	1
86	102	1
86	103	0
86	104	0
86	105	1
86	106	0
86	107	0
86	108	1
86	109	1
86	110	1
86	111	1
86	112	0
86	113	0
86	114	0
86	115	0
86	116	1
86	117	1
86	118	0
86	119	1
86	120	1
87	88	1
87	89	0
87	90	0
87	91	1
87	92	0
87	93	0
87	94	1
87	95	1
87	96	0
87	97	0
87	98	1
87	99	1
87	100	0
87	101	1
87	102	1
87	103	0
87	104	0
87	105	0
87	106	1
87	107	1
87	108	1
87	109	1
87	110	0
87	111	1
87	112	1
87	113	0
87	114	1
87	115	0
87	116	1
87	117	1
87	118	0
87	119	0
87	120	1
88	89	0
88	90	0
88	91	1
88	92	1
88	93	1
88	94	0
88	95	0
88	96	0
88	97	1
88	98	1
88	99	0
88	100	0
88	101	1
88	102	1
88	103	0
88	104	1
88	105	0
88	106	1
88	107	0
88	108	0
88	109	1
88	110	0
88	111	0
88	112	0
88	113	1
88	114	0
88	115	0
88	116	0
88	117	1
88	118	0
88	119	1
88	120	1
89	90	1
89	91	0
89	92	1
89	93	1
89	94	0
89	95	1
89	96	1
89	97	1
89	98	1
89	99	1
89	100	1
89	101	1
89	102	0
89	103	0
89	104	0
89	105	1
89	106	1
89	107	1
89	108	0
89	109	0
89	110	1
89	111	1
89	112	0
89	113	0
89	114	1
89	115	0
89	116	0
89	117	0
89	118	0
89	119	1
89	120	1
90	91	1
90	92	0
90	93	1
90	94	0
90	95	1
90	96	1
90	97	1
90	98	1
90	99	0
90	100	1
90	101	1
90	102	1
90	103	1
90	104	1
90	105	0
90	106	1
90	107	0
90	108	0
90	109	0
90	110	0
90	111	0
90	112	1
90	113	1
90	114	0
90	115	1
90	116	0
90	117	1
90	118	1
90	119	0
90	120	1
91	92	1
91	93	0
91	94	0
91	95	0
91	96	0
91	97	0
91	98	0
91	99	0
91	100	1
91	101	0
91	102	0
91	103	0
91	104	0
91	105	1
91	106	1
91	107	0
91	108	0
91	109	1
91	110	1
91	111	1
91	112	1
91	113	1
91	114	1
91	115	1
91	116	0
91	117	0
91	118	0
91	119	0
91	120	1
92	93	1
92	94	0
92	95	0
92	96	0
92	97	1
92	98	0
92	99	0
92	100	1
92	101	0
92	102	1
92	103	0
92	104	1
92	105	0
92	106	0
92	107	0
92	108	1
92	109	0
92	110	0
92	111	1
92	112	1
92	113	1
92	114	0
92	115	1
92	116	1
92	117	1
92	118	0
92	119	0
92	120	1
93	94	1
93	95	0
93	96	0
93	97	0
93	98	0
93	99	1
93	100	0
93	101	0
93	102	1
93	103	0
93	104	0
93	105	0
93	106	1
93	107	1
93	108	1
93	109	1
93	110	0
93	111	0
93	112	1
93	113	1
93	114	0
93	115	0
93	116	0
93	117	0
93	118	0
93	119	1
93	120	1
94	95	1
94	96	1
94	97	1
94	98	0
94	99	0
94	100	0
94	101	1
94	102	0
94	103	1
94	104	1
94	105	1
94	106	1
94	107	1
94	108	1
94	109	1
94	110	0
94	111	0
94	112	1
94	113	1
94	114	1
94	115	1
94	116	0
94	117	0
94	118	0
94	119	0
94	120	1
95	96	1
95	97	0
95	98	0
95	99	0
95	100	0
95	101	0
95	102	0
95	103	0
95	104	1
95	105	0
95	106	1
95	107	0
95	108	1
95	109	0
95	110	0
95	111	0
95	112	0
95	113	1
95	114	1
95	115	0
95	116	1
95	117	1
95	118	0
95	119	1
95	120	0
96	97	0
96	98	0
96	99	0
96	100	1
96	101	1
96	102	0
96	103	0
96	104	1
96	105	0
96	106	0
96	107	0
96	108	0
96	109	1
96	110	1
96	111	1
96	112	0
96	113	0
96	114	1
96	115	1
96	116	1
96	117	0
96	118	0
96	119	0
96	120	0
97	98	0
97	99	1
97	100	1
97	101	0
97	102	1
97	103	1
97	104	1
97	105	1
97	106	0
97	107	1
97	108	1
97	109	1
97	110	1
97	111	0
97	112	1
97	113	1
97	114	1
97	115	1
97	116	1
97	117	1
97	118	1
97	119	0
97	120	0
98	99	0
98	100	1
98	101	0
98	102	1
98	103	1
98	104	1
98	105	1
98	106	1
98	107	0
98	108	1
98	109	1
98	110	1
98	111	1
98	112	1
98	113	0
98	114	0
98	115	0
98	116	1
98	117	0
98	118	0
98	119	1
98	120	0
99	100	0
99	101	1
99	102	0
99	103	1
99	104	0
99	105	1
99	106	1
99	107	0
99	108	1
99	109	0
99	110	0
99	111	1
99	112	1
99	113	1
99	114	0
99	115	0
99	116	1
99	117	0
99	118	0
99	119	0
99	120	1
100	101	1
100	102	1
100	103	0
100	104	0
100	105	1
100	106	1
100	107	1
100	108	1
100	109	1
100	110	0
100	111	0
100	112	1
100	113	0
100	114	1
100	115	0
100	116	0
100	117	1
100	118	1
100	119	1
100	120	1
101	102	0
101	103	0
101	104	1
101	105	0
101	106	1
101	107	1
101	108	0
101	109	1
101	110	1
101	111	1
101	112	1
101	113	0
101	114	0
101	115	0
101	116	1
101	117	0
101	118	1
101	119	1
101	120	0
102	103	1
102	104	0
102	105	1
102	106	1
102	107	0
102	108	1
102	109	0
102	110	0
102	111	1
102	112	0
102	113	0
102	114	1
102	115	1
102	116	0
102	117	1
102	118	1
102	119	0
102	120	0
103	104	1
103	105	1
103	106	0
103	107	0
103	108	0
103	109	1
103	110	1
103	111	0
103	112	1
103	113	1
103	114	0
103	115	0
103	116	1
103	117	0
103	118	0
103	119	1
103	120	0
104	105	1
104	106	0
104	107	0
104	108	1
104	109	1
104	110	0
104	111	1
104	112	0
104	113	1
104	114	0
104	115	1
104	116	0
104	117	0
104	118	0
104	119	1
104	120	0
105	106	0
105	107	0
105	108	0
105	109	1
105	110	1
105	111	0
105	112	1
105	113	0
105	114	0
105	115	0
105	116	0
105	117	1
105	118	1
105	119	1
105	120	0
106	107	0
106	108	0
106	109	0
106	110	1
106	111	0
106	112	0
106	113	0
106	114	0
106	115	0
106	116	0
106	117	1
106	118	0
106	119	1
106	120	1
107	108	0
107	109	0
107	110	1
107	111	0
107	112	0
107	113	1
107	114	0
107	115	0
107	116	0
107	117	1
107	118	0
107	119	1
107	120	1
108	109	1
108	110	1
108	111	1
108	112	0
108	113	1
108	114	0
108	115	0
108	116	1
108	117	1
108	118	0
108	119	0
108	120	1
109	110	1
109	111	1
109	112	1
109	113	0
109	114	0
109	115	1
109	116	0
109	117	0
109	118	0
109	119	0
109	120	1
110	111	1
110	112	1
110	113	1
110	114	0
110	115	1
110	116	1
110	117	1
110	118	1
110	119	0
110	120	0
111	112	1
111	113	0
111	114	0
111	115	0
111	116	1
111	117	0
111	118	1
111	119	1
111	120	0
112	113	0
112	114	0
112	115	0
112	116	1
112	117	0
112	118	0
112	119	0
112	120	0
113	114	1
113	115	0
113	116	0
113	117	1
113	118	1
113	119	1
113	120	1
114	115	0
114	116	1
114	117	0
114	118	0
114	119	1
114	120	0
115	116	1
115	117	0
115	118	1
115	119	0
115	120	1
116	117	1
116	118	0
116	119	1
116	120	0
117	118	0
117	119	0
117	120	1
118	119	1
118	120	0
119	120	0
