120	7140	0
1	2	1
1	3	1
1	4	0
1	5	1
1	6	1
1	7	0
1	8	1
1	9	0
1	10	0
1	11	1
1	12	0
1	13	0
1	14	0
1	15	0
1	16	1
1	17	0
1	18	0
1	19	1
1	20	1
1	21	1
1	22	1
1	23	1
1	24	0
1	25	0
1	26	1
1	27	0
1	28	0
1	29	1
1	30	1
1	31	1
1	32	0
1	33	0
1	34	1
1	35	1
1	36	1
1	37	0
1	38	0
1	39	1
1	40	0
1	41	1
1	42	0
1	43	1
1	44	1
1	45	0
1	46	1
1	47	0
1	48	1
1	49	1
1	50	0
1	51	1
1	52	0
1	53	1
1	54	1
1	55	1
1	56	1
1	57	1
1	58	0
1	59	1
1	60	0
1	61	0
1	62	1
1	63	1
1	64	1
1	65	1
1	66	0
1	67	0
1	68	0
1	69	1
1	70	1
1	71	0
1	72	0
1	73	1
1	74	1
1	75	0
1	76	1
1	77	0
1	78	1
1	79	0
1	80	0
1	81	1
1	82	0
1	83	0
1	84	0
1	85	0
1	86	0
1	87	0
1	88	0
1	89	0
1	90	1
1	91	1
1	92	0
1	93	0
1	94	1
1	95	1
1	96	1
1	97	1
1	98	1
1	99	1
1	100	0
1	101	1
1	102	1
1	103	0
1	104	1
1	105	0
1	106	0
1	107	1
1	108	1
1	109	1
1	110	1
1	111	1
1	112	0
1	113	1
1	114	1
1	115	1
1	116	0
1	117	0
1	118	1
1	119	0
1	120	1
2	3	0
2	4	1
2	5	1
2	6	0
2	7	1
2	8	1
2	9	1
2	10	1
2	11	1
2	12	0
2	13	0
2	14	1
2	15	0
2	16	1
2	17	0
2	18	1
2	19	1
2	20	1
2	21	1
2	22	0
2	23	0
2	24	1
2	25	1
2	26	0
2	27	1
2	28	1
2	29	1
2	30	1
2	31	0
2	32	0
2	33	1
2	34	0
2	35	1
2	36	0
2	37	0
2	38	0
2	39	1
2	40	1
2	41	0
2	42	0
2	43	1
2	44	0
2	45	1
2	46	1
2	47	0
2	48	0
2	49	0
2	50	0
2	51	0
2	52	0
2	53	0
2	54	0
2	55	0
2	56	0
2	57	1
2	58	1
2	59	1
2	60	1
2	61	0
2	62	0
2	63	0
2	64	0
2	65	1
2	66	0
2	67	1
2	68	0
2	69	0
2	70	0
2	71	0
2	72	1
2	73	1
2	74	0
2	75	0
2	76	0
2	77	0
2	78	1
2	79	0
2	80	1
2	81	0
2	82	1
2	83	1
2	84	1
2	85	0
2	86	0
2	87	1
2	88	1
2	89	0
2	90	0
2	91	0
2	92	0
2	93	1
2	94	0
2	95	1
2	96	1
2	97	1
2	98	1
2	99	1
2	100	1
2	101	1
2	102	0
2	103	1
2	104	1
2	105	0
2	106	0
2	107	0
2	108	0
2	109	0
2	110	0
2	111	0
2	112	1
2	113	0
2	114	0
2	115	1
2	116	0
2	117	0
2	118	0
2	119	1
2	120	0
3	4	1
3	5	1
3	6	0
3	7	0
3	8	1
3	9	0
3	10	1
3	11	0
3	12	1
3	13	0
3	14	1
3	15	0
3	16	1
3	17	0
3	18	0
3	19	1
3	20	0
3	21	1
3	22	1
3	23	0
3	24	0
3	25	0
3	26	1
3	27	0
3	28	1
3	29	0
3	30	0
3	31	0
3	32	1
3	33	1
3	34	0
3	35	0
3	36	1
3	37	0
3	38	0
3	39	1
3	40	0
3	41	1
3	42	0
3	43	0
3	44	1
3	45	1
3	46	0
3	47	1
3	48	1
3	49	0
3	50	0
3	51	1
3	52	1
3	53	0
3	54	0
3	55	1
3	56	0
3	57	1
3	58	0
3	59	0
3	60	1
3	61	0
3	62	0
3	63	1
3	64	1
3	65	1
3	66	0
3	67	1
3	68	1
3	69	0
3	70	1
3	71	1
3	72	0
3	73	1
3	74	1
3	75	0
3	76	1
3	77	0
3	78	0
3	79	1
3	80	1
3	81	1
3	82	0
3	83	1
3	84	1
3	85	1
3	86	1
3	87	0
3	88	1
3	89	0
3	90	1
3	91	0
3	92	0
3	93	1
3	94	1
3	95	0
3	96	0
3	97	0
3	98	1
3	99	0
3	100	1
3	101	0
3	102	0
3	103	0
3	104	1
3	105	0
3	106	1
3	107	1
3	108	1
3	109	1
3	110	1
3	111	0
3	112	0
3	113	0
3	114	0
3	115	0
3	116	1
3	117	1
3	118	1
3	119	1
3	120	0
4	5	0
4	6	0
4	7	1
4	8	0
4	9	0
4	10	0
4	11	1
4	12	1
4	13	0
4	14	0
4	15	0
4	16	0
4	17	0
4	18	1
4	19	1
4	20	0
4	21	1
4	22	0
4	23	0
4	24	1
4	25	0
4	26	1
4	27	1
4	28	1
4	29	0
4	30	0
4	31	0
4	32	1
4	33	1
4	34	0
4	35	1
4	36	1
4	37	1
4	38	1
4	39	1
4	40	0
4	41	1
4	42	0
4	43	0
4	44	0
4	45	1
4	46	0
4	47	0
4	48	1
4	49	0
4	50	0
4	51	0
4	52	0
4	53	1
4	54	1
4	55	0
4	56	1
4	57	0
4	58	1
4	59	0
4	60	0
4	61	1
4	62	1
4	63	1
4	64	1
4	65	0
4	66	1
4	67	0
4	68	0
4	69	0
4	70	0
4	71	1
4	72	0
4	73	1
4	74	1
4	75	0
4	76	0
4	77	0
4	78	0
4	79	0
4	80	0
4	81	0
4	82	1
4	83	0
4	84	0
4	85	0
4	86	0
4	87	0
4	88	1
4	89	0
4	90	1
4	91	0
4	92	0
4	93	0
4	94	0
4	95	0
4	96	1
4	97	0
4	98	1
4	99	1
4	100	0
4	101	0
4	102	0
4	103	0
4	104	1
4	105	1
4	106	1
4	107	1
4	108	0
4	109	1
4	110	1
4	111	0
4	112	1
4	113	1
4	114	0
4	115	1
4	116	1
4	117	0
4	118	0
4	119	1
4	120	1
5	6	1
5	7	0
5	8	0
5	9	1
5	10	0
5	11	1
5	12	1
5	13	0
5	14	1
5	15	1
5	16	0
5	17	0
5	18	1
5	19	0
5	20	1
5	21	1
5	22	0
5	23	1
5	24	1
5	25	0
5	26	1
5	27	1
5	28	0
5	29	0
5	30	1
5	31	0
5	32	1
5	33	1
5	34	1
5	35	0
5	36	0
5	37	0
5	38	0
5	39	0
5	40	0
5	41	0
5	42	0
5	43	0
5	44	1
5	45	1
5	46	1
5	47	1
5	48	0
5	49	1
5	50	0
5	51	0
5	52	0
5	53	0
5	54	0
5	55	0
5	56	1
5	57	1
5	58	0
5	59	1
5	60	1
5	61	0
5	62	1
5	63	1
5	64	1
5	65	1
5	66	0
5	67	1
5	68	1
5	69	0
5	70	0
5	71	0
5	72	1
5	73	1
5	74	1
5	75	1
5	76	0
5	77	0
5	78	1
5	79	1
5	80	1
5	81	0
5	82	1
5	83	0
5	84	0
5	85	1
5	86	1
5	87	0
5	88	0
5	89	1
5	90	1
5	91	1
5	92	0
5	93	0
5	94	1
5	95	0
5	96	0
5	97	1
5	98	1
5	99	0
5	100	1
5	101	1
5	102	0
5	103	1
5	104	1
5	105	0
5	106	1
5	107	0
5	108	1
5	109	1
5	110	0
5	111	1
5	112	0
5	113	1
5	114	0
5	115	1
5	116	0
5	117	0
5	118	1
5	119	0
5	120	1
6	7	1
6	8	1
6	9	0
6	10	1
6	11	1
6	12	1
6	13	0
6	14	0
6	15	1
6	16	0
6	17	0
6	18	1
6	19	1
6	20	1
6	21	0
6	22	1
6	23	0
6	24	0
6	25	1
6	26	1
6	27	1
6	28	1
6	29	0
6	30	1
6	31	1
6	32	0
6	33	0
6	34	0
6	35	1
6	36	1
6	37	0
6	38	1
6	39	0
6	40	0
6	41	0
6	42	0
6	43	1
6	44	1
6	45	1
6	46	1
6	47	1
6	48	1
6	49	0
6	50	0
6	51	0
6	52	1
6	53	1
6	54	0
6	55	0
6	56	0
6	57	1
6	58	0
6	59	0
6	60	0
6	61	0
6	62	0
6	63	0
6	64	0
6	65	1
6	66	1
6	67	1
6	68	1
6	69	1
6	70	1
6	71	0
6	72	1
6	73	0
6	74	0
6	75	1
6	76	1
6	77	1
6	78	0
6	79	0
6	80	0
6	81	1
6	82	1
6	83	1
6	84	0
6	85	0
6	86	0
6	87	0
6	88	1
6	89	0
6	90	0
6	91	1
6	92	0
6	93	1
6	94	0
6	95	0
6	96	1
6	97	1
6	98	1
6	99	1
6	100	1
6	101	1
6	102	1
6	103	1
6	104	1
6	105	0
6	106	0
6	107	0
6	108	0
6	109	1
6	110	0
6	111	1
6	112	1
6	113	0
6	114	1
6	115	0
6	116	1
6	117	1
6	118	0
6	119	1
6	120	1
7	8	0
7	9	0
7	10	0
7	11	0
7	12	1
7	13	1
7	14	1
7	15	1
7	16	0
7	17	1
7	18	0
7	19	1
7	20	1
7	21	0
7	22	1
7	23	0
7	24	1
7	25	1
7	26	1
7	27	0
7	28	0
7	29	1
7	30	1
7	31	1
7	32	0
7	33	0
7	34	1
7	35	0
7	36	1
7	37	0
7	38	0
7	39	0
7	40	1
7	41	0
7	42	1
7	43	0
7	44	1
7	45	0
7	46	1
7	47	0
7	48	0
7	49	1
7	50	1
7	51	1
7	52	0
7	53	1
7	54	1
7	55	0
7	56	0
7	57	0
7	58	0
7	59	0
7	60	1
7	61	0
7	62	0
7	63	1
7	64	1
7	65	1
7	66	0
7	67	1
7	68	0
7	69	1
7	70	1
7	71	0
7	72	0
7	73	0
7	74	1
7	75	1
7	76	0
7	77	0
7	78	1
7	79	0
7	80	0
7	81	0
7	82	1
7	83	1
7	84	1
7	85	1
7	86	1
7	87	1
7	88	1
7	89	0
7	90	0
7	91	1
7	92	1
7	93	1
7	94	0
7	95	0
7	96	0
7	97	0
7	98	1
7	99	0
7	100	1
7	101	0
7	102	1
7	103	0
7	104	1
7	105	0
7	106	0
7	107	0
7	108	1
7	109	0
7	110	0
7	111	1
7	112	0
7	113	1
7	114	0
7	115	1
7	116	0
7	117	0
7	118	1
7	119	0
7	120	0
8	9	0
8	10	1
8	11	1
8	12	0
8	13	0
8	14	0
8	15	0
8	16	1
8	17	1
8	18	1
8	19	1
8	20	1
8	21	0
8	22	1
8	23	1
8	24	0
8	25	1
8	26	0
8	27	0
8	28	0
8	29	0
8	30	0
8	31	1
8	32	1
8	33	1
8	34	0
8	35	0
8	36	1
8	37	0
8	38	1
8	39	0
8	40	1
8	41	1
8	42	1
8	43	0
8	44	1
8	45	0
8	46	0
8	47	0
8	48	0
8	49	1
8	50	0
8	51	1
8	52	0
8	53	0
8	54	0
8	55	0
8	56	0
8	57	1
8	58	1
8	59	1
8	60	0
8	61	0
8	62	0
8	63	1
8	64	0
8	65	0
8	66	1
8	67	1
8	68	1
8	69	0
8	70	0
8	71	1
8	72	0
8	73	1
8	74	0
8	75	0
8	76	0
8	77	0
8	78	1
8	79	0
8	80	0
8	81	1
8	82	0
8	83	0
8	84	1
8	85	0
8	86	1
8	87	0
8	88	1
8	89	0
8	90	0
8	91	0
8	92	1
8	93	1
8	94	1
8	95	1
8	96	0
8	97	1
8	98	0
8	99	1
8	100	1
8	101	1
8	102	1
8	103	0
8	104	1
8	105	1
8	106	1
8	107	1
8	108	1
8	109	0
8	110	0
8	111	1
8	112	1
8	113	1
8	114	0
8	115	0
8	116	1
8	117	1
8	118	1
8	119	0
8	120	0
9	10	1
9	11	0
9	12	1
9	13	1
9	14	0
9	15	0
9	16	0
9	17	0
9	18	0
9	19	0
9	20	1
9	21	0
9	22	1
9	23	0
9	24	1
9	25	1
9	26	0
9	27	0
9	28	1
9	29	1
9	30	1
9	31	0
9	32	1
9	33	0
9	34	1
9	35	0
9	36	1
9	37	1
9	38	0
9	39	0
9	40	1
9	41	0
9	42	0
9	43	1
9	44	0
9	45	0
9	46	1
9	47	0
9	48	0
9	49	0
9	50	1
9	51	0
9	52	1
9	53	0
9	54	0
9	55	0
9	56	0
9	57	0
9	58	1
9	59	0
9	60	0
9	61	1
9	62	1
9	63	0
9	64	0
9	65	1
9	66	0
9	67	0
9	68	0
9	69	0
9	70	0
9	71	0
9	72	0
9	73	0
9	74	0
9	75	1
9	76	1
9	77	0
9	78	0
9	79	1
9	80	0
9	81	1
9	82	0
9	83	1
9	84	0
9	85	0
9	86	0
9	87	0
9	88	1
9	89	1
9	90	1
9	91	0
9	92	0
9	93	1
9	94	0
9	95	0
9	96	0
9	97	1
9	98	1
9	99	0
9	100	0
9	101	1
9	102	1
9	103	0
9	104	1
9	105	1
9	106	1
9	107	0
9	108	1
9	109	0
9	110	0
9	111	1
9	112	0
9	113	1
9	114	1
9	115	1
9	116	1
9	117	1
9	118	0
9	119	0
9	120	0
10	11	1
10	12	1
10	13	1
10	14	0
10	15	1
10	16	0
10	17	0
10	18	1
10	19	0
10	20	1
10	21	0
10	22	0
10	23	0
10	24	0
10	25	0
10	26	1
10	27	0
10	28	0
10	29	0
10	30	0
10	31	1
10	32	1
10	33	1
10	34	0
10	35	1
10	36	0
10	37	1
10	38	1
10	39	1
10	40	1
10	41	1
10	42	1
10	43	1
10	44	1
10	45	1
10	46	1
10	47	0
10	48	0
10	49	1
10	50	1
10	51	0
10	52	0
10	53	1
10	54	0
10	55	0
10	56	1
10	57	0
10	58	1
10	59	1
10	60	0
10	61	1
10	62	0
10	63	1
10	64	0
10	65	1
10	66	1
10	67	1
10	68	0
10	69	1
10	70	1
10	71	1
10	72	1
10	73	1
10	74	1
10	75	1
10	76	0
10	77	1
10	78	0
10	79	0
10	80	1
10	81	1
10	82	1
10	83	0
10	84	0
10	85	1
10	86	1
10	87	0
10	88	0
10	89	0
10	90	0
10	91	0
10	92	0
10	93	0
10	94	0
10	95	1
10	96	0
10	97	0
10	98	1
10	99	1
10	100	0
10	101	1
10	102	1
10	103	0
10	104	0
10	105	0
10	106	1
10	107	1
10	108	0
10	109	1
10	110	1
10	111	1
10	112	0
10	113	1
10	114	1
10	115	1
10	116	1
10	117	1
10	118	0
10	119	0
10	120	1
11	12	0
11	13	1
11	14	1
11	15	0
11	16	0
11	17	1
11	18	1
11	19	1
11	20	1
11	21	0
11	22	1
11	23	1
11	24	0
11	25	0
11	26	1
11	27	1
11	28	0
11	29	1
11	30	0
11	31	0
11	32	0
11	33	0
11	34	1
11	35	1
11	36	0
11	37	0
11	38	1
11	39	0
11	40	1
11	41	0
11	42	1
11	43	0
11	44	1
11	45	1
11	46	1
11	47	0
11	48	1
11	49	0
11	50	1
11	51	1
11	52	0
11	53	1
11	54	0
11	55	0
11	56	0
11	57	0
11	58	0
11	59	1
11	60	1
11	61	0
11	62	1
11	63	1
11	64	0
11	65	1
11	66	1
11	67	1
11	68	1
11	69	1
11	70	0
11	71	1
11	72	0
11	73	1
11	74	0
11	75	1
11	76	0
11	77	1
11	78	0
11	79	1
11	80	0
11	81	1
11	82	1
11	83	1
11	84	1
11	85	0
11	86	1
11	87	0
11	88	1
11	89	1
11	90	1
11	91	1
11	92	1
11	93	0
11	94	1
11	95	1
11	96	1
11	97	0
11	98	1
11	99	1
11	100	1
11	101	1
11	102	0
11	103	1
11	104	0
11	105	1
11	106	1
11	107	1
11	108	0
11	109	1
11	110	1
11	111	1
11	112	1
11	113	1
11	114	1
11	115	1
11	116	1
11	117	0
11	118	1
11	119	0
11	120	1
12	13	1
12	14	1
12	15	0
12	16	0
12	17	1
12	18	0
12	19	0
12	20	0
12	21	1
12	22	1
12	23	1
12	24	1
12	25	1
12	26	1
12	27	0
12	28	0
12	29	0
12	30	0
12	31	0
12	32	1
12	33	0
12	34	1
12	35	1
12	36	0
12	37	0
12	38	1
12	39	1
12	40	0
12	41	0
12	42	1
12	43	1
12	44	1
12	45	0
12	46	1
12	47	1
12	48	0
12	49	1
12	50	0
12	51	1
12	52	0
12	53	0
12	54	0
12	55	1
12	56	0
12	57	1
12	58	1
12	59	1
12	60	0
12	61	1
12	62	1
12	63	1
12	64	1
12	65	1
12	66	1
12	67	0
12	68	1
12	69	1
12	70	0
12	71	0
12	72	1
12	73	0
12	74	1
12	75	0
12	76	0
12	77	0
12	78	1
12	79	0
12	80	1
12	81	0
12	82	1
12	83	0
12	84	1
12	85	0
12	86	1
12	87	1
12	88	1
12	89	0
12	90	1
12	91	0
12	92	0
12	93	0
12	94	0
12	95	0
12	96	1
12	97	1
12	98	0
12	99	1
12	100	0
12	101	0
12	102	1
12	103	0
12	104	1
12	105	0
12	106	1
12	107	1
12	108	1
12	109	0
12	110	1
12	111	0
12	112	0
12	113	1
12	114	1
12	115	1
12	116	0
12	117	0
12	118	1
12	119	0
12	120	0
13	14	1
13	15	1
13	16	1
13	17	1
13	18	0
13	19	1
13	20	1
13	21	1
13	22	0
13	23	1
13	24	1
13	25	0
13	26	1
13	27	0
13	28	1
13	29	1
13	30	0
13	31	0
13	32	1
13	33	0
13	34	0
13	35	1
13	36	1
13	37	1
13	38	0
13	39	1
13	40	0
13	41	1
13	42	1
13	43	0
13	44	0
13	45	0
13	46	1
13	47	0
13	48	1
13	49	1
13	50	1
13	51	1
13	52	1
13	53	0
13	54	1
13	55	0
13	56	0
13	57	0
13	58	0
13	59	1
13	60	0
13	61	0
13	62	0
13	63	1
13	64	0
13	65	1
13	66	0
13	67	0
13	68	0
13	69	0
13	70	1
13	71	0
13	72	1
13	73	1
13	74	0
13	75	0
13	76	1
13	77	0
13	78	1
13	79	1
13	80	1
13	81	0
13	82	0
13	83	0
13	84	0
13	85	1
13	86	0
13	87	0
13	88	1
13	89	0
13	90	1
13	91	0
13	92	1
13	93	0
13	94	0
13	95	0
13	96	1
13	97	1
13	98	0
13	99	1
13	100	0
13	101	0
13	102	1
13	103	0
13	104	1
13	105	0
13	106	0
13	107	1
13	108	0
13	109	0
13	110	1
13	111	1
13	112	1
13	113	0
13	114	1
13	115	1
13	116	0
13	117	1
13	118	0
13	119	0
13	120	1
14	15	0
14	16	1
14	17	1
14	18	1
14	19	1
14	20	1
14	21	1
14	22	0
14	23	1
14	24	0
14	25	1
14	26	1
14	27	1
14	28	1
14	29	1
14	30	0
14	31	1
14	32	0
14	33	0
14	34	1
14	35	1
14	36	0
14	37	0
14	38	0
14	39	1
14	40	1
14	41	0
14	42	1
14	43	0
14	44	1
14	45	0
14	46	0
14	47	1
14	48	0
14	49	1
14	50	1
14	51	0
14	52	1
14	53	0
14	54	0
14	55	0
14	56	1
14	57	1
14	58	0
14	59	1
14	60	1
14	61	0
14	62	0
14	63	0
14	64	1
14	65	1
14	66	1
14	67	0
14	68	1
14	69	1
14	70	0
14	71	0
14	72	0
14	73	1
14	74	1
14	75	1
14	76	1
14	77	1
14	78	0
14	79	0
14	80	0
14	81	1
14	82	0
14	83	1
14	84	1
14	85	0
14	86	0
14	87	0
14	88	1
14	89	1
14	90	1
14	91	0
14	92	0
14	93	1
14	94	0
14	95	0
14	96	0
14	97	0
14	98	1
14	99	1
14	100	0
14	101	1
14	102	1
14	103	1
14	104	0
14	105	0
14	106	1
14	107	1
14	108	0
14	109	0
14	110	1
14	111	0
14	112	1
14	113	0
14	114	0
14	115	0
14	116	0
14	117	0
14	118	0
14	119	0
14	120	1
15	16	1
15	17	1
15	18	0
15	19	0
15	20	0
15	21	1
15	22	0
15	23	0
15	24	0
15	25	0
15	26	0
15	27	1
15	28	1
15	29	1
15	30	1
15	31	0
15	32	1
15	33	0
15	34	0
15	35	0
15	36	0
15	37	1
15	38	0
15	39	1
15	40	0
15	41	1
15	42	0
15	43	0
15	44	0
15	45	0
15	46	0
15	47	1
15	48	1
15	49	0
15	50	1
15	51	1
15	52	1
15	53	0
15	54	1
15	55	1
15	56	1
15	57	0
15	58	0
15	59	0
15	60	1
15	61	1
15	62	0
15	63	1
15	64	0
15	65	1
15	66	0
15	67	0
15	68	1
15	69	1
15	70	0
15	71	0
15	72	0
15	73	1
15	74	1
15	75	0
15	76	1
15	77	1
15	78	1
15	79	0
15	80	0
15	81	0
15	82	1
15	83	1
15	84	1
15	85	0
15	86	0
15	87	0
15	88	1
15	89	1
15	90	0
15	91	1
15	92	0
15	93	1
15	94	0
15	95	0
15	96	0
15	97	1
15	98	1
15	99	0
15	100	1
15	101	1
15	102	1
15	103	0
15	104	1
15	105	0
15	106	0
15	107	0
15	108	1
15	109	1
15	110	1
15	111	1
15	112	0
15	113	1
15	114	0
15	115	1
15	116	0
15	117	1
15	118	0
15	119	1
15	120	0
16	17	0
16	18	0
16	19	1
16	20	1
16	21	1
16	22	0
16	23	0
16	24	1
16	25	1
16	26	0
16	27	1
16	28	0
16	29	1
16	30	1
16	31	1
16	32	1
16	33	0
16	34	1
16	35	0
16	36	0
16	37	1
16	38	0
16	39	1
16	40	1
16	41	0
16	42	1
16	43	0
16	44	0
16	45	0
16	46	1
16	47	1
16	48	1
16	49	1
16	50	1
16	51	0
16	52	0
16	53	1
16	54	0
16	55	1
16	56	0
16	57	0
16	58	1
16	59	1
16	60	1
16	61	0
16	62	0
16	63	0
16	64	1
16	65	0
16	66	1
16	67	1
16	68	1
16	69	1
16	70	0
16	71	0
16	72	1
16	73	1
16	74	0
16	75	1
16	76	1
16	77	0
16	78	0
16	79	0
16	80	1
16	81	0
16	82	1
16	83	0
16	84	0
16	85	0
16	86	0
16	87	1
16	88	0
16	89	0
16	90	0
16	91	1
16	92	0
16	93	0
16	94	1
16	95	0
16	96	1
16	97	1
16	98	0
16	99	1
16	100	0
16	101	1
16	102	1
16	103	1
16	104	0
16	105	0
16	106	0
16	107	1
16	108	0
16	109	1
16	110	0
16	111	0
16	112	1
16	113	1
16	114	0
16	115	0
16	116	1
16	117	0
16	118	1
16	119	0
16	120	0
17	18	1
17	19	0
17	20	0
17	21	1
17	22	1
17	23	0
17	24	0
17	25	0
17	26	1
17	27	0
17	28	0
17	29	1
17	30	0
17	31	1
17	32	0
17	33	0
17	34	1
17	35	0
17	36	1
17	37	1
17	38	1
17	39	1
17	40	1
17	41	0
17	42	1
17	43	0
17	44	0
17	45	1
17	46	0
17	47	0
17	48	0
17	49	0
17	50	1
17	51	0
17	52	0
17	53	1
17	54	1
17	55	0
17	56	1
17	57	0
17	58	0
17	59	0
17	60	1
17	61	1
17	62	1
17	63	0
17	64	1
17	65	0
17	66	1
17	67	0
17	68	1
17	69	0
17	70	0
17	71	0
17	72	1
17	73	0
17	74	0
17	75	0
17	76	0
17	77	0
17	78	0
17	79	1
17	80	1
17	81	0
17	82	1
17	83	0
17	84	0
17	85	1
17	86	1
17	87	1
17	88	1
17	89	1
17	90	1
17	91	0
17	92	0
17	93	1
17	94	0
17	95	1
17	96	0
17	97	1
17	98	0
17	99	1
17	100	1
17	101	1
17	102	0
17	103	0
17	104	1
17	105	0
17	106	0
17	107	1
17	108	1
17	109	1
17	110	0
17	111	0
17	112	1
17	113	0
17	114	0
17	115	0
17	116	1
17	117	1
17	118	0
17	119	0
17	120	1
18	19	1
18	20	0
18	21	0
18	22	0
18	23	0
18	24	0
18	25	1
18	26	1
18	27	0
18	28	1
18	29	0
18	30	1
18	31	0
18	32	0
18	33	1
18	34	0
18	35	1
18	36	0
18	37	1
18	38	0
18	39	0
18	40	0
18	41	1
18	42	0
18	43	0
18	44	0
18	45	1
18	46	1
18	47	0
18	48	1
18	49	1
18	50	1
18	51	0
18	52	1
18	53	0
18	54	1
18	55	0
18	56	0
18	57	0
18	58	0
18	59	0
18	60	0
18	61	0
18	62	0
18	63	0
18	64	0
18	65	0
18	66	0
18	67	1
18	68	1
18	69	1
18	70	0
18	71	0
18	72	0
18	73	0
18	74	0
18	75	0
18	76	1
18	77	0
18	78	0
18	79	1
18	80	0
18	81	1
18	82	1
18	83	0
18	84	1
18	85	1
18	86	1
18	87	0
18	88	1
18	89	0
18	90	0
18	91	0
18	92	1
18	93	0
18	94	0
18	95	1
18	96	0
18	97	0
18	98	1
18	99	1
18	100	1
18	101	0
18	102	0
18	103	1
18	104	1
18	105	1
18	106	0
18	107	0
18	108	1
18	109	1
18	110	0
18	111	0
18	112	0
18	113	1
18	114	0
18	115	0
18	116	0
18	117	1
18	118	0
18	119	0
18	120	0
19	20	0
19	21	0
19	22	0
19	23	0
19	24	0
19	25	1
19	26	1
19	27	1
19	28	1
19	29	1
19	30	0
19	31	1
19	32	0
19	33	0
19	34	0
19	35	1
19	36	0
19	37	0
19	38	0
19	39	1
19	40	0
19	41	0
19	42	0
19	43	1
19	44	1
19	45	0
19	46	0
19	47	0
19	48	1
19	49	0
19	50	1
19	51	1
19	52	1
19	53	0
19	54	1
19	55	1
19	56	1
19	57	1
19	58	0
19	59	1
19	60	0
19	61	0
19	62	0
19	63	0
19	64	0
19	65	1
19	66	0
19	67	0
19	68	1
19	69	0
19	70	1
19	71	1
19	72	0
19	73	0
19	74	1
19	75	1
19	76	1
19	77	1
19	78	0
19	79	0
19	80	1
19	81	1
19	82	0
19	83	1
19	84	1
19	85	0
19	86	1
19	87	1
19	88	1
19	89	1
19	90	1
19	91	0
19	92	0
19	93	0
19	94	1
19	95	0
19	96	0
19	97	1
19	98	0
19	99	1
19	100	0
19	101	1
19	102	1
19	103	1
19	104	0
19	105	1
19	106	1
19	107	1
19	108	1
19	109	1
19	110	1
19	111	1
19	112	0
19	113	0
19	114	1
19	115	1
19	116	0
19	117	0
19	118	0
19	119	0
19	120	0
20	21	1
20	22	1
20	23	1
20	24	0
20	25	1
20	26	1
20	27	0
20	28	1
20	29	1
20	30	1
20	31	1
20	32	1
20	33	0
20	34	1
20	35	0
20	36	0
20	37	1
20	38	0
20	39	0
20	40	1
20	41	0
20	42	0
20	43	1
20	44	1
20	45	0
20	46	1
20	47	0
20	48	1
20	49	1
20	50	0
20	51	0
20	52	1
20	53	0
20	54	0
20	55	1
20	56	1
20	57	0
20	58	0
20	59	0
20	60	0
20	61	1
20	62	1
20	63	0
20	64	1
20	65	0
20	66	0
20	67	0
20	68	1
20	69	0
20	70	1
20	71	1
20	72	1
20	73	1
20	74	0
20	75	0
20	76	0
20	77	0
20	78	1
20	79	0
20	80	1
20	81	1
20	82	1
20	83	1
20	84	0
20	85	1
20	86	1
20	87	0
20	88	1
20	89	1
20	90	1
20	91	0
20	92	1
20	93	1
20	94	1
20	95	0
20	96	1
20	97	0
20	98	1
20	99	1
20	100	0
20	101	1
20	102	1
20	103	0
20	104	1
20	105	1
20	106	1
20	107	1
20	108	0
20	109	1
20	110	1
20	111	0
20	112	0
20	113	0
20	114	1
20	115	1
20	116	0
20	117	1
20	118	1
20	119	1
20	120	1
21	22	1
21	23	0
21	24	1
21	25	0
21	26	1
21	27	0
21	28	1
21	29	0
21	30	0
21	31	1
21	32	1
21	33	1
21	34	0
21	35	0
21	36	1
21	37	1
21	38	0
21	39	1
21	40	0
21	41	0
21	42	0
21	43	0
21	44	0
21	45	0
21	46	1
21	47	0
21	48	1
21	49	1
21	50	1
21	51	1
21	52	0
21	53	1
21	54	0
21	55	0
21	56	1
21	57	0
21	58	0
21	59	1
21	60	0
21	61	1
21	62	1
21	63	0
21	64	1
21	65	1
21	66	1
21	67	0
21	68	0
21	69	0
21	70	0
21	71	1
21	72	1
21	73	1
21	74	1
21	75	1
21	76	1
21	77	1
21	78	0
21	79	1
21	80	0
21	81	1
21	82	0
21	83	1
21	84	1
21	85	0
21	86	1
21	87	0
21	88	1
21	89	1
21	90	0
21	91	1
21	92	1
21	93	0
21	94	1
21	95	0
21	96	1
21	97	0
21	98	0
21	99	1
21	100	0
21	101	1
21	102	1
21	103	1
21	104	1
21	105	0
21	106	0
21	107	1
21	108	0
21	109	0
21	110	1
21	111	0
21	112	1
21	113	0
21	114	1
21	115	0
21	116	1
21	117	0
21	118	1
21	119	0
21	120	1
22	23	1
22	24	0
22	25	0
22	26	0
22	27	1
22	28	0
22	29	0
22	30	0
22	31	0
22	32	0
22	33	0
22	34	0
22	35	1
22	36	1
22	37	0
22	38	0
22	39	1
22	40	0
22	41	0
22	42	1
22	43	1
22	44	1
22	45	1
22	46	1
22	47	0
22	48	0
22	49	1
22	50	0
22	51	1
22	52	0
22	53	0
22	54	1
22	55	0
22	56	1
22	57	1
22	58	1
22	59	1
22	60	0
22	61	1
22	62	1
22	63	0
22	64	1
22	65	1
22	66	1
22	67	0
22	68	0
22	69	1
22	70	1
22	71	0
22	72	1
22	73	0
22	74	1
22	75	0
22	76	1
22	77	0
22	78	0
22	79	1
22	80	0
22	81	1
22	82	1
22	83	1
22	84	1
22	85	1
22	86	0
22	87	0
22	88	1
22	89	0
22	90	0
22	91	1
22	92	1
22	93	0
22	94	0
22	95	0
22	96	1
22	97	1
22	98	1
22	99	1
22	100	0
22	101	0
22	102	1
22	103	1
22	104	0
22	105	1
22	106	1
22	107	1
22	108	1
22	109	0
22	110	1
22	111	0
22	112	1
22	113	0
22	114	0
22	115	0
22	116	0
22	117	1
22	118	0
22	119	0
22	120	1
23	24	1
23	25	0
23	26	1
23	27	0
23	28	1
23	29	0
23	30	1
23	31	0
23	32	1
23	33	0
23	34	0
23	35	0
23	36	1
23	37	1
23	38	1
23	39	0
23	40	0
23	41	1
23	42	1
23	43	0
23	44	0
23	45	1
23	46	1
23	47	1
23	48	0
23	49	0
23	50	0
23	51	1
23	52	1
23	53	1
23	54	0
23	55	1
23	56	1
23	57	0
23	58	1
23	59	0
23	60	1
23	61	0
23	62	0
23	63	1
23	64	1
23	65	1
23	66	0
23	67	1
23	68	0
23	69	0
23	70	0
23	71	0
23	72	1
23	73	0
23	74	0
23	75	0
23	76	1
23	77	0
23	78	0
23	79	1
23	80	1
23	81	1
23	82	0
23	83	0
23	84	1
23	85	1
23	86	1
23	87	1
23	88	0
23	89	1
23	90	0
23	91	1
23	92	1
23	93	1
23	94	1
23	95	1
23	96	0
23	97	1
23	98	1
23	99	0
23	100	1
23	101	0
23	102	1
23	103	0
23	104	1
23	105	1
23	106	1
23	107	0
23	108	0
23	109	0
23	110	0
23	111	0
23	112	1
23	113	1
23	114	0
23	115	0
23	116	1
23	117	1
23	118	0
23	119	0
23	120	0
24	25	0
24	26	0
24	27	0
24	28	1
24	29	1
24	30	0
24	31	1
24	32	1
24	33	0
24	34	1
24	35	1
24	36	0
24	37	0
24	38	1
24	39	1
24	40	0
24	41	0
24	42	1
24	43	0
24	44	1
24	45	1
24	46	0
24	47	1
24	48	0
24	49	0
24	50	0
24	51	1
24	52	1
24	53	0
24	54	1
24	55	1
24	56	1
24	57	1
24	58	0
24	59	1
24	60	0
24	61	1
24	62	0
24	63	0
24	64	1
24	65	1
24	66	1
24	67	1
24	68	0
24	69	1
24	70	1
24	71	1
24	72	1
24	73	1
24	74	0
24	75	1
24	76	1
24	77	1
24	78	1
24	79	0
24	80	0
24	81	0
24	82	0
24	83	1
24	84	1
24	85	1
24	86	0
24	87	0
24	88	0
24	89	0
24	90	1
24	91	0
24	92	0
24	93	1
24	94	1
24	95	1
24	96	1
24	97	0
24	98	1
24	99	0
24	100	1
24	101	0
24	102	1
24	103	0
24	104	1
24	105	0
24	106	1
24	107	0
24	108	1
24	109	0
24	110	0
24	111	0
24	112	1
24	113	1
24	114	1
24	115	0
24	116	0
24	117	0
24	118	1
24	119	1
24	120	1
25	26	0
25	27	1
25	28	1
25	29	1
25	30	1
25	31	1
25	32	0
25	33	1
25	34	0
25	35	1
25	36	1
25	37	0
25	38	0
25	39	1
25	40	0
25	41	1
25	42	1
25	43	0
25	44	0
25	45	0
25	46	0
25	47	1
25	48	0
25	49	1
25	50	0
25	51	0
25	52	1
25	53	0
25	54	1
25	55	0
25	56	1
25	57	1
25	58	1
25	59	0
25	60	0
25	61	0
25	62	1
25	63	0
25	64	1
25	65	1
25	66	1
25	67	1
25	68	0
25	69	1
25	70	0
25	71	1
25	72	1
25	73	1
25	74	1
25	75	1
25	76	1
25	77	1
25	78	0
25	79	1
25	80	0
25	81	1
25	82	0
25	83	1
25	84	0
25	85	1
25	86	0
25	87	1
25	88	0
25	89	1
25	90	1
25	91	1
25	92	1
25	93	0
25	94	0
25	95	0
25	96	0
25	97	1
25	98	1
25	99	1
25	100	1
25	101	0
25	102	0
25	103	0
25	104	0
25	105	0
25	106	1
25	107	0
25	108	0
25	109	0
25	110	1
25	111	1
25	112	0
25	113	1
25	114	1
25	115	0
25	116	1
25	117	1
25	118	1
25	119	1
25	120	1
26	27	1
26	28	0
26	29	0
26	30	1
26	31	0
26	32	0
26	33	0
26	34	1
26	35	1
26	36	0
26	37	0
26	38	0
26	39	0
26	40	0
26	41	1
26	42	0
26	43	0
26	44	0
26	45	0
26	46	0
26	47	0
26	48	0
26	49	1
26	50	1
26	51	1
26	52	0
26	53	0
26	54	0
26	55	0
26	56	0
26	57	0
26	58	0
26	59	0
26	60	1
26	61	1
26	62	1
26	63	0
26	64	0
26	65	1
26	66	0
26	67	0
26	68	1
26	69	0
26	70	1
26	71	1
26	72	0
26	73	1
26	74	0
26	75	0
26	76	0
26	77	1
26	78	0
26	79	0
26	80	1
26	81	1
26	82	0
26	83	1
26	84	0
26	85	0
26	86	1
26	87	1
26	88	0
26	89	1
26	90	0
26	91	0
26	92	1
26	93	1
26	94	0
26	95	1
26	96	1
26	97	1
26	98	0
26	99	0
26	100	1
26	101	1
26	102	1
26	103	1
26	104	1
26	105	0
26	106	1
26	107	1
26	108	0
26	109	0
26	110	0
26	111	1
26	112	1
26	113	0
26	114	1
26	115	0
26	116	1
26	117	1
26	118	1
26	119	0
26	120	1
27	28	1
27	29	0
27	30	0
27	31	1
27	32	0
27	33	0
27	34	0
27	35	0
27	36	0
27	37	0
27	38	0
27	39	1
27	40	0
27	41	1
27	42	0
27	43	1
27	44	1
27	45	1
27	46	0
27	47	1
27	48	0
27	49	1
27	50	1
27	51	1
27	52	0
27	53	1
27	54	0
27	55	0
27	56	1
27	57	1
27	58	1
27	59	0
27	60	0
27	61	0
27	62	1
27	63	0
27	64	0
27	65	1
27	66	0
27	67	1
27	68	0
27	69	0
27	70	1
27	71	0
27	72	0
27	73	0
27	74	0
27	75	1
27	76	0
27	77	1
27	78	0
27	79	1
27	80	1
27	81	0
27	82	1
27	83	0
27	84	0
27	85	0
27	86	1
27	87	0
27	88	0
27	89	0
27	90	1
27	91	1
27	92	1
27	93	0
27	94	1
27	95	0
27	96	1
27	97	0
27	98	1
27	99	0
27	100	1
27	101	1
27	102	1
27	103	1
27	104	0
27	105	1
27	106	0
27	107	0
27	108	0
27	109	1
27	110	0
27	111	1
27	112	0
27	113	1
27	114	1
27	115	0
27	116	1
27	117	1
27	118	1
27	119	0
27	120	0
28	29	1
28	30	0
28	31	0
28	32	1
28	33	0
28	34	0
28	35	1
28	36	1
28	37	0
28	38	1
28	39	1
28	40	0
28	41	1
28	42	1
28	43	1
28	44	1
28	45	1
28	46	0
28	47	0
28	48	1
28	49	0
28	50	1
28	51	0
28	52	0
28	53	1
28	54	1
28	55	0
28	56	0
28	57	1
28	58	0
28	59	0
28	60	1
28	61	0
28	62	0
28	63	0
28	64	1
28	65	1
28	66	0
28	67	0
28	68	1
28	69	0
28	70	0
28	71	0
28	72	1
28	73	0
28	74	1
28	75	1
28	76	0
28	77	0
28	78	0
28	79	1
28	80	0
28	81	0
28	82	0
28	83	1
28	84	0
28	85	1
28	86	1
28	87	1
28	88	1
28	89	1
28	90	0
28	91	0
28	92	1
28	93	0
28	94	0
28	95	0
28	96	0
28	97	1
28	98	1
28	99	0
28	100	0
28	101	0
28	102	1
28	103	0
28	104	1
28	105	1
28	106	1
28	107	0
28	108	1
28	109	0
28	110	0
28	111	0
28	112	1
28	113	0
28	114	0
28	115	1
28	116	0
28	117	1
28	118	1
28	119	1
28	120	1
29	30	1
29	31	1
29	32	0
29	33	0
29	34	1
29	35	1
29	36	1
29	37	1
29	38	0
29	39	0
29	40	1
29	41	0
29	42	0
29	43	0
29	44	0
29	45	1
29	46	0
29	47	1
29	48	0
29	49	1
29	50	1
29	51	1
29	52	0
29	53	0
29	54	1
29	55	1
29	56	0
29	57	0
29	58	0
29	59	1
29	60	0
29	61	0
29	62	1
29	63	1
29	64	0
29	65	1
29	66	1
29	67	1
29	68	1
29	69	1
29	70	1
29	71	0
29	72	0
29	73	1
29	74	1
29	75	1
29	76	1
29	77	0
29	78	0
29	79	0
29	80	0
29	81	1
29	82	1
29	83	0
29	84	1
29	85	0
29	86	0
29	87	1
29	88	1
29	89	1
29	90	0
29	91	1
29	92	1
29	93	1
29	94	1
29	95	1
29	96	0
29	97	0
29	98	0
29	99	0
29	100	1
29	101	0
29	102	1
29	103	1
29	104	1
29	105	1
29	106	0
29	107	0
29	108	1
29	109	0
29	110	1
29	111	1
29	112	0
29	113	1
29	114	0
29	115	1
29	116	1
29	117	0
29	118	0
29	119	1
29	120	0
30	31	1
30	32	1
30	33	0
30	34	1
30	35	0
30	36	0
30	37	0
30	38	1
30	39	0
30	40	1
30	41	0
30	42	1
30	43	0
30	44	1
30	45	0
30	46	0
30	47	0
30	48	1
30	49	0
30	50	1
30	51	0
30	52	1
30	53	1
30	54	1
30	55	1
30	56	0
30	57	1
30	58	1
30	59	0
30	60	0
30	61	0
30	62	0
30	63	0
30	64	0
30	65	1
30	66	1
30	67	0
30	68	1
30	69	0
30	70	1
30	71	0
30	72	0
30	73	0
30	74	0
30	75	0
30	76	0
30	77	0
30	78	1
30	79	0
30	80	1
30	81	1
30	82	0
30	83	0
30	84	1
30	85	0
30	86	1
30	87	1
30	88	0
30	89	0
30	90	1
30	91	1
30	92	0
30	93	0
30	94	1
30	95	1
30	96	0
30	97	0
30	98	1
30	99	0
30	100	0
30	101	1
30	102	0
30	103	0
30	104	1
30	105	0
30	106	0
30	107	0
30	108	1
30	109	1
30	110	1
30	111	0
30	112	1
30	113	1
30	114	1
30	115	1
30	116	1
30	117	0
30	118	0
30	119	1
30	120	0
31	32	0
31	33	0
31	34	1
31	35	1
31	36	0
31	37	0
31	38	1
31	39	0
31	40	0
31	41	1
31	42	1
31	43	1
31	44	1
31	45	1
31	46	1
31	47	1
31	48	0
31	49	0
31	50	1
31	51	1
31	52	1
31	53	1
31	54	0
31	55	0
31	56	0
31	57	0
31	58	0
31	59	0
31	60	1
31	61	1
31	62	1
31	63	1
31	64	1
31	65	1
31	66	0
31	67	1
31	68	0
31	69	1
31	70	0
31	71	1
31	72	1
31	73	0
31	74	1
31	75	0
31	76	0
31	77	1
31	78	1
31	79	0
31	80	0
31	81	1
31	82	0
31	83	0
31	84	0
31	85	0
31	86	0
31	87	1
31	88	0
31	89	0
31	90	1
31	91	1
31	92	0
31	93	1
31	94	1
31	95	1
31	96	0
31	97	0
31	98	0
31	99	0
31	100	1
31	101	0
31	102	0
31	103	1
31	104	0
31	105	0
31	106	1
31	107	0
31	108	1
31	109	0
31	110	0
31	111	1
31	112	0
31	113	1
31	114	1
31	115	0
31	116	0
31	117	1
31	118	1
31	119	0
31	120	0
32	33	0
32	34	1
32	35	0
32	36	1
32	37	0
32	38	1
32	39	0
32	40	1
32	41	1
32	42	0
32	43	0
32	44	1
32	45	0
32	46	0
32	47	1
32	48	1
32	49	1
32	50	1
32	51	0
32	52	0
32	53	0
32	54	1
32	55	0
32	56	1
32	57	1
32	58	1
32	59	0
32	60	1
32	61	0
32	62	1
32	63	1
32	64	1
32	65	1
32	66	0
32	67	1
32	68	1
32	69	0
32	70	1
32	71	1
32	72	0
32	73	0
32	74	1
32	75	0
32	76	0
32	77	1
32	78	0
32	79	0
32	80	0
32	81	0
32	82	0
32	83	1
32	84	1
32	85	0
32	86	1
32	87	1
32	88	0
32	89	0
32	90	1
32	91	1
32	92	1
32	93	1
32	94	0
32	95	1
32	96	1
32	97	0
32	98	1
32	99	0
32	100	0
32	101	1
32	102	0
32	103	1
32	104	1
32	105	0
32	106	0
32	107	0
32	108	0
32	109	1
32	110	1
32	111	0
32	112	1
32	113	0
32	114	0
32	115	1
32	116	1
32	117	0
32	118	0
32	119	0
32	120	0
33	34	1
33	35	1
33	36	0
33	37	0
33	38	0
33	39	0
33	40	0
33	41	0
33	42	1
33	43	1
33	44	1
33	45	0
33	46	0
33	47	1
33	48	1
33	49	0
33	50	0
33	51	1
33	52	0
33	53	0
33	54	0
33	55	1
33	56	1
33	57	0
33	58	1
33	59	1
33	60	0
33	61	1
33	62	1
33	63	1
33	64	0
33	65	0
33	66	1
33	67	0
33	68	1
33	69	0
33	70	0
33	71	0
33	72	1
33	73	0
33	74	1
33	75	1
33	76	0
33	77	0
33	78	0
33	79	0
33	80	0
33	81	0
33	82	1
33	83	0
33	84	1
33	85	1
33	86	0
33	87	1
33	88	0
33	89	1
33	90	0
33	91	1
33	92	0
33	93	0
33	94	1
33	95	1
33	96	0
33	97	0
33	98	1
33	99	0
33	100	1
33	101	1
33	102	0
33	103	0
33	104	0
33	105	0
33	106	1
33	107	0
33	108	1
33	109	1
33	110	0
33	111	1
33	112	1
33	113	0
33	114	1
33	115	1
33	116	0
33	117	0
33	118	0
33	119	1
33	120	0
34	35	1
34	36	0
34	37	1
34	38	0
34	39	1
34	40	0
34	41	0
34	42	0
34	43	0
34	44	1
34	45	1
34	46	1
34	47	0
34	48	1
34	49	0
34	50	0
34	51	1
34	52	1
34	53	0
34	54	0
34	55	0
34	56	1
34	57	0
34	58	1
34	59	0
34	60	0
34	61	1
34	62	1
34	63	0
34	64	0
34	65	1
34	66	1
34	67	1
34	68	0
34	69	0
34	70	1
34	71	0
34	72	0
34	73	0
34	74	0
34	75	1
34	76	1
34	77	1
34	78	1
34	79	1
34	80	0
34	81	0
34	82	0
34	83	1
34	84	1
34	85	0
34	86	0
34	87	1
34	88	0
34	89	0
34	90	0
34	91	0
34	92	1
34	93	0
34	94	1
34	95	1
34	96	1
34	97	1
34	98	1
34	99	0
34	100	1
34	101	1
34	102	1
34	103	1
34	104	0
34	105	1
34	106	0
34	107	0
34	108	0
34	109	1
34	110	1
34	111	0
34	112	0
34	113	1
34	114	1
34	115	0
34	116	0
34	117	1
34	118	0
34	119	1
34	120	1
35	36	1
35	37	1
35	38	0
35	39	0
35	40	1
35	41	1
35	42	1
35	43	1
35	44	0
35	45	0
35	46	0
35	47	0
35	48	0
35	49	0
35	50	0
35	51	1
35	52	0
35	53	0
35	54	0
35	55	1
35	56	0
35	57	1
35	58	0
35	59	0
35	60	0
35	61	1
35	62	0
35	63	0
35	64	0
35	65	1
35	66	1
35	67	1
35	68	0
35	69	0
35	70	1
35	71	1
35	72	1
35	73	1
35	74	0
35	75	0
35	76	0
35	77	1
35	78	0
35	79	0
35	80	0
35	81	1
35	82	1
35	83	1
35	84	1
35	85	0
35	86	1
35	87	0
35	88	0
35	89	1
35	90	1
35	91	1
35	92	0
35	93	0
35	94	1
35	95	1
35	96	1
35	97	0
35	98	1
35	99	0
35	100	1
35	101	1
35	102	1
35	103	1
35	104	0
35	105	0
35	106	0
35	107	0
35	108	1
35	109	0
35	110	0
35	111	0
35	112	0
35	113	0
35	114	1
35	115	0
35	116	0
35	117	1
35	118	0
35	119	1
35	120	1
36	37	1
36	38	0
36	39	0
36	40	1
36	41	1
36	42	1
36	43	0
36	44	0
36	45	1
36	46	0
36	47	1
36	48	0
36	49	0
36	50	0
36	51	1
36	52	0
36	53	0
36	54	0
36	55	1
36	56	0
36	57	1
36	58	1
36	59	1
36	60	1
36	61	1
36	62	0
36	63	0
36	64	1
36	65	0
36	66	0
36	67	1
36	68	0
36	69	1
36	70	0
36	71	0
36	72	0
36	73	0
36	74	0
36	75	0
36	76	0
36	77	0
36	78	0
36	79	0
36	80	0
36	81	0
36	82	0
36	83	0
36	84	1
36	85	0
36	86	1
36	87	1
36	88	1
36	89	0
36	90	1
36	91	0
36	92	0
36	93	0
36	94	0
36	95	0
36	96	0
36	97	0
36	98	0
36	99	0
36	100	1
36	101	1
36	102	0
36	103	1
36	104	0
36	105	0
36	106	0
36	107	1
36	108	0
36	109	1
36	110	0
36	111	0
36	112	1
36	113	1
36	114	1
36	115	0
36	116	1
36	117	1
36	118	0
36	119	1
36	120	1
37	38	1
37	39	0
37	40	1
37	41	1
37	42	1
37	43	1
37	44	1
37	45	1
37	46	1
37	47	0
37	48	0
37	49	1
37	50	1
37	51	1
37	52	1
37	53	0
37	54	0
37	55	1
37	56	1
37	57	1
37	58	1
37	59	0
37	60	0
37	61	1
37	62	1
37	63	1
37	64	0
37	65	1
37	66	1
37	67	1
37	68	1
37	69	1
37	70	1
37	71	1
37	72	1
37	73	1
37	74	0
37	75	0
37	76	1
37	77	1
37	78	1
37	79	1
37	80	0
37	81	1
37	82	0
37	83	1
37	84	1
37	85	1
37	86	1
37	87	1
37	88	0
37	89	0
37	90	0
37	91	1
37	92	1
37	93	0
37	94	0
37	95	0
37	96	0
37	97	0
37	98	0
37	99	1
37	100	1
37	101	0
37	102	1
37	103	0
37	104	0
37	105	1
37	106	0
37	107	1
37	108	0
37	109	0
37	110	0
37	111	0
37	112	0
37	113	0
37	114	1
37	115	1
37	116	1
37	117	1
37	118	0
37	119	1
37	120	1
38	39	1
38	40	0
38	41	1
38	42	0
38	43	0
38	44	1
38	45	1
38	46	0
38	47	1
38	48	1
38	49	0
38	50	0
38	51	1
38	52	1
38	53	1
38	54	0
38	55	1
38	56	0
38	57	0
38	58	0
38	59	0
38	60	1
38	61	1
38	62	1
38	63	1
38	64	1
38	65	0
38	66	0
38	67	1
38	68	1
38	69	0
38	70	0
38	71	1
38	72	0
38	73	1
38	74	1
38	75	0
38	76	1
38	77	0
38	78	1
38	79	1
38	80	0
38	81	0
38	82	0
38	83	0
38	84	1
38	85	1
38	86	1
38	87	1
38	88	1
38	89	1
38	90	0
38	91	0
38	92	0
38	93	1
38	94	1
38	95	1
38	96	0
38	97	0
38	98	1
38	99	1
38	100	0
38	101	1
38	102	0
38	103	0
38	104	0
38	105	1
38	106	0
38	107	1
38	108	0
38	109	1
38	110	0
38	111	0
38	112	0
38	113	1
38	114	0
38	115	1
38	116	1
38	117	1
38	118	0
38	119	0
38	120	0
39	40	0
39	41	1
39	42	1
39	43	1
39	44	0
39	45	0
39	46	1
39	47	0
39	48	1
39	49	1
39	50	0
39	51	1
39	52	1
39	53	0
39	54	1
39	55	1
39	56	1
39	57	1
39	58	0
39	59	1
39	60	1
39	61	0
39	62	1
39	63	1
39	64	0
39	65	0
39	66	1
39	67	1
39	68	0
39	69	1
39	70	0
39	71	1
39	72	0
39	73	0
39	74	1
39	75	1
39	76	1
39	77	1
39	78	0
39	79	1
39	80	1
39	81	1
39	82	0
39	83	1
39	84	0
39	85	0
39	86	0
39	87	0
39	88	1
39	89	0
39	90	1
39	91	0
39	92	1
39	93	0
39	94	1
39	95	0
39	96	1
39	97	0
39	98	1
39	99	1
39	100	1
39	101	0
39	102	0
39	103	0
39	104	1
39	105	0
39	106	0
39	107	1
39	108	0
39	109	0
39	110	1
39	111	0
39	112	0
39	113	1
39	114	0
39	115	0
39	116	1
39	117	0
39	118	0
39	119	0
39	120	0
40	41	0
40	42	0
40	43	0
40	44	0
40	45	0
40	46	0
40	47	0
40	48	1
40	49	0
40	50	1
40	51	0
40	52	1
40	53	0
40	54	0
40	55	0
40	56	1
40	57	1
40	58	1
40	59	1
40	60	0
40	61	0
40	62	1
40	63	0
40	64	1
40	65	0
40	66	0
40	67	0
40	68	1
40	69	1
40	70	1
40	71	1
40	72	0
40	73	0
40	74	0
40	75	0
40	76	0
40	77	1
40	78	1
40	79	1
40	80	1
40	81	0
40	82	1
40	83	1
40	84	1
40	85	0
40	86	1
40	87	1
40	88	0
40	89	1
40	90	1
40	91	0
40	92	0
40	93	1
40	94	0
40	95	1
40	96	0
40	97	1
40	98	1
40	99	1
40	100	1
40	101	1
40	102	0
40	103	0
40	104	1
40	105	1
40	106	0
40	107	1
40	108	0
40	109	1
40	110	1
40	111	0
40	112	1
40	113	1
40	114	0
40	115	0
40	116	1
40	117	0
40	118	0
40	119	0
40	120	1
41	42	0
41	43	0
41	44	0
41	45	0
41	46	1
41	47	0
41	48	0
41	49	0
41	50	0
41	51	1
41	52	1
41	53	0
41	54	1
41	55	0
41	56	1
41	57	1
41	58	1
41	59	1
41	60	1
41	61	0
41	62	0
41	63	0
41	64	1
41	65	0
41	66	1
41	67	0
41	68	1
41	69	0
41	70	0
41	71	0
41	72	0
41	73	1
41	74	1
41	75	0
41	76	0
41	77	0
41	78	1
41	79	1
41	80	0
41	81	1
41	82	1
41	83	1
41	84	1
41	85	1
41	86	1
41	87	1
41	88	1
41	89	0
41	90	1
41	91	1
41	92	1
41	93	1
41	94	0
41	95	1
41	96	0
41	97	1
41	98	0
41	99	0
41	100	1
41	101	1
41	102	0
41	103	0
41	104	0
41	105	0
41	106	1
41	107	0
41	108	0
41	109	0
41	110	0
41	111	1
41	112	1
41	113	1
41	114	0
41	115	0
41	116	1
41	117	1
41	118	0
41	119	0
41	120	0
42	43	1
42	44	0
42	45	1
42	46	1
42	47	1
42	48	1
42	49	0
42	50	1
42	51	0
42	52	0
42	53	0
42	54	1
42	55	1
42	56	1
42	57	1
42	58	0
42	59	0
42	60	0
42	61	0
42	62	1
42	63	0
42	64	0
42	65	1
42	66	0
42	67	1
42	68	1
42	69	1
42	70	1
42	71	0
42	72	0
42	73	0
42	74	1
42	75	1
42	76	1
42	77	1
42	78	0
42	79	1
42	80	1
42	81	0
42	82	0
42	83	0
42	84	0
42	85	1
42	86	1
42	87	0
42	88	0
42	89	0
42	90	0
42	91	0
42	92	0
42	93	1
42	94	1
42	95	1
42	96	1
42	97	1
42	98	1
42	99	1
42	100	1
42	101	0
42	102	1
42	103	1
42	104	0
42	105	0
42	106	1
42	107	1
42	108	0
42	109	0
42	110	1
42	111	0
42	112	0
42	113	1
42	114	1
42	115	1
42	116	1
42	117	0
42	118	1
42	119	0
42	120	0
43	44	1
43	45	0
43	46	1
43	47	0
43	48	0
43	49	0
43	50	0
43	51	0
43	52	1
43	53	1
43	54	0
43	55	0
43	56	1
43	57	0
43	58	0
43	59	0
43	60	0
43	61	1
43	62	1
43	63	0
43	64	1
43	65	1
43	66	0
43	67	1
43	68	1
43	69	1
43	70	0
43	71	1
43	72	0
43	73	0
43	74	1
43	75	0
43	76	0
43	77	1
43	78	0
43	79	0
43	80	1
43	81	1
43	82	1
43	83	0
43	84	1
43	85	1
43	86	1
43	87	1
43	88	0
43	89	0
43	90	0
43	91	0
43	92	0
43	93	1
43	94	1
43	95	1
43	96	1
43	97	1
43	98	1
43	99	1
43	100	1
43	101	1
43	102	0
43	103	1
43	104	1
43	105	0
43	106	1
43	107	0
43	108	0
43	109	1
43	110	1
43	111	1
43	112	1
43	113	1
43	114	1
43	115	0
43	116	0
43	117	0
43	118	0
43	119	0
43	120	0
44	45	1
44	46	1
44	47	1
44	48	0
44	49	0
44	50	1
44	51	1
44	52	0
44	53	1
44	54	1
44	55	0
44	56	1
44	57	0
44	58	0
44	59	0
44	60	1
44	61	1
44	62	0
44	63	0
44	64	0
44	65	1
44	66	0
44	67	0
44	68	0
44	69	0
44	70	1
44	71	1
44	72	1
44	73	0
44	74	0
44	75	1
44	76	0
44	77	0
44	78	0
44	79	0
44	80	0
44	81	1
44	82	0
44	83	0
44	84	0
44	85	0
44	86	0
44	87	0
44	88	1
44	89	1
44	90	0
44	91	0
44	92	0
44	93	0
44	94	1
44	95	0
44	96	0
44	97	0
44	98	1
44	99	1
44	100	0
44	101	0
44	102	0
44	103	1
44	104	1
44	105	0
44	106	0
44	107	1
44	108	0
44	109	0
44	110	1
44	111	1
44	112	1
44	113	1
44	114	0
44	115	1
44	116	0
44	117	1
44	118	1
44	119	0
44	120	1
45	46	0
45	47	0
45	48	1
45	49	0
45	50	0
45	51	0
45	52	1
45	53	1
45	54	0
45	55	1
45	56	0
45	57	0
45	58	0
45	59	0
45	60	1
45	61	1
45	62	0
45	63	0
45	64	1
45	65	0
45	66	0
45	67	1
45	68	0
45	69	1
45	70	0
45	71	0
45	72	1
45	73	1
45	74	1
45	75	0
45	76	1
45	77	0
45	78	1
45	79	1
45	80	0
45	81	1
45	82	0
45	83	0
45	84	0
45	85	0
45	86	0
45	87	1
45	88	1
45	89	1
45	90	1
45	91	1
45	92	1
45	93	1
45	94	1
45	95	0
45	96	0
45	97	1
45	98	0
45	99	1
45	100	1
45	101	1
45	102	1
45	103	1
45	104	1
45	105	1
45	106	1
45	107	0
45	108	1
45	109	1
45	110	0
45	111	0
45	112	1
45	113	1
45	114	0
45	115	1
45	116	0
45	117	0
45	118	0
45	119	0
45	120	1
46	47	1
46	48	1
46	49	0
46	50	0
46	51	0
46	52	1
46	53	1
46	54	1
46	55	0
46	56	0
46	57	1
46	58	1
46	59	1
46	60	0
46	61	1
46	62	1
46	63	0
46	64	0
46	65	1
46	66	1
46	67	1
46	68	1
46	69	0
46	70	1
46	71	0
46	72	0
46	73	0
46	74	1
46	75	0
46	76	1
46	77	0
46	78	1
46	79	1
46	80	1
46	81	0
46	82	0
46	83	1
46	84	1
46	85	0
46	86	1
46	87	0
46	88	1
46	89	1
46	90	1
46	91	0
46	92	1
46	93	1
46	94	1
46	95	0
46	96	0
46	97	1
46	98	0
46	99	0
46	100	0
46	101	0
46	102	1
46	103	1
46	104	0
46	105	0
46	106	0
46	107	1
46	108	0
46	109	0
46	110	1
46	111	0
46	112	0
46	113	0
46	114	0
46	115	0
46	116	1
46	117	1
46	118	1
46	119	1
46	120	1
47	48	1
47	49	0
47	50	1
47	51	1
47	52	0
47	53	0
47	54	0
47	55	0
47	56	1
47	57	1
47	58	0
47	59	1
47	60	1
47	61	1
47	62	0
47	63	1
47	64	0
47	65	1
47	66	1
47	67	1
47	68	1
47	69	0
47	70	1
47	71	0
47	72	0
47	73	1
47	74	0
47	75	0
47	76	0
47	77	0
47	78	1
47	79	1
47	80	0
47	81	0
47	82	0
47	83	1
47	84	0
47	85	0
47	86	0
47	87	0
47	88	0
47	89	0
47	90	0
47	91	0
47	92	0
47	93	0
47	94	0
47	95	0
47	96	1
47	97	0
47	98	0
47	99	1
47	100	0
47	101	1
47	102	0
47	103	1
47	104	0
47	105	0
47	106	0
47	107	0
47	108	1
47	109	1
47	110	0
47	111	1
47	112	1
47	113	1
47	114	0
47	115	1
47	116	1
47	117	1
47	118	1
47	119	0
47	120	0
48	49	1
48	50	1
48	51	1
48	52	0
48	53	0
48	54	0
48	55	0
48	56	1
48	57	0
48	58	0
48	59	1
48	60	1
48	61	0
48	62	1
48	63	1
48	64	1
48	65	1
48	66	0
48	67	1
48	68	1
48	69	0
48	70	1
48	71	1
48	72	0
48	73	0
48	74	1
48	75	0
48	76	0
48	77	1
48	78	0
48	79	1
48	80	1
48	81	1
48	82	0
48	83	0
48	84	0
48	85	1
48	86	0
48	87	1
48	88	1
48	89	0
48	90	0
48	91	0
48	92	1
48	93	0
48	94	0
48	95	0
48	96	0
48	97	1
48	98	0
48	99	0
48	100	1
48	101	1
48	102	0
48	103	1
48	104	1
48	105	1
48	106	1
48	107	1
48	108	0
48	109	1
48	110	0
48	111	0
48	112	1
48	113	1
48	114	0
48	115	1
48	116	0
48	117	1
48	118	1
48	119	0
48	120	0
49	50	1
49	51	0
49	52	0
49	53	1
49	54	1
49	55	1
49	56	1
49	57	0
49	58	1
49	59	1
49	60	1
49	61	0
49	62	1
49	63	1
49	64	1
49	65	0
49	66	1
49	67	0
49	68	1
49	69	1
49	70	0
49	71	1
49	72	0
49	73	0
49	74	1
49	75	0
49	76	0
49	77	0
49	78	1
49	79	1
49	80	1
49	81	0
49	82	0
49	83	1
49	84	1
49	85	0
49	86	1
49	87	0
49	88	0
49	89	0
49	90	0
49	91	0
49	92	0
49	93	0
49	94	1
49	95	1
49	96	1
49	97	0
49	98	0
49	99	1
49	100	1
49	101	0
49	102	0
49	103	0
49	104	1
49	105	1
49	106	0
49	107	1
49	108	1
49	109	0
49	110	0
49	111	1
49	112	0
49	113	1
49	114	0
49	115	0
49	116	0
49	117	1
49	118	0
49	119	1
49	120	0
50	51	1
50	52	0
50	53	1
50	54	0
50	55	1
50	56	1
50	57	0
50	58	1
50	59	0
50	60	1
50	61	0
50	62	1
50	63	1
50	64	0
50	65	1
50	66	0
50	67	1
50	68	1
50	69	0
50	70	0
50	71	1
50	72	0
50	73	0
50	74	1
50	75	1
50	76	0
50	77	0
50	78	0
50	79	0
50	80	0
50	81	0
50	82	0
50	83	1
50	84	0
50	85	1
50	86	1
50	87	1
50	88	0
50	89	0
50	90	1
50	91	0
50	92	1
50	93	1
50	94	0
50	95	1
50	96	1
50	97	1
50	98	1
50	99	0
50	100	1
50	101	1
50	102	1
50	103	0
50	104	0
50	105	1
50	106	1
50	107	0
50	108	0
50	109	1
50	110	1
50	111	1
50	112	0
50	113	1
50	114	1
50	115	1
50	116	0
50	117	1
50	118	0
50	119	0
50	120	0
51	52	1
51	53	1
51	54	1
51	55	1
51	56	1
51	57	0
51	58	0
51	59	0
51	60	0
51	61	1
51	62	1
51	63	0
51	64	1
51	65	1
51	66	0
51	67	1
51	68	0
51	69	0
51	70	0
51	71	0
51	72	0
51	73	1
51	74	1
51	75	1
51	76	1
51	77	0
51	78	0
51	79	0
51	80	0
51	81	0
51	82	0
51	83	1
51	84	0
51	85	0
51	86	0
51	87	1
51	88	1
51	89	0
51	90	0
51	91	1
51	92	1
51	93	0
51	94	0
51	95	0
51	96	0
51	97	0
51	98	1
51	99	1
51	100	1
51	101	1
51	102	0
51	103	1
51	104	1
51	105	1
51	106	1
51	107	0
51	108	0
51	109	0
51	110	0
51	111	0
51	112	1
51	113	1
51	114	0
51	115	0
51	116	0
51	117	0
51	118	0
51	119	0
51	120	1
52	53	0
52	54	1
52	55	1
52	56	1
52	57	0
52	58	0
52	59	0
52	60	1
52	61	1
52	62	0
52	63	1
52	64	0
52	65	0
52	66	0
52	67	0
52	68	1
52	69	1
52	70	0
52	71	0
52	72	1
52	73	0
52	74	1
52	75	1
52	76	1
52	77	0
52	78	0
52	79	1
52	80	0
52	81	1
52	82	1
52	83	0
52	84	0
52	85	0
52	86	0
52	87	0
52	88	1
52	89	0
52	90	1
52	91	0
52	92	0
52	93	0
52	94	0
52	95	1
52	96	0
52	97	1
52	98	0
52	99	1
52	100	0
52	101	0
52	102	1
52	103	1
52	104	0
52	105	0
52	106	0
52	107	0
52	108	1
52	109	1
52	110	1
52	111	1
52	112	0
52	113	1
52	114	1
52	115	1
52	116	1
52	117	0
52	118	1
52	119	0
52	120	1
53	54	1
53	55	0
53	56	1
53	57	1
53	58	0
53	59	0
53	60	0
53	61	1
53	62	0
53	63	0
53	64	0
53	65	0
53	66	0
53	67	1
53	68	0
53	69	0
53	70	0
53	71	0
53	72	1
53	73	0
53	74	1
53	75	0
53	76	1
53	77	0
53	78	0
53	79	0
53	80	1
53	81	1
53	82	0
53	83	0
53	84	1
53	85	1
53	86	0
53	87	1
53	88	1
53	89	1
53	90	0
53	91	1
53	92	0
53	93	0
53	94	1
53	95	1
53	96	0
53	97	1
53	98	0
53	99	0
53	100	0
53	101	0
53	102	0
53	103	1
53	104	1
53	105	0
53	106	0
53	107	1
53	108	0
53	109	0
53	110	1
53	111	1
53	112	1
53	113	0
53	114	0
53	115	1
53	116	1
53	117	1
53	118	0
53	119	0
53	120	1
54	55	1
54	56	1
54	57	1
54	58	0
54	59	1
54	60	1
54	61	1
54	62	0
54	63	1
54	64	1
54	65	1
54	66	1
54	67	0
54	68	1
54	69	1
54	70	0
54	71	0
54	72	1
54	73	0
54	74	0
54	75	0
54	76	0
54	77	1
54	78	1
54	79	1
54	80	0
54	81	0
54	82	0
54	83	0
54	84	1
54	85	0
54	86	1
54	87	0
54	88	1
54	89	1
54	90	1
54	91	1
54	92	1
54	93	0
54	94	1
54	95	0
54	96	0
54	97	1
54	98	0
54	99	1
54	100	1
54	101	0
54	102	1
54	103	1
54	104	0
54	105	0
54	106	0
54	107	1
54	108	0
54	109	0
54	110	1
54	111	0
54	112	0
54	113	0
54	114	1
54	115	0
54	116	1
54	117	0
54	118	1
54	119	0
54	120	0
55	56	0
55	57	1
55	58	0
55	59	0
55	60	1
55	61	0
55	62	0
55	63	0
55	64	1
55	65	0
55	66	0
55	67	1
55	68	1
55	69	0
55	70	0
55	71	1
55	72	0
55	73	1
55	74	0
55	75	1
55	76	1
55	77	1
55	78	0
55	79	0
55	80	1
55	81	1
55	82	0
55	83	1
55	84	1
55	85	1
55	86	0
55	87	1
55	88	0
55	89	1
55	90	1
55	91	0
55	92	0
55	93	1
55	94	1
55	95	1
55	96	1
55	97	1
55	98	0
55	99	0
55	100	1
55	101	0
55	102	1
55	103	0
55	104	1
55	105	1
55	106	1
55	107	1
55	108	0
55	109	1
55	110	1
55	111	0
55	112	1
55	113	0
55	114	0
55	115	0
55	116	1
55	117	1
55	118	1
55	119	1
55	120	1
56	57	0
56	58	1
56	59	0
56	60	1
56	61	0
56	62	0
56	63	0
56	64	1
56	65	0
56	66	1
56	67	0
56	68	1
56	69	0
56	70	0
56	71	0
56	72	0
56	73	0
56	74	1
56	75	0
56	76	0
56	77	0
56	78	0
56	79	0
56	80	1
56	81	0
56	82	1
56	83	0
56	84	0
56	85	0
56	86	1
56	87	0
56	88	1
56	89	0
56	90	1
56	91	0
56	92	1
56	93	1
56	94	1
56	95	1
56	96	0
56	97	1
56	98	0
56	99	0
56	100	1
56	101	0
56	102	0
56	103	0
56	104	1
56	105	1
56	106	1
56	107	0
56	108	1
56	109	1
56	110	1
56	111	1
56	112	1
56	113	1
56	114	0
56	115	1
56	116	1
56	117	0
56	118	1
56	119	1
56	120	0
57	58	1
57	59	0
57	60	0
57	61	1
57	62	1
57	63	1
57	64	1
57	65	0
57	66	1
57	67	1
57	68	0
57	69	1
57	70	0
57	71	1
57	72	1
57	73	0
57	74	0
57	75	1
57	76	1
57	77	1
57	78	1
57	79	1
57	80	1
57	81	1
57	82	1
57	83	0
57	84	0
57	85	1
57	86	1
57	87	0
57	88	0
57	89	0
57	90	0
57	91	0
57	92	0
57	93	0
57	94	1
57	95	1
57	96	0
57	97	1
57	98	0
57	99	0
57	100	1
57	101	1
57	102	0
57	103	0
57	104	1
57	105	1
57	106	0
57	107	1
57	108	0
57	109	0
57	110	1
57	111	0
57	112	0
57	113	0
57	114	1
57	115	0
57	116	0
57	117	1
57	118	1
57	119	0
57	120	0
58	59	1
58	60	1
58	61	0
58	62	0
58	63	0
58	64	0
58	65	0
58	66	0
58	67	1
58	68	0
58	69	0
58	70	1
58	71	0
58	72	1
58	73	0
58	74	1
58	75	0
58	76	0
58	77	1
58	78	0
58	79	1
58	80	0
58	81	0
58	82	0
58	83	1
58	84	0
58	85	0
58	86	0
58	87	1
58	88	0
58	89	0
58	90	0
58	91	1
58	92	1
58	93	1
58	94	0
58	95	0
58	96	0
58	97	1
58	98	1
58	99	0
58	100	0
58	101	1
58	102	0
58	103	1
58	104	0
58	105	0
58	106	1
58	107	0
58	108	1
58	109	1
58	110	1
58	111	1
58	112	1
58	113	1
58	114	0
58	115	0
58	116	0
58	117	0
58	118	0
58	119	1
58	120	1
59	60	1
59	61	0
59	62	0
59	63	0
59	64	1
59	65	0
59	66	0
59	67	1
59	68	1
59	69	0
59	70	0
59	71	1
59	72	1
59	73	0
59	74	1
59	75	1
59	76	0
59	77	0
59	78	0
59	79	1
59	80	0
59	81	0
59	82	0
59	83	1
59	84	0
59	85	0
59	86	1
59	87	0
59	88	1
59	89	1
59	90	1
59	91	1
59	92	0
59	93	1
59	94	0
59	95	0
59	96	0
59	97	1
59	98	1
59	99	0
59	100	0
59	101	0
59	102	0
59	103	0
59	104	1
59	105	0
59	106	1
59	107	0
59	108	1
59	109	1
59	110	1
59	111	0
59	112	1
59	113	1
59	114	1
59	115	0
59	116	1
59	117	0
59	118	0
59	119	0
59	120	1
60	61	0
60	62	1
60	63	1
60	64	0
60	65	1
60	66	0
60	67	0
60	68	0
60	69	0
60	70	1
60	71	1
60	72	1
60	73	0
60	74	1
60	75	0
60	76	1
60	77	0
60	78	0
60	79	0
60	80	1
60	81	0
60	82	0
60	83	1
60	84	1
60	85	0
60	86	0
60	87	1
60	88	1
60	89	1
60	90	0
60	91	0
60	92	0
60	93	1
60	94	1
60	95	1
60	96	0
60	97	1
60	98	1
60	99	1
60	100	1
60	101	1
60	102	0
60	103	0
60	104	0
60	105	1
60	106	0
60	107	1
60	108	0
60	109	1
60	110	1
60	111	1
60	112	1
60	113	1
60	114	1
60	115	0
60	116	0
60	117	1
60	118	1
60	119	0
60	120	1
61	62	0
61	63	0
61	64	1
61	65	1
61	66	0
61	67	0
61	68	1
61	69	0
61	70	0
61	71	1
61	72	0
61	73	0
61	74	1
61	75	1
61	76	1
61	77	0
61	78	0
61	79	1
61	80	0
61	81	1
61	82	1
61	83	0
61	84	0
61	85	0
61	86	0
61	87	1
61	88	0
61	89	0
61	90	0
61	91	1
61	92	0
61	93	1
61	94	1
61	95	1
61	96	0
61	97	1
61	98	0
61	99	1
61	100	1
61	101	0
61	102	0
61	103	1
61	104	1
61	105	1
61	106	1
61	107	1
61	108	0
61	109	0
61	110	1
61	111	0
61	112	0
61	113	0
61	114	1
61	115	1
61	116	1
61	117	1
61	118	0
61	119	1
61	120	0
62	63	1
62	64	0
62	65	0
62	66	0
62	67	0
62	68	1
62	69	0
62	70	0
62	71	1
62	72	1
62	73	0
62	74	0
62	75	1
62	76	0
62	77	0
62	78	0
62	79	0
62	80	0
62	81	0
62	82	1
62	83	0
62	84	0
62	85	0
62	86	0
62	87	0
62	88	1
62	89	0
62	90	1
62	91	0
62	92	0
62	93	1
62	94	1
62	95	1
62	96	1
62	97	0
62	98	0
62	99	0
62	100	0
62	101	1
62	102	0
62	103	0
62	104	0
62	105	1
62	106	0
62	107	1
62	108	1
62	109	1
62	110	0
62	111	1
62	112	1
62	113	0
62	114	0
62	115	0
62	116	0
62	117	1
62	118	1
62	119	1
62	120	0
63	64	0
63	65	1
63	66	0
63	67	1
63	68	1
63	69	1
63	70	0
63	71	0
63	72	1
63	73	0
63	74	1
63	75	0
63	76	1
63	77	1
63	78	0
63	79	1
63	80	0
63	81	0
63	82	1
63	83	1
63	84	0
63	85	0
63	86	0
63	87	1
63	88	0
63	89	0
63	90	0
63	91	1
63	92	1
63	93	1
63	94	1
63	95	0
63	96	1
63	97	0
63	98	1
63	99	1
63	100	1
63	101	1
63	102	0
63	103	0
63	104	1
63	105	1
63	106	0
63	107	0
63	108	0
63	109	0
63	110	0
63	111	1
63	112	0
63	113	0
63	114	1
63	115	0
63	116	0
63	117	0
63	118	1
63	119	0
63	120	1
64	65	1
64	66	1
64	67	0
64	68	0
64	69	1
64	70	0
64	71	1
64	72	0
64	73	1
64	74	0
64	75	0
64	76	1
64	77	0
64	78	0
64	79	1
64	80	0
64	81	0
64	82	0
64	83	0
64	84	0
64	85	0
64	86	1
64	87	1
64	88	0
64	89	0
64	90	1
64	91	0
64	92	1
64	93	0
64	94	1
64	95	1
64	96	0
64	97	1
64	98	1
64	99	0
64	100	1
64	101	1
64	102	1
64	103	0
64	104	0
64	105	1
64	106	1
64	107	0
64	108	0
64	109	0
64	110	0
64	111	1
64	112	0
64	113	0
64	114	0
64	115	0
64	116	0
64	117	0
64	118	0
64	119	1
64	120	0
65	66	1
65	67	0
65	68	0
65	69	1
65	70	1
65	71	1
65	72	1
65	73	1
65	74	0
65	75	0
65	76	1
65	77	1
65	78	0
65	79	0
65	80	1
65	81	1
65	82	1
65	83	0
65	84	0
65	85	0
65	86	1
65	87	1
65	88	1
65	89	0
65	90	0
65	91	1
65	92	1
65	93	1
65	94	0
65	95	0
65	96	1
65	97	1
65	98	1
65	99	1
65	100	0
65	101	1
65	102	0
65	103	1
65	104	1
65	105	1
65	106	0
65	107	0
65	108	0
65	109	1
65	110	1
65	111	1
65	112	0
65	113	1
65	114	1
65	115	0
65	116	0
65	117	1
65	118	1
65	119	1
65	120	1
66	67	1
66	68	0
66	69	1
66	70	0
66	71	0
66	72	0
66	73	0
66	74	1
66	75	0
66	76	0
66	77	1
66	78	0
66	79	1
66	80	1
66	81	1
66	82	1
66	83	0
66	84	0
66	85	1
66	86	1
66	87	1
66	88	0
66	89	1
66	90	0
66	91	1
66	92	0
66	93	1
66	94	1
66	95	0
66	96	1
66	97	0
66	98	1
66	99	1
66	100	1
66	101	1
66	102	0
66	103	1
66	104	1
66	105	1
66	106	1
66	107	1
66	108	0
66	109	1
66	110	0
66	111	0
66	112	1
66	113	0
66	114	1
66	115	0
66	116	0
66	117	1
66	118	1
66	119	0
66	120	0
67	68	0
67	69	1
67	70	1
67	71	1
67	72	1
67	73	0
67	74	1
67	75	0
67	76	0
67	77	0
67	78	1
67	79	1
67	80	1
67	81	1
67	82	0
67	83	1
67	84	0
67	85	0
67	86	0
67	87	0
67	88	0
67	89	0
67	90	0
67	91	0
67	92	1
67	93	1
67	94	1
67	95	1
67	96	1
67	97	0
67	98	1
67	99	0
67	100	0
67	101	1
67	102	1
67	103	1
67	104	0
67	105	1
67	106	1
67	107	1
67	108	0
67	109	0
67	110	1
67	111	1
67	112	0
67	113	1
67	114	0
67	115	1
67	116	1
67	117	0
67	118	0
67	119	0
67	120	0
68	69	0
68	70	0
68	71	0
68	72	1
68	73	1
68	74	1
68	75	1
68	76	0
68	77	1
68	78	0
68	79	0
68	80	1
68	81	1
68	82	1
68	83	0
68	84	1
68	85	0
68	86	0
68	87	0
68	88	1
68	89	1
68	90	0
68	91	0
68	92	1
68	93	1
68	94	0
68	95	1
68	96	1
68	97	1
68	98	0
68	99	1
68	100	0
68	101	1
68	102	0
68	103	0
68	104	0
68	105	1
68	106	0
68	107	0
68	108	0
68	109	0
68	110	0
68	111	0
68	112	0
68	113	0
68	114	0
68	115	1
68	116	1
68	117	1
68	118	1
68	119	0
68	120	0
69	70	0
69	71	1
69	72	1
69	73	0
69	74	1
69	75	0
69	76	1
69	77	1
69	78	0
69	79	1
69	80	0
69	81	0
69	82	0
69	83	0
69	84	1
69	85	0
69	86	0
69	87	1
69	88	1
69	89	0
69	90	1
69	91	0
69	92	1
69	93	1
69	94	0
69	95	1
69	96	0
69	97	0
69	98	0
69	99	0
69	100	1
69	101	1
69	102	1
69	103	0
69	104	1
69	105	0
69	106	0
69	107	0
69	108	1
69	109	0
69	110	1
69	111	0
69	112	1
69	113	1
69	114	0
69	115	1
69	116	0
69	117	1
69	118	0
69	119	0
69	120	1
70	71	1
70	72	1
70	73	1
70	74	0
70	75	0
70	76	0
70	77	0
70	78	0
70	79	0
70	80	0
70	81	1
70	82	0
70	83	0
70	84	0
70	85	0
70	86	0
70	87	1
70	88	1
70	89	0
70	90	1
70	91	1
70	92	0
70	93	0
70	94	0
70	95	1
70	96	1
70	97	0
70	98	1
70	99	1
70	100	1
70	101	1
70	102	0
70	103	1
70	104	0
70	105	1
70	106	0
70	107	0
70	108	1
70	109	0
70	110	0
70	111	0
70	112	0
70	113	0
70	114	0
70	115	1
70	116	1
70	117	0
70	118	0
70	119	1
70	120	1
71	72	0
71	73	1
71	74	0
71	75	0
71	76	0
71	77	1
71	78	0
71	79	0
71	80	0
71	81	1
71	82	0
71	83	0
71	84	1
71	85	0
71	86	0
71	87	1
71	88	1
71	89	0
71	90	0
71	91	0
71	92	1
71	93	0
71	94	1
71	95	0
71	96	0
71	97	1
71	98	0
71	99	0
71	100	1
71	101	1
71	102	1
71	103	0
71	104	0
71	105	0
71	106	1
71	107	1
71	108	0
71	109	1
71	110	1
71	111	0
71	112	0
71	113	0
71	114	0
71	115	0
71	116	0
71	117	0
71	118	1
71	119	0
71	120	1
72	73	0
72	74	0
72	75	0
72	76	1
72	77	0
72	78	1
72	79	0
72	80	1
72	81	0
72	82	0
72	83	1
72	84	0
72	85	1
72	86	1
72	87	0
72	88	0
72	89	0
72	90	1
72	91	1
72	92	1
72	93	0
72	94	1
72	95	1
72	96	0
72	97	0
72	98	0
72	99	1
72	100	1
72	101	0
72	102	0
72	103	0
72	104	1
72	105	0
72	106	0
72	107	0
72	108	1
72	109	0
72	110	0
72	111	1
72	112	1
72	113	0
72	114	0
72	115	1
72	116	1
72	117	1
72	118	0
72	119	1
72	120	1
73	74	0
73	75	1
73	76	1
73	77	1
73	78	0
73	79	0
73	80	0
73	81	0
73	82	1
73	83	1
73	84	1
73	85	0
73	86	0
73	87	1
73	88	0
73	89	0
73	90	0
73	91	0
73	92	1
73	93	0
73	94	0
73	95	1
73	96	0
73	97	0
73	98	0
73	99	0
73	100	1
73	101	0
73	102	1
73	103	0
73	104	1
73	105	1
73	106	0
73	107	1
73	108	0
73	109	0
73	110	1
73	111	0
73	112	1
73	113	1
73	114	0
73	115	1
73	116	0
73	117	1
73	118	0
73	119	1
73	120	1
74	75	0
74	76	0
74	77	1
74	78	0
74	79	0
74	80	1
74	81	0
74	82	0
74	83	1
74	84	0
74	85	1
74	86	0
74	87	1
74	88	1
74	89	0
74	90	1
74	91	1
74	92	1
74	93	0
74	94	0
74	95	1
74	96	0
74	97	1
74	98	0
74	99	1
74	100	0
74	101	1
74	102	1
74	103	0
74	104	1
74	105	0
74	106	0
74	107	1
74	108	0
74	109	0
74	110	1
74	111	1
74	112	0
74	113	0
74	114	1
74	115	0
74	116	1
74	117	0
74	118	1
74	119	0
74	120	1
75	76	1
75	77	0
75	78	1
75	79	1
75	80	1
75	81	0
75	82	0
75	83	1
75	84	0
75	85	1
75	86	0
75	87	0
75	88	0
75	89	1
75	90	1
75	91	1
75	92	0
75	93	0
75	94	1
75	95	1
75	96	0
75	97	1
75	98	0
75	99	1
75	100	1
75	101	1
75	102	1
75	103	0
75	104	1
75	105	0
75	106	1
75	107	0
75	108	1
75	109	0
75	110	0
75	111	1
75	112	1
75	113	1
75	114	1
75	115	1
75	116	0
75	117	1
75	118	1
75	119	1
75	120	1
76	77	1
76	78	0
76	79	0
76	80	0
76	81	1
76	82	1
76	83	0
76	84	0
76	85	1
76	86	1
76	87	1
76	88	1
76	89	0
76	90	1
76	91	1
76	92	1
76	93	1
76	94	0
76	95	1
76	96	1
76	97	1
76	98	1
76	99	1
76	100	1
76	101	1
76	102	0
76	103	1
76	104	0
76	105	1
76	106	1
76	107	1
76	108	0
76	109	1
76	110	1
76	111	0
76	112	1
76	113	0
76	114	0
76	115	0
76	116	1
76	117	1
76	118	0
76	119	1
76	120	1
77	78	1
77	79	1
77	80	0
77	81	1
77	82	0
77	83	0
77	84	0
77	85	1
77	86	1
77	87	1
77	88	1
77	89	1
77	90	0
77	91	0
77	92	1
77	93	0
77	94	0
77	95	1
77	96	1
77	97	0
77	98	1
77	99	1
77	100	1
77	101	0
77	102	0
77	103	1
77	104	1
77	105	1
77	106	0
77	107	1
77	108	1
77	109	1
77	110	0
77	111	1
77	112	1
77	113	0
77	114	1
77	115	0
77	116	1
77	117	0
77	118	1
77	119	1
77	120	1
78	79	1
78	80	1
78	81	0
78	82	0
78	83	1
78	84	0
78	85	0
78	86	1
78	87	1
78	88	0
78	89	0
78	90	1
78	91	1
78	92	1
78	93	1
78	94	1
78	95	1
78	96	1
78	97	0
78	98	0
78	99	1
78	100	1
78	101	0
78	102	1
78	103	0
78	104	1
78	105	1
78	106	1
78	107	1
78	108	0
78	109	1
78	110	1
78	111	0
78	112	1
78	113	1
78	114	1
78	115	1
78	116	1
78	117	0
78	118	1
78	119	1
78	120	0
79	80	1
79	81	1
79	82	0
79	83	0
79	84	1
79	85	0
79	86	0
79	87	1
79	88	1
79	89	0
79	90	0
79	91	1
79	92	0
79	93	1
79	94	1
79	95	1
79	96	1
79	97	0
79	98	0
79	99	1
79	100	1
79	101	1
79	102	1
79	103	1
79	104	1
79	105	1
79	106	1
79	107	0
79	108	1
79	109	1
79	110	1
79	111	1
79	112	1
79	113	1
79	114	1
79	115	1
79	116	1
79	117	0
79	118	1
79	119	1
79	120	1
80	81	0
80	82	1
80	83	0
80	84	0
80	85	1
80	86	1
80	87	0
80	88	0
80	89	0
80	90	0
80	91	0
80	92	1
80	93	0
80	94	0
80	95	1
80	96	1
80	97	0
80	98	0
80	99	1
80	100	0
80	101	1
80	102	0
80	103	0
80	104	1
80	105	0
80	106	0
80	107	0
80	108	1
80	109	1
80	110	1
80	111	0
80	112	0
80	113	0
80	114	0
80	115	1
80	116	1
80	117	1
80	118	0
80	119	1
80	120	0
81	82	0
81	83	0
81	84	1
81	85	1
81	86	1
81	87	0
81	88	1
81	89	0
81	90	0
81	91	0
81	92	1
81	93	0
81	94	1
81	95	1
81	96	0
81	97	1
81	98	0
81	99	0
81	100	0
81	101	1
81	102	1
81	103	1
81	104	1
81	105	1
81	106	1
81	107	1
81	108	1
81	109	0
81	110	0
81	111	1
81	112	1
81	113	0
81	114	0
81	115	1
81	116	0
81	117	0
81	118	0
81	119	0
81	120	0
82	83	1
82	84	1
82	85	1
82	86	1
82	87	1
82	88	1
82	89	0
82	90	1
82	91	1
82	92	1
82	93	0
82	94	1
82	95	0
82	96	1
82	97	0
82	98	0
82	99	0
82	100	1
82	101	1
82	102	1
82	103	0
82	104	0
82	105	0
82	106	0
82	107	0
82	108	1
82	109	0
82	110	0
82	111	1
82	112	0
82	113	0
82	114	0
82	115	1
82	116	0
82	117	0
82	118	1
82	119	1
82	120	0
83	84	0
83	85	1
83	86	0
83	87	0
83	88	0
83	89	0
83	90	0
83	91	1
83	92	0
83	93	0
83	94	0
83	95	1
83	96	1
83	97	1
83	98	0
83	99	0
83	100	0
83	101	1
83	102	1
83	103	1
83	104	0
83	105	1
83	106	1
83	107	0
83	108	0
83	109	0
83	110	1
83	111	0
83	112	1
83	113	1
83	114	1
83	115	1
83	116	0
83	117	1
83	118	0
83	119	0
83	120	1
84	85	0
84	86	1
84	87	0
84	88	0
84	89	1
84	90	1
84	91	0
84	92	1
84	93	1
84	94	0
84	95	0
84	96	0
84	97	0
84	98	0
84	99	1
84	100	0
84	101	1
84	102	1
84	103	1
84	104	0
84	105	0
84	106	1
84	107	0
84	108	1
84	109	1
84	110	1
84	111	0
84	112	1
84	113	0
84	114	1
84	115	1
84	116	0
84	117	1
84	118	1
84	119	1
84	120	0
85	86	1
85	87	1
85	88	0
85	89	0
85	90	1
85	91	1
85	92	1
85	93	1
85	94	0
85	95	0
85	96	0
85	97	1
85	98	0
85	99	1
85	100	1
85	101	0
85	102	1
85	103	1
85	104	0
85	105	1
85	106	0
85	107	1
85	108	1
85	109	0
85	110	1
85	111	1
85	112	0
85	113	1
85	114	0
85	115	1
85	116	0
85	117	0
85	118	1
85	119	1
85	120	1
86	87	0
86	88	1
86	89	0
86	90	0
86	91	0
86	92	0
86	93	0
86	94	0
86	95	1
86	96	1
86	97	1
86	98	0
86	99	0
86	100	0
86	101	1
86	102	1
86	103	1
86	104	1
86	105	0
86	106	1
86	107	0
86	108	0
86	109	0
86	110	1
86	111	1
86	112	0
86	113	0
86	114	0
86	115	0
86	116	1
86	117	0
86	118	1
86	119	0
86	120	1
87	88	1
87	89	1
87	90	1
87	91	0
87	92	1
87	93	1
87	94	1
87	95	1
87	96	1
87	97	1
87	98	1
87	99	0
87	100	1
87	101	1
87	102	0
87	103	0
87	104	1
87	105	0
87	106	0
87	107	0
87	108	1
87	109	1
87	110	0
87	111	1
87	112	0
87	113	0
87	114	0
87	115	1
87	116	0
87	117	0
87	118	1
87	119	1
87	120	1
88	89	1
88	90	0
88	91	0
88	92	0
88	93	1
88	94	0
88	95	1
88	96	1
88	97	0
88	98	1
88	99	1
88	100	1
88	101	1
88	102	0
88	103	0
88	104	1
88	105	1
88	106	1
88	107	0
88	108	1
88	109	1
88	110	1
88	111	1
88	112	0
88	113	1
88	114	0
88	115	0
88	116	0
88	117	0
88	118	1
88	119	1
88	120	1
89	90	0
89	91	1
89	92	1
89	93	0
89	94	1
89	95	1
89	96	0
89	97	1
89	98	1
89	99	1
89	100	0
89	101	0
89	102	1
89	103	1
89	104	1
89	105	1
89	106	0
89	107	1
89	108	0
89	109	0
89	110	0
89	111	1
89	112	1
89	113	1
89	114	1
89	115	0
89	116	0
89	117	1
89	118	1
89	119	1
89	120	0
90	91	1
90	92	0
90	93	1
90	94	0
90	95	0
90	96	0
90	97	1
90	98	0
90	99	0
90	100	1
90	101	0
90	102	0
90	103	1
90	104	1
90	105	0
90	106	1
90	107	0
90	108	1
90	109	1
90	110	0
90	111	0
90	112	0
90	113	1
90	114	0
90	115	0
90	116	0
90	117	1
90	118	0
90	119	0
90	120	1
91	92	1
91	93	0
91	94	1
91	95	0
91	96	1
91	97	0
91	98	1
91	99	0
91	100	1
91	101	0
91	102	0
91	103	0
91	104	1
91	105	0
91	106	1
91	107	0
91	108	1
91	109	0
91	110	1
91	111	1
91	112	1
91	113	1
91	114	1
91	115	0
91	116	1
91	117	1
91	118	1
91	119	0
91	120	0
92	93	0
92	94	1
92	95	0
92	96	0
92	97	0
92	98	1
92	99	0
92	100	1
92	101	1
92	102	0
92	103	1
92	104	0
92	105	0
92	106	0
92	107	0
92	108	0
92	109	0
92	110	1
92	111	0
92	112	0
92	113	1
92	114	0
92	115	0
92	116	1
92	117	1
92	118	1
92	119	0
92	120	0
93	94	1
93	95	1
93	96	0
93	97	0
93	98	0
93	99	1
93	100	0
93	101	1
93	102	1
93	103	0
93	104	0
93	105	1
93	106	0
93	107	1
93	108	1
93	109	0
93	110	0
93	111	0
93	112	1
93	113	0
93	114	1
93	115	1
93	116	0
93	117	1
93	118	1
93	119	0
93	120	1
94	95	1
94	96	0
94	97	1
94	98	0
94	99	1
94	100	0
94	101	0
94	102	1
94	103	0
94	104	1
94	105	0
94	106	0
94	107	1
94	108	0
94	109	0
94	110	1
94	111	1
94	112	0
94	113	0
94	114	1
94	115	1
94	116	0
94	117	1
94	118	0
94	119	1
94	120	1
95	96	1
95	97	1
95	98	1
95	99	1
95	100	0
95	101	0
95	102	0
95	103	0
95	104	1
95	105	1
95	106	1
95	107	0
95	108	1
95	109	1
95	110	0
95	111	0
95	112	1
95	113	1
95	114	0
95	115	0
95	116	1
95	117	1
95	118	0
95	119	0
95	120	0
96	97	1
96	98	1
96	99	1
96	100	1
96	101	1
96	102	0
96	103	1
96	104	1
96	105	1
96	106	0
96	107	1
96	108	0
96	109	1
96	110	0
96	111	0
96	112	0
96	113	1
96	114	1
96	115	1
96	116	0
96	117	0
96	118	0
96	119	1
96	120	1
97	98	1
97	99	0
97	100	0
97	101	0
97	102	1
97	103	1
97	104	1
97	105	0
97	106	0
97	107	1
97	108	0
97	109	1
97	110	1
97	111	0
97	112	1
97	113	0
97	114	0
97	115	0
97	116	1
97	117	1
97	118	1
97	119	1
97	120	1
98	99	1
98	100	1
98	101	1
98	102	0
98	103	0
98	104	1
98	105	1
98	106	1
98	107	0
98	108	1
98	109	1
98	110	1
98	111	1
98	112	1
98	113	1
98	114	0
98	115	1
98	116	1
98	117	0
98	118	0
98	119	0
98	120	1
99	100	0
99	101	1
99	102	0
99	103	1
99	104	1
99	105	1
99	106	0
99	107	0
99	108	1
99	109	1
99	110	1
99	111	1
99	112	1
99	113	0
99	114	0
99	115	0
99	116	1
99	117	1
99	118	1
99	119	1
99	120	1
100	101	1
100	102	0
100	103	0
100	104	0
100	105	0
100	106	0
100	107	1
100	108	1
100	109	1
100	110	1
100	111	0
100	112	0
100	113	1
100	114	0
100	115	1
100	116	0
100	117	1
100	118	0
100	119	1
100	120	1
101	102	1
101	103	0
101	104	0
101	105	1
101	106	0
101	107	1
101	108	0
101	109	1
101	110	1
101	111	1
101	112	1
101	113	1
101	114	1
101	115	1
101	116	1
101	117	1
101	118	0
101	119	1
101	120	1
102	103	1
102	104	1
102	105	0
102	106	0
102	107	0
102	108	0
102	109	0
102	110	0
102	111	0
102	112	0
102	113	0
102	114	0
102	115	1
102	116	0
102	117	0
102	118	1
102	119	1
102	120	0
103	104	1
103	105	0
103	106	0
103	107	1
103	108	0
103	109	1
103	110	1
103	111	0
103	112	1
103	113	1
103	114	1
103	115	0
103	116	0
103	117	0
103	118	0
103	119	0
103	120	0
104	105	0
104	106	1
104	107	1
104	108	0
104	109	1
104	110	0
104	111	1
104	112	0
104	113	0
104	114	0
104	115	1
104	116	0
104	117	1
104	118	1
104	119	0
104	120	0
105	106	1
105	107	0
105	108	1
105	109	1
105	110	0
105	111	1
105	112	1
105	113	1
105	114	1
105	115	1
105	116	0
105	117	1
105	118	1
105	119	0
105	120	0
106	107	1
106	108	1
106	109	1
106	110	1
106	111	1
106	112	0
106	113	1
106	114	1
106	115	0
106	116	1
106	117	1
106	118	1
106	119	1
106	120	0
107	108	1
107	109	1
107	110	1
107	111	1
107	112	1
107	113	1
107	114	0
107	115	0
107	116	1
107	117	0
107	118	1
107	119	1
107	120	0
108	109	1
108	110	0
108	111	1
108	112	0
108	113	1
108	114	1
108	115	1
108	116	1
108	117	1
108	118	0
108	119	1
108	120	1
109	110	0
109	111	0
109	112	0
109	113	1
109	114	0
109	115	1
109	116	1
109	117	0
109	118	1
109	119	0
109	120	1
110	111	0
110	112	1
110	113	0
110	114	0
110	115	0
110	116	1
110	117	1
110	118	1
110	119	1
110	120	1
111	112	0
111	113	0
111	114	1
111	115	0
111	116	0
111	117	1
111	118	0
111	119	0
111	120	0
112	113	1
112	114	1
112	115	0
112	116	1
112	117	0
112	118	0
112	119	1
112	120	1
113	114	0
113	115	1
113	116	1
113	117	1
113	118	0
113	119	1
113	120	0
114	115	1
114	116	0
114	117	0
114	118	1
114	119	1
114	120	1
115	116	1
115	117	0
115	118	0
115	119	1
115	120	1
116	117	0
116	118	0
116	119	0
116	120	0
117	118	0
117	119	0
117	120	0
118	119	0
118	120	0
119	120	1
