120	7140	0
1	2	1
1	3	1
1	4	1
1	5	0
1	6	1
1	7	0
1	8	0
1	9	0
1	10	0
1	11	1
1	12	1
1	13	0
1	14	1
1	15	0
1	16	1
1	17	0
1	18	0
1	19	1
1	20	0
1	21	1
1	22	1
1	23	1
1	24	0
1	25	1
1	26	0
1	27	0
1	28	0
1	29	0
1	30	0
1	31	1
1	32	0
1	33	0
1	34	1
1	35	0
1	36	0
1	37	0
1	38	1
1	39	0
1	40	0
1	41	0
1	42	1
1	43	1
1	44	1
1	45	1
1	46	1
1	47	1
1	48	0
1	49	1
1	50	1
1	51	1
1	52	1
1	53	1
1	54	0
1	55	1
1	56	0
1	57	0
1	58	1
1	59	0
1	60	0
1	61	0
1	62	1
1	63	1
1	64	1
1	65	0
1	66	0
1	67	0
1	68	1
1	69	1
1	70	1
1	71	0
1	72	0
1	73	1
1	74	0
1	75	1
1	76	0
1	77	0
1	78	1
1	79	0
1	80	0
1	81	0
1	82	0
1	83	1
1	84	0
1	85	0
1	86	0
1	87	0
1	88	1
1	89	1
1	90	1
1	91	0
1	92	0
1	93	1
1	94	0
1	95	1
1	96	1
1	97	0
1	98	0
1	99	1
1	100	0
1	101	1
1	102	1
1	103	1
1	104	0
1	105	1
1	106	1
1	107	0
1	108	1
1	109	0
1	110	1
1	111	1
1	112	0
1	113	1
1	114	1
1	115	0
1	116	0
1	117	0
1	118	1
1	119	0
1	120	1
2	3	1
2	4	1
2	5	0
2	6	0
2	7	1
2	8	0
2	9	1
2	10	0
2	11	0
2	12	0
2	13	1
2	14	0
2	15	0
2	16	1
2	17	0
2	18	0
2	19	0
2	20	0
2	21	1
2	22	1
2	23	0
2	24	0
2	25	1
2	26	1
2	27	0
2	28	1
2	29	1
2	30	0
2	31	0
2	32	1
2	33	1
2	34	0
2	35	1
2	36	0
2	37	1
2	38	0
2	39	1
2	40	0
2	41	1
2	42	1
2	43	0
2	44	1
2	45	1
2	46	0
2	47	1
2	48	1
2	49	0
2	50	1
2	51	0
2	52	1
2	53	0
2	54	0
2	55	0
2	56	0
2	57	1
2	58	1
2	59	1
2	60	0
2	61	0
2	62	1
2	63	0
2	64	0
2	65	1
2	66	0
2	67	1
2	68	0
2	69	0
2	70	0
2	71	0
2	72	0
2	73	1
2	74	0
2	75	1
2	76	0
2	77	0
2	78	1
2	79	0
2	80	0
2	81	1
2	82	1
2	83	0
2	84	0
2	85	0
2	86	0
2	87	0
2	88	1
2	89	1
2	90	0
2	91	1
2	92	0
2	93	0
2	94	1
2	95	1
2	96	1
2	97	1
2	98	1
2	99	0
2	100	0
2	101	0
2	102	0
2	103	1
2	104	1
2	105	1
2	106	1
2	107	1
2	108	0
2	109	0
2	110	0
2	111	0
2	112	0
2	113	1
2	114	0
2	115	0
2	116	1
2	117	0
2	118	1
2	119	1
2	120	1
3	4	0
3	5	0
3	6	1
3	7	1
3	8	0
3	9	1
3	10	0
3	11	1
3	12	1
3	13	0
3	14	0
3	15	0
3	16	0
3	17	1
3	18	1
3	19	0
3	20	1
3	21	1
3	22	0
3	23	1
3	24	0
3	25	1
3	26	1
3	27	1
3	28	1
3	29	0
3	30	0
3	31	1
3	32	1
3	33	0
3	34	1
3	35	0
3	36	0
3	37	0
3	38	1
3	39	0
3	40	0
3	41	0
3	42	1
3	43	0
3	44	1
3	45	1
3	46	0
3	47	1
3	48	0
3	49	1
3	50	1
3	51	0
3	52	0
3	53	0
3	54	0
3	55	0
3	56	1
3	57	0
3	58	0
3	59	0
3	60	1
3	61	1
3	62	1
3	63	1
3	64	0
3	65	0
3	66	0
3	67	0
3	68	1
3	69	0
3	70	0
3	71	0
3	72	0
3	73	0
3	74	0
3	75	1
3	76	0
3	77	1
3	78	1
3	79	1
3	80	1
3	81	0
3	82	0
3	83	0
3	84	1
3	85	1
3	86	1
3	87	1
3	88	1
3	89	1
3	90	1
3	91	0
3	92	1
3	93	1
3	94	1
3	95	0
3	96	1
3	97	1
3	98	0
3	99	0
3	100	1
3	101	1
3	102	0
3	103	1
3	104	1
3	105	0
3	106	1
3	107	1
3	108	0
3	109	1
3	110	0
3	111	1
3	112	0
3	113	0
3	114	0
3	115	0
3	116	1
3	117	0
3	118	1
3	119	0
3	120	0
4	5	0
4	6	0
4	7	1
4	8	0
4	9	0
4	10	0
4	11	0
4	12	0
4	13	1
4	14	0
4	15	1
4	16	1
4	17	0
4	18	1
4	19	0
4	20	0
4	21	0
4	22	0
4	23	0
4	24	0
4	25	1
4	26	0
4	27	0
4	28	0
4	29	0
4	30	0
4	31	0
4	32	0
4	33	1
4	34	0
4	35	0
4	36	0
4	37	0
4	38	0
4	39	0
4	40	0
4	41	0
4	42	1
4	43	1
4	44	0
4	45	0
4	46	0
4	47	1
4	48	1
4	49	1
4	50	0
4	51	1
4	52	0
4	53	1
4	54	1
4	55	0
4	56	0
4	57	0
4	58	0
4	59	1
4	60	0
4	61	0
4	62	0
4	63	1
4	64	1
4	65	0
4	66	0
4	67	0
4	68	1
4	69	1
4	70	1
4	71	0
4	72	0
4	73	0
4	74	0
4	75	1
4	76	1
4	77	0
4	78	1
4	79	0
4	80	0
4	81	1
4	82	1
4	83	1
4	84	0
4	85	1
4	86	1
4	87	0
4	88	0
4	89	0
4	90	1
4	91	0
4	92	0
4	93	1
4	94	1
4	95	1
4	96	0
4	97	1
4	98	1
4	99	1
4	100	0
4	101	1
4	102	0
4	103	1
4	104	1
4	105	0
4	106	1
4	107	0
4	108	1
4	109	0
4	110	1
4	111	1
4	112	1
4	113	1
4	114	0
4	115	1
4	116	0
4	117	0
4	118	0
4	119	0
4	120	1
5	6	0
5	7	0
5	8	1
5	9	0
5	10	1
5	11	0
5	12	0
5	13	1
5	14	0
5	15	1
5	16	0
5	17	0
5	18	0
5	19	0
5	20	0
5	21	1
5	22	1
5	23	1
5	24	1
5	25	1
5	26	0
5	27	0
5	28	0
5	29	1
5	30	0
5	31	1
5	32	1
5	33	0
5	34	0
5	35	0
5	36	1
5	37	0
5	38	0
5	39	1
5	40	0
5	41	0
5	42	0
5	43	0
5	44	1
5	45	1
5	46	1
5	47	0
5	48	1
5	49	1
5	50	1
5	51	0
5	52	0
5	53	1
5	54	0
5	55	0
5	56	0
5	57	0
5	58	1
5	59	0
5	60	1
5	61	0
5	62	1
5	63	0
5	64	1
5	65	1
5	66	0
5	67	0
5	68	1
5	69	0
5	70	1
5	71	0
5	72	1
5	73	1
5	74	1
5	75	0
5	76	0
5	77	0
5	78	0
5	79	0
5	80	1
5	81	1
5	82	1
5	83	1
5	84	1
5	85	1
5	86	0
5	87	1
5	88	0
5	89	0
5	90	0
5	91	1
5	92	1
5	93	0
5	94	0
5	95	0
5	96	0
5	97	1
5	98	1
5	99	0
5	100	0
5	101	0
5	102	0
5	103	0
5	104	0
5	105	0
5	106	0
5	107	0
5	108	1
5	109	0
5	110	0
5	111	0
5	112	0
5	113	1
5	114	0
5	115	0
5	116	1
5	117	0
5	118	0
5	119	1
5	120	0
6	7	1
6	8	1
6	9	1
6	10	1
6	11	1
6	12	0
6	13	1
6	14	1
6	15	0
6	16	0
6	17	0
6	18	1
6	19	0
6	20	1
6	21	0
6	22	1
6	23	1
6	24	1
6	25	0
6	26	0
6	27	0
6	28	1
6	29	0
6	30	1
6	31	1
6	32	0
6	33	0
6	34	0
6	35	0
6	36	1
6	37	0
6	38	0
6	39	1
6	40	0
6	41	1
6	42	0
6	43	1
6	44	0
6	45	0
6	46	1
6	47	1
6	48	0
6	49	0
6	50	1
6	51	0
6	52	1
6	53	0
6	54	0
6	55	0
6	56	1
6	57	1
6	58	1
6	59	0
6	60	0
6	61	1
6	62	0
6	63	0
6	64	0
6	65	0
6	66	1
6	67	1
6	68	0
6	69	1
6	70	1
6	71	0
6	72	0
6	73	1
6	74	1
6	75	0
6	76	0
6	77	1
6	78	0
6	79	1
6	80	1
6	81	0
6	82	1
6	83	0
6	84	1
6	85	1
6	86	1
6	87	1
6	88	1
6	89	1
6	90	0
6	91	0
6	92	0
6	93	0
6	94	1
6	95	1
6	96	0
6	97	0
6	98	1
6	99	1
6	100	1
6	101	0
6	102	0
6	103	0
6	104	1
6	105	1
6	106	1
6	107	0
6	108	0
6	109	1
6	110	1
6	111	0
6	112	0
6	113	1
6	114	0
6	115	0
6	116	1
6	117	0
6	118	0
6	119	1
6	120	0
7	8	0
7	9	0
7	10	0
7	11	0
7	12	0
7	13	0
7	14	1
7	15	0
7	16	1
7	17	1
7	18	0
7	19	0
7	20	1
7	21	0
7	22	0
7	23	0
7	24	1
7	25	0
7	26	0
7	27	1
7	28	0
7	29	1
7	30	1
7	31	0
7	32	1
7	33	1
7	34	0
7	35	0
7	36	0
7	37	0
7	38	1
7	39	0
7	40	0
7	41	1
7	42	1
7	43	0
7	44	0
7	45	0
7	46	1
7	47	1
7	48	0
7	49	1
7	50	0
7	51	1
7	52	1
7	53	0
7	54	0
7	55	1
7	56	1
7	57	0
7	58	1
7	59	0
7	60	0
7	61	1
7	62	1
7	63	1
7	64	0
7	65	1
7	66	1
7	67	1
7	68	1
7	69	1
7	70	0
7	71	0
7	72	0
7	73	1
7	74	0
7	75	1
7	76	0
7	77	0
7	78	1
7	79	0
7	80	0
7	81	0
7	82	0
7	83	0
7	84	0
7	85	1
7	86	1
7	87	1
7	88	0
7	89	1
7	90	1
7	91	1
7	92	0
7	93	0
7	94	0
7	95	1
7	96	0
7	97	1
7	98	0
7	99	1
7	100	0
7	101	1
7	102	1
7	103	0
7	104	0
7	105	1
7	106	0
7	107	0
7	108	1
7	109	0
7	110	1
7	111	0
7	112	0
7	113	0
7	114	0
7	115	1
7	116	1
7	117	1
7	118	0
7	119	1
7	120	1
8	9	1
8	10	0
8	11	1
8	12	0
8	13	1
8	14	0
8	15	1
8	16	0
8	17	0
8	18	1
8	19	0
8	20	0
8	21	1
8	22	0
8	23	1
8	24	0
8	25	1
8	26	0
8	27	0
8	28	0
8	29	1
8	30	0
8	31	1
8	32	1
8	33	0
8	34	0
8	35	1
8	36	0
8	37	0
8	38	0
8	39	1
8	40	0
8	41	0
8	42	1
8	43	0
8	44	1
8	45	1
8	46	0
8	47	0
8	48	1
8	49	1
8	50	1
8	51	1
8	52	1
8	53	0
8	54	1
8	55	0
8	56	1
8	57	1
8	58	0
8	59	1
8	60	1
8	61	1
8	62	1
8	63	1
8	64	1
8	65	0
8	66	1
8	67	1
8	68	0
8	69	1
8	70	1
8	71	1
8	72	0
8	73	1
8	74	0
8	75	1
8	76	1
8	77	0
8	78	1
8	79	0
8	80	0
8	81	1
8	82	1
8	83	0
8	84	1
8	85	1
8	86	1
8	87	1
8	88	1
8	89	1
8	90	1
8	91	0
8	92	0
8	93	1
8	94	1
8	95	1
8	96	0
8	97	0
8	98	1
8	99	0
8	100	1
8	101	0
8	102	0
8	103	0
8	104	1
8	105	1
8	106	0
8	107	1
8	108	1
8	109	0
8	110	0
8	111	0
8	112	1
8	113	1
8	114	1
8	115	0
8	116	1
8	117	1
8	118	1
8	119	1
8	120	1
9	10	1
9	11	1
9	12	0
9	13	1
9	14	0
9	15	0
9	16	0
9	17	1
9	18	1
9	19	0
9	20	0
9	21	1
9	22	1
9	23	1
9	24	1
9	25	0
9	26	1
9	27	1
9	28	1
9	29	0
9	30	1
9	31	1
9	32	0
9	33	1
9	34	0
9	35	0
9	36	1
9	37	0
9	38	0
9	39	1
9	40	1
9	41	1
9	42	1
9	43	0
9	44	1
9	45	0
9	46	1
9	47	1
9	48	0
9	49	1
9	50	1
9	51	1
9	52	1
9	53	0
9	54	0
9	55	0
9	56	0
9	57	0
9	58	0
9	59	1
9	60	0
9	61	0
9	62	1
9	63	0
9	64	1
9	65	0
9	66	1
9	67	0
9	68	1
9	69	0
9	70	0
9	71	1
9	72	0
9	73	1
9	74	1
9	75	1
9	76	1
9	77	0
9	78	1
9	79	0
9	80	1
9	81	1
9	82	1
9	83	1
9	84	1
9	85	1
9	86	1
9	87	0
9	88	0
9	89	0
9	90	0
9	91	0
9	92	0
9	93	1
9	94	1
9	95	1
9	96	1
9	97	0
9	98	0
9	99	1
9	100	0
9	101	1
9	102	0
9	103	1
9	104	0
9	105	1
9	106	0
9	107	1
9	108	0
9	109	0
9	110	0
9	111	0
9	112	1
9	113	0
9	114	1
9	115	0
9	116	0
9	117	0
9	118	0
9	119	1
9	120	0
10	11	1
10	12	1
10	13	0
10	14	1
10	15	1
10	16	1
10	17	0
10	18	1
10	19	1
10	20	0
10	21	0
10	22	1
10	23	1
10	24	0
10	25	0
10	26	0
10	27	0
10	28	0
10	29	1
10	30	0
10	31	0
10	32	1
10	33	0
10	34	0
10	35	1
10	36	0
10	37	0
10	38	0
10	39	1
10	40	1
10	41	0
10	42	1
10	43	0
10	44	1
10	45	1
10	46	0
10	47	0
10	48	1
10	49	1
10	50	0
10	51	1
10	52	1
10	53	0
10	54	0
10	55	1
10	56	1
10	57	0
10	58	0
10	59	1
10	60	0
10	61	1
10	62	1
10	63	0
10	64	0
10	65	1
10	66	1
10	67	0
10	68	1
10	69	0
10	70	1
10	71	1
10	72	1
10	73	0
10	74	0
10	75	0
10	76	1
10	77	1
10	78	0
10	79	0
10	80	0
10	81	0
10	82	1
10	83	0
10	84	1
10	85	0
10	86	1
10	87	1
10	88	0
10	89	0
10	90	1
10	91	1
10	92	0
10	93	0
10	94	1
10	95	1
10	96	1
10	97	0
10	98	1
10	99	1
10	100	0
10	101	0
10	102	1
10	103	1
10	104	1
10	105	0
10	106	1
10	107	1
10	108	1
10	109	1
10	110	0
10	111	0
10	112	1
10	113	0
10	114	0
10	115	1
10	116	0
10	117	0
10	118	0
10	119	0
10	120	0
11	12	1
11	13	0
11	14	1
11	15	1
11	16	0
11	17	0
11	18	1
11	19	0
11	20	0
11	21	0
11	22	0
11	23	0
11	24	1
11	25	0
11	26	1
11	27	1
11	28	0
11	29	1
11	30	0
11	31	1
11	32	0
11	33	1
11	34	0
11	35	0
11	36	1
11	37	1
11	38	1
11	39	0
11	40	0
11	41	1
11	42	1
11	43	0
11	44	0
11	45	0
11	46	0
11	47	0
11	48	1
11	49	0
11	50	0
11	51	1
11	52	0
11	53	0
11	54	1
11	55	1
11	56	1
11	57	1
11	58	1
11	59	0
11	60	1
11	61	1
11	62	0
11	63	0
11	64	0
11	65	0
11	66	0
11	67	0
11	68	0
11	69	1
11	70	1
11	71	1
11	72	1
11	73	0
11	74	1
11	75	0
11	76	1
11	77	1
11	78	1
11	79	0
11	80	1
11	81	0
11	82	1
11	83	1
11	84	1
11	85	0
11	86	0
11	87	1
11	88	0
11	89	1
11	90	0
11	91	0
11	92	1
11	93	0
11	94	0
11	95	0
11	96	0
11	97	1
11	98	1
11	99	0
11	100	0
11	101	1
11	102	1
11	103	0
11	104	1
11	105	0
11	106	1
11	107	0
11	108	0
11	109	0
11	110	1
11	111	1
11	112	0
11	113	1
11	114	1
11	115	1
11	116	1
11	117	0
11	118	1
11	119	0
11	120	0
12	13	1
12	14	0
12	15	1
12	16	1
12	17	1
12	18	0
12	19	1
12	20	0
12	21	1
12	22	1
12	23	1
12	24	1
12	25	0
12	26	1
12	27	0
12	28	0
12	29	0
12	30	1
12	31	0
12	32	1
12	33	0
12	34	1
12	35	1
12	36	1
12	37	0
12	38	0
12	39	0
12	40	0
12	41	0
12	42	0
12	43	1
12	44	0
12	45	0
12	46	0
12	47	0
12	48	1
12	49	0
12	50	1
12	51	0
12	52	0
12	53	1
12	54	0
12	55	1
12	56	0
12	57	1
12	58	1
12	59	1
12	60	0
12	61	1
12	62	0
12	63	0
12	64	0
12	65	0
12	66	1
12	67	0
12	68	1
12	69	1
12	70	1
12	71	0
12	72	0
12	73	1
12	74	1
12	75	0
12	76	0
12	77	1
12	78	0
12	79	1
12	80	0
12	81	1
12	82	0
12	83	1
12	84	1
12	85	0
12	86	0
12	87	1
12	88	1
12	89	0
12	90	1
12	91	1
12	92	0
12	93	0
12	94	1
12	95	1
12	96	0
12	97	1
12	98	0
12	99	0
12	100	1
12	101	1
12	102	0
12	103	0
12	104	1
12	105	0
12	106	1
12	107	1
12	108	1
12	109	0
12	110	1
12	111	1
12	112	0
12	113	1
12	114	1
12	115	0
12	116	1
12	117	1
12	118	0
12	119	1
12	120	1
13	14	1
13	15	0
13	16	0
13	17	0
13	18	1
13	19	0
13	20	1
13	21	0
13	22	1
13	23	0
13	24	1
13	25	0
13	26	0
13	27	1
13	28	0
13	29	0
13	30	0
13	31	0
13	32	1
13	33	0
13	34	0
13	35	0
13	36	1
13	37	0
13	38	0
13	39	1
13	40	1
13	41	0
13	42	0
13	43	1
13	44	0
13	45	1
13	46	0
13	47	1
13	48	1
13	49	1
13	50	1
13	51	1
13	52	1
13	53	1
13	54	0
13	55	0
13	56	0
13	57	0
13	58	1
13	59	0
13	60	0
13	61	1
13	62	0
13	63	0
13	64	0
13	65	1
13	66	1
13	67	1
13	68	1
13	69	1
13	70	0
13	71	0
13	72	1
13	73	0
13	74	1
13	75	1
13	76	0
13	77	0
13	78	1
13	79	0
13	80	1
13	81	0
13	82	0
13	83	1
13	84	1
13	85	1
13	86	1
13	87	1
13	88	1
13	89	1
13	90	0
13	91	1
13	92	1
13	93	1
13	94	0
13	95	1
13	96	0
13	97	0
13	98	1
13	99	0
13	100	1
13	101	1
13	102	0
13	103	0
13	104	0
13	105	1
13	106	1
13	107	1
13	108	0
13	109	1
13	110	0
13	111	0
13	112	0
13	113	0
13	114	0
13	115	1
13	116	1
13	117	0
13	118	1
13	119	1
13	120	0
14	15	1
14	16	0
14	17	0
14	18	1
14	19	0
14	20	1
14	21	0
14	22	1
14	23	1
14	24	0
14	25	0
14	26	0
14	27	0
14	28	1
14	29	1
14	30	1
14	31	0
14	32	0
14	33	1
14	34	1
14	35	1
14	36	0
14	37	1
14	38	1
14	39	0
14	40	0
14	41	0
14	42	0
14	43	0
14	44	1
14	45	0
14	46	1
14	47	1
14	48	0
14	49	0
14	50	0
14	51	1
14	52	1
14	53	0
14	54	0
14	55	1
14	56	0
14	57	0
14	58	1
14	59	0
14	60	1
14	61	0
14	62	1
14	63	1
14	64	1
14	65	1
14	66	0
14	67	1
14	68	1
14	69	1
14	70	1
14	71	1
14	72	0
14	73	1
14	74	0
14	75	1
14	76	0
14	77	0
14	78	1
14	79	1
14	80	1
14	81	0
14	82	1
14	83	1
14	84	1
14	85	1
14	86	0
14	87	1
14	88	1
14	89	0
14	90	1
14	91	0
14	92	0
14	93	0
14	94	1
14	95	0
14	96	0
14	97	0
14	98	0
14	99	1
14	100	1
14	101	0
14	102	1
14	103	1
14	104	1
14	105	1
14	106	0
14	107	1
14	108	1
14	109	1
14	110	1
14	111	1
14	112	0
14	113	1
14	114	0
14	115	0
14	116	1
14	117	1
14	118	1
14	119	1
14	120	1
15	16	1
15	17	0
15	18	1
15	19	0
15	20	1
15	21	0
15	22	1
15	23	0
15	24	1
15	25	1
15	26	1
15	27	0
15	28	0
15	29	0
15	30	0
15	31	0
15	32	1
15	33	0
15	34	1
15	35	0
15	36	1
15	37	1
15	38	1
15	39	1
15	40	1
15	41	1
15	42	1
15	43	1
15	44	0
15	45	0
15	46	0
15	47	0
15	48	0
15	49	1
15	50	1
15	51	0
15	52	0
15	53	0
15	54	0
15	55	0
15	56	1
15	57	1
15	58	0
15	59	1
15	60	0
15	61	0
15	62	0
15	63	0
15	64	1
15	65	1
15	66	1
15	67	1
15	68	0
15	69	1
15	70	1
15	71	1
15	72	1
15	73	1
15	74	1
15	75	0
15	76	0
15	77	1
15	78	0
15	79	1
15	80	1
15	81	1
15	82	1
15	83	1
15	84	0
15	85	1
15	86	1
15	87	0
15	88	1
15	89	1
15	90	0
15	91	0
15	92	0
15	93	1
15	94	0
15	95	0
15	96	1
15	97	1
15	98	1
15	99	0
15	100	0
15	101	1
15	102	0
15	103	1
15	104	0
15	105	1
15	106	1
15	107	0
15	108	0
15	109	1
15	110	0
15	111	0
15	112	1
15	113	1
15	114	1
15	115	0
15	116	1
15	117	1
15	118	0
15	119	1
15	120	0
16	17	1
16	18	0
16	19	0
16	20	1
16	21	0
16	22	1
16	23	0
16	24	1
16	25	1
16	26	1
16	27	0
16	28	0
16	29	1
16	30	1
16	31	1
16	32	1
16	33	0
16	34	1
16	35	1
16	36	1
16	37	1
16	38	1
16	39	1
16	40	0
16	41	0
16	42	1
16	43	1
16	44	0
16	45	1
16	46	1
16	47	0
16	48	0
16	49	1
16	50	1
16	51	1
16	52	0
16	53	0
16	54	0
16	55	0
16	56	0
16	57	1
16	58	0
16	59	1
16	60	0
16	61	0
16	62	1
16	63	0
16	64	1
16	65	1
16	66	1
16	67	1
16	68	1
16	69	1
16	70	1
16	71	0
16	72	1
16	73	0
16	74	1
16	75	0
16	76	1
16	77	1
16	78	0
16	79	0
16	80	1
16	81	0
16	82	0
16	83	1
16	84	0
16	85	0
16	86	1
16	87	0
16	88	0
16	89	1
16	90	0
16	91	0
16	92	0
16	93	1
16	94	0
16	95	1
16	96	0
16	97	1
16	98	1
16	99	0
16	100	0
16	101	1
16	102	0
16	103	1
16	104	1
16	105	1
16	106	0
16	107	1
16	108	0
16	109	1
16	110	1
16	111	0
16	112	1
16	113	0
16	114	1
16	115	1
16	116	1
16	117	1
16	118	0
16	119	1
16	120	0
17	18	1
17	19	0
17	20	0
17	21	1
17	22	1
17	23	1
17	24	1
17	25	1
17	26	1
17	27	1
17	28	1
17	29	1
17	30	1
17	31	0
17	32	1
17	33	1
17	34	1
17	35	1
17	36	0
17	37	0
17	38	1
17	39	0
17	40	0
17	41	0
17	42	0
17	43	1
17	44	0
17	45	1
17	46	0
17	47	1
17	48	0
17	49	1
17	50	0
17	51	0
17	52	0
17	53	1
17	54	0
17	55	1
17	56	1
17	57	0
17	58	1
17	59	1
17	60	0
17	61	1
17	62	0
17	63	1
17	64	1
17	65	0
17	66	1
17	67	0
17	68	1
17	69	0
17	70	0
17	71	1
17	72	0
17	73	0
17	74	1
17	75	1
17	76	0
17	77	1
17	78	0
17	79	0
17	80	0
17	81	1
17	82	1
17	83	1
17	84	1
17	85	0
17	86	1
17	87	1
17	88	1
17	89	0
17	90	1
17	91	0
17	92	0
17	93	0
17	94	0
17	95	1
17	96	0
17	97	0
17	98	0
17	99	1
17	100	0
17	101	0
17	102	1
17	103	0
17	104	0
17	105	1
17	106	1
17	107	1
17	108	1
17	109	0
17	110	0
17	111	1
17	112	0
17	113	0
17	114	0
17	115	0
17	116	1
17	117	1
17	118	1
17	119	1
17	120	1
18	19	1
18	20	1
18	21	0
18	22	0
18	23	0
18	24	1
18	25	0
18	26	1
18	27	0
18	28	0
18	29	0
18	30	0
18	31	0
18	32	1
18	33	0
18	34	1
18	35	0
18	36	0
18	37	1
18	38	0
18	39	1
18	40	0
18	41	1
18	42	0
18	43	0
18	44	0
18	45	1
18	46	0
18	47	0
18	48	0
18	49	1
18	50	1
18	51	0
18	52	0
18	53	0
18	54	1
18	55	1
18	56	1
18	57	1
18	58	1
18	59	1
18	60	1
18	61	0
18	62	0
18	63	1
18	64	1
18	65	1
18	66	1
18	67	1
18	68	0
18	69	1
18	70	1
18	71	1
18	72	0
18	73	0
18	74	1
18	75	0
18	76	0
18	77	0
18	78	0
18	79	0
18	80	0
18	81	1
18	82	0
18	83	1
18	84	0
18	85	0
18	86	1
18	87	0
18	88	0
18	89	1
18	90	1
18	91	1
18	92	1
18	93	0
18	94	1
18	95	0
18	96	0
18	97	1
18	98	1
18	99	1
18	100	0
18	101	1
18	102	0
18	103	0
18	104	1
18	105	0
18	106	1
18	107	1
18	108	1
18	109	1
18	110	0
18	111	0
18	112	0
18	113	1
18	114	0
18	115	0
18	116	1
18	117	1
18	118	0
18	119	0
18	120	1
19	20	0
19	21	1
19	22	1
19	23	1
19	24	1
19	25	1
19	26	0
19	27	1
19	28	1
19	29	0
19	30	1
19	31	1
19	32	0
19	33	0
19	34	1
19	35	0
19	36	1
19	37	1
19	38	1
19	39	0
19	40	1
19	41	1
19	42	0
19	43	0
19	44	0
19	45	1
19	46	1
19	47	0
19	48	0
19	49	1
19	50	1
19	51	1
19	52	0
19	53	1
19	54	0
19	55	0
19	56	0
19	57	0
19	58	1
19	59	1
19	60	0
19	61	0
19	62	1
19	63	0
19	64	1
19	65	0
19	66	0
19	67	1
19	68	1
19	69	0
19	70	0
19	71	0
19	72	1
19	73	0
19	74	0
19	75	0
19	76	0
19	77	1
19	78	0
19	79	1
19	80	1
19	81	0
19	82	0
19	83	0
19	84	1
19	85	1
19	86	1
19	87	0
19	88	0
19	89	0
19	90	0
19	91	1
19	92	0
19	93	0
19	94	1
19	95	0
19	96	0
19	97	0
19	98	1
19	99	1
19	100	1
19	101	0
19	102	0
19	103	0
19	104	0
19	105	1
19	106	0
19	107	1
19	108	1
19	109	1
19	110	1
19	111	1
19	112	1
19	113	0
19	114	1
19	115	0
19	116	1
19	117	0
19	118	0
19	119	0
19	120	1
20	21	0
20	22	1
20	23	0
20	24	0
20	25	0
20	26	0
20	27	0
20	28	0
20	29	0
20	30	0
20	31	0
20	32	0
20	33	1
20	34	0
20	35	1
20	36	1
20	37	1
20	38	1
20	39	1
20	40	1
20	41	1
20	42	1
20	43	1
20	44	0
20	45	1
20	46	0
20	47	1
20	48	1
20	49	1
20	50	1
20	51	0
20	52	0
20	53	0
20	54	1
20	55	1
20	56	1
20	57	1
20	58	0
20	59	0
20	60	0
20	61	1
20	62	1
20	63	1
20	64	1
20	65	0
20	66	1
20	67	1
20	68	1
20	69	1
20	70	0
20	71	1
20	72	0
20	73	0
20	74	0
20	75	0
20	76	0
20	77	0
20	78	0
20	79	1
20	80	1
20	81	0
20	82	0
20	83	0
20	84	1
20	85	0
20	86	0
20	87	1
20	88	0
20	89	0
20	90	1
20	91	0
20	92	0
20	93	1
20	94	1
20	95	1
20	96	0
20	97	0
20	98	1
20	99	1
20	100	1
20	101	1
20	102	0
20	103	0
20	104	0
20	105	0
20	106	1
20	107	1
20	108	0
20	109	1
20	110	1
20	111	1
20	112	0
20	113	1
20	114	1
20	115	0
20	116	0
20	117	0
20	118	1
20	119	0
20	120	0
21	22	0
21	23	0
21	24	1
21	25	1
21	26	0
21	27	1
21	28	0
21	29	1
21	30	0
21	31	1
21	32	1
21	33	0
21	34	1
21	35	1
21	36	0
21	37	1
21	38	1
21	39	0
21	40	0
21	41	1
21	42	0
21	43	0
21	44	1
21	45	1
21	46	1
21	47	0
21	48	1
21	49	0
21	50	0
21	51	0
21	52	1
21	53	0
21	54	1
21	55	1
21	56	1
21	57	1
21	58	1
21	59	1
21	60	1
21	61	0
21	62	0
21	63	0
21	64	1
21	65	0
21	66	0
21	67	0
21	68	0
21	69	1
21	70	0
21	71	1
21	72	1
21	73	0
21	74	0
21	75	1
21	76	1
21	77	0
21	78	0
21	79	1
21	80	1
21	81	1
21	82	0
21	83	0
21	84	0
21	85	0
21	86	0
21	87	0
21	88	0
21	89	1
21	90	1
21	91	0
21	92	1
21	93	1
21	94	1
21	95	1
21	96	0
21	97	1
21	98	1
21	99	1
21	100	0
21	101	0
21	102	1
21	103	1
21	104	1
21	105	1
21	106	0
21	107	0
21	108	0
21	109	0
21	110	0
21	111	1
21	112	0
21	113	1
21	114	0
21	115	1
21	116	1
21	117	1
21	118	0
21	119	0
21	120	0
22	23	1
22	24	1
22	25	1
22	26	0
22	27	1
22	28	1
22	29	1
22	30	1
22	31	0
22	32	1
22	33	1
22	34	1
22	35	1
22	36	1
22	37	1
22	38	0
22	39	1
22	40	1
22	41	1
22	42	0
22	43	0
22	44	0
22	45	0
22	46	1
22	47	1
22	48	0
22	49	1
22	50	0
22	51	1
22	52	0
22	53	1
22	54	1
22	55	1
22	56	1
22	57	1
22	58	0
22	59	0
22	60	1
22	61	0
22	62	0
22	63	0
22	64	0
22	65	1
22	66	0
22	67	1
22	68	0
22	69	0
22	70	1
22	71	0
22	72	0
22	73	1
22	74	1
22	75	1
22	76	0
22	77	1
22	78	0
22	79	1
22	80	1
22	81	1
22	82	1
22	83	0
22	84	0
22	85	1
22	86	0
22	87	0
22	88	0
22	89	0
22	90	1
22	91	1
22	92	1
22	93	0
22	94	0
22	95	0
22	96	1
22	97	0
22	98	1
22	99	1
22	100	1
22	101	0
22	102	0
22	103	0
22	104	1
22	105	0
22	106	1
22	107	1
22	108	1
22	109	0
22	110	1
22	111	1
22	112	0
22	113	0
22	114	0
22	115	0
22	116	0
22	117	1
22	118	0
22	119	0
22	120	0
23	24	0
23	25	0
23	26	1
23	27	1
23	28	0
23	29	0
23	30	0
23	31	1
23	32	0
23	33	1
23	34	1
23	35	1
23	36	0
23	37	0
23	38	1
23	39	0
23	40	0
23	41	0
23	42	0
23	43	1
23	44	1
23	45	0
23	46	1
23	47	0
23	48	0
23	49	0
23	50	1
23	51	1
23	52	1
23	53	0
23	54	1
23	55	1
23	56	1
23	57	0
23	58	1
23	59	0
23	60	1
23	61	1
23	62	1
23	63	0
23	64	0
23	65	1
23	66	0
23	67	1
23	68	1
23	69	0
23	70	1
23	71	1
23	72	1
23	73	1
23	74	1
23	75	1
23	76	1
23	77	0
23	78	1
23	79	0
23	80	0
23	81	0
23	82	1
23	83	1
23	84	0
23	85	1
23	86	0
23	87	1
23	88	0
23	89	1
23	90	0
23	91	1
23	92	1
23	93	1
23	94	1
23	95	0
23	96	1
23	97	1
23	98	0
23	99	1
23	100	1
23	101	0
23	102	1
23	103	1
23	104	1
23	105	1
23	106	1
23	107	0
23	108	1
23	109	0
23	110	0
23	111	0
23	112	1
23	113	0
23	114	0
23	115	0
23	116	0
23	117	0
23	118	1
23	119	1
23	120	1
24	25	0
24	26	0
24	27	1
24	28	0
24	29	0
24	30	1
24	31	0
24	32	1
24	33	0
24	34	1
24	35	1
24	36	1
24	37	0
24	38	0
24	39	0
24	40	1
24	41	0
24	42	0
24	43	0
24	44	1
24	45	1
24	46	0
24	47	1
24	48	0
24	49	1
24	50	1
24	51	1
24	52	1
24	53	0
24	54	1
24	55	0
24	56	0
24	57	0
24	58	1
24	59	1
24	60	0
24	61	0
24	62	1
24	63	1
24	64	1
24	65	1
24	66	1
24	67	1
24	68	0
24	69	0
24	70	0
24	71	1
24	72	0
24	73	1
24	74	0
24	75	1
24	76	1
24	77	1
24	78	0
24	79	0
24	80	1
24	81	1
24	82	1
24	83	0
24	84	1
24	85	0
24	86	1
24	87	1
24	88	1
24	89	1
24	90	0
24	91	0
24	92	0
24	93	1
24	94	1
24	95	1
24	96	0
24	97	1
24	98	1
24	99	1
24	100	1
24	101	1
24	102	1
24	103	0
24	104	0
24	105	0
24	106	0
24	107	0
24	108	0
24	109	1
24	110	1
24	111	1
24	112	0
24	113	1
24	114	0
24	115	0
24	116	0
24	117	0
24	118	1
24	119	1
24	120	1
25	26	1
25	27	0
25	28	1
25	29	1
25	30	0
25	31	1
25	32	0
25	33	1
25	34	1
25	35	0
25	36	0
25	37	1
25	38	1
25	39	1
25	40	1
25	41	1
25	42	1
25	43	1
25	44	0
25	45	1
25	46	0
25	47	1
25	48	1
25	49	1
25	50	0
25	51	1
25	52	0
25	53	0
25	54	0
25	55	0
25	56	1
25	57	1
25	58	0
25	59	0
25	60	1
25	61	1
25	62	0
25	63	1
25	64	1
25	65	1
25	66	1
25	67	1
25	68	0
25	69	1
25	70	0
25	71	0
25	72	1
25	73	1
25	74	0
25	75	0
25	76	0
25	77	0
25	78	1
25	79	0
25	80	0
25	81	1
25	82	0
25	83	0
25	84	0
25	85	0
25	86	1
25	87	1
25	88	1
25	89	1
25	90	1
25	91	0
25	92	1
25	93	1
25	94	0
25	95	0
25	96	0
25	97	1
25	98	1
25	99	0
25	100	0
25	101	0
25	102	0
25	103	0
25	104	0
25	105	1
25	106	1
25	107	1
25	108	0
25	109	0
25	110	1
25	111	0
25	112	0
25	113	1
25	114	0
25	115	0
25	116	1
25	117	0
25	118	0
25	119	0
25	120	0
26	27	0
26	28	0
26	29	1
26	30	1
26	31	0
26	32	0
26	33	1
26	34	0
26	35	1
26	36	0
26	37	0
26	38	1
26	39	1
26	40	1
26	41	1
26	42	1
26	43	0
26	44	0
26	45	1
26	46	1
26	47	1
26	48	1
26	49	0
26	50	0
26	51	0
26	52	1
26	53	1
26	54	1
26	55	0
26	56	0
26	57	0
26	58	0
26	59	1
26	60	0
26	61	1
26	62	1
26	63	1
26	64	1
26	65	0
26	66	1
26	67	0
26	68	1
26	69	1
26	70	0
26	71	0
26	72	1
26	73	1
26	74	0
26	75	1
26	76	1
26	77	1
26	78	1
26	79	0
26	80	0
26	81	1
26	82	1
26	83	1
26	84	1
26	85	1
26	86	1
26	87	1
26	88	1
26	89	1
26	90	1
26	91	0
26	92	1
26	93	1
26	94	1
26	95	1
26	96	1
26	97	1
26	98	0
26	99	0
26	100	0
26	101	0
26	102	1
26	103	1
26	104	0
26	105	0
26	106	0
26	107	1
26	108	1
26	109	1
26	110	0
26	111	1
26	112	0
26	113	0
26	114	1
26	115	0
26	116	1
26	117	1
26	118	1
26	119	1
26	120	1
27	28	0
27	29	1
27	30	1
27	31	0
27	32	0
27	33	0
27	34	1
27	35	1
27	36	0
27	37	1
27	38	0
27	39	1
27	40	1
27	41	1
27	42	0
27	43	1
27	44	0
27	45	0
27	46	1
27	47	0
27	48	1
27	49	0
27	50	0
27	51	1
27	52	1
27	53	0
27	54	1
27	55	1
27	56	1
27	57	0
27	58	1
27	59	1
27	60	0
27	61	1
27	62	0
27	63	1
27	64	1
27	65	1
27	66	0
27	67	1
27	68	0
27	69	0
27	70	1
27	71	0
27	72	1
27	73	0
27	74	0
27	75	0
27	76	1
27	77	1
27	78	0
27	79	0
27	80	0
27	81	0
27	82	0
27	83	0
27	84	1
27	85	1
27	86	0
27	87	0
27	88	1
27	89	1
27	90	0
27	91	0
27	92	1
27	93	0
27	94	0
27	95	1
27	96	0
27	97	1
27	98	1
27	99	0
27	100	0
27	101	0
27	102	0
27	103	1
27	104	1
27	105	1
27	106	1
27	107	1
27	108	1
27	109	1
27	110	0
27	111	1
27	112	0
27	113	0
27	114	0
27	115	1
27	116	1
27	117	1
27	118	0
27	119	1
27	120	1
28	29	1
28	30	0
28	31	1
28	32	1
28	33	0
28	34	0
28	35	1
28	36	0
28	37	1
28	38	0
28	39	0
28	40	1
28	41	0
28	42	1
28	43	1
28	44	1
28	45	0
28	46	1
28	47	1
28	48	1
28	49	0
28	50	1
28	51	1
28	52	0
28	53	1
28	54	0
28	55	1
28	56	1
28	57	1
28	58	0
28	59	0
28	60	1
28	61	0
28	62	1
28	63	1
28	64	1
28	65	1
28	66	0
28	67	1
28	68	1
28	69	1
28	70	1
28	71	1
28	72	0
28	73	0
28	74	1
28	75	0
28	76	1
28	77	0
28	78	0
28	79	1
28	80	1
28	81	0
28	82	0
28	83	1
28	84	1
28	85	0
28	86	1
28	87	1
28	88	1
28	89	0
28	90	1
28	91	1
28	92	0
28	93	0
28	94	0
28	95	1
28	96	1
28	97	1
28	98	0
28	99	1
28	100	1
28	101	0
28	102	1
28	103	0
28	104	0
28	105	1
28	106	1
28	107	1
28	108	0
28	109	1
28	110	0
28	111	0
28	112	1
28	113	0
28	114	1
28	115	1
28	116	0
28	117	0
28	118	1
28	119	1
28	120	1
29	30	0
29	31	0
29	32	0
29	33	1
29	34	0
29	35	0
29	36	1
29	37	1
29	38	1
29	39	0
29	40	0
29	41	1
29	42	0
29	43	1
29	44	1
29	45	1
29	46	0
29	47	0
29	48	1
29	49	0
29	50	0
29	51	0
29	52	1
29	53	1
29	54	1
29	55	1
29	56	0
29	57	0
29	58	0
29	59	1
29	60	0
29	61	1
29	62	0
29	63	0
29	64	1
29	65	1
29	66	0
29	67	1
29	68	0
29	69	1
29	70	1
29	71	1
29	72	1
29	73	1
29	74	1
29	75	0
29	76	0
29	77	0
29	78	1
29	79	1
29	80	1
29	81	0
29	82	1
29	83	1
29	84	0
29	85	0
29	86	0
29	87	0
29	88	0
29	89	1
29	90	1
29	91	0
29	92	1
29	93	0
29	94	1
29	95	1
29	96	0
29	97	1
29	98	1
29	99	0
29	100	0
29	101	1
29	102	0
29	103	1
29	104	1
29	105	1
29	106	0
29	107	1
29	108	0
29	109	1
29	110	1
29	111	0
29	112	0
29	113	1
29	114	1
29	115	1
29	116	0
29	117	0
29	118	0
29	119	0
29	120	1
30	31	1
30	32	1
30	33	1
30	34	1
30	35	0
30	36	0
30	37	0
30	38	0
30	39	0
30	40	0
30	41	0
30	42	1
30	43	1
30	44	0
30	45	0
30	46	0
30	47	0
30	48	0
30	49	1
30	50	0
30	51	1
30	52	1
30	53	0
30	54	1
30	55	1
30	56	0
30	57	1
30	58	0
30	59	1
30	60	0
30	61	1
30	62	1
30	63	0
30	64	0
30	65	1
30	66	1
30	67	1
30	68	0
30	69	0
30	70	1
30	71	1
30	72	1
30	73	1
30	74	1
30	75	1
30	76	0
30	77	0
30	78	1
30	79	1
30	80	1
30	81	0
30	82	1
30	83	0
30	84	1
30	85	0
30	86	1
30	87	1
30	88	1
30	89	0
30	90	1
30	91	1
30	92	1
30	93	0
30	94	1
30	95	0
30	96	0
30	97	0
30	98	1
30	99	0
30	100	0
30	101	1
30	102	0
30	103	0
30	104	0
30	105	0
30	106	0
30	107	1
30	108	0
30	109	0
30	110	0
30	111	1
30	112	1
30	113	1
30	114	0
30	115	1
30	116	1
30	117	0
30	118	1
30	119	1
30	120	1
31	32	0
31	33	1
31	34	1
31	35	1
31	36	0
31	37	0
31	38	1
31	39	0
31	40	1
31	41	0
31	42	1
31	43	1
31	44	0
31	45	1
31	46	0
31	47	1
31	48	0
31	49	0
31	50	0
31	51	0
31	52	0
31	53	0
31	54	1
31	55	0
31	56	0
31	57	1
31	58	0
31	59	0
31	60	0
31	61	0
31	62	0
31	63	1
31	64	1
31	65	1
31	66	1
31	67	1
31	68	1
31	69	1
31	70	0
31	71	1
31	72	1
31	73	0
31	74	1
31	75	1
31	76	0
31	77	1
31	78	1
31	79	1
31	80	0
31	81	0
31	82	0
31	83	0
31	84	0
31	85	0
31	86	1
31	87	0
31	88	1
31	89	0
31	90	1
31	91	0
31	92	0
31	93	1
31	94	0
31	95	1
31	96	1
31	97	0
31	98	1
31	99	0
31	100	1
31	101	0
31	102	0
31	103	0
31	104	1
31	105	1
31	106	0
31	107	0
31	108	0
31	109	0
31	110	1
31	111	1
31	112	0
31	113	1
31	114	0
31	115	1
31	116	1
31	117	0
31	118	1
31	119	0
31	120	0
32	33	0
32	34	1
32	35	0
32	36	0
32	37	0
32	38	1
32	39	0
32	40	1
32	41	0
32	42	1
32	43	0
32	44	1
32	45	0
32	46	0
32	47	0
32	48	0
32	49	0
32	50	1
32	51	0
32	52	1
32	53	1
32	54	1
32	55	1
32	56	1
32	57	0
32	58	0
32	59	0
32	60	0
32	61	0
32	62	0
32	63	1
32	64	1
32	65	1
32	66	0
32	67	0
32	68	1
32	69	1
32	70	0
32	71	0
32	72	0
32	73	1
32	74	1
32	75	0
32	76	1
32	77	0
32	78	1
32	79	1
32	80	0
32	81	1
32	82	1
32	83	1
32	84	1
32	85	1
32	86	1
32	87	1
32	88	1
32	89	1
32	90	0
32	91	0
32	92	1
32	93	0
32	94	1
32	95	0
32	96	1
32	97	0
32	98	0
32	99	0
32	100	1
32	101	0
32	102	0
32	103	0
32	104	1
32	105	0
32	106	0
32	107	1
32	108	1
32	109	0
32	110	1
32	111	1
32	112	1
32	113	1
32	114	0
32	115	1
32	116	0
32	117	0
32	118	1
32	119	1
32	120	1
33	34	0
33	35	0
33	36	0
33	37	1
33	38	0
33	39	0
33	40	1
33	41	0
33	42	1
33	43	1
33	44	1
33	45	1
33	46	1
33	47	0
33	48	1
33	49	1
33	50	0
33	51	0
33	52	1
33	53	1
33	54	1
33	55	1
33	56	1
33	57	0
33	58	1
33	59	1
33	60	1
33	61	1
33	62	0
33	63	0
33	64	0
33	65	0
33	66	0
33	67	1
33	68	0
33	69	0
33	70	1
33	71	0
33	72	1
33	73	0
33	74	1
33	75	1
33	76	1
33	77	1
33	78	1
33	79	1
33	80	0
33	81	0
33	82	0
33	83	0
33	84	0
33	85	1
33	86	0
33	87	0
33	88	0
33	89	0
33	90	0
33	91	1
33	92	0
33	93	0
33	94	0
33	95	1
33	96	0
33	97	1
33	98	1
33	99	0
33	100	1
33	101	1
33	102	1
33	103	0
33	104	0
33	105	0
33	106	1
33	107	1
33	108	1
33	109	1
33	110	0
33	111	0
33	112	0
33	113	1
33	114	1
33	115	1
33	116	1
33	117	1
33	118	0
33	119	1
33	120	0
34	35	1
34	36	0
34	37	1
34	38	1
34	39	0
34	40	0
34	41	1
34	42	1
34	43	0
34	44	0
34	45	1
34	46	1
34	47	1
34	48	1
34	49	0
34	50	1
34	51	1
34	52	1
34	53	0
34	54	0
34	55	0
34	56	0
34	57	0
34	58	1
34	59	0
34	60	0
34	61	0
34	62	1
34	63	1
34	64	0
34	65	0
34	66	0
34	67	0
34	68	1
34	69	0
34	70	1
34	71	0
34	72	0
34	73	0
34	74	0
34	75	1
34	76	0
34	77	0
34	78	1
34	79	1
34	80	0
34	81	0
34	82	1
34	83	1
34	84	1
34	85	1
34	86	1
34	87	1
34	88	0
34	89	1
34	90	0
34	91	0
34	92	1
34	93	0
34	94	1
34	95	0
34	96	0
34	97	0
34	98	1
34	99	0
34	100	1
34	101	1
34	102	0
34	103	0
34	104	1
34	105	0
34	106	0
34	107	0
34	108	1
34	109	0
34	110	0
34	111	0
34	112	0
34	113	0
34	114	1
34	115	1
34	116	0
34	117	0
34	118	1
34	119	0
34	120	1
35	36	1
35	37	0
35	38	0
35	39	1
35	40	1
35	41	0
35	42	1
35	43	1
35	44	1
35	45	0
35	46	0
35	47	1
35	48	1
35	49	0
35	50	1
35	51	1
35	52	0
35	53	1
35	54	0
35	55	0
35	56	1
35	57	0
35	58	1
35	59	1
35	60	1
35	61	0
35	62	1
35	63	0
35	64	0
35	65	1
35	66	1
35	67	1
35	68	0
35	69	1
35	70	0
35	71	0
35	72	1
35	73	0
35	74	0
35	75	0
35	76	0
35	77	0
35	78	1
35	79	0
35	80	0
35	81	0
35	82	0
35	83	0
35	84	1
35	85	1
35	86	0
35	87	1
35	88	1
35	89	1
35	90	0
35	91	1
35	92	1
35	93	0
35	94	0
35	95	1
35	96	1
35	97	0
35	98	1
35	99	0
35	100	0
35	101	0
35	102	0
35	103	1
35	104	0
35	105	0
35	106	0
35	107	1
35	108	0
35	109	0
35	110	0
35	111	0
35	112	0
35	113	0
35	114	0
35	115	0
35	116	1
35	117	0
35	118	0
35	119	1
35	120	1
36	37	1
36	38	0
36	39	0
36	40	0
36	41	1
36	42	0
36	43	1
36	44	1
36	45	0
36	46	1
36	47	0
36	48	0
36	49	1
36	50	0
36	51	0
36	52	1
36	53	1
36	54	0
36	55	0
36	56	1
36	57	1
36	58	1
36	59	1
36	60	1
36	61	1
36	62	0
36	63	0
36	64	0
36	65	1
36	66	1
36	67	1
36	68	0
36	69	1
36	70	0
36	71	0
36	72	0
36	73	0
36	74	0
36	75	1
36	76	0
36	77	1
36	78	1
36	79	1
36	80	1
36	81	1
36	82	1
36	83	1
36	84	1
36	85	1
36	86	1
36	87	0
36	88	1
36	89	1
36	90	0
36	91	1
36	92	1
36	93	1
36	94	1
36	95	0
36	96	1
36	97	0
36	98	1
36	99	0
36	100	1
36	101	0
36	102	1
36	103	1
36	104	1
36	105	1
36	106	0
36	107	0
36	108	0
36	109	1
36	110	1
36	111	1
36	112	0
36	113	0
36	114	1
36	115	1
36	116	0
36	117	0
36	118	1
36	119	0
36	120	0
37	38	0
37	39	1
37	40	0
37	41	1
37	42	1
37	43	1
37	44	0
37	45	1
37	46	1
37	47	0
37	48	0
37	49	0
37	50	1
37	51	1
37	52	0
37	53	0
37	54	1
37	55	1
37	56	1
37	57	0
37	58	1
37	59	1
37	60	1
37	61	0
37	62	1
37	63	1
37	64	1
37	65	1
37	66	1
37	67	1
37	68	1
37	69	1
37	70	0
37	71	0
37	72	1
37	73	1
37	74	0
37	75	1
37	76	0
37	77	0
37	78	0
37	79	0
37	80	1
37	81	0
37	82	1
37	83	1
37	84	0
37	85	1
37	86	1
37	87	0
37	88	1
37	89	1
37	90	0
37	91	1
37	92	1
37	93	0
37	94	1
37	95	0
37	96	0
37	97	1
37	98	0
37	99	1
37	100	0
37	101	0
37	102	1
37	103	0
37	104	1
37	105	1
37	106	1
37	107	1
37	108	0
37	109	1
37	110	0
37	111	0
37	112	1
37	113	1
37	114	1
37	115	0
37	116	1
37	117	0
37	118	0
37	119	0
37	120	1
38	39	0
38	40	1
38	41	1
38	42	1
38	43	1
38	44	1
38	45	0
38	46	0
38	47	0
38	48	0
38	49	1
38	50	0
38	51	0
38	52	1
38	53	1
38	54	1
38	55	0
38	56	0
38	57	1
38	58	1
38	59	1
38	60	1
38	61	1
38	62	0
38	63	0
38	64	1
38	65	0
38	66	0
38	67	1
38	68	1
38	69	0
38	70	1
38	71	0
38	72	1
38	73	0
38	74	0
38	75	0
38	76	0
38	77	0
38	78	1
38	79	1
38	80	1
38	81	1
38	82	1
38	83	0
38	84	0
38	85	0
38	86	1
38	87	0
38	88	0
38	89	0
38	90	1
38	91	0
38	92	0
38	93	1
38	94	1
38	95	1
38	96	1
38	97	0
38	98	1
38	99	0
38	100	0
38	101	0
38	102	1
38	103	1
38	104	1
38	105	0
38	106	0
38	107	1
38	108	1
38	109	0
38	110	0
38	111	0
38	112	0
38	113	1
38	114	0
38	115	0
38	116	1
38	117	0
38	118	1
38	119	0
38	120	1
39	40	1
39	41	1
39	42	0
39	43	1
39	44	0
39	45	0
39	46	1
39	47	0
39	48	1
39	49	1
39	50	0
39	51	1
39	52	1
39	53	0
39	54	1
39	55	1
39	56	0
39	57	1
39	58	0
39	59	0
39	60	1
39	61	0
39	62	1
39	63	0
39	64	1
39	65	1
39	66	0
39	67	0
39	68	0
39	69	1
39	70	1
39	71	1
39	72	0
39	73	0
39	74	0
39	75	1
39	76	1
39	77	0
39	78	1
39	79	1
39	80	1
39	81	0
39	82	1
39	83	0
39	84	0
39	85	0
39	86	1
39	87	1
39	88	1
39	89	1
39	90	1
39	91	0
39	92	0
39	93	1
39	94	1
39	95	1
39	96	1
39	97	1
39	98	0
39	99	0
39	100	0
39	101	1
39	102	0
39	103	1
39	104	1
39	105	1
39	106	1
39	107	0
39	108	1
39	109	0
39	110	1
39	111	0
39	112	0
39	113	1
39	114	1
39	115	0
39	116	0
39	117	1
39	118	1
39	119	1
39	120	0
40	41	1
40	42	1
40	43	0
40	44	0
40	45	1
40	46	1
40	47	1
40	48	0
40	49	0
40	50	1
40	51	1
40	52	1
40	53	0
40	54	0
40	55	0
40	56	0
40	57	1
40	58	0
40	59	1
40	60	0
40	61	1
40	62	0
40	63	0
40	64	0
40	65	1
40	66	0
40	67	0
40	68	1
40	69	0
40	70	1
40	71	1
40	72	1
40	73	1
40	74	1
40	75	1
40	76	1
40	77	1
40	78	0
40	79	0
40	80	0
40	81	1
40	82	1
40	83	1
40	84	1
40	85	0
40	86	1
40	87	1
40	88	0
40	89	0
40	90	1
40	91	1
40	92	0
40	93	0
40	94	1
40	95	1
40	96	0
40	97	1
40	98	1
40	99	1
40	100	1
40	101	0
40	102	0
40	103	1
40	104	1
40	105	1
40	106	1
40	107	1
40	108	0
40	109	0
40	110	0
40	111	0
40	112	0
40	113	0
40	114	0
40	115	0
40	116	1
40	117	1
40	118	0
40	119	1
40	120	0
41	42	0
41	43	0
41	44	1
41	45	1
41	46	1
41	47	0
41	48	0
41	49	0
41	50	0
41	51	0
41	52	1
41	53	0
41	54	1
41	55	1
41	56	1
41	57	1
41	58	1
41	59	0
41	60	1
41	61	1
41	62	1
41	63	0
41	64	0
41	65	1
41	66	0
41	67	1
41	68	1
41	69	1
41	70	0
41	71	1
41	72	0
41	73	1
41	74	1
41	75	0
41	76	1
41	77	1
41	78	0
41	79	0
41	80	0
41	81	1
41	82	1
41	83	1
41	84	0
41	85	0
41	86	1
41	87	0
41	88	1
41	89	1
41	90	0
41	91	0
41	92	0
41	93	0
41	94	0
41	95	1
41	96	1
41	97	1
41	98	1
41	99	1
41	100	0
41	101	0
41	102	1
41	103	0
41	104	1
41	105	1
41	106	1
41	107	1
41	108	1
41	109	1
41	110	0
41	111	0
41	112	0
41	113	1
41	114	1
41	115	1
41	116	0
41	117	1
41	118	0
41	119	1
41	120	0
42	43	0
42	44	0
42	45	1
42	46	0
42	47	0
42	48	0
42	49	0
42	50	0
42	51	0
42	52	0
42	53	1
42	54	0
42	55	1
42	56	0
42	57	0
42	58	0
42	59	1
42	60	0
42	61	0
42	62	1
42	63	1
42	64	1
42	65	1
42	66	1
42	67	0
42	68	0
42	69	1
42	70	1
42	71	0
42	72	1
42	73	1
42	74	0
42	75	1
42	76	1
42	77	0
42	78	0
42	79	0
42	80	1
42	81	1
42	82	1
42	83	0
42	84	1
42	85	0
42	86	1
42	87	0
42	88	1
42	89	1
42	90	0
42	91	0
42	92	0
42	93	1
42	94	1
42	95	0
42	96	1
42	97	0
42	98	1
42	99	1
42	100	0
42	101	0
42	102	0
42	103	0
42	104	0
42	105	1
42	106	0
42	107	1
42	108	1
42	109	0
42	110	0
42	111	0
42	112	0
42	113	0
42	114	0
42	115	1
42	116	1
42	117	0
42	118	1
42	119	1
42	120	0
43	44	0
43	45	0
43	46	0
43	47	1
43	48	1
43	49	1
43	50	0
43	51	0
43	52	1
43	53	1
43	54	0
43	55	1
43	56	1
43	57	1
43	58	1
43	59	0
43	60	0
43	61	1
43	62	0
43	63	1
43	64	0
43	65	1
43	66	1
43	67	1
43	68	1
43	69	1
43	70	1
43	71	1
43	72	0
43	73	1
43	74	0
43	75	0
43	76	1
43	77	0
43	78	1
43	79	0
43	80	1
43	81	1
43	82	0
43	83	0
43	84	1
43	85	0
43	86	1
43	87	0
43	88	1
43	89	1
43	90	1
43	91	0
43	92	1
43	93	0
43	94	1
43	95	1
43	96	1
43	97	0
43	98	1
43	99	1
43	100	0
43	101	1
43	102	1
43	103	1
43	104	1
43	105	1
43	106	0
43	107	0
43	108	0
43	109	1
43	110	1
43	111	1
43	112	0
43	113	1
43	114	1
43	115	1
43	116	0
43	117	0
43	118	1
43	119	1
43	120	0
44	45	1
44	46	0
44	47	1
44	48	1
44	49	0
44	50	1
44	51	1
44	52	0
44	53	0
44	54	1
44	55	1
44	56	1
44	57	1
44	58	0
44	59	1
44	60	0
44	61	0
44	62	0
44	63	1
44	64	1
44	65	0
44	66	0
44	67	1
44	68	0
44	69	1
44	70	1
44	71	1
44	72	1
44	73	1
44	74	0
44	75	1
44	76	1
44	77	1
44	78	0
44	79	1
44	80	1
44	81	1
44	82	0
44	83	1
44	84	1
44	85	0
44	86	1
44	87	0
44	88	0
44	89	1
44	90	1
44	91	1
44	92	1
44	93	1
44	94	1
44	95	0
44	96	1
44	97	0
44	98	1
44	99	0
44	100	0
44	101	0
44	102	0
44	103	1
44	104	1
44	105	1
44	106	1
44	107	1
44	108	0
44	109	1
44	110	0
44	111	1
44	112	1
44	113	0
44	114	0
44	115	0
44	116	1
44	117	1
44	118	0
44	119	1
44	120	0
45	46	0
45	47	1
45	48	0
45	49	0
45	50	1
45	51	0
45	52	0
45	53	1
45	54	0
45	55	0
45	56	1
45	57	1
45	58	1
45	59	1
45	60	0
45	61	0
45	62	1
45	63	1
45	64	1
45	65	0
45	66	0
45	67	0
45	68	1
45	69	0
45	70	1
45	71	1
45	72	1
45	73	0
45	74	0
45	75	0
45	76	0
45	77	0
45	78	1
45	79	1
45	80	0
45	81	0
45	82	1
45	83	0
45	84	0
45	85	0
45	86	0
45	87	0
45	88	1
45	89	0
45	90	0
45	91	0
45	92	0
45	93	0
45	94	0
45	95	1
45	96	1
45	97	0
45	98	0
45	99	1
45	100	1
45	101	1
45	102	1
45	103	0
45	104	1
45	105	1
45	106	0
45	107	1
45	108	1
45	109	1
45	110	1
45	111	1
45	112	1
45	113	0
45	114	0
45	115	0
45	116	0
45	117	0
45	118	0
45	119	0
45	120	1
46	47	1
46	48	0
46	49	1
46	50	1
46	51	1
46	52	0
46	53	1
46	54	1
46	55	0
46	56	1
46	57	1
46	58	0
46	59	0
46	60	1
46	61	0
46	62	0
46	63	1
46	64	1
46	65	0
46	66	0
46	67	1
46	68	1
46	69	0
46	70	0
46	71	0
46	72	1
46	73	1
46	74	0
46	75	0
46	76	0
46	77	1
46	78	0
46	79	1
46	80	1
46	81	0
46	82	0
46	83	1
46	84	0
46	85	0
46	86	1
46	87	1
46	88	1
46	89	0
46	90	1
46	91	1
46	92	1
46	93	0
46	94	1
46	95	0
46	96	1
46	97	1
46	98	0
46	99	0
46	100	1
46	101	0
46	102	0
46	103	1
46	104	0
46	105	0
46	106	0
46	107	1
46	108	1
46	109	1
46	110	1
46	111	0
46	112	1
46	113	1
46	114	1
46	115	1
46	116	1
46	117	0
46	118	0
46	119	0
46	120	0
47	48	1
47	49	0
47	50	1
47	51	0
47	52	0
47	53	1
47	54	0
47	55	0
47	56	0
47	57	1
47	58	0
47	59	1
47	60	1
47	61	0
47	62	1
47	63	0
47	64	1
47	65	1
47	66	0
47	67	1
47	68	1
47	69	1
47	70	1
47	71	0
47	72	0
47	73	0
47	74	1
47	75	1
47	76	1
47	77	0
47	78	0
47	79	0
47	80	0
47	81	1
47	82	1
47	83	0
47	84	1
47	85	0
47	86	1
47	87	0
47	88	0
47	89	0
47	90	0
47	91	0
47	92	0
47	93	0
47	94	1
47	95	0
47	96	1
47	97	1
47	98	1
47	99	0
47	100	0
47	101	1
47	102	0
47	103	0
47	104	0
47	105	1
47	106	1
47	107	0
47	108	1
47	109	0
47	110	1
47	111	0
47	112	1
47	113	1
47	114	1
47	115	0
47	116	1
47	117	1
47	118	1
47	119	1
47	120	0
48	49	1
48	50	0
48	51	0
48	52	1
48	53	0
48	54	1
48	55	0
48	56	0
48	57	1
48	58	0
48	59	0
48	60	1
48	61	0
48	62	0
48	63	1
48	64	0
48	65	1
48	66	0
48	67	1
48	68	0
48	69	0
48	70	0
48	71	0
48	72	1
48	73	1
48	74	1
48	75	0
48	76	1
48	77	0
48	78	0
48	79	0
48	80	1
48	81	1
48	82	0
48	83	0
48	84	0
48	85	0
48	86	1
48	87	1
48	88	0
48	89	1
48	90	1
48	91	1
48	92	1
48	93	1
48	94	0
48	95	0
48	96	1
48	97	1
48	98	0
48	99	1
48	100	0
48	101	0
48	102	1
48	103	1
48	104	0
48	105	0
48	106	0
48	107	0
48	108	0
48	109	0
48	110	1
48	111	1
48	112	1
48	113	0
48	114	0
48	115	1
48	116	0
48	117	0
48	118	0
48	119	1
48	120	1
49	50	0
49	51	0
49	52	1
49	53	0
49	54	0
49	55	0
49	56	0
49	57	0
49	58	1
49	59	1
49	60	1
49	61	0
49	62	0
49	63	0
49	64	1
49	65	1
49	66	1
49	67	1
49	68	0
49	69	0
49	70	0
49	71	0
49	72	1
49	73	0
49	74	0
49	75	1
49	76	0
49	77	1
49	78	0
49	79	1
49	80	1
49	81	0
49	82	1
49	83	1
49	84	1
49	85	0
49	86	0
49	87	0
49	88	1
49	89	0
49	90	0
49	91	0
49	92	0
49	93	0
49	94	0
49	95	1
49	96	0
49	97	0
49	98	0
49	99	1
49	100	0
49	101	1
49	102	0
49	103	1
49	104	0
49	105	0
49	106	1
49	107	0
49	108	0
49	109	0
49	110	0
49	111	1
49	112	1
49	113	1
49	114	1
49	115	0
49	116	1
49	117	1
49	118	1
49	119	1
49	120	1
50	51	1
50	52	1
50	53	0
50	54	0
50	55	1
50	56	1
50	57	1
50	58	0
50	59	0
50	60	0
50	61	1
50	62	1
50	63	0
50	64	0
50	65	1
50	66	1
50	67	1
50	68	1
50	69	1
50	70	0
50	71	0
50	72	0
50	73	1
50	74	1
50	75	0
50	76	1
50	77	1
50	78	1
50	79	0
50	80	1
50	81	0
50	82	0
50	83	0
50	84	0
50	85	1
50	86	1
50	87	0
50	88	0
50	89	0
50	90	0
50	91	0
50	92	1
50	93	1
50	94	1
50	95	0
50	96	0
50	97	1
50	98	1
50	99	0
50	100	1
50	101	0
50	102	0
50	103	0
50	104	1
50	105	1
50	106	1
50	107	1
50	108	0
50	109	0
50	110	1
50	111	0
50	112	1
50	113	1
50	114	1
50	115	1
50	116	0
50	117	1
50	118	0
50	119	1
50	120	0
51	52	0
51	53	0
51	54	0
51	55	1
51	56	0
51	57	0
51	58	0
51	59	0
51	60	0
51	61	0
51	62	1
51	63	1
51	64	0
51	65	1
51	66	0
51	67	0
51	68	1
51	69	1
51	70	0
51	71	0
51	72	0
51	73	0
51	74	0
51	75	0
51	76	0
51	77	0
51	78	1
51	79	1
51	80	1
51	81	0
51	82	1
51	83	1
51	84	1
51	85	0
51	86	0
51	87	1
51	88	0
51	89	1
51	90	0
51	91	1
51	92	0
51	93	1
51	94	0
51	95	0
51	96	0
51	97	0
51	98	1
51	99	0
51	100	0
51	101	1
51	102	1
51	103	1
51	104	0
51	105	1
51	106	0
51	107	0
51	108	1
51	109	0
51	110	1
51	111	1
51	112	0
51	113	0
51	114	1
51	115	1
51	116	0
51	117	0
51	118	1
51	119	0
51	120	0
52	53	0
52	54	1
52	55	0
52	56	1
52	57	0
52	58	1
52	59	1
52	60	1
52	61	1
52	62	1
52	63	1
52	64	0
52	65	0
52	66	1
52	67	0
52	68	0
52	69	0
52	70	1
52	71	1
52	72	1
52	73	0
52	74	0
52	75	0
52	76	0
52	77	0
52	78	1
52	79	0
52	80	0
52	81	0
52	82	0
52	83	1
52	84	1
52	85	1
52	86	1
52	87	0
52	88	1
52	89	1
52	90	0
52	91	0
52	92	1
52	93	1
52	94	0
52	95	0
52	96	1
52	97	1
52	98	0
52	99	1
52	100	1
52	101	0
52	102	0
52	103	0
52	104	0
52	105	1
52	106	0
52	107	1
52	108	0
52	109	0
52	110	0
52	111	1
52	112	1
52	113	0
52	114	1
52	115	1
52	116	1
52	117	0
52	118	1
52	119	1
52	120	1
53	54	1
53	55	1
53	56	1
53	57	0
53	58	1
53	59	0
53	60	0
53	61	1
53	62	1
53	63	1
53	64	1
53	65	0
53	66	0
53	67	0
53	68	1
53	69	0
53	70	0
53	71	0
53	72	0
53	73	1
53	74	1
53	75	0
53	76	1
53	77	1
53	78	0
53	79	0
53	80	0
53	81	0
53	82	0
53	83	1
53	84	0
53	85	1
53	86	1
53	87	1
53	88	1
53	89	0
53	90	0
53	91	1
53	92	1
53	93	1
53	94	0
53	95	1
53	96	0
53	97	0
53	98	0
53	99	0
53	100	0
53	101	1
53	102	0
53	103	1
53	104	1
53	105	0
53	106	1
53	107	1
53	108	0
53	109	1
53	110	0
53	111	1
53	112	1
53	113	1
53	114	1
53	115	1
53	116	0
53	117	0
53	118	1
53	119	1
53	120	1
54	55	0
54	56	1
54	57	1
54	58	0
54	59	0
54	60	1
54	61	0
54	62	0
54	63	0
54	64	0
54	65	0
54	66	0
54	67	0
54	68	0
54	69	0
54	70	1
54	71	0
54	72	0
54	73	1
54	74	0
54	75	1
54	76	0
54	77	0
54	78	1
54	79	1
54	80	0
54	81	0
54	82	1
54	83	0
54	84	1
54	85	0
54	86	0
54	87	0
54	88	1
54	89	1
54	90	0
54	91	0
54	92	0
54	93	1
54	94	1
54	95	0
54	96	0
54	97	0
54	98	1
54	99	0
54	100	0
54	101	0
54	102	1
54	103	0
54	104	0
54	105	1
54	106	0
54	107	1
54	108	0
54	109	0
54	110	0
54	111	0
54	112	0
54	113	1
54	114	0
54	115	0
54	116	0
54	117	0
54	118	0
54	119	0
54	120	1
55	56	0
55	57	1
55	58	0
55	59	1
55	60	1
55	61	0
55	62	1
55	63	1
55	64	1
55	65	1
55	66	1
55	67	0
55	68	0
55	69	1
55	70	1
55	71	1
55	72	1
55	73	0
55	74	0
55	75	1
55	76	1
55	77	0
55	78	1
55	79	1
55	80	0
55	81	0
55	82	1
55	83	1
55	84	0
55	85	0
55	86	1
55	87	1
55	88	1
55	89	1
55	90	0
55	91	1
55	92	0
55	93	1
55	94	1
55	95	0
55	96	1
55	97	1
55	98	0
55	99	1
55	100	0
55	101	1
55	102	1
55	103	1
55	104	1
55	105	1
55	106	1
55	107	0
55	108	0
55	109	0
55	110	0
55	111	1
55	112	0
55	113	1
55	114	1
55	115	1
55	116	1
55	117	0
55	118	1
55	119	1
55	120	0
56	57	1
56	58	1
56	59	1
56	60	0
56	61	0
56	62	1
56	63	1
56	64	0
56	65	1
56	66	1
56	67	1
56	68	1
56	69	0
56	70	0
56	71	1
56	72	1
56	73	0
56	74	1
56	75	1
56	76	0
56	77	1
56	78	1
56	79	1
56	80	0
56	81	0
56	82	0
56	83	1
56	84	1
56	85	1
56	86	1
56	87	0
56	88	0
56	89	1
56	90	1
56	91	0
56	92	1
56	93	1
56	94	0
56	95	1
56	96	0
56	97	0
56	98	0
56	99	1
56	100	1
56	101	1
56	102	0
56	103	1
56	104	0
56	105	0
56	106	1
56	107	0
56	108	1
56	109	0
56	110	0
56	111	0
56	112	1
56	113	0
56	114	1
56	115	0
56	116	0
56	117	1
56	118	1
56	119	1
56	120	1
57	58	0
57	59	1
57	60	1
57	61	1
57	62	0
57	63	1
57	64	1
57	65	0
57	66	1
57	67	0
57	68	1
57	69	1
57	70	1
57	71	1
57	72	1
57	73	0
57	74	0
57	75	0
57	76	0
57	77	1
57	78	1
57	79	0
57	80	1
57	81	0
57	82	1
57	83	0
57	84	1
57	85	0
57	86	0
57	87	0
57	88	1
57	89	0
57	90	1
57	91	1
57	92	1
57	93	1
57	94	1
57	95	0
57	96	1
57	97	1
57	98	1
57	99	0
57	100	0
57	101	0
57	102	0
57	103	0
57	104	1
57	105	1
57	106	1
57	107	1
57	108	0
57	109	0
57	110	1
57	111	1
57	112	0
57	113	1
57	114	0
57	115	1
57	116	0
57	117	1
57	118	0
57	119	1
57	120	1
58	59	1
58	60	0
58	61	1
58	62	0
58	63	1
58	64	1
58	65	1
58	66	1
58	67	1
58	68	0
58	69	0
58	70	0
58	71	1
58	72	1
58	73	0
58	74	0
58	75	1
58	76	1
58	77	0
58	78	0
58	79	1
58	80	1
58	81	0
58	82	1
58	83	0
58	84	0
58	85	1
58	86	0
58	87	1
58	88	0
58	89	0
58	90	1
58	91	0
58	92	0
58	93	1
58	94	1
58	95	1
58	96	0
58	97	1
58	98	0
58	99	0
58	100	1
58	101	0
58	102	0
58	103	1
58	104	0
58	105	0
58	106	0
58	107	0
58	108	0
58	109	1
58	110	1
58	111	1
58	112	0
58	113	1
58	114	0
58	115	0
58	116	1
58	117	1
58	118	1
58	119	0
58	120	1
59	60	1
59	61	0
59	62	1
59	63	0
59	64	0
59	65	1
59	66	1
59	67	1
59	68	1
59	69	1
59	70	0
59	71	0
59	72	0
59	73	0
59	74	1
59	75	0
59	76	1
59	77	0
59	78	0
59	79	0
59	80	0
59	81	0
59	82	0
59	83	1
59	84	1
59	85	1
59	86	1
59	87	1
59	88	1
59	89	0
59	90	0
59	91	1
59	92	1
59	93	1
59	94	0
59	95	0
59	96	0
59	97	1
59	98	1
59	99	1
59	100	1
59	101	0
59	102	0
59	103	0
59	104	0
59	105	0
59	106	1
59	107	0
59	108	0
59	109	1
59	110	1
59	111	0
59	112	0
59	113	1
59	114	0
59	115	0
59	116	0
59	117	0
59	118	1
59	119	0
59	120	0
60	61	1
60	62	0
60	63	0
60	64	0
60	65	1
60	66	1
60	67	0
60	68	1
60	69	1
60	70	0
60	71	1
60	72	1
60	73	0
60	74	1
60	75	0
60	76	1
60	77	1
60	78	0
60	79	0
60	80	0
60	81	0
60	82	1
60	83	1
60	84	1
60	85	1
60	86	0
60	87	1
60	88	1
60	89	0
60	90	0
60	91	0
60	92	1
60	93	1
60	94	1
60	95	0
60	96	1
60	97	1
60	98	1
60	99	0
60	100	1
60	101	1
60	102	1
60	103	1
60	104	0
60	105	0
60	106	1
60	107	0
60	108	0
60	109	1
60	110	0
60	111	1
60	112	1
60	113	1
60	114	1
60	115	1
60	116	1
60	117	1
60	118	1
60	119	0
60	120	0
61	62	0
61	63	1
61	64	1
61	65	1
61	66	0
61	67	0
61	68	0
61	69	1
61	70	1
61	71	0
61	72	0
61	73	0
61	74	1
61	75	0
61	76	1
61	77	0
61	78	0
61	79	1
61	80	1
61	81	0
61	82	0
61	83	1
61	84	1
61	85	0
61	86	1
61	87	1
61	88	0
61	89	1
61	90	0
61	91	1
61	92	1
61	93	1
61	94	0
61	95	1
61	96	1
61	97	1
61	98	0
61	99	1
61	100	0
61	101	0
61	102	1
61	103	1
61	104	1
61	105	1
61	106	0
61	107	0
61	108	0
61	109	0
61	110	0
61	111	1
61	112	0
61	113	0
61	114	1
61	115	1
61	116	1
61	117	0
61	118	1
61	119	1
61	120	0
62	63	1
62	64	1
62	65	0
62	66	0
62	67	0
62	68	1
62	69	0
62	70	0
62	71	1
62	72	1
62	73	0
62	74	0
62	75	1
62	76	1
62	77	0
62	78	0
62	79	0
62	80	0
62	81	0
62	82	0
62	83	1
62	84	0
62	85	0
62	86	0
62	87	0
62	88	1
62	89	0
62	90	0
62	91	1
62	92	1
62	93	0
62	94	0
62	95	1
62	96	1
62	97	0
62	98	0
62	99	1
62	100	1
62	101	1
62	102	0
62	103	1
62	104	0
62	105	0
62	106	1
62	107	0
62	108	0
62	109	0
62	110	1
62	111	0
62	112	0
62	113	1
62	114	1
62	115	1
62	116	0
62	117	1
62	118	1
62	119	1
62	120	1
63	64	0
63	65	1
63	66	0
63	67	1
63	68	1
63	69	1
63	70	0
63	71	1
63	72	1
63	73	1
63	74	1
63	75	0
63	76	0
63	77	1
63	78	0
63	79	1
63	80	0
63	81	1
63	82	1
63	83	1
63	84	1
63	85	1
63	86	0
63	87	1
63	88	0
63	89	1
63	90	0
63	91	1
63	92	1
63	93	1
63	94	1
63	95	1
63	96	1
63	97	1
63	98	1
63	99	1
63	100	1
63	101	1
63	102	1
63	103	1
63	104	0
63	105	0
63	106	0
63	107	1
63	108	1
63	109	0
63	110	0
63	111	0
63	112	0
63	113	1
63	114	1
63	115	1
63	116	0
63	117	1
63	118	0
63	119	0
63	120	1
64	65	1
64	66	0
64	67	0
64	68	1
64	69	0
64	70	0
64	71	0
64	72	1
64	73	1
64	74	0
64	75	0
64	76	0
64	77	1
64	78	0
64	79	1
64	80	1
64	81	0
64	82	0
64	83	1
64	84	0
64	85	1
64	86	0
64	87	1
64	88	0
64	89	0
64	90	0
64	91	1
64	92	0
64	93	1
64	94	0
64	95	1
64	96	1
64	97	1
64	98	1
64	99	1
64	100	1
64	101	0
64	102	0
64	103	1
64	104	1
64	105	0
64	106	0
64	107	1
64	108	0
64	109	0
64	110	0
64	111	1
64	112	0
64	113	1
64	114	0
64	115	1
64	116	0
64	117	0
64	118	1
64	119	1
64	120	1
65	66	1
65	67	1
65	68	1
65	69	1
65	70	0
65	71	1
65	72	0
65	73	1
65	74	0
65	75	0
65	76	0
65	77	1
65	78	0
65	79	1
65	80	1
65	81	1
65	82	1
65	83	1
65	84	0
65	85	1
65	86	1
65	87	1
65	88	1
65	89	1
65	90	1
65	91	1
65	92	0
65	93	1
65	94	1
65	95	1
65	96	0
65	97	0
65	98	1
65	99	0
65	100	0
65	101	0
65	102	0
65	103	0
65	104	1
65	105	0
65	106	1
65	107	0
65	108	0
65	109	0
65	110	0
65	111	1
65	112	1
65	113	0
65	114	1
65	115	0
65	116	1
65	117	0
65	118	1
65	119	0
65	120	0
66	67	1
66	68	1
66	69	1
66	70	0
66	71	1
66	72	1
66	73	0
66	74	1
66	75	1
66	76	1
66	77	0
66	78	1
66	79	0
66	80	1
66	81	1
66	82	1
66	83	1
66	84	1
66	85	0
66	86	1
66	87	0
66	88	1
66	89	1
66	90	1
66	91	1
66	92	0
66	93	0
66	94	1
66	95	1
66	96	0
66	97	1
66	98	1
66	99	1
66	100	0
66	101	1
66	102	1
66	103	0
66	104	0
66	105	1
66	106	0
66	107	0
66	108	0
66	109	1
66	110	1
66	111	0
66	112	1
66	113	0
66	114	0
66	115	1
66	116	0
66	117	0
66	118	0
66	119	1
66	120	0
67	68	0
67	69	0
67	70	0
67	71	1
67	72	1
67	73	1
67	74	1
67	75	0
67	76	1
67	77	0
67	78	0
67	79	1
67	80	1
67	81	1
67	82	1
67	83	1
67	84	1
67	85	0
67	86	0
67	87	0
67	88	1
67	89	1
67	90	1
67	91	1
67	92	1
67	93	1
67	94	1
67	95	1
67	96	0
67	97	0
67	98	1
67	99	1
67	100	0
67	101	1
67	102	0
67	103	1
67	104	0
67	105	0
67	106	1
67	107	1
67	108	0
67	109	1
67	110	1
67	111	1
67	112	0
67	113	1
67	114	0
67	115	0
67	116	0
67	117	0
67	118	1
67	119	0
67	120	1
68	69	1
68	70	1
68	71	0
68	72	0
68	73	1
68	74	1
68	75	0
68	76	0
68	77	0
68	78	1
68	79	1
68	80	0
68	81	1
68	82	0
68	83	1
68	84	0
68	85	0
68	86	1
68	87	0
68	88	0
68	89	1
68	90	0
68	91	1
68	92	1
68	93	1
68	94	1
68	95	0
68	96	0
68	97	0
68	98	0
68	99	0
68	100	1
68	101	1
68	102	0
68	103	0
68	104	1
68	105	0
68	106	0
68	107	0
68	108	1
68	109	1
68	110	0
68	111	0
68	112	1
68	113	1
68	114	0
68	115	0
68	116	1
68	117	0
68	118	1
68	119	0
68	120	1
69	70	1
69	71	1
69	72	1
69	73	1
69	74	1
69	75	1
69	76	0
69	77	0
69	78	0
69	79	0
69	80	0
69	81	0
69	82	0
69	83	1
69	84	0
69	85	0
69	86	1
69	87	0
69	88	1
69	89	0
69	90	1
69	91	0
69	92	0
69	93	1
69	94	1
69	95	0
69	96	0
69	97	1
69	98	1
69	99	0
69	100	0
69	101	0
69	102	1
69	103	1
69	104	0
69	105	0
69	106	1
69	107	1
69	108	1
69	109	1
69	110	0
69	111	1
69	112	0
69	113	0
69	114	0
69	115	0
69	116	1
69	117	0
69	118	1
69	119	1
69	120	1
70	71	1
70	72	0
70	73	0
70	74	1
70	75	1
70	76	1
70	77	1
70	78	0
70	79	0
70	80	1
70	81	1
70	82	0
70	83	0
70	84	0
70	85	1
70	86	0
70	87	0
70	88	0
70	89	1
70	90	0
70	91	0
70	92	0
70	93	0
70	94	1
70	95	1
70	96	1
70	97	1
70	98	1
70	99	1
70	100	1
70	101	1
70	102	0
70	103	0
70	104	0
70	105	1
70	106	1
70	107	1
70	108	0
70	109	1
70	110	0
70	111	1
70	112	1
70	113	0
70	114	0
70	115	0
70	116	0
70	117	0
70	118	0
70	119	0
70	120	0
71	72	1
71	73	0
71	74	0
71	75	0
71	76	1
71	77	1
71	78	1
71	79	1
71	80	1
71	81	0
71	82	1
71	83	1
71	84	0
71	85	0
71	86	0
71	87	1
71	88	1
71	89	0
71	90	0
71	91	1
71	92	1
71	93	1
71	94	0
71	95	0
71	96	1
71	97	1
71	98	0
71	99	1
71	100	0
71	101	0
71	102	0
71	103	0
71	104	0
71	105	0
71	106	1
71	107	1
71	108	1
71	109	1
71	110	1
71	111	0
71	112	0
71	113	0
71	114	1
71	115	0
71	116	0
71	117	1
71	118	1
71	119	1
71	120	1
72	73	1
72	74	0
72	75	1
72	76	0
72	77	1
72	78	1
72	79	0
72	80	1
72	81	0
72	82	0
72	83	0
72	84	0
72	85	0
72	86	0
72	87	0
72	88	0
72	89	1
72	90	0
72	91	0
72	92	0
72	93	1
72	94	1
72	95	1
72	96	0
72	97	1
72	98	1
72	99	1
72	100	0
72	101	1
72	102	1
72	103	0
72	104	0
72	105	1
72	106	1
72	107	0
72	108	1
72	109	0
72	110	0
72	111	1
72	112	1
72	113	1
72	114	1
72	115	1
72	116	0
72	117	0
72	118	1
72	119	1
72	120	1
73	74	1
73	75	0
73	76	1
73	77	1
73	78	1
73	79	1
73	80	0
73	81	1
73	82	1
73	83	1
73	84	0
73	85	0
73	86	1
73	87	0
73	88	1
73	89	1
73	90	1
73	91	0
73	92	1
73	93	0
73	94	1
73	95	0
73	96	0
73	97	0
73	98	0
73	99	1
73	100	0
73	101	1
73	102	0
73	103	1
73	104	1
73	105	1
73	106	0
73	107	1
73	108	1
73	109	0
73	110	0
73	111	1
73	112	0
73	113	0
73	114	1
73	115	1
73	116	1
73	117	0
73	118	0
73	119	0
73	120	1
74	75	1
74	76	0
74	77	0
74	78	1
74	79	0
74	80	0
74	81	1
74	82	1
74	83	0
74	84	1
74	85	0
74	86	0
74	87	1
74	88	0
74	89	1
74	90	1
74	91	1
74	92	0
74	93	0
74	94	0
74	95	1
74	96	0
74	97	0
74	98	1
74	99	1
74	100	0
74	101	0
74	102	1
74	103	1
74	104	1
74	105	1
74	106	0
74	107	0
74	108	0
74	109	1
74	110	1
74	111	0
74	112	1
74	113	0
74	114	0
74	115	1
74	116	1
74	117	1
74	118	1
74	119	0
74	120	1
75	76	0
75	77	0
75	78	0
75	79	0
75	80	0
75	81	0
75	82	1
75	83	1
75	84	0
75	85	1
75	86	1
75	87	1
75	88	1
75	89	1
75	90	1
75	91	1
75	92	0
75	93	0
75	94	0
75	95	0
75	96	0
75	97	1
75	98	1
75	99	0
75	100	0
75	101	0
75	102	0
75	103	0
75	104	0
75	105	0
75	106	0
75	107	0
75	108	1
75	109	1
75	110	1
75	111	1
75	112	0
75	113	0
75	114	0
75	115	1
75	116	0
75	117	0
75	118	1
75	119	1
75	120	0
76	77	1
76	78	1
76	79	1
76	80	1
76	81	0
76	82	0
76	83	1
76	84	1
76	85	0
76	86	1
76	87	0
76	88	1
76	89	0
76	90	0
76	91	1
76	92	0
76	93	1
76	94	0
76	95	0
76	96	1
76	97	1
76	98	1
76	99	1
76	100	0
76	101	0
76	102	1
76	103	1
76	104	1
76	105	1
76	106	0
76	107	1
76	108	0
76	109	0
76	110	0
76	111	0
76	112	1
76	113	0
76	114	0
76	115	1
76	116	0
76	117	0
76	118	1
76	119	0
76	120	1
77	78	0
77	79	1
77	80	0
77	81	1
77	82	0
77	83	0
77	84	0
77	85	0
77	86	1
77	87	1
77	88	1
77	89	0
77	90	1
77	91	1
77	92	0
77	93	1
77	94	0
77	95	1
77	96	0
77	97	0
77	98	0
77	99	0
77	100	0
77	101	0
77	102	1
77	103	1
77	104	0
77	105	0
77	106	1
77	107	0
77	108	1
77	109	1
77	110	0
77	111	1
77	112	0
77	113	1
77	114	0
77	115	1
77	116	1
77	117	1
77	118	0
77	119	0
77	120	0
78	79	0
78	80	1
78	81	1
78	82	0
78	83	0
78	84	1
78	85	1
78	86	1
78	87	0
78	88	0
78	89	0
78	90	1
78	91	1
78	92	0
78	93	0
78	94	0
78	95	1
78	96	0
78	97	1
78	98	0
78	99	0
78	100	0
78	101	1
78	102	0
78	103	0
78	104	1
78	105	0
78	106	0
78	107	0
78	108	0
78	109	0
78	110	0
78	111	1
78	112	0
78	113	1
78	114	0
78	115	1
78	116	0
78	117	1
78	118	1
78	119	0
78	120	0
79	80	0
79	81	0
79	82	0
79	83	0
79	84	0
79	85	0
79	86	1
79	87	1
79	88	1
79	89	1
79	90	1
79	91	1
79	92	1
79	93	1
79	94	1
79	95	1
79	96	1
79	97	0
79	98	0
79	99	0
79	100	0
79	101	1
79	102	1
79	103	0
79	104	1
79	105	0
79	106	0
79	107	1
79	108	0
79	109	0
79	110	1
79	111	0
79	112	0
79	113	1
79	114	1
79	115	1
79	116	1
79	117	0
79	118	1
79	119	1
79	120	0
80	81	0
80	82	0
80	83	1
80	84	0
80	85	0
80	86	1
80	87	0
80	88	1
80	89	1
80	90	0
80	91	1
80	92	0
80	93	1
80	94	0
80	95	1
80	96	0
80	97	0
80	98	1
80	99	1
80	100	0
80	101	0
80	102	0
80	103	1
80	104	1
80	105	1
80	106	0
80	107	1
80	108	1
80	109	0
80	110	0
80	111	0
80	112	1
80	113	1
80	114	1
80	115	1
80	116	0
80	117	1
80	118	1
80	119	1
80	120	1
81	82	1
81	83	1
81	84	0
81	85	1
81	86	1
81	87	0
81	88	0
81	89	1
81	90	1
81	91	0
81	92	1
81	93	0
81	94	1
81	95	1
81	96	0
81	97	0
81	98	1
81	99	1
81	100	1
81	101	0
81	102	1
81	103	0
81	104	1
81	105	1
81	106	0
81	107	1
81	108	1
81	109	1
81	110	1
81	111	0
81	112	1
81	113	1
81	114	1
81	115	0
81	116	1
81	117	1
81	118	0
81	119	0
81	120	0
82	83	0
82	84	0
82	85	0
82	86	0
82	87	0
82	88	1
82	89	0
82	90	1
82	91	1
82	92	0
82	93	0
82	94	0
82	95	1
82	96	1
82	97	0
82	98	0
82	99	1
82	100	0
82	101	0
82	102	0
82	103	0
82	104	0
82	105	0
82	106	0
82	107	0
82	108	0
82	109	0
82	110	0
82	111	1
82	112	1
82	113	0
82	114	0
82	115	1
82	116	0
82	117	0
82	118	0
82	119	1
82	120	1
83	84	1
83	85	0
83	86	0
83	87	1
83	88	1
83	89	0
83	90	1
83	91	1
83	92	0
83	93	0
83	94	1
83	95	0
83	96	0
83	97	1
83	98	0
83	99	1
83	100	1
83	101	0
83	102	0
83	103	0
83	104	0
83	105	0
83	106	1
83	107	1
83	108	0
83	109	1
83	110	1
83	111	0
83	112	1
83	113	0
83	114	1
83	115	0
83	116	0
83	117	0
83	118	1
83	119	1
83	120	1
84	85	1
84	86	1
84	87	0
84	88	0
84	89	1
84	90	1
84	91	1
84	92	0
84	93	0
84	94	1
84	95	0
84	96	0
84	97	1
84	98	1
84	99	1
84	100	1
84	101	0
84	102	0
84	103	1
84	104	0
84	105	1
84	106	0
84	107	0
84	108	0
84	109	1
84	110	0
84	111	0
84	112	1
84	113	1
84	114	1
84	115	1
84	116	0
84	117	1
84	118	1
84	119	0
84	120	1
85	86	0
85	87	0
85	88	0
85	89	0
85	90	0
85	91	0
85	92	1
85	93	0
85	94	1
85	95	0
85	96	1
85	97	1
85	98	0
85	99	0
85	100	1
85	101	0
85	102	1
85	103	1
85	104	0
85	105	1
85	106	1
85	107	0
85	108	1
85	109	1
85	110	1
85	111	1
85	112	1
85	113	1
85	114	0
85	115	1
85	116	1
85	117	1
85	118	1
85	119	0
85	120	0
86	87	1
86	88	1
86	89	1
86	90	0
86	91	1
86	92	0
86	93	0
86	94	0
86	95	0
86	96	0
86	97	0
86	98	0
86	99	1
86	100	0
86	101	0
86	102	0
86	103	0
86	104	1
86	105	1
86	106	1
86	107	0
86	108	0
86	109	0
86	110	0
86	111	0
86	112	1
86	113	1
86	114	1
86	115	0
86	116	0
86	117	0
86	118	0
86	119	1
86	120	1
87	88	0
87	89	0
87	90	0
87	91	1
87	92	1
87	93	1
87	94	1
87	95	1
87	96	0
87	97	0
87	98	1
87	99	1
87	100	0
87	101	1
87	102	0
87	103	1
87	104	0
87	105	0
87	106	1
87	107	1
87	108	1
87	109	1
87	110	1
87	111	1
87	112	1
87	113	1
87	114	0
87	115	1
87	116	1
87	117	0
87	118	1
87	119	0
87	120	1
88	89	0
88	90	1
88	91	1
88	92	1
88	93	0
88	94	1
88	95	1
88	96	1
88	97	0
88	98	0
88	99	0
88	100	1
88	101	0
88	102	1
88	103	1
88	104	0
88	105	0
88	106	1
88	107	1
88	108	1
88	109	0
88	110	1
88	111	0
88	112	1
88	113	1
88	114	1
88	115	1
88	116	0
88	117	0
88	118	0
88	119	0
88	120	0
89	90	0
89	91	1
89	92	0
89	93	0
89	94	1
89	95	0
89	96	0
89	97	1
89	98	1
89	99	0
89	100	0
89	101	0
89	102	0
89	103	1
89	104	1
89	105	0
89	106	1
89	107	1
89	108	1
89	109	0
89	110	0
89	111	0
89	112	0
89	113	1
89	114	0
89	115	0
89	116	0
89	117	0
89	118	1
89	119	0
89	120	0
90	91	0
90	92	1
90	93	1
90	94	0
90	95	0
90	96	1
90	97	1
90	98	1
90	99	0
90	100	0
90	101	1
90	102	1
90	103	1
90	104	1
90	105	0
90	106	0
90	107	1
90	108	1
90	109	0
90	110	0
90	111	1
90	112	0
90	113	1
90	114	0
90	115	1
90	116	0
90	117	1
90	118	1
90	119	0
90	120	0
91	92	1
91	93	1
91	94	0
91	95	0
91	96	1
91	97	0
91	98	0
91	99	1
91	100	1
91	101	1
91	102	0
91	103	1
91	104	0
91	105	0
91	106	1
91	107	1
91	108	0
91	109	1
91	110	1
91	111	1
91	112	1
91	113	0
91	114	1
91	115	0
91	116	1
91	117	0
91	118	0
91	119	0
91	120	0
92	93	0
92	94	0
92	95	0
92	96	1
92	97	1
92	98	0
92	99	1
92	100	1
92	101	0
92	102	0
92	103	0
92	104	1
92	105	0
92	106	0
92	107	1
92	108	0
92	109	0
92	110	0
92	111	0
92	112	0
92	113	0
92	114	1
92	115	0
92	116	1
92	117	1
92	118	0
92	119	1
92	120	1
93	94	1
93	95	1
93	96	0
93	97	1
93	98	1
93	99	1
93	100	0
93	101	1
93	102	1
93	103	1
93	104	1
93	105	1
93	106	1
93	107	0
93	108	0
93	109	1
93	110	1
93	111	1
93	112	1
93	113	0
93	114	0
93	115	0
93	116	0
93	117	1
93	118	0
93	119	0
93	120	1
94	95	1
94	96	1
94	97	0
94	98	0
94	99	1
94	100	0
94	101	1
94	102	1
94	103	1
94	104	0
94	105	1
94	106	0
94	107	1
94	108	0
94	109	0
94	110	1
94	111	1
94	112	0
94	113	1
94	114	1
94	115	1
94	116	1
94	117	0
94	118	1
94	119	1
94	120	1
95	96	0
95	97	1
95	98	0
95	99	0
95	100	1
95	101	1
95	102	1
95	103	1
95	104	1
95	105	0
95	106	1
95	107	0
95	108	0
95	109	0
95	110	0
95	111	0
95	112	0
95	113	1
95	114	1
95	115	0
95	116	0
95	117	1
95	118	1
95	119	1
95	120	0
96	97	0
96	98	0
96	99	1
96	100	0
96	101	1
96	102	1
96	103	1
96	104	1
96	105	1
96	106	1
96	107	0
96	108	1
96	109	1
96	110	1
96	111	1
96	112	1
96	113	1
96	114	1
96	115	0
96	116	1
96	117	1
96	118	0
96	119	1
96	120	1
97	98	1
97	99	1
97	100	0
97	101	1
97	102	1
97	103	0
97	104	0
97	105	0
97	106	1
97	107	1
97	108	0
97	109	1
97	110	0
97	111	0
97	112	0
97	113	0
97	114	0
97	115	0
97	116	1
97	117	1
97	118	0
97	119	1
97	120	0
98	99	1
98	100	0
98	101	1
98	102	1
98	103	0
98	104	0
98	105	1
98	106	1
98	107	1
98	108	1
98	109	0
98	110	1
98	111	1
98	112	0
98	113	0
98	114	0
98	115	1
98	116	1
98	117	1
98	118	1
98	119	1
98	120	1
99	100	0
99	101	1
99	102	0
99	103	0
99	104	1
99	105	0
99	106	0
99	107	1
99	108	1
99	109	0
99	110	0
99	111	0
99	112	0
99	113	1
99	114	1
99	115	0
99	116	0
99	117	1
99	118	0
99	119	0
99	120	1
100	101	0
100	102	0
100	103	0
100	104	1
100	105	0
100	106	1
100	107	1
100	108	0
100	109	0
100	110	1
100	111	1
100	112	0
100	113	0
100	114	0
100	115	0
100	116	0
100	117	1
100	118	0
100	119	1
100	120	0
101	102	0
101	103	0
101	104	0
101	105	0
101	106	1
101	107	1
101	108	0
101	109	1
101	110	0
101	111	1
101	112	1
101	113	0
101	114	1
101	115	1
101	116	1
101	117	0
101	118	0
101	119	0
101	120	1
102	103	0
102	104	0
102	105	0
102	106	0
102	107	0
102	108	0
102	109	0
102	110	1
102	111	1
102	112	1
102	113	0
102	114	1
102	115	0
102	116	1
102	117	1
102	118	0
102	119	1
102	120	0
103	104	1
103	105	0
103	106	1
103	107	0
103	108	0
103	109	1
103	110	0
103	111	0
103	112	0
103	113	1
103	114	0
103	115	0
103	116	1
103	117	1
103	118	1
103	119	1
103	120	0
104	105	0
104	106	1
104	107	0
104	108	1
104	109	1
104	110	0
104	111	1
104	112	0
104	113	0
104	114	1
104	115	0
104	116	0
104	117	1
104	118	0
104	119	1
104	120	1
105	106	1
105	107	1
105	108	1
105	109	1
105	110	0
105	111	1
105	112	1
105	113	0
105	114	0
105	115	0
105	116	1
105	117	1
105	118	1
105	119	1
105	120	0
106	107	1
106	108	1
106	109	0
106	110	1
106	111	1
106	112	1
106	113	0
106	114	0
106	115	1
106	116	1
106	117	1
106	118	0
106	119	0
106	120	1
107	108	1
107	109	0
107	110	1
107	111	0
107	112	1
107	113	0
107	114	0
107	115	0
107	116	0
107	117	0
107	118	0
107	119	0
107	120	1
108	109	0
108	110	1
108	111	0
108	112	1
108	113	1
108	114	1
108	115	0
108	116	1
108	117	1
108	118	1
108	119	0
108	120	0
109	110	0
109	111	0
109	112	1
109	113	1
109	114	0
109	115	0
109	116	1
109	117	0
109	118	0
109	119	1
109	120	0
110	111	0
110	112	1
110	113	0
110	114	1
110	115	1
110	116	0
110	117	1
110	118	1
110	119	0
110	120	0
111	112	1
111	113	0
111	114	0
111	115	1
111	116	1
111	117	0
111	118	0
111	119	1
111	120	0
112	113	1
112	114	0
112	115	1
112	116	0
112	117	0
112	118	1
112	119	0
112	120	0
113	114	1
113	115	1
113	116	0
113	117	0
113	118	1
113	119	0
113	120	1
114	115	1
114	116	1
114	117	1
114	118	0
114	119	0
114	120	0
115	116	1
115	117	0
115	118	0
115	119	1
115	120	1
116	117	0
116	118	0
116	119	1
116	120	0
117	118	1
117	119	0
117	120	0
118	119	1
118	120	1
119	120	1
