130	8385	0
1	2	1
1	3	1
1	4	0
1	5	1
1	6	1
1	7	1
1	8	1
1	9	0
1	10	0
1	11	1
1	12	0
1	13	0
1	14	1
1	15	1
1	16	0
1	17	0
1	18	0
1	19	1
1	20	0
1	21	1
1	22	0
1	23	1
1	24	0
1	25	0
1	26	1
1	27	0
1	28	1
1	29	0
1	30	1
1	31	1
1	32	1
1	33	0
1	34	1
1	35	0
1	36	0
1	37	0
1	38	0
1	39	1
1	40	1
1	41	1
1	42	0
1	43	1
1	44	0
1	45	0
1	46	0
1	47	1
1	48	1
1	49	0
1	50	1
1	51	0
1	52	1
1	53	1
1	54	1
1	55	0
1	56	1
1	57	0
1	58	1
1	59	0
1	60	1
1	61	1
1	62	1
1	63	0
1	64	1
1	65	0
1	66	1
1	67	0
1	68	0
1	69	1
1	70	0
1	71	1
1	72	1
1	73	1
1	74	1
1	75	0
1	76	1
1	77	0
1	78	1
1	79	1
1	80	0
1	81	0
1	82	0
1	83	1
1	84	0
1	85	1
1	86	1
1	87	1
1	88	0
1	89	1
1	90	1
1	91	0
1	92	0
1	93	0
1	94	0
1	95	1
1	96	0
1	97	0
1	98	1
1	99	1
1	100	0
1	101	1
1	102	1
1	103	0
1	104	0
1	105	1
1	106	0
1	107	0
1	108	1
1	109	1
1	110	0
1	111	0
1	112	1
1	113	0
1	114	1
1	115	1
1	116	1
1	117	0
1	118	1
1	119	1
1	120	1
1	121	0
1	122	1
1	123	0
1	124	1
1	125	0
1	126	1
1	127	0
1	128	0
1	129	1
1	130	1
2	3	0
2	4	1
2	5	0
2	6	0
2	7	0
2	8	1
2	9	1
2	10	1
2	11	1
2	12	0
2	13	1
2	14	0
2	15	0
2	16	0
2	17	1
2	18	1
2	19	1
2	20	1
2	21	0
2	22	0
2	23	0
2	24	1
2	25	1
2	26	0
2	27	0
2	28	0
2	29	0
2	30	1
2	31	0
2	32	1
2	33	0
2	34	0
2	35	0
2	36	1
2	37	0
2	38	0
2	39	0
2	40	1
2	41	1
2	42	0
2	43	0
2	44	1
2	45	0
2	46	1
2	47	1
2	48	0
2	49	0
2	50	1
2	51	0
2	52	1
2	53	0
2	54	1
2	55	0
2	56	1
2	57	1
2	58	0
2	59	0
2	60	1
2	61	0
2	62	0
2	63	0
2	64	0
2	65	0
2	66	0
2	67	1
2	68	1
2	69	1
2	70	1
2	71	0
2	72	1
2	73	0
2	74	1
2	75	0
2	76	1
2	77	0
2	78	1
2	79	0
2	80	0
2	81	0
2	82	0
2	83	0
2	84	0
2	85	0
2	86	1
2	87	0
2	88	1
2	89	0
2	90	1
2	91	0
2	92	1
2	93	1
2	94	1
2	95	1
2	96	1
2	97	1
2	98	0
2	99	1
2	100	1
2	101	0
2	102	1
2	103	0
2	104	1
2	105	0
2	106	0
2	107	1
2	108	1
2	109	1
2	110	0
2	111	0
2	112	0
2	113	1
2	114	1
2	115	0
2	116	0
2	117	1
2	118	0
2	119	1
2	120	1
2	121	0
2	122	0
2	123	0
2	124	0
2	125	1
2	126	0
2	127	1
2	128	1
2	129	1
2	130	1
3	4	1
3	5	1
3	6	1
3	7	0
3	8	0
3	9	1
3	10	0
3	11	0
3	12	1
3	13	1
3	14	0
3	15	0
3	16	1
3	17	1
3	18	1
3	19	0
3	20	1
3	21	1
3	22	0
3	23	1
3	24	0
3	25	0
3	26	1
3	27	0
3	28	1
3	29	0
3	30	1
3	31	1
3	32	0
3	33	1
3	34	1
3	35	1
3	36	1
3	37	0
3	38	0
3	39	0
3	40	1
3	41	0
3	42	1
3	43	1
3	44	1
3	45	0
3	46	0
3	47	1
3	48	0
3	49	0
3	50	0
3	51	1
3	52	0
3	53	0
3	54	1
3	55	0
3	56	1
3	57	1
3	58	0
3	59	1
3	60	0
3	61	0
3	62	1
3	63	0
3	64	1
3	65	0
3	66	1
3	67	0
3	68	1
3	69	0
3	70	1
3	71	0
3	72	0
3	73	0
3	74	1
3	75	0
3	76	0
3	77	1
3	78	0
3	79	1
3	80	1
3	81	1
3	82	1
3	83	1
3	84	0
3	85	0
3	86	0
3	87	1
3	88	1
3	89	1
3	90	0
3	91	1
3	92	1
3	93	1
3	94	1
3	95	1
3	96	1
3	97	1
3	98	1
3	99	1
3	100	0
3	101	1
3	102	0
3	103	0
3	104	1
3	105	0
3	106	0
3	107	1
3	108	1
3	109	1
3	110	1
3	111	1
3	112	0
3	113	0
3	114	1
3	115	1
3	116	1
3	117	0
3	118	0
3	119	0
3	120	1
3	121	1
3	122	0
3	123	1
3	124	0
3	125	1
3	126	0
3	127	0
3	128	0
3	129	1
3	130	1
4	5	1
4	6	0
4	7	1
4	8	0
4	9	0
4	10	1
4	11	1
4	12	1
4	13	0
4	14	1
4	15	0
4	16	0
4	17	1
4	18	1
4	19	1
4	20	1
4	21	0
4	22	0
4	23	0
4	24	1
4	25	1
4	26	1
4	27	0
4	28	1
4	29	0
4	30	1
4	31	0
4	32	0
4	33	0
4	34	0
4	35	0
4	36	1
4	37	0
4	38	0
4	39	0
4	40	0
4	41	0
4	42	1
4	43	0
4	44	0
4	45	1
4	46	1
4	47	0
4	48	0
4	49	1
4	50	0
4	51	1
4	52	1
4	53	1
4	54	1
4	55	0
4	56	0
4	57	0
4	58	1
4	59	1
4	60	0
4	61	0
4	62	0
4	63	1
4	64	0
4	65	1
4	66	1
4	67	1
4	68	0
4	69	0
4	70	0
4	71	1
4	72	0
4	73	0
4	74	0
4	75	1
4	76	0
4	77	1
4	78	1
4	79	0
4	80	0
4	81	0
4	82	0
4	83	1
4	84	0
4	85	0
4	86	0
4	87	1
4	88	1
4	89	0
4	90	0
4	91	0
4	92	1
4	93	0
4	94	1
4	95	1
4	96	1
4	97	0
4	98	0
4	99	0
4	100	1
4	101	0
4	102	0
4	103	1
4	104	0
4	105	0
4	106	0
4	107	0
4	108	1
4	109	0
4	110	1
4	111	0
4	112	1
4	113	0
4	114	1
4	115	1
4	116	1
4	117	0
4	118	1
4	119	1
4	120	0
4	121	1
4	122	1
4	123	1
4	124	1
4	125	1
4	126	0
4	127	0
4	128	0
4	129	1
4	130	1
5	6	1
5	7	0
5	8	0
5	9	0
5	10	1
5	11	1
5	12	1
5	13	0
5	14	1
5	15	1
5	16	1
5	17	1
5	18	1
5	19	1
5	20	0
5	21	1
5	22	1
5	23	1
5	24	0
5	25	1
5	26	1
5	27	1
5	28	0
5	29	0
5	30	0
5	31	1
5	32	1
5	33	1
5	34	0
5	35	1
5	36	0
5	37	0
5	38	1
5	39	1
5	40	0
5	41	1
5	42	1
5	43	0
5	44	1
5	45	0
5	46	0
5	47	1
5	48	1
5	49	0
5	50	1
5	51	1
5	52	0
5	53	0
5	54	1
5	55	1
5	56	1
5	57	1
5	58	1
5	59	0
5	60	0
5	61	0
5	62	0
5	63	1
5	64	0
5	65	0
5	66	0
5	67	0
5	68	0
5	69	0
5	70	0
5	71	0
5	72	1
5	73	0
5	74	0
5	75	0
5	76	0
5	77	0
5	78	1
5	79	0
5	80	1
5	81	0
5	82	1
5	83	0
5	84	1
5	85	0
5	86	0
5	87	0
5	88	0
5	89	0
5	90	0
5	91	1
5	92	1
5	93	0
5	94	0
5	95	0
5	96	0
5	97	1
5	98	1
5	99	1
5	100	1
5	101	1
5	102	1
5	103	0
5	104	0
5	105	0
5	106	1
5	107	1
5	108	0
5	109	1
5	110	0
5	111	0
5	112	1
5	113	1
5	114	0
5	115	0
5	116	0
5	117	0
5	118	1
5	119	1
5	120	1
5	121	1
5	122	0
5	123	0
5	124	1
5	125	1
5	126	0
5	127	1
5	128	1
5	129	1
5	130	1
6	7	1
6	8	1
6	9	1
6	10	1
6	11	0
6	12	0
6	13	1
6	14	1
6	15	0
6	16	1
6	17	1
6	18	1
6	19	0
6	20	1
6	21	0
6	22	1
6	23	1
6	24	0
6	25	0
6	26	1
6	27	0
6	28	0
6	29	0
6	30	1
6	31	1
6	32	1
6	33	1
6	34	1
6	35	0
6	36	0
6	37	0
6	38	1
6	39	1
6	40	0
6	41	0
6	42	0
6	43	1
6	44	0
6	45	1
6	46	1
6	47	1
6	48	0
6	49	1
6	50	1
6	51	1
6	52	1
6	53	0
6	54	0
6	55	1
6	56	1
6	57	0
6	58	0
6	59	1
6	60	1
6	61	0
6	62	1
6	63	0
6	64	0
6	65	0
6	66	1
6	67	0
6	68	0
6	69	0
6	70	1
6	71	0
6	72	1
6	73	0
6	74	0
6	75	0
6	76	1
6	77	0
6	78	1
6	79	0
6	80	1
6	81	0
6	82	0
6	83	0
6	84	0
6	85	1
6	86	0
6	87	1
6	88	1
6	89	1
6	90	0
6	91	1
6	92	1
6	93	1
6	94	1
6	95	1
6	96	0
6	97	0
6	98	0
6	99	0
6	100	0
6	101	0
6	102	0
6	103	0
6	104	1
6	105	0
6	106	0
6	107	0
6	108	0
6	109	0
6	110	1
6	111	1
6	112	0
6	113	0
6	114	0
6	115	1
6	116	0
6	117	0
6	118	0
6	119	0
6	120	0
6	121	0
6	122	0
6	123	0
6	124	0
6	125	0
6	126	0
6	127	1
6	128	1
6	129	1
6	130	1
7	8	1
7	9	1
7	10	1
7	11	1
7	12	1
7	13	1
7	14	1
7	15	0
7	16	0
7	17	1
7	18	1
7	19	1
7	20	0
7	21	1
7	22	1
7	23	1
7	24	0
7	25	0
7	26	1
7	27	1
7	28	0
7	29	1
7	30	1
7	31	0
7	32	1
7	33	0
7	34	0
7	35	1
7	36	0
7	37	0
7	38	0
7	39	0
7	40	1
7	41	0
7	42	0
7	43	1
7	44	0
7	45	0
7	46	1
7	47	1
7	48	1
7	49	1
7	50	1
7	51	1
7	52	1
7	53	0
7	54	1
7	55	0
7	56	1
7	57	1
7	58	1
7	59	0
7	60	1
7	61	1
7	62	0
7	63	1
7	64	0
7	65	1
7	66	0
7	67	1
7	68	0
7	69	1
7	70	0
7	71	1
7	72	1
7	73	1
7	74	1
7	75	1
7	76	0
7	77	0
7	78	0
7	79	0
7	80	1
7	81	0
7	82	0
7	83	1
7	84	1
7	85	1
7	86	1
7	87	1
7	88	1
7	89	1
7	90	0
7	91	0
7	92	1
7	93	0
7	94	0
7	95	1
7	96	1
7	97	0
7	98	1
7	99	0
7	100	1
7	101	1
7	102	1
7	103	1
7	104	0
7	105	0
7	106	1
7	107	0
7	108	1
7	109	0
7	110	0
7	111	1
7	112	1
7	113	0
7	114	1
7	115	1
7	116	1
7	117	0
7	118	0
7	119	1
7	120	0
7	121	1
7	122	0
7	123	1
7	124	0
7	125	0
7	126	1
7	127	0
7	128	0
7	129	1
7	130	0
8	9	1
8	10	0
8	11	1
8	12	0
8	13	0
8	14	0
8	15	0
8	16	0
8	17	1
8	18	1
8	19	1
8	20	1
8	21	0
8	22	0
8	23	1
8	24	0
8	25	1
8	26	1
8	27	1
8	28	0
8	29	1
8	30	1
8	31	0
8	32	0
8	33	0
8	34	1
8	35	1
8	36	0
8	37	0
8	38	1
8	39	1
8	40	1
8	41	1
8	42	0
8	43	0
8	44	0
8	45	0
8	46	0
8	47	0
8	48	1
8	49	1
8	50	0
8	51	1
8	52	1
8	53	0
8	54	1
8	55	1
8	56	1
8	57	1
8	58	0
8	59	0
8	60	1
8	61	0
8	62	0
8	63	1
8	64	1
8	65	1
8	66	0
8	67	1
8	68	1
8	69	1
8	70	0
8	71	0
8	72	1
8	73	1
8	74	0
8	75	1
8	76	1
8	77	1
8	78	0
8	79	1
8	80	0
8	81	1
8	82	0
8	83	1
8	84	1
8	85	0
8	86	0
8	87	1
8	88	1
8	89	1
8	90	1
8	91	1
8	92	0
8	93	1
8	94	0
8	95	0
8	96	0
8	97	1
8	98	0
8	99	1
8	100	1
8	101	1
8	102	0
8	103	1
8	104	1
8	105	0
8	106	1
8	107	0
8	108	1
8	109	0
8	110	0
8	111	1
8	112	0
8	113	1
8	114	1
8	115	1
8	116	0
8	117	0
8	118	1
8	119	1
8	120	0
8	121	1
8	122	0
8	123	1
8	124	1
8	125	0
8	126	0
8	127	0
8	128	0
8	129	1
8	130	1
9	10	0
9	11	0
9	12	0
9	13	0
9	14	0
9	15	1
9	16	1
9	17	1
9	18	0
9	19	1
9	20	1
9	21	1
9	22	0
9	23	1
9	24	0
9	25	0
9	26	1
9	27	1
9	28	0
9	29	1
9	30	1
9	31	1
9	32	1
9	33	0
9	34	0
9	35	0
9	36	0
9	37	0
9	38	0
9	39	1
9	40	1
9	41	0
9	42	1
9	43	1
9	44	1
9	45	0
9	46	1
9	47	0
9	48	0
9	49	0
9	50	1
9	51	1
9	52	0
9	53	0
9	54	0
9	55	0
9	56	0
9	57	1
9	58	1
9	59	0
9	60	1
9	61	1
9	62	0
9	63	0
9	64	0
9	65	1
9	66	0
9	67	1
9	68	1
9	69	0
9	70	0
9	71	0
9	72	1
9	73	1
9	74	1
9	75	0
9	76	0
9	77	0
9	78	0
9	79	1
9	80	1
9	81	0
9	82	1
9	83	0
9	84	0
9	85	1
9	86	0
9	87	1
9	88	1
9	89	0
9	90	0
9	91	1
9	92	1
9	93	1
9	94	1
9	95	1
9	96	1
9	97	0
9	98	0
9	99	0
9	100	0
9	101	1
9	102	0
9	103	1
9	104	1
9	105	0
9	106	1
9	107	0
9	108	1
9	109	0
9	110	0
9	111	1
9	112	1
9	113	0
9	114	1
9	115	1
9	116	1
9	117	1
9	118	0
9	119	0
9	120	1
9	121	0
9	122	1
9	123	0
9	124	1
9	125	1
9	126	1
9	127	1
9	128	1
9	129	1
9	130	0
10	11	0
10	12	0
10	13	0
10	14	1
10	15	0
10	16	1
10	17	1
10	18	0
10	19	0
10	20	1
10	21	1
10	22	1
10	23	0
10	24	1
10	25	0
10	26	1
10	27	0
10	28	0
10	29	1
10	30	0
10	31	0
10	32	0
10	33	0
10	34	0
10	35	1
10	36	1
10	37	1
10	38	0
10	39	0
10	40	1
10	41	0
10	42	0
10	43	0
10	44	0
10	45	0
10	46	0
10	47	0
10	48	0
10	49	0
10	50	1
10	51	0
10	52	1
10	53	1
10	54	0
10	55	0
10	56	0
10	57	1
10	58	0
10	59	1
10	60	1
10	61	0
10	62	1
10	63	0
10	64	0
10	65	1
10	66	0
10	67	1
10	68	1
10	69	0
10	70	0
10	71	0
10	72	0
10	73	0
10	74	1
10	75	1
10	76	0
10	77	1
10	78	1
10	79	1
10	80	1
10	81	0
10	82	1
10	83	1
10	84	0
10	85	0
10	86	1
10	87	0
10	88	1
10	89	0
10	90	0
10	91	0
10	92	0
10	93	1
10	94	1
10	95	0
10	96	0
10	97	1
10	98	1
10	99	0
10	100	0
10	101	0
10	102	1
10	103	0
10	104	1
10	105	0
10	106	0
10	107	0
10	108	0
10	109	1
10	110	0
10	111	1
10	112	1
10	113	1
10	114	0
10	115	0
10	116	0
10	117	1
10	118	0
10	119	0
10	120	1
10	121	0
10	122	0
10	123	1
10	124	1
10	125	0
10	126	0
10	127	1
10	128	1
10	129	0
10	130	1
11	12	1
11	13	0
11	14	0
11	15	0
11	16	0
11	17	1
11	18	0
11	19	1
11	20	1
11	21	1
11	22	1
11	23	0
11	24	0
11	25	0
11	26	1
11	27	1
11	28	0
11	29	1
11	30	0
11	31	1
11	32	1
11	33	0
11	34	0
11	35	0
11	36	1
11	37	0
11	38	0
11	39	0
11	40	1
11	41	1
11	42	1
11	43	1
11	44	1
11	45	0
11	46	0
11	47	1
11	48	1
11	49	1
11	50	0
11	51	0
11	52	0
11	53	0
11	54	1
11	55	1
11	56	1
11	57	0
11	58	0
11	59	0
11	60	0
11	61	1
11	62	0
11	63	0
11	64	1
11	65	0
11	66	0
11	67	0
11	68	0
11	69	1
11	70	1
11	71	0
11	72	1
11	73	0
11	74	1
11	75	1
11	76	0
11	77	0
11	78	1
11	79	1
11	80	0
11	81	1
11	82	1
11	83	1
11	84	0
11	85	1
11	86	1
11	87	1
11	88	1
11	89	0
11	90	0
11	91	0
11	92	0
11	93	1
11	94	1
11	95	0
11	96	0
11	97	1
11	98	0
11	99	0
11	100	0
11	101	1
11	102	0
11	103	0
11	104	1
11	105	0
11	106	1
11	107	1
11	108	0
11	109	1
11	110	0
11	111	1
11	112	0
11	113	1
11	114	1
11	115	0
11	116	1
11	117	0
11	118	0
11	119	0
11	120	1
11	121	1
11	122	1
11	123	1
11	124	1
11	125	0
11	126	0
11	127	1
11	128	0
11	129	1
11	130	1
12	13	0
12	14	0
12	15	1
12	16	0
12	17	0
12	18	1
12	19	0
12	20	1
12	21	1
12	22	0
12	23	1
12	24	0
12	25	1
12	26	0
12	27	1
12	28	1
12	29	0
12	30	0
12	31	0
12	32	0
12	33	0
12	34	0
12	35	1
12	36	0
12	37	0
12	38	0
12	39	0
12	40	1
12	41	0
12	42	0
12	43	0
12	44	0
12	45	1
12	46	0
12	47	0
12	48	1
12	49	0
12	50	1
12	51	1
12	52	1
12	53	0
12	54	0
12	55	0
12	56	1
12	57	1
12	58	1
12	59	1
12	60	0
12	61	0
12	62	1
12	63	0
12	64	0
12	65	1
12	66	0
12	67	1
12	68	1
12	69	1
12	70	0
12	71	0
12	72	0
12	73	0
12	74	0
12	75	0
12	76	1
12	77	1
12	78	1
12	79	1
12	80	1
12	81	1
12	82	1
12	83	1
12	84	0
12	85	1
12	86	1
12	87	1
12	88	1
12	89	0
12	90	1
12	91	0
12	92	1
12	93	0
12	94	0
12	95	0
12	96	0
12	97	0
12	98	1
12	99	1
12	100	1
12	101	0
12	102	0
12	103	1
12	104	0
12	105	1
12	106	1
12	107	0
12	108	1
12	109	1
12	110	1
12	111	0
12	112	1
12	113	1
12	114	0
12	115	1
12	116	1
12	117	1
12	118	0
12	119	1
12	120	0
12	121	0
12	122	0
12	123	0
12	124	0
12	125	0
12	126	0
12	127	0
12	128	0
12	129	1
12	130	1
13	14	1
13	15	1
13	16	0
13	17	1
13	18	1
13	19	1
13	20	1
13	21	0
13	22	0
13	23	0
13	24	0
13	25	1
13	26	1
13	27	0
13	28	1
13	29	1
13	30	1
13	31	1
13	32	1
13	33	1
13	34	1
13	35	0
13	36	0
13	37	0
13	38	1
13	39	0
13	40	1
13	41	1
13	42	0
13	43	1
13	44	0
13	45	1
13	46	1
13	47	0
13	48	0
13	49	0
13	50	0
13	51	1
13	52	1
13	53	0
13	54	1
13	55	1
13	56	1
13	57	0
13	58	0
13	59	0
13	60	1
13	61	1
13	62	0
13	63	0
13	64	1
13	65	1
13	66	1
13	67	1
13	68	0
13	69	1
13	70	0
13	71	0
13	72	0
13	73	1
13	74	0
13	75	1
13	76	0
13	77	0
13	78	1
13	79	0
13	80	0
13	81	1
13	82	0
13	83	1
13	84	0
13	85	1
13	86	1
13	87	1
13	88	0
13	89	0
13	90	0
13	91	0
13	92	1
13	93	0
13	94	1
13	95	0
13	96	0
13	97	0
13	98	0
13	99	1
13	100	1
13	101	0
13	102	1
13	103	1
13	104	1
13	105	0
13	106	0
13	107	0
13	108	1
13	109	0
13	110	0
13	111	0
13	112	1
13	113	0
13	114	0
13	115	0
13	116	0
13	117	1
13	118	0
13	119	1
13	120	0
13	121	0
13	122	0
13	123	1
13	124	1
13	125	1
13	126	1
13	127	0
13	128	0
13	129	0
13	130	0
14	15	1
14	16	1
14	17	0
14	18	0
14	19	1
14	20	0
14	21	1
14	22	1
14	23	0
14	24	0
14	25	1
14	26	0
14	27	0
14	28	1
14	29	0
14	30	0
14	31	1
14	32	0
14	33	0
14	34	0
14	35	0
14	36	1
14	37	0
14	38	1
14	39	1
14	40	1
14	41	0
14	42	0
14	43	0
14	44	1
14	45	1
14	46	0
14	47	1
14	48	1
14	49	1
14	50	0
14	51	0
14	52	1
14	53	1
14	54	1
14	55	1
14	56	1
14	57	1
14	58	0
14	59	1
14	60	1
14	61	0
14	62	1
14	63	1
14	64	1
14	65	0
14	66	1
14	67	1
14	68	1
14	69	0
14	70	1
14	71	1
14	72	1
14	73	1
14	74	1
14	75	0
14	76	1
14	77	1
14	78	1
14	79	1
14	80	1
14	81	0
14	82	1
14	83	0
14	84	0
14	85	0
14	86	0
14	87	1
14	88	0
14	89	1
14	90	0
14	91	0
14	92	1
14	93	1
14	94	0
14	95	0
14	96	0
14	97	0
14	98	0
14	99	0
14	100	0
14	101	0
14	102	0
14	103	0
14	104	1
14	105	0
14	106	1
14	107	0
14	108	0
14	109	1
14	110	1
14	111	1
14	112	1
14	113	0
14	114	1
14	115	0
14	116	0
14	117	0
14	118	1
14	119	0
14	120	0
14	121	0
14	122	0
14	123	1
14	124	0
14	125	1
14	126	0
14	127	0
14	128	0
14	129	1
14	130	0
15	16	1
15	17	0
15	18	0
15	19	0
15	20	0
15	21	1
15	22	1
15	23	0
15	24	1
15	25	0
15	26	0
15	27	1
15	28	0
15	29	1
15	30	1
15	31	0
15	32	0
15	33	0
15	34	1
15	35	1
15	36	1
15	37	0
15	38	0
15	39	0
15	40	0
15	41	1
15	42	0
15	43	0
15	44	1
15	45	0
15	46	0
15	47	0
15	48	0
15	49	0
15	50	0
15	51	1
15	52	1
15	53	0
15	54	1
15	55	1
15	56	0
15	57	1
15	58	0
15	59	0
15	60	1
15	61	0
15	62	0
15	63	0
15	64	0
15	65	1
15	66	0
15	67	0
15	68	0
15	69	1
15	70	1
15	71	0
15	72	0
15	73	1
15	74	0
15	75	1
15	76	1
15	77	1
15	78	0
15	79	1
15	80	0
15	81	1
15	82	1
15	83	0
15	84	0
15	85	0
15	86	1
15	87	0
15	88	0
15	89	0
15	90	0
15	91	1
15	92	0
15	93	0
15	94	1
15	95	0
15	96	0
15	97	1
15	98	1
15	99	1
15	100	1
15	101	0
15	102	0
15	103	1
15	104	1
15	105	0
15	106	1
15	107	1
15	108	1
15	109	0
15	110	1
15	111	0
15	112	1
15	113	0
15	114	0
15	115	0
15	116	1
15	117	0
15	118	1
15	119	1
15	120	0
15	121	1
15	122	0
15	123	1
15	124	1
15	125	1
15	126	0
15	127	1
15	128	1
15	129	1
15	130	0
16	17	1
16	18	0
16	19	0
16	20	0
16	21	0
16	22	1
16	23	0
16	24	1
16	25	1
16	26	0
16	27	0
16	28	1
16	29	0
16	30	0
16	31	1
16	32	0
16	33	1
16	34	1
16	35	1
16	36	0
16	37	0
16	38	0
16	39	0
16	40	1
16	41	1
16	42	0
16	43	0
16	44	0
16	45	1
16	46	1
16	47	0
16	48	0
16	49	1
16	50	0
16	51	1
16	52	0
16	53	1
16	54	1
16	55	0
16	56	1
16	57	0
16	58	0
16	59	1
16	60	1
16	61	0
16	62	1
16	63	1
16	64	0
16	65	1
16	66	0
16	67	1
16	68	0
16	69	0
16	70	0
16	71	1
16	72	0
16	73	0
16	74	0
16	75	0
16	76	0
16	77	0
16	78	1
16	79	0
16	80	0
16	81	0
16	82	1
16	83	0
16	84	0
16	85	1
16	86	1
16	87	0
16	88	1
16	89	1
16	90	0
16	91	1
16	92	1
16	93	1
16	94	0
16	95	1
16	96	0
16	97	1
16	98	1
16	99	0
16	100	0
16	101	1
16	102	0
16	103	0
16	104	0
16	105	1
16	106	0
16	107	1
16	108	1
16	109	1
16	110	0
16	111	0
16	112	0
16	113	0
16	114	0
16	115	0
16	116	0
16	117	1
16	118	1
16	119	0
16	120	0
16	121	0
16	122	0
16	123	0
16	124	0
16	125	0
16	126	0
16	127	1
16	128	0
16	129	1
16	130	0
17	18	0
17	19	0
17	20	1
17	21	1
17	22	1
17	23	0
17	24	1
17	25	0
17	26	1
17	27	0
17	28	0
17	29	0
17	30	1
17	31	1
17	32	0
17	33	0
17	34	0
17	35	1
17	36	1
17	37	1
17	38	1
17	39	0
17	40	0
17	41	0
17	42	1
17	43	1
17	44	0
17	45	1
17	46	1
17	47	1
17	48	1
17	49	1
17	50	1
17	51	1
17	52	0
17	53	1
17	54	1
17	55	1
17	56	0
17	57	1
17	58	1
17	59	1
17	60	1
17	61	1
17	62	1
17	63	0
17	64	0
17	65	1
17	66	1
17	67	1
17	68	1
17	69	0
17	70	1
17	71	1
17	72	1
17	73	1
17	74	0
17	75	0
17	76	0
17	77	0
17	78	1
17	79	0
17	80	0
17	81	1
17	82	0
17	83	1
17	84	0
17	85	1
17	86	1
17	87	0
17	88	0
17	89	0
17	90	1
17	91	0
17	92	0
17	93	0
17	94	1
17	95	0
17	96	1
17	97	0
17	98	0
17	99	1
17	100	0
17	101	1
17	102	1
17	103	1
17	104	1
17	105	0
17	106	1
17	107	0
17	108	0
17	109	0
17	110	1
17	111	1
17	112	1
17	113	1
17	114	0
17	115	0
17	116	0
17	117	1
17	118	0
17	119	0
17	120	0
17	121	0
17	122	0
17	123	1
17	124	1
17	125	0
17	126	0
17	127	1
17	128	0
17	129	0
17	130	0
18	19	0
18	20	0
18	21	0
18	22	0
18	23	0
18	24	1
18	25	1
18	26	1
18	27	1
18	28	0
18	29	0
18	30	1
18	31	1
18	32	1
18	33	1
18	34	0
18	35	1
18	36	0
18	37	1
18	38	1
18	39	1
18	40	0
18	41	1
18	42	0
18	43	1
18	44	1
18	45	0
18	46	0
18	47	1
18	48	0
18	49	0
18	50	0
18	51	1
18	52	1
18	53	0
18	54	0
18	55	0
18	56	0
18	57	0
18	58	1
18	59	0
18	60	0
18	61	1
18	62	0
18	63	1
18	64	1
18	65	0
18	66	0
18	67	1
18	68	1
18	69	1
18	70	1
18	71	1
18	72	0
18	73	1
18	74	1
18	75	0
18	76	1
18	77	0
18	78	1
18	79	0
18	80	1
18	81	1
18	82	1
18	83	1
18	84	1
18	85	0
18	86	0
18	87	0
18	88	1
18	89	1
18	90	0
18	91	0
18	92	0
18	93	1
18	94	0
18	95	1
18	96	0
18	97	0
18	98	0
18	99	0
18	100	1
18	101	1
18	102	1
18	103	0
18	104	0
18	105	0
18	106	1
18	107	0
18	108	0
18	109	0
18	110	1
18	111	1
18	112	0
18	113	0
18	114	0
18	115	1
18	116	0
18	117	1
18	118	0
18	119	0
18	120	1
18	121	1
18	122	0
18	123	1
18	124	1
18	125	1
18	126	1
18	127	0
18	128	0
18	129	1
18	130	1
19	20	0
19	21	1
19	22	0
19	23	1
19	24	1
19	25	1
19	26	1
19	27	1
19	28	1
19	29	1
19	30	1
19	31	1
19	32	1
19	33	0
19	34	1
19	35	0
19	36	1
19	37	1
19	38	1
19	39	1
19	40	1
19	41	0
19	42	1
19	43	1
19	44	0
19	45	1
19	46	1
19	47	0
19	48	1
19	49	1
19	50	1
19	51	1
19	52	0
19	53	0
19	54	0
19	55	1
19	56	0
19	57	1
19	58	0
19	59	0
19	60	1
19	61	0
19	62	1
19	63	0
19	64	1
19	65	1
19	66	0
19	67	1
19	68	0
19	69	0
19	70	0
19	71	0
19	72	0
19	73	1
19	74	1
19	75	1
19	76	1
19	77	1
19	78	0
19	79	1
19	80	1
19	81	1
19	82	1
19	83	0
19	84	0
19	85	0
19	86	0
19	87	0
19	88	0
19	89	1
19	90	1
19	91	0
19	92	1
19	93	0
19	94	1
19	95	0
19	96	1
19	97	0
19	98	0
19	99	0
19	100	0
19	101	0
19	102	0
19	103	0
19	104	0
19	105	1
19	106	1
19	107	1
19	108	0
19	109	0
19	110	0
19	111	1
19	112	0
19	113	1
19	114	1
19	115	1
19	116	1
19	117	0
19	118	1
19	119	0
19	120	1
19	121	0
19	122	0
19	123	1
19	124	1
19	125	0
19	126	0
19	127	1
19	128	0
19	129	0
19	130	0
20	21	1
20	22	0
20	23	0
20	24	0
20	25	0
20	26	0
20	27	1
20	28	0
20	29	0
20	30	1
20	31	0
20	32	1
20	33	0
20	34	1
20	35	1
20	36	0
20	37	1
20	38	0
20	39	0
20	40	1
20	41	0
20	42	0
20	43	0
20	44	1
20	45	1
20	46	0
20	47	0
20	48	1
20	49	0
20	50	1
20	51	0
20	52	0
20	53	1
20	54	1
20	55	1
20	56	0
20	57	0
20	58	0
20	59	1
20	60	1
20	61	1
20	62	1
20	63	0
20	64	0
20	65	0
20	66	0
20	67	0
20	68	0
20	69	1
20	70	0
20	71	0
20	72	1
20	73	0
20	74	1
20	75	1
20	76	0
20	77	1
20	78	1
20	79	0
20	80	0
20	81	1
20	82	0
20	83	0
20	84	0
20	85	0
20	86	0
20	87	0
20	88	0
20	89	1
20	90	0
20	91	0
20	92	1
20	93	1
20	94	0
20	95	0
20	96	0
20	97	0
20	98	0
20	99	0
20	100	0
20	101	0
20	102	1
20	103	0
20	104	0
20	105	1
20	106	1
20	107	1
20	108	1
20	109	1
20	110	0
20	111	1
20	112	1
20	113	1
20	114	0
20	115	0
20	116	0
20	117	0
20	118	1
20	119	0
20	120	0
20	121	0
20	122	1
20	123	0
20	124	0
20	125	1
20	126	0
20	127	1
20	128	1
20	129	0
20	130	0
21	22	0
21	23	0
21	24	0
21	25	1
21	26	0
21	27	0
21	28	1
21	29	1
21	30	1
21	31	1
21	32	0
21	33	0
21	34	0
21	35	0
21	36	0
21	37	0
21	38	1
21	39	0
21	40	0
21	41	1
21	42	0
21	43	0
21	44	0
21	45	1
21	46	1
21	47	0
21	48	0
21	49	0
21	50	0
21	51	1
21	52	0
21	53	0
21	54	0
21	55	1
21	56	0
21	57	1
21	58	1
21	59	0
21	60	1
21	61	0
21	62	1
21	63	0
21	64	0
21	65	1
21	66	0
21	67	1
21	68	0
21	69	0
21	70	0
21	71	0
21	72	1
21	73	0
21	74	1
21	75	1
21	76	0
21	77	0
21	78	0
21	79	0
21	80	0
21	81	1
21	82	0
21	83	0
21	84	1
21	85	0
21	86	1
21	87	1
21	88	1
21	89	1
21	90	1
21	91	1
21	92	1
21	93	1
21	94	1
21	95	1
21	96	1
21	97	1
21	98	1
21	99	1
21	100	0
21	101	1
21	102	1
21	103	0
21	104	0
21	105	0
21	106	0
21	107	0
21	108	0
21	109	1
21	110	1
21	111	0
21	112	0
21	113	0
21	114	1
21	115	0
21	116	1
21	117	0
21	118	1
21	119	1
21	120	0
21	121	1
21	122	0
21	123	1
21	124	0
21	125	1
21	126	0
21	127	1
21	128	0
21	129	1
21	130	1
22	23	0
22	24	1
22	25	1
22	26	1
22	27	0
22	28	0
22	29	1
22	30	1
22	31	1
22	32	1
22	33	0
22	34	0
22	35	1
22	36	0
22	37	0
22	38	0
22	39	0
22	40	0
22	41	0
22	42	1
22	43	0
22	44	1
22	45	1
22	46	1
22	47	0
22	48	0
22	49	1
22	50	0
22	51	0
22	52	0
22	53	0
22	54	0
22	55	0
22	56	1
22	57	0
22	58	1
22	59	0
22	60	0
22	61	0
22	62	1
22	63	0
22	64	1
22	65	0
22	66	0
22	67	0
22	68	0
22	69	1
22	70	0
22	71	1
22	72	0
22	73	1
22	74	0
22	75	0
22	76	0
22	77	1
22	78	1
22	79	1
22	80	0
22	81	0
22	82	0
22	83	0
22	84	1
22	85	0
22	86	1
22	87	1
22	88	0
22	89	1
22	90	0
22	91	0
22	92	0
22	93	0
22	94	1
22	95	0
22	96	0
22	97	1
22	98	0
22	99	0
22	100	1
22	101	1
22	102	1
22	103	1
22	104	0
22	105	1
22	106	0
22	107	0
22	108	1
22	109	0
22	110	1
22	111	1
22	112	1
22	113	0
22	114	0
22	115	0
22	116	1
22	117	0
22	118	1
22	119	0
22	120	0
22	121	1
22	122	0
22	123	1
22	124	0
22	125	0
22	126	1
22	127	0
22	128	1
22	129	1
22	130	0
23	24	1
23	25	1
23	26	0
23	27	1
23	28	0
23	29	1
23	30	0
23	31	1
23	32	1
23	33	0
23	34	1
23	35	1
23	36	0
23	37	1
23	38	1
23	39	0
23	40	1
23	41	1
23	42	0
23	43	1
23	44	0
23	45	1
23	46	0
23	47	1
23	48	0
23	49	1
23	50	0
23	51	1
23	52	0
23	53	1
23	54	0
23	55	1
23	56	1
23	57	1
23	58	0
23	59	0
23	60	0
23	61	0
23	62	1
23	63	0
23	64	0
23	65	0
23	66	0
23	67	0
23	68	1
23	69	0
23	70	1
23	71	1
23	72	0
23	73	1
23	74	1
23	75	1
23	76	1
23	77	1
23	78	1
23	79	1
23	80	1
23	81	0
23	82	1
23	83	0
23	84	0
23	85	0
23	86	1
23	87	0
23	88	0
23	89	0
23	90	0
23	91	0
23	92	0
23	93	1
23	94	1
23	95	1
23	96	1
23	97	1
23	98	1
23	99	0
23	100	1
23	101	0
23	102	1
23	103	1
23	104	0
23	105	0
23	106	1
23	107	0
23	108	0
23	109	0
23	110	0
23	111	0
23	112	0
23	113	0
23	114	1
23	115	0
23	116	0
23	117	0
23	118	1
23	119	0
23	120	0
23	121	0
23	122	1
23	123	1
23	124	1
23	125	1
23	126	0
23	127	0
23	128	0
23	129	1
23	130	0
24	25	1
24	26	1
24	27	0
24	28	1
24	29	0
24	30	1
24	31	1
24	32	0
24	33	1
24	34	0
24	35	0
24	36	1
24	37	0
24	38	1
24	39	0
24	40	0
24	41	0
24	42	1
24	43	1
24	44	1
24	45	0
24	46	0
24	47	1
24	48	0
24	49	0
24	50	1
24	51	0
24	52	0
24	53	1
24	54	1
24	55	1
24	56	0
24	57	1
24	58	1
24	59	0
24	60	1
24	61	1
24	62	1
24	63	1
24	64	0
24	65	0
24	66	1
24	67	0
24	68	0
24	69	0
24	70	0
24	71	1
24	72	1
24	73	0
24	74	0
24	75	1
24	76	1
24	77	1
24	78	1
24	79	1
24	80	1
24	81	1
24	82	0
24	83	1
24	84	1
24	85	0
24	86	0
24	87	1
24	88	0
24	89	1
24	90	0
24	91	1
24	92	1
24	93	1
24	94	0
24	95	1
24	96	0
24	97	1
24	98	0
24	99	0
24	100	1
24	101	0
24	102	0
24	103	1
24	104	0
24	105	0
24	106	0
24	107	0
24	108	1
24	109	0
24	110	0
24	111	0
24	112	1
24	113	0
24	114	0
24	115	1
24	116	0
24	117	1
24	118	0
24	119	1
24	120	0
24	121	1
24	122	1
24	123	0
24	124	0
24	125	1
24	126	0
24	127	0
24	128	0
24	129	0
24	130	0
25	26	0
25	27	0
25	28	0
25	29	0
25	30	1
25	31	1
25	32	0
25	33	1
25	34	1
25	35	0
25	36	0
25	37	0
25	38	0
25	39	0
25	40	0
25	41	0
25	42	0
25	43	0
25	44	0
25	45	1
25	46	0
25	47	0
25	48	1
25	49	0
25	50	1
25	51	0
25	52	0
25	53	1
25	54	0
25	55	1
25	56	1
25	57	1
25	58	1
25	59	1
25	60	0
25	61	1
25	62	1
25	63	0
25	64	1
25	65	1
25	66	1
25	67	0
25	68	1
25	69	1
25	70	0
25	71	0
25	72	1
25	73	0
25	74	1
25	75	1
25	76	0
25	77	0
25	78	0
25	79	1
25	80	0
25	81	0
25	82	0
25	83	0
25	84	0
25	85	1
25	86	1
25	87	1
25	88	0
25	89	0
25	90	0
25	91	0
25	92	1
25	93	0
25	94	1
25	95	1
25	96	0
25	97	0
25	98	0
25	99	1
25	100	0
25	101	0
25	102	0
25	103	1
25	104	1
25	105	1
25	106	1
25	107	1
25	108	0
25	109	0
25	110	0
25	111	1
25	112	0
25	113	1
25	114	0
25	115	0
25	116	0
25	117	1
25	118	1
25	119	0
25	120	1
25	121	0
25	122	1
25	123	1
25	124	1
25	125	1
25	126	0
25	127	0
25	128	1
25	129	1
25	130	1
26	27	1
26	28	0
26	29	0
26	30	0
26	31	1
26	32	0
26	33	1
26	34	1
26	35	1
26	36	0
26	37	0
26	38	0
26	39	1
26	40	0
26	41	0
26	42	1
26	43	1
26	44	1
26	45	1
26	46	1
26	47	1
26	48	0
26	49	1
26	50	1
26	51	1
26	52	1
26	53	1
26	54	1
26	55	0
26	56	1
26	57	0
26	58	0
26	59	0
26	60	1
26	61	1
26	62	0
26	63	0
26	64	1
26	65	0
26	66	0
26	67	1
26	68	0
26	69	0
26	70	1
26	71	1
26	72	0
26	73	0
26	74	0
26	75	1
26	76	0
26	77	0
26	78	1
26	79	1
26	80	0
26	81	1
26	82	1
26	83	0
26	84	0
26	85	1
26	86	1
26	87	1
26	88	0
26	89	1
26	90	0
26	91	1
26	92	1
26	93	0
26	94	0
26	95	0
26	96	0
26	97	0
26	98	0
26	99	1
26	100	1
26	101	1
26	102	1
26	103	0
26	104	0
26	105	0
26	106	0
26	107	0
26	108	1
26	109	0
26	110	0
26	111	1
26	112	1
26	113	1
26	114	1
26	115	0
26	116	1
26	117	0
26	118	1
26	119	1
26	120	0
26	121	1
26	122	1
26	123	0
26	124	1
26	125	1
26	126	0
26	127	1
26	128	1
26	129	1
26	130	0
27	28	0
27	29	1
27	30	0
27	31	1
27	32	0
27	33	1
27	34	0
27	35	1
27	36	1
27	37	1
27	38	1
27	39	1
27	40	1
27	41	1
27	42	1
27	43	0
27	44	0
27	45	0
27	46	0
27	47	0
27	48	1
27	49	1
27	50	0
27	51	0
27	52	1
27	53	0
27	54	0
27	55	1
27	56	1
27	57	0
27	58	1
27	59	0
27	60	1
27	61	1
27	62	1
27	63	0
27	64	0
27	65	0
27	66	1
27	67	1
27	68	1
27	69	1
27	70	0
27	71	1
27	72	0
27	73	0
27	74	0
27	75	1
27	76	1
27	77	0
27	78	1
27	79	1
27	80	1
27	81	1
27	82	1
27	83	0
27	84	1
27	85	1
27	86	0
27	87	1
27	88	0
27	89	1
27	90	1
27	91	1
27	92	0
27	93	0
27	94	1
27	95	1
27	96	1
27	97	0
27	98	0
27	99	1
27	100	1
27	101	0
27	102	0
27	103	1
27	104	1
27	105	1
27	106	1
27	107	0
27	108	0
27	109	1
27	110	1
27	111	1
27	112	1
27	113	1
27	114	1
27	115	0
27	116	1
27	117	1
27	118	1
27	119	0
27	120	0
27	121	1
27	122	1
27	123	0
27	124	1
27	125	1
27	126	0
27	127	0
27	128	0
27	129	0
27	130	1
28	29	0
28	30	1
28	31	0
28	32	0
28	33	1
28	34	1
28	35	1
28	36	0
28	37	1
28	38	1
28	39	0
28	40	1
28	41	0
28	42	0
28	43	1
28	44	1
28	45	1
28	46	0
28	47	0
28	48	1
28	49	1
28	50	0
28	51	0
28	52	0
28	53	0
28	54	1
28	55	0
28	56	0
28	57	1
28	58	0
28	59	0
28	60	0
28	61	0
28	62	0
28	63	1
28	64	1
28	65	0
28	66	1
28	67	1
28	68	0
28	69	1
28	70	0
28	71	0
28	72	0
28	73	1
28	74	1
28	75	0
28	76	0
28	77	1
28	78	1
28	79	1
28	80	0
28	81	1
28	82	1
28	83	0
28	84	1
28	85	0
28	86	0
28	87	1
28	88	0
28	89	1
28	90	0
28	91	0
28	92	0
28	93	1
28	94	1
28	95	1
28	96	1
28	97	1
28	98	0
28	99	0
28	100	1
28	101	1
28	102	0
28	103	1
28	104	0
28	105	1
28	106	0
28	107	0
28	108	1
28	109	0
28	110	1
28	111	1
28	112	0
28	113	1
28	114	0
28	115	0
28	116	1
28	117	0
28	118	1
28	119	1
28	120	1
28	121	0
28	122	0
28	123	1
28	124	1
28	125	0
28	126	1
28	127	0
28	128	1
28	129	0
28	130	0
29	30	0
29	31	1
29	32	1
29	33	1
29	34	1
29	35	0
29	36	0
29	37	1
29	38	0
29	39	0
29	40	0
29	41	0
29	42	1
29	43	1
29	44	0
29	45	1
29	46	1
29	47	1
29	48	0
29	49	0
29	50	1
29	51	1
29	52	0
29	53	0
29	54	0
29	55	1
29	56	1
29	57	0
29	58	1
29	59	0
29	60	1
29	61	1
29	62	1
29	63	0
29	64	1
29	65	0
29	66	1
29	67	0
29	68	0
29	69	1
29	70	0
29	71	1
29	72	1
29	73	1
29	74	1
29	75	0
29	76	1
29	77	1
29	78	1
29	79	1
29	80	1
29	81	1
29	82	1
29	83	0
29	84	1
29	85	1
29	86	0
29	87	1
29	88	0
29	89	1
29	90	1
29	91	1
29	92	1
29	93	0
29	94	1
29	95	1
29	96	0
29	97	1
29	98	0
29	99	0
29	100	0
29	101	0
29	102	1
29	103	0
29	104	1
29	105	0
29	106	1
29	107	1
29	108	1
29	109	1
29	110	1
29	111	1
29	112	0
29	113	0
29	114	1
29	115	0
29	116	1
29	117	1
29	118	1
29	119	0
29	120	1
29	121	1
29	122	1
29	123	1
29	124	0
29	125	0
29	126	0
29	127	1
29	128	0
29	129	1
29	130	1
30	31	0
30	32	1
30	33	0
30	34	0
30	35	0
30	36	1
30	37	0
30	38	1
30	39	0
30	40	0
30	41	1
30	42	0
30	43	0
30	44	0
30	45	0
30	46	1
30	47	0
30	48	0
30	49	0
30	50	1
30	51	0
30	52	1
30	53	1
30	54	1
30	55	0
30	56	0
30	57	1
30	58	1
30	59	0
30	60	0
30	61	1
30	62	0
30	63	1
30	64	0
30	65	1
30	66	0
30	67	1
30	68	0
30	69	1
30	70	0
30	71	0
30	72	1
30	73	0
30	74	1
30	75	1
30	76	0
30	77	1
30	78	1
30	79	0
30	80	1
30	81	0
30	82	0
30	83	1
30	84	1
30	85	0
30	86	1
30	87	1
30	88	0
30	89	0
30	90	1
30	91	1
30	92	1
30	93	1
30	94	1
30	95	0
30	96	0
30	97	1
30	98	1
30	99	1
30	100	0
30	101	1
30	102	0
30	103	1
30	104	1
30	105	0
30	106	1
30	107	0
30	108	0
30	109	0
30	110	0
30	111	0
30	112	1
30	113	0
30	114	0
30	115	0
30	116	0
30	117	0
30	118	1
30	119	1
30	120	1
30	121	1
30	122	1
30	123	1
30	124	1
30	125	0
30	126	1
30	127	1
30	128	1
30	129	0
30	130	0
31	32	0
31	33	0
31	34	1
31	35	1
31	36	1
31	37	1
31	38	0
31	39	0
31	40	0
31	41	1
31	42	1
31	43	1
31	44	0
31	45	1
31	46	0
31	47	1
31	48	0
31	49	1
31	50	1
31	51	0
31	52	0
31	53	1
31	54	1
31	55	0
31	56	1
31	57	1
31	58	1
31	59	1
31	60	1
31	61	1
31	62	0
31	63	1
31	64	1
31	65	0
31	66	0
31	67	0
31	68	1
31	69	1
31	70	0
31	71	1
31	72	0
31	73	1
31	74	1
31	75	1
31	76	0
31	77	0
31	78	0
31	79	1
31	80	0
31	81	1
31	82	0
31	83	0
31	84	0
31	85	0
31	86	1
31	87	0
31	88	1
31	89	0
31	90	0
31	91	0
31	92	0
31	93	0
31	94	0
31	95	1
31	96	0
31	97	1
31	98	1
31	99	1
31	100	0
31	101	0
31	102	1
31	103	0
31	104	0
31	105	0
31	106	1
31	107	0
31	108	1
31	109	1
31	110	1
31	111	1
31	112	0
31	113	1
31	114	0
31	115	1
31	116	0
31	117	0
31	118	0
31	119	1
31	120	1
31	121	0
31	122	1
31	123	1
31	124	1
31	125	0
31	126	1
31	127	0
31	128	1
31	129	1
31	130	1
32	33	1
32	34	0
32	35	0
32	36	0
32	37	1
32	38	0
32	39	1
32	40	0
32	41	1
32	42	0
32	43	1
32	44	1
32	45	1
32	46	1
32	47	0
32	48	0
32	49	1
32	50	1
32	51	0
32	52	1
32	53	1
32	54	1
32	55	0
32	56	1
32	57	1
32	58	0
32	59	1
32	60	0
32	61	0
32	62	1
32	63	1
32	64	0
32	65	1
32	66	1
32	67	1
32	68	0
32	69	1
32	70	1
32	71	0
32	72	1
32	73	0
32	74	0
32	75	1
32	76	1
32	77	1
32	78	0
32	79	0
32	80	1
32	81	0
32	82	1
32	83	0
32	84	0
32	85	1
32	86	0
32	87	0
32	88	1
32	89	1
32	90	1
32	91	0
32	92	0
32	93	1
32	94	1
32	95	1
32	96	1
32	97	0
32	98	0
32	99	1
32	100	0
32	101	1
32	102	1
32	103	0
32	104	1
32	105	0
32	106	1
32	107	0
32	108	0
32	109	1
32	110	1
32	111	0
32	112	1
32	113	0
32	114	0
32	115	0
32	116	1
32	117	0
32	118	0
32	119	0
32	120	1
32	121	0
32	122	0
32	123	0
32	124	1
32	125	1
32	126	0
32	127	1
32	128	0
32	129	1
32	130	0
33	34	1
33	35	0
33	36	0
33	37	0
33	38	0
33	39	1
33	40	1
33	41	1
33	42	0
33	43	0
33	44	0
33	45	0
33	46	1
33	47	1
33	48	0
33	49	0
33	50	1
33	51	0
33	52	0
33	53	0
33	54	0
33	55	0
33	56	0
33	57	1
33	58	1
33	59	1
33	60	1
33	61	1
33	62	0
33	63	0
33	64	0
33	65	0
33	66	1
33	67	0
33	68	1
33	69	0
33	70	0
33	71	1
33	72	1
33	73	0
33	74	1
33	75	1
33	76	1
33	77	0
33	78	1
33	79	0
33	80	1
33	81	0
33	82	1
33	83	1
33	84	1
33	85	0
33	86	0
33	87	1
33	88	0
33	89	0
33	90	0
33	91	1
33	92	0
33	93	1
33	94	1
33	95	0
33	96	0
33	97	0
33	98	0
33	99	0
33	100	0
33	101	0
33	102	1
33	103	1
33	104	0
33	105	0
33	106	1
33	107	0
33	108	1
33	109	1
33	110	1
33	111	1
33	112	0
33	113	0
33	114	1
33	115	0
33	116	1
33	117	0
33	118	0
33	119	1
33	120	1
33	121	0
33	122	0
33	123	1
33	124	1
33	125	0
33	126	0
33	127	0
33	128	0
33	129	1
33	130	0
34	35	0
34	36	0
34	37	1
34	38	0
34	39	1
34	40	1
34	41	0
34	42	1
34	43	0
34	44	1
34	45	0
34	46	0
34	47	1
34	48	1
34	49	1
34	50	0
34	51	0
34	52	0
34	53	1
34	54	0
34	55	0
34	56	0
34	57	1
34	58	1
34	59	1
34	60	1
34	61	0
34	62	1
34	63	1
34	64	1
34	65	1
34	66	0
34	67	0
34	68	0
34	69	0
34	70	0
34	71	0
34	72	1
34	73	0
34	74	1
34	75	1
34	76	1
34	77	1
34	78	0
34	79	1
34	80	1
34	81	1
34	82	0
34	83	0
34	84	1
34	85	1
34	86	1
34	87	1
34	88	1
34	89	1
34	90	1
34	91	1
34	92	0
34	93	1
34	94	0
34	95	1
34	96	1
34	97	1
34	98	1
34	99	1
34	100	1
34	101	1
34	102	1
34	103	1
34	104	1
34	105	0
34	106	0
34	107	1
34	108	1
34	109	1
34	110	1
34	111	0
34	112	1
34	113	1
34	114	1
34	115	0
34	116	1
34	117	1
34	118	0
34	119	0
34	120	0
34	121	1
34	122	1
34	123	1
34	124	1
34	125	1
34	126	1
34	127	1
34	128	0
34	129	0
34	130	1
35	36	1
35	37	1
35	38	0
35	39	0
35	40	1
35	41	1
35	42	0
35	43	0
35	44	0
35	45	0
35	46	1
35	47	0
35	48	1
35	49	0
35	50	0
35	51	0
35	52	0
35	53	1
35	54	0
35	55	1
35	56	1
35	57	0
35	58	1
35	59	1
35	60	0
35	61	0
35	62	1
35	63	0
35	64	0
35	65	0
35	66	0
35	67	0
35	68	1
35	69	0
35	70	0
35	71	0
35	72	0
35	73	1
35	74	0
35	75	1
35	76	1
35	77	1
35	78	0
35	79	1
35	80	1
35	81	1
35	82	1
35	83	0
35	84	0
35	85	1
35	86	1
35	87	0
35	88	0
35	89	1
35	90	0
35	91	1
35	92	1
35	93	1
35	94	0
35	95	1
35	96	1
35	97	1
35	98	1
35	99	0
35	100	0
35	101	0
35	102	0
35	103	0
35	104	1
35	105	1
35	106	0
35	107	1
35	108	0
35	109	1
35	110	1
35	111	0
35	112	1
35	113	0
35	114	1
35	115	0
35	116	1
35	117	1
35	118	1
35	119	0
35	120	1
35	121	0
35	122	0
35	123	1
35	124	1
35	125	1
35	126	1
35	127	0
35	128	0
35	129	0
35	130	1
36	37	0
36	38	1
36	39	1
36	40	1
36	41	1
36	42	0
36	43	0
36	44	0
36	45	1
36	46	1
36	47	1
36	48	1
36	49	1
36	50	1
36	51	1
36	52	1
36	53	1
36	54	1
36	55	0
36	56	0
36	57	1
36	58	0
36	59	1
36	60	1
36	61	1
36	62	1
36	63	0
36	64	1
36	65	1
36	66	1
36	67	1
36	68	0
36	69	1
36	70	0
36	71	1
36	72	0
36	73	0
36	74	0
36	75	0
36	76	1
36	77	1
36	78	0
36	79	1
36	80	1
36	81	1
36	82	0
36	83	0
36	84	1
36	85	0
36	86	0
36	87	1
36	88	1
36	89	1
36	90	1
36	91	0
36	92	0
36	93	1
36	94	1
36	95	1
36	96	0
36	97	1
36	98	0
36	99	1
36	100	1
36	101	0
36	102	1
36	103	0
36	104	0
36	105	1
36	106	0
36	107	1
36	108	1
36	109	1
36	110	0
36	111	1
36	112	1
36	113	1
36	114	1
36	115	0
36	116	0
36	117	1
36	118	1
36	119	1
36	120	0
36	121	1
36	122	1
36	123	0
36	124	1
36	125	1
36	126	1
36	127	1
36	128	0
36	129	1
36	130	1
37	38	0
37	39	0
37	40	1
37	41	0
37	42	1
37	43	1
37	44	0
37	45	0
37	46	0
37	47	1
37	48	0
37	49	1
37	50	1
37	51	1
37	52	0
37	53	0
37	54	1
37	55	0
37	56	1
37	57	0
37	58	0
37	59	0
37	60	1
37	61	1
37	62	1
37	63	1
37	64	0
37	65	0
37	66	1
37	67	1
37	68	1
37	69	0
37	70	1
37	71	0
37	72	1
37	73	0
37	74	0
37	75	0
37	76	1
37	77	0
37	78	0
37	79	0
37	80	0
37	81	0
37	82	1
37	83	1
37	84	0
37	85	1
37	86	0
37	87	1
37	88	1
37	89	1
37	90	1
37	91	1
37	92	1
37	93	1
37	94	0
37	95	1
37	96	1
37	97	1
37	98	1
37	99	1
37	100	1
37	101	0
37	102	1
37	103	0
37	104	1
37	105	0
37	106	1
37	107	1
37	108	0
37	109	0
37	110	1
37	111	0
37	112	1
37	113	0
37	114	1
37	115	1
37	116	1
37	117	1
37	118	1
37	119	0
37	120	0
37	121	1
37	122	0
37	123	0
37	124	0
37	125	0
37	126	0
37	127	1
37	128	1
37	129	0
37	130	0
38	39	1
38	40	1
38	41	1
38	42	0
38	43	1
38	44	1
38	45	1
38	46	0
38	47	1
38	48	1
38	49	0
38	50	1
38	51	0
38	52	0
38	53	1
38	54	1
38	55	1
38	56	0
38	57	0
38	58	0
38	59	0
38	60	1
38	61	0
38	62	1
38	63	0
38	64	1
38	65	1
38	66	0
38	67	1
38	68	0
38	69	0
38	70	1
38	71	1
38	72	0
38	73	1
38	74	0
38	75	0
38	76	0
38	77	0
38	78	0
38	79	0
38	80	0
38	81	1
38	82	0
38	83	0
38	84	0
38	85	0
38	86	0
38	87	1
38	88	0
38	89	1
38	90	0
38	91	1
38	92	1
38	93	0
38	94	1
38	95	1
38	96	1
38	97	0
38	98	0
38	99	1
38	100	1
38	101	0
38	102	1
38	103	0
38	104	0
38	105	0
38	106	1
38	107	1
38	108	1
38	109	1
38	110	0
38	111	0
38	112	1
38	113	1
38	114	0
38	115	1
38	116	1
38	117	0
38	118	1
38	119	0
38	120	1
38	121	1
38	122	0
38	123	1
38	124	0
38	125	0
38	126	0
38	127	1
38	128	1
38	129	1
38	130	1
39	40	1
39	41	1
39	42	1
39	43	1
39	44	0
39	45	0
39	46	1
39	47	0
39	48	0
39	49	1
39	50	1
39	51	1
39	52	1
39	53	0
39	54	1
39	55	1
39	56	1
39	57	1
39	58	1
39	59	1
39	60	1
39	61	0
39	62	1
39	63	0
39	64	1
39	65	0
39	66	0
39	67	0
39	68	0
39	69	0
39	70	0
39	71	1
39	72	0
39	73	1
39	74	1
39	75	0
39	76	0
39	77	0
39	78	1
39	79	1
39	80	0
39	81	1
39	82	1
39	83	1
39	84	0
39	85	1
39	86	1
39	87	1
39	88	0
39	89	1
39	90	0
39	91	1
39	92	0
39	93	0
39	94	0
39	95	1
39	96	1
39	97	1
39	98	1
39	99	1
39	100	0
39	101	1
39	102	1
39	103	0
39	104	1
39	105	1
39	106	0
39	107	1
39	108	0
39	109	0
39	110	1
39	111	1
39	112	0
39	113	0
39	114	1
39	115	1
39	116	0
39	117	1
39	118	1
39	119	1
39	120	1
39	121	1
39	122	1
39	123	0
39	124	1
39	125	1
39	126	0
39	127	1
39	128	0
39	129	0
39	130	0
40	41	1
40	42	0
40	43	1
40	44	1
40	45	1
40	46	0
40	47	1
40	48	0
40	49	0
40	50	0
40	51	1
40	52	0
40	53	1
40	54	0
40	55	1
40	56	0
40	57	0
40	58	1
40	59	1
40	60	0
40	61	1
40	62	1
40	63	0
40	64	1
40	65	1
40	66	0
40	67	0
40	68	0
40	69	1
40	70	0
40	71	1
40	72	1
40	73	0
40	74	0
40	75	1
40	76	0
40	77	0
40	78	0
40	79	0
40	80	0
40	81	1
40	82	1
40	83	1
40	84	1
40	85	1
40	86	1
40	87	1
40	88	1
40	89	0
40	90	0
40	91	0
40	92	0
40	93	0
40	94	0
40	95	1
40	96	0
40	97	0
40	98	1
40	99	0
40	100	0
40	101	0
40	102	1
40	103	0
40	104	1
40	105	1
40	106	0
40	107	1
40	108	1
40	109	0
40	110	0
40	111	0
40	112	0
40	113	0
40	114	1
40	115	0
40	116	1
40	117	1
40	118	0
40	119	1
40	120	0
40	121	1
40	122	0
40	123	1
40	124	1
40	125	0
40	126	0
40	127	1
40	128	0
40	129	1
40	130	0
41	42	1
41	43	1
41	44	1
41	45	1
41	46	1
41	47	0
41	48	1
41	49	1
41	50	0
41	51	1
41	52	0
41	53	0
41	54	1
41	55	0
41	56	1
41	57	0
41	58	1
41	59	0
41	60	0
41	61	1
41	62	1
41	63	1
41	64	1
41	65	1
41	66	1
41	67	1
41	68	1
41	69	1
41	70	1
41	71	0
41	72	0
41	73	0
41	74	0
41	75	0
41	76	0
41	77	1
41	78	1
41	79	1
41	80	1
41	81	0
41	82	1
41	83	1
41	84	0
41	85	0
41	86	0
41	87	1
41	88	0
41	89	1
41	90	1
41	91	1
41	92	0
41	93	1
41	94	0
41	95	1
41	96	1
41	97	0
41	98	1
41	99	0
41	100	1
41	101	0
41	102	1
41	103	0
41	104	0
41	105	0
41	106	0
41	107	1
41	108	1
41	109	1
41	110	1
41	111	1
41	112	0
41	113	1
41	114	0
41	115	0
41	116	1
41	117	1
41	118	0
41	119	1
41	120	0
41	121	1
41	122	1
41	123	0
41	124	0
41	125	1
41	126	1
41	127	0
41	128	0
41	129	1
41	130	1
42	43	1
42	44	0
42	45	0
42	46	1
42	47	1
42	48	0
42	49	1
42	50	0
42	51	0
42	52	1
42	53	1
42	54	1
42	55	0
42	56	0
42	57	0
42	58	1
42	59	0
42	60	1
42	61	0
42	62	1
42	63	1
42	64	1
42	65	1
42	66	0
42	67	0
42	68	1
42	69	0
42	70	0
42	71	1
42	72	1
42	73	0
42	74	1
42	75	0
42	76	0
42	77	0
42	78	1
42	79	1
42	80	0
42	81	1
42	82	1
42	83	1
42	84	0
42	85	1
42	86	0
42	87	0
42	88	1
42	89	0
42	90	1
42	91	0
42	92	0
42	93	0
42	94	1
42	95	1
42	96	1
42	97	0
42	98	1
42	99	1
42	100	0
42	101	0
42	102	1
42	103	1
42	104	0
42	105	1
42	106	1
42	107	0
42	108	0
42	109	1
42	110	0
42	111	1
42	112	0
42	113	0
42	114	0
42	115	0
42	116	1
42	117	1
42	118	0
42	119	1
42	120	1
42	121	1
42	122	1
42	123	0
42	124	1
42	125	1
42	126	0
42	127	1
42	128	1
42	129	1
42	130	0
43	44	0
43	45	0
43	46	1
43	47	1
43	48	1
43	49	1
43	50	0
43	51	0
43	52	0
43	53	0
43	54	0
43	55	1
43	56	1
43	57	1
43	58	0
43	59	1
43	60	0
43	61	0
43	62	0
43	63	1
43	64	0
43	65	0
43	66	1
43	67	1
43	68	1
43	69	0
43	70	0
43	71	0
43	72	0
43	73	0
43	74	1
43	75	0
43	76	1
43	77	0
43	78	1
43	79	0
43	80	0
43	81	1
43	82	1
43	83	1
43	84	0
43	85	0
43	86	1
43	87	1
43	88	1
43	89	0
43	90	1
43	91	0
43	92	0
43	93	0
43	94	0
43	95	1
43	96	1
43	97	0
43	98	0
43	99	1
43	100	1
43	101	0
43	102	1
43	103	0
43	104	0
43	105	0
43	106	1
43	107	0
43	108	1
43	109	1
43	110	0
43	111	0
43	112	1
43	113	0
43	114	1
43	115	1
43	116	0
43	117	0
43	118	0
43	119	0
43	120	1
43	121	1
43	122	1
43	123	1
43	124	1
43	125	1
43	126	1
43	127	1
43	128	0
43	129	1
43	130	0
44	45	1
44	46	1
44	47	1
44	48	0
44	49	0
44	50	1
44	51	0
44	52	0
44	53	0
44	54	1
44	55	1
44	56	1
44	57	0
44	58	1
44	59	1
44	60	1
44	61	0
44	62	1
44	63	0
44	64	0
44	65	1
44	66	0
44	67	0
44	68	0
44	69	0
44	70	0
44	71	0
44	72	1
44	73	0
44	74	1
44	75	0
44	76	1
44	77	0
44	78	0
44	79	0
44	80	0
44	81	0
44	82	0
44	83	0
44	84	1
44	85	1
44	86	0
44	87	1
44	88	0
44	89	0
44	90	0
44	91	0
44	92	1
44	93	0
44	94	1
44	95	1
44	96	1
44	97	0
44	98	1
44	99	1
44	100	1
44	101	0
44	102	0
44	103	1
44	104	0
44	105	0
44	106	0
44	107	0
44	108	0
44	109	0
44	110	0
44	111	1
44	112	1
44	113	0
44	114	0
44	115	1
44	116	0
44	117	0
44	118	0
44	119	1
44	120	1
44	121	1
44	122	0
44	123	1
44	124	1
44	125	0
44	126	0
44	127	0
44	128	0
44	129	1
44	130	0
45	46	0
45	47	1
45	48	0
45	49	0
45	50	0
45	51	1
45	52	0
45	53	0
45	54	1
45	55	0
45	56	0
45	57	1
45	58	1
45	59	0
45	60	1
45	61	0
45	62	0
45	63	1
45	64	0
45	65	0
45	66	0
45	67	1
45	68	0
45	69	0
45	70	1
45	71	0
45	72	0
45	73	1
45	74	0
45	75	1
45	76	1
45	77	0
45	78	0
45	79	1
45	80	0
45	81	1
45	82	0
45	83	1
45	84	0
45	85	0
45	86	0
45	87	1
45	88	0
45	89	0
45	90	1
45	91	1
45	92	0
45	93	0
45	94	0
45	95	0
45	96	0
45	97	0
45	98	1
45	99	1
45	100	1
45	101	0
45	102	1
45	103	0
45	104	1
45	105	1
45	106	0
45	107	1
45	108	0
45	109	0
45	110	0
45	111	0
45	112	1
45	113	1
45	114	1
45	115	0
45	116	0
45	117	1
45	118	1
45	119	1
45	120	0
45	121	0
45	122	0
45	123	1
45	124	1
45	125	0
45	126	1
45	127	1
45	128	1
45	129	1
45	130	0
46	47	1
46	48	1
46	49	1
46	50	0
46	51	1
46	52	1
46	53	1
46	54	0
46	55	0
46	56	0
46	57	0
46	58	1
46	59	0
46	60	1
46	61	0
46	62	0
46	63	1
46	64	0
46	65	1
46	66	0
46	67	1
46	68	0
46	69	0
46	70	0
46	71	1
46	72	1
46	73	1
46	74	1
46	75	0
46	76	1
46	77	1
46	78	1
46	79	0
46	80	0
46	81	0
46	82	0
46	83	0
46	84	0
46	85	0
46	86	0
46	87	0
46	88	1
46	89	1
46	90	1
46	91	0
46	92	1
46	93	0
46	94	1
46	95	1
46	96	1
46	97	0
46	98	1
46	99	0
46	100	1
46	101	1
46	102	1
46	103	1
46	104	0
46	105	1
46	106	1
46	107	0
46	108	0
46	109	1
46	110	0
46	111	1
46	112	1
46	113	1
46	114	0
46	115	0
46	116	0
46	117	1
46	118	0
46	119	0
46	120	0
46	121	0
46	122	1
46	123	0
46	124	0
46	125	1
46	126	0
46	127	0
46	128	0
46	129	1
46	130	1
47	48	0
47	49	1
47	50	0
47	51	0
47	52	0
47	53	1
47	54	0
47	55	1
47	56	1
47	57	1
47	58	1
47	59	0
47	60	0
47	61	0
47	62	1
47	63	0
47	64	0
47	65	0
47	66	0
47	67	0
47	68	0
47	69	1
47	70	0
47	71	1
47	72	0
47	73	0
47	74	1
47	75	0
47	76	1
47	77	0
47	78	1
47	79	1
47	80	1
47	81	1
47	82	0
47	83	1
47	84	1
47	85	1
47	86	0
47	87	1
47	88	1
47	89	0
47	90	0
47	91	0
47	92	1
47	93	1
47	94	1
47	95	1
47	96	1
47	97	0
47	98	0
47	99	0
47	100	1
47	101	1
47	102	0
47	103	1
47	104	1
47	105	0
47	106	0
47	107	0
47	108	0
47	109	0
47	110	1
47	111	0
47	112	0
47	113	0
47	114	0
47	115	0
47	116	0
47	117	0
47	118	1
47	119	1
47	120	1
47	121	0
47	122	1
47	123	1
47	124	0
47	125	0
47	126	1
47	127	1
47	128	1
47	129	1
47	130	1
48	49	0
48	50	0
48	51	1
48	52	0
48	53	1
48	54	0
48	55	0
48	56	1
48	57	0
48	58	1
48	59	0
48	60	1
48	61	1
48	62	0
48	63	1
48	64	0
48	65	0
48	66	1
48	67	1
48	68	1
48	69	1
48	70	1
48	71	1
48	72	1
48	73	1
48	74	1
48	75	1
48	76	1
48	77	1
48	78	1
48	79	0
48	80	1
48	81	1
48	82	0
48	83	0
48	84	1
48	85	0
48	86	0
48	87	0
48	88	1
48	89	1
48	90	1
48	91	1
48	92	0
48	93	1
48	94	0
48	95	1
48	96	0
48	97	0
48	98	0
48	99	1
48	100	0
48	101	1
48	102	1
48	103	1
48	104	1
48	105	1
48	106	0
48	107	0
48	108	1
48	109	0
48	110	1
48	111	1
48	112	0
48	113	0
48	114	1
48	115	1
48	116	0
48	117	1
48	118	1
48	119	0
48	120	1
48	121	0
48	122	0
48	123	1
48	124	0
48	125	0
48	126	0
48	127	1
48	128	1
48	129	0
48	130	0
49	50	1
49	51	1
49	52	1
49	53	1
49	54	1
49	55	0
49	56	1
49	57	1
49	58	1
49	59	0
49	60	0
49	61	0
49	62	0
49	63	1
49	64	1
49	65	0
49	66	0
49	67	0
49	68	0
49	69	0
49	70	0
49	71	0
49	72	0
49	73	0
49	74	0
49	75	1
49	76	1
49	77	1
49	78	0
49	79	0
49	80	1
49	81	0
49	82	1
49	83	0
49	84	1
49	85	1
49	86	1
49	87	0
49	88	0
49	89	1
49	90	1
49	91	1
49	92	1
49	93	1
49	94	0
49	95	1
49	96	1
49	97	1
49	98	0
49	99	0
49	100	0
49	101	0
49	102	0
49	103	0
49	104	0
49	105	0
49	106	1
49	107	1
49	108	1
49	109	0
49	110	1
49	111	0
49	112	0
49	113	1
49	114	1
49	115	1
49	116	0
49	117	0
49	118	1
49	119	1
49	120	1
49	121	0
49	122	1
49	123	0
49	124	1
49	125	1
49	126	0
49	127	0
49	128	1
49	129	1
49	130	0
50	51	0
50	52	0
50	53	1
50	54	1
50	55	0
50	56	1
50	57	0
50	58	1
50	59	1
50	60	0
50	61	1
50	62	0
50	63	1
50	64	0
50	65	1
50	66	0
50	67	1
50	68	0
50	69	1
50	70	1
50	71	1
50	72	1
50	73	1
50	74	1
50	75	0
50	76	1
50	77	1
50	78	1
50	79	1
50	80	1
50	81	1
50	82	0
50	83	1
50	84	1
50	85	0
50	86	0
50	87	1
50	88	0
50	89	1
50	90	1
50	91	0
50	92	0
50	93	1
50	94	0
50	95	1
50	96	0
50	97	0
50	98	1
50	99	0
50	100	0
50	101	1
50	102	1
50	103	1
50	104	1
50	105	1
50	106	1
50	107	1
50	108	0
50	109	1
50	110	1
50	111	1
50	112	0
50	113	0
50	114	1
50	115	0
50	116	1
50	117	1
50	118	1
50	119	1
50	120	0
50	121	0
50	122	0
50	123	1
50	124	1
50	125	0
50	126	1
50	127	0
50	128	0
50	129	1
50	130	1
51	52	1
51	53	0
51	54	0
51	55	0
51	56	1
51	57	1
51	58	0
51	59	0
51	60	1
51	61	1
51	62	1
51	63	1
51	64	1
51	65	1
51	66	1
51	67	0
51	68	0
51	69	0
51	70	0
51	71	0
51	72	1
51	73	1
51	74	1
51	75	0
51	76	0
51	77	1
51	78	1
51	79	0
51	80	1
51	81	1
51	82	0
51	83	1
51	84	0
51	85	0
51	86	1
51	87	1
51	88	0
51	89	0
51	90	0
51	91	0
51	92	1
51	93	1
51	94	1
51	95	0
51	96	0
51	97	0
51	98	0
51	99	1
51	100	0
51	101	1
51	102	1
51	103	0
51	104	1
51	105	0
51	106	1
51	107	1
51	108	0
51	109	1
51	110	1
51	111	1
51	112	1
51	113	0
51	114	1
51	115	0
51	116	1
51	117	0
51	118	1
51	119	0
51	120	0
51	121	1
51	122	0
51	123	1
51	124	0
51	125	1
51	126	0
51	127	1
51	128	1
51	129	0
51	130	0
52	53	1
52	54	1
52	55	0
52	56	1
52	57	1
52	58	0
52	59	1
52	60	0
52	61	1
52	62	0
52	63	1
52	64	0
52	65	0
52	66	0
52	67	1
52	68	0
52	69	1
52	70	0
52	71	0
52	72	0
52	73	0
52	74	1
52	75	1
52	76	1
52	77	1
52	78	1
52	79	0
52	80	0
52	81	1
52	82	0
52	83	1
52	84	0
52	85	1
52	86	1
52	87	0
52	88	0
52	89	0
52	90	0
52	91	0
52	92	0
52	93	1
52	94	1
52	95	1
52	96	0
52	97	0
52	98	0
52	99	1
52	100	0
52	101	0
52	102	1
52	103	0
52	104	1
52	105	1
52	106	1
52	107	1
52	108	0
52	109	0
52	110	0
52	111	0
52	112	1
52	113	0
52	114	0
52	115	0
52	116	0
52	117	1
52	118	1
52	119	0
52	120	0
52	121	0
52	122	0
52	123	0
52	124	0
52	125	1
52	126	1
52	127	0
52	128	0
52	129	0
52	130	0
53	54	0
53	55	1
53	56	0
53	57	0
53	58	1
53	59	1
53	60	0
53	61	0
53	62	1
53	63	1
53	64	0
53	65	0
53	66	0
53	67	1
53	68	0
53	69	1
53	70	1
53	71	0
53	72	0
53	73	0
53	74	0
53	75	0
53	76	0
53	77	0
53	78	0
53	79	1
53	80	0
53	81	1
53	82	1
53	83	1
53	84	0
53	85	0
53	86	1
53	87	0
53	88	0
53	89	1
53	90	1
53	91	0
53	92	1
53	93	0
53	94	1
53	95	1
53	96	1
53	97	1
53	98	1
53	99	0
53	100	1
53	101	1
53	102	1
53	103	1
53	104	1
53	105	1
53	106	0
53	107	1
53	108	0
53	109	1
53	110	0
53	111	1
53	112	1
53	113	1
53	114	1
53	115	1
53	116	0
53	117	0
53	118	0
53	119	1
53	120	1
53	121	1
53	122	0
53	123	0
53	124	0
53	125	1
53	126	1
53	127	1
53	128	1
53	129	0
53	130	1
54	55	0
54	56	0
54	57	1
54	58	0
54	59	1
54	60	0
54	61	1
54	62	1
54	63	0
54	64	1
54	65	1
54	66	0
54	67	1
54	68	1
54	69	1
54	70	0
54	71	1
54	72	0
54	73	0
54	74	1
54	75	0
54	76	0
54	77	0
54	78	1
54	79	0
54	80	1
54	81	1
54	82	0
54	83	0
54	84	0
54	85	0
54	86	0
54	87	0
54	88	1
54	89	0
54	90	0
54	91	1
54	92	0
54	93	0
54	94	1
54	95	1
54	96	1
54	97	0
54	98	0
54	99	0
54	100	0
54	101	0
54	102	0
54	103	1
54	104	1
54	105	0
54	106	0
54	107	1
54	108	0
54	109	0
54	110	0
54	111	0
54	112	0
54	113	0
54	114	0
54	115	1
54	116	1
54	117	0
54	118	1
54	119	1
54	120	0
54	121	1
54	122	0
54	123	1
54	124	0
54	125	1
54	126	1
54	127	0
54	128	1
54	129	1
54	130	0
55	56	1
55	57	1
55	58	1
55	59	0
55	60	0
55	61	0
55	62	1
55	63	1
55	64	0
55	65	1
55	66	1
55	67	1
55	68	1
55	69	0
55	70	0
55	71	1
55	72	0
55	73	0
55	74	1
55	75	1
55	76	0
55	77	1
55	78	0
55	79	0
55	80	0
55	81	0
55	82	0
55	83	0
55	84	1
55	85	0
55	86	1
55	87	0
55	88	1
55	89	1
55	90	1
55	91	1
55	92	0
55	93	0
55	94	0
55	95	1
55	96	1
55	97	1
55	98	1
55	99	0
55	100	1
55	101	1
55	102	1
55	103	1
55	104	0
55	105	0
55	106	1
55	107	1
55	108	1
55	109	0
55	110	0
55	111	1
55	112	0
55	113	0
55	114	1
55	115	1
55	116	0
55	117	1
55	118	0
55	119	1
55	120	0
55	121	0
55	122	1
55	123	1
55	124	0
55	125	0
55	126	1
55	127	0
55	128	1
55	129	0
55	130	1
56	57	1
56	58	1
56	59	0
56	60	1
56	61	0
56	62	1
56	63	1
56	64	1
56	65	0
56	66	0
56	67	0
56	68	0
56	69	0
56	70	1
56	71	1
56	72	1
56	73	1
56	74	1
56	75	0
56	76	0
56	77	0
56	78	1
56	79	0
56	80	0
56	81	0
56	82	0
56	83	1
56	84	1
56	85	1
56	86	0
56	87	1
56	88	1
56	89	0
56	90	1
56	91	0
56	92	0
56	93	0
56	94	1
56	95	0
56	96	0
56	97	0
56	98	0
56	99	0
56	100	1
56	101	1
56	102	1
56	103	1
56	104	0
56	105	1
56	106	0
56	107	0
56	108	0
56	109	1
56	110	0
56	111	1
56	112	0
56	113	0
56	114	0
56	115	1
56	116	0
56	117	0
56	118	1
56	119	1
56	120	1
56	121	0
56	122	0
56	123	1
56	124	0
56	125	1
56	126	0
56	127	0
56	128	0
56	129	0
56	130	1
57	58	0
57	59	0
57	60	0
57	61	0
57	62	1
57	63	0
57	64	1
57	65	0
57	66	0
57	67	0
57	68	1
57	69	1
57	70	1
57	71	1
57	72	1
57	73	0
57	74	1
57	75	0
57	76	0
57	77	1
57	78	0
57	79	1
57	80	1
57	81	1
57	82	1
57	83	0
57	84	0
57	85	1
57	86	0
57	87	1
57	88	1
57	89	0
57	90	0
57	91	0
57	92	0
57	93	1
57	94	1
57	95	1
57	96	0
57	97	0
57	98	0
57	99	1
57	100	0
57	101	1
57	102	0
57	103	0
57	104	1
57	105	0
57	106	0
57	107	0
57	108	0
57	109	1
57	110	0
57	111	1
57	112	0
57	113	0
57	114	1
57	115	1
57	116	0
57	117	0
57	118	1
57	119	1
57	120	0
57	121	0
57	122	0
57	123	0
57	124	1
57	125	0
57	126	0
57	127	1
57	128	0
57	129	0
57	130	0
58	59	1
58	60	0
58	61	0
58	62	1
58	63	0
58	64	1
58	65	0
58	66	0
58	67	0
58	68	0
58	69	0
58	70	1
58	71	0
58	72	0
58	73	0
58	74	0
58	75	1
58	76	1
58	77	1
58	78	0
58	79	1
58	80	0
58	81	0
58	82	0
58	83	1
58	84	1
58	85	0
58	86	1
58	87	1
58	88	0
58	89	1
58	90	1
58	91	1
58	92	1
58	93	0
58	94	1
58	95	1
58	96	1
58	97	0
58	98	1
58	99	1
58	100	0
58	101	0
58	102	1
58	103	0
58	104	0
58	105	1
58	106	0
58	107	0
58	108	1
58	109	1
58	110	1
58	111	0
58	112	1
58	113	0
58	114	1
58	115	1
58	116	0
58	117	0
58	118	1
58	119	0
58	120	0
58	121	1
58	122	0
58	123	0
58	124	1
58	125	0
58	126	1
58	127	0
58	128	1
58	129	0
58	130	0
59	60	0
59	61	1
59	62	0
59	63	1
59	64	0
59	65	0
59	66	0
59	67	0
59	68	1
59	69	1
59	70	1
59	71	1
59	72	1
59	73	0
59	74	0
59	75	1
59	76	1
59	77	1
59	78	1
59	79	0
59	80	0
59	81	1
59	82	0
59	83	1
59	84	1
59	85	1
59	86	1
59	87	1
59	88	1
59	89	1
59	90	0
59	91	1
59	92	0
59	93	1
59	94	1
59	95	0
59	96	1
59	97	0
59	98	0
59	99	1
59	100	0
59	101	0
59	102	1
59	103	1
59	104	0
59	105	0
59	106	0
59	107	0
59	108	0
59	109	0
59	110	0
59	111	0
59	112	0
59	113	0
59	114	1
59	115	0
59	116	0
59	117	0
59	118	0
59	119	0
59	120	1
59	121	1
59	122	0
59	123	0
59	124	1
59	125	0
59	126	1
59	127	1
59	128	1
59	129	0
59	130	1
60	61	0
60	62	0
60	63	0
60	64	0
60	65	1
60	66	1
60	67	1
60	68	1
60	69	0
60	70	0
60	71	1
60	72	1
60	73	1
60	74	0
60	75	0
60	76	0
60	77	0
60	78	1
60	79	0
60	80	0
60	81	1
60	82	0
60	83	0
60	84	0
60	85	1
60	86	0
60	87	0
60	88	0
60	89	0
60	90	0
60	91	1
60	92	1
60	93	0
60	94	0
60	95	0
60	96	1
60	97	0
60	98	1
60	99	0
60	100	1
60	101	1
60	102	0
60	103	1
60	104	0
60	105	0
60	106	0
60	107	0
60	108	1
60	109	0
60	110	1
60	111	1
60	112	0
60	113	1
60	114	0
60	115	0
60	116	1
60	117	1
60	118	1
60	119	0
60	120	0
60	121	1
60	122	0
60	123	0
60	124	0
60	125	0
60	126	1
60	127	1
60	128	0
60	129	0
60	130	1
61	62	0
61	63	0
61	64	1
61	65	0
61	66	0
61	67	1
61	68	1
61	69	0
61	70	0
61	71	1
61	72	1
61	73	1
61	74	0
61	75	1
61	76	0
61	77	1
61	78	0
61	79	1
61	80	0
61	81	1
61	82	0
61	83	0
61	84	1
61	85	1
61	86	1
61	87	0
61	88	1
61	89	0
61	90	0
61	91	1
61	92	1
61	93	0
61	94	0
61	95	0
61	96	1
61	97	0
61	98	1
61	99	0
61	100	0
61	101	1
61	102	1
61	103	1
61	104	0
61	105	0
61	106	1
61	107	1
61	108	1
61	109	1
61	110	1
61	111	0
61	112	1
61	113	0
61	114	1
61	115	1
61	116	0
61	117	0
61	118	0
61	119	0
61	120	1
61	121	1
61	122	0
61	123	1
61	124	0
61	125	0
61	126	0
61	127	0
61	128	0
61	129	1
61	130	1
62	63	1
62	64	0
62	65	1
62	66	1
62	67	1
62	68	1
62	69	1
62	70	0
62	71	0
62	72	1
62	73	0
62	74	1
62	75	0
62	76	0
62	77	1
62	78	0
62	79	0
62	80	1
62	81	1
62	82	0
62	83	1
62	84	1
62	85	1
62	86	1
62	87	1
62	88	0
62	89	1
62	90	0
62	91	1
62	92	0
62	93	1
62	94	1
62	95	0
62	96	0
62	97	0
62	98	1
62	99	1
62	100	0
62	101	0
62	102	1
62	103	0
62	104	0
62	105	0
62	106	1
62	107	1
62	108	1
62	109	1
62	110	1
62	111	1
62	112	0
62	113	1
62	114	1
62	115	0
62	116	0
62	117	0
62	118	1
62	119	1
62	120	1
62	121	1
62	122	1
62	123	0
62	124	1
62	125	0
62	126	0
62	127	1
62	128	0
62	129	0
62	130	1
63	64	1
63	65	1
63	66	0
63	67	0
63	68	0
63	69	0
63	70	1
63	71	0
63	72	1
63	73	0
63	74	1
63	75	0
63	76	1
63	77	0
63	78	1
63	79	1
63	80	0
63	81	1
63	82	0
63	83	1
63	84	0
63	85	1
63	86	1
63	87	0
63	88	0
63	89	1
63	90	0
63	91	0
63	92	1
63	93	0
63	94	1
63	95	0
63	96	1
63	97	0
63	98	0
63	99	0
63	100	1
63	101	1
63	102	1
63	103	1
63	104	0
63	105	0
63	106	0
63	107	1
63	108	1
63	109	0
63	110	1
63	111	0
63	112	0
63	113	1
63	114	0
63	115	0
63	116	1
63	117	0
63	118	0
63	119	1
63	120	0
63	121	1
63	122	1
63	123	0
63	124	0
63	125	0
63	126	0
63	127	1
63	128	0
63	129	0
63	130	0
64	65	0
64	66	1
64	67	0
64	68	0
64	69	1
64	70	1
64	71	0
64	72	0
64	73	0
64	74	1
64	75	0
64	76	1
64	77	0
64	78	0
64	79	0
64	80	0
64	81	0
64	82	1
64	83	0
64	84	0
64	85	0
64	86	0
64	87	0
64	88	1
64	89	0
64	90	0
64	91	0
64	92	0
64	93	1
64	94	0
64	95	1
64	96	0
64	97	1
64	98	0
64	99	1
64	100	0
64	101	1
64	102	1
64	103	1
64	104	1
64	105	1
64	106	1
64	107	0
64	108	1
64	109	1
64	110	1
64	111	0
64	112	0
64	113	0
64	114	1
64	115	0
64	116	1
64	117	1
64	118	0
64	119	0
64	120	0
64	121	1
64	122	1
64	123	0
64	124	0
64	125	0
64	126	1
64	127	1
64	128	0
64	129	0
64	130	1
65	66	0
65	67	1
65	68	1
65	69	1
65	70	0
65	71	0
65	72	0
65	73	1
65	74	0
65	75	0
65	76	1
65	77	0
65	78	1
65	79	1
65	80	1
65	81	1
65	82	1
65	83	1
65	84	0
65	85	0
65	86	1
65	87	0
65	88	1
65	89	1
65	90	1
65	91	0
65	92	0
65	93	0
65	94	0
65	95	0
65	96	0
65	97	0
65	98	0
65	99	1
65	100	1
65	101	1
65	102	0
65	103	0
65	104	0
65	105	0
65	106	1
65	107	1
65	108	0
65	109	0
65	110	0
65	111	1
65	112	1
65	113	0
65	114	1
65	115	1
65	116	1
65	117	0
65	118	1
65	119	0
65	120	0
65	121	0
65	122	1
65	123	0
65	124	1
65	125	1
65	126	1
65	127	0
65	128	1
65	129	1
65	130	1
66	67	0
66	68	1
66	69	0
66	70	0
66	71	0
66	72	1
66	73	1
66	74	1
66	75	1
66	76	1
66	77	0
66	78	0
66	79	1
66	80	0
66	81	1
66	82	0
66	83	1
66	84	0
66	85	1
66	86	0
66	87	0
66	88	0
66	89	1
66	90	1
66	91	0
66	92	0
66	93	0
66	94	1
66	95	0
66	96	0
66	97	1
66	98	0
66	99	0
66	100	1
66	101	0
66	102	1
66	103	0
66	104	0
66	105	0
66	106	1
66	107	0
66	108	1
66	109	0
66	110	1
66	111	0
66	112	1
66	113	1
66	114	1
66	115	0
66	116	1
66	117	1
66	118	0
66	119	0
66	120	1
66	121	0
66	122	0
66	123	1
66	124	0
66	125	0
66	126	1
66	127	0
66	128	1
66	129	0
66	130	1
67	68	1
67	69	1
67	70	0
67	71	0
67	72	1
67	73	1
67	74	1
67	75	0
67	76	0
67	77	0
67	78	1
67	79	1
67	80	1
67	81	1
67	82	1
67	83	1
67	84	1
67	85	1
67	86	1
67	87	1
67	88	0
67	89	0
67	90	1
67	91	1
67	92	0
67	93	0
67	94	0
67	95	1
67	96	1
67	97	0
67	98	0
67	99	0
67	100	1
67	101	0
67	102	0
67	103	1
67	104	0
67	105	0
67	106	0
67	107	0
67	108	1
67	109	1
67	110	0
67	111	0
67	112	1
67	113	0
67	114	1
67	115	0
67	116	1
67	117	1
67	118	0
67	119	0
67	120	1
67	121	1
67	122	1
67	123	0
67	124	0
67	125	1
67	126	1
67	127	1
67	128	0
67	129	0
67	130	0
68	69	0
68	70	0
68	71	0
68	72	0
68	73	0
68	74	1
68	75	0
68	76	1
68	77	0
68	78	1
68	79	0
68	80	0
68	81	0
68	82	0
68	83	0
68	84	1
68	85	0
68	86	1
68	87	0
68	88	0
68	89	1
68	90	1
68	91	1
68	92	0
68	93	0
68	94	1
68	95	1
68	96	1
68	97	1
68	98	0
68	99	0
68	100	1
68	101	0
68	102	0
68	103	0
68	104	1
68	105	0
68	106	0
68	107	0
68	108	0
68	109	1
68	110	1
68	111	1
68	112	1
68	113	1
68	114	0
68	115	1
68	116	1
68	117	1
68	118	0
68	119	1
68	120	0
68	121	0
68	122	0
68	123	1
68	124	0
68	125	1
68	126	0
68	127	1
68	128	0
68	129	0
68	130	0
69	70	0
69	71	0
69	72	0
69	73	1
69	74	1
69	75	1
69	76	1
69	77	0
69	78	1
69	79	1
69	80	1
69	81	1
69	82	1
69	83	1
69	84	1
69	85	1
69	86	0
69	87	1
69	88	1
69	89	0
69	90	0
69	91	0
69	92	0
69	93	0
69	94	1
69	95	1
69	96	0
69	97	1
69	98	1
69	99	0
69	100	1
69	101	0
69	102	1
69	103	1
69	104	1
69	105	0
69	106	1
69	107	1
69	108	0
69	109	0
69	110	1
69	111	0
69	112	1
69	113	1
69	114	1
69	115	0
69	116	0
69	117	1
69	118	0
69	119	1
69	120	1
69	121	1
69	122	0
69	123	1
69	124	0
69	125	0
69	126	1
69	127	1
69	128	1
69	129	0
69	130	0
70	71	0
70	72	0
70	73	1
70	74	1
70	75	0
70	76	0
70	77	0
70	78	1
70	79	1
70	80	1
70	81	0
70	82	0
70	83	1
70	84	1
70	85	1
70	86	0
70	87	1
70	88	0
70	89	1
70	90	1
70	91	1
70	92	1
70	93	1
70	94	1
70	95	0
70	96	0
70	97	1
70	98	0
70	99	0
70	100	1
70	101	0
70	102	1
70	103	1
70	104	0
70	105	1
70	106	0
70	107	1
70	108	1
70	109	1
70	110	1
70	111	1
70	112	0
70	113	1
70	114	1
70	115	1
70	116	1
70	117	0
70	118	0
70	119	1
70	120	1
70	121	0
70	122	1
70	123	1
70	124	0
70	125	1
70	126	1
70	127	0
70	128	1
70	129	0
70	130	1
71	72	0
71	73	0
71	74	0
71	75	0
71	76	0
71	77	1
71	78	0
71	79	0
71	80	1
71	81	1
71	82	0
71	83	1
71	84	1
71	85	1
71	86	1
71	87	1
71	88	0
71	89	0
71	90	0
71	91	1
71	92	1
71	93	0
71	94	1
71	95	0
71	96	0
71	97	1
71	98	0
71	99	1
71	100	0
71	101	0
71	102	1
71	103	0
71	104	0
71	105	1
71	106	0
71	107	0
71	108	1
71	109	1
71	110	1
71	111	1
71	112	1
71	113	0
71	114	0
71	115	0
71	116	0
71	117	1
71	118	0
71	119	1
71	120	0
71	121	0
71	122	0
71	123	1
71	124	0
71	125	0
71	126	0
71	127	1
71	128	0
71	129	0
71	130	1
72	73	0
72	74	1
72	75	1
72	76	0
72	77	0
72	78	0
72	79	0
72	80	0
72	81	1
72	82	1
72	83	1
72	84	1
72	85	0
72	86	1
72	87	0
72	88	0
72	89	1
72	90	1
72	91	0
72	92	0
72	93	0
72	94	1
72	95	0
72	96	1
72	97	1
72	98	1
72	99	1
72	100	0
72	101	1
72	102	0
72	103	1
72	104	0
72	105	1
72	106	1
72	107	0
72	108	0
72	109	1
72	110	1
72	111	0
72	112	1
72	113	0
72	114	0
72	115	0
72	116	1
72	117	0
72	118	0
72	119	0
72	120	1
72	121	0
72	122	1
72	123	1
72	124	1
72	125	0
72	126	0
72	127	1
72	128	1
72	129	0
72	130	1
73	74	1
73	75	0
73	76	1
73	77	1
73	78	1
73	79	0
73	80	0
73	81	0
73	82	1
73	83	1
73	84	0
73	85	0
73	86	1
73	87	1
73	88	1
73	89	0
73	90	0
73	91	0
73	92	1
73	93	0
73	94	0
73	95	0
73	96	1
73	97	1
73	98	1
73	99	1
73	100	0
73	101	0
73	102	1
73	103	1
73	104	1
73	105	0
73	106	0
73	107	1
73	108	1
73	109	0
73	110	0
73	111	1
73	112	0
73	113	1
73	114	1
73	115	1
73	116	1
73	117	1
73	118	0
73	119	1
73	120	0
73	121	0
73	122	0
73	123	1
73	124	1
73	125	1
73	126	0
73	127	1
73	128	1
73	129	0
73	130	1
74	75	1
74	76	1
74	77	0
74	78	1
74	79	1
74	80	1
74	81	0
74	82	0
74	83	0
74	84	1
74	85	0
74	86	1
74	87	0
74	88	1
74	89	0
74	90	0
74	91	1
74	92	0
74	93	1
74	94	0
74	95	1
74	96	0
74	97	1
74	98	0
74	99	1
74	100	0
74	101	1
74	102	1
74	103	1
74	104	1
74	105	1
74	106	1
74	107	1
74	108	1
74	109	0
74	110	0
74	111	0
74	112	1
74	113	0
74	114	1
74	115	1
74	116	0
74	117	0
74	118	1
74	119	0
74	120	1
74	121	1
74	122	1
74	123	0
74	124	1
74	125	0
74	126	1
74	127	0
74	128	1
74	129	1
74	130	1
75	76	0
75	77	0
75	78	1
75	79	0
75	80	0
75	81	0
75	82	0
75	83	0
75	84	0
75	85	0
75	86	0
75	87	1
75	88	0
75	89	0
75	90	0
75	91	1
75	92	1
75	93	1
75	94	0
75	95	1
75	96	0
75	97	1
75	98	1
75	99	1
75	100	0
75	101	0
75	102	0
75	103	0
75	104	0
75	105	1
75	106	0
75	107	1
75	108	0
75	109	1
75	110	0
75	111	1
75	112	0
75	113	1
75	114	1
75	115	0
75	116	0
75	117	0
75	118	1
75	119	1
75	120	0
75	121	0
75	122	1
75	123	1
75	124	1
75	125	1
75	126	1
75	127	0
75	128	1
75	129	1
75	130	1
76	77	0
76	78	0
76	79	1
76	80	1
76	81	0
76	82	1
76	83	1
76	84	0
76	85	1
76	86	0
76	87	0
76	88	1
76	89	0
76	90	1
76	91	1
76	92	1
76	93	0
76	94	0
76	95	1
76	96	0
76	97	1
76	98	0
76	99	0
76	100	0
76	101	1
76	102	0
76	103	0
76	104	0
76	105	1
76	106	1
76	107	1
76	108	1
76	109	1
76	110	1
76	111	0
76	112	1
76	113	1
76	114	0
76	115	1
76	116	0
76	117	1
76	118	1
76	119	0
76	120	1
76	121	1
76	122	1
76	123	0
76	124	1
76	125	0
76	126	0
76	127	0
76	128	1
76	129	1
76	130	0
77	78	1
77	79	1
77	80	1
77	81	1
77	82	0
77	83	1
77	84	1
77	85	1
77	86	0
77	87	1
77	88	1
77	89	0
77	90	0
77	91	1
77	92	0
77	93	1
77	94	0
77	95	0
77	96	1
77	97	1
77	98	0
77	99	0
77	100	0
77	101	0
77	102	0
77	103	1
77	104	1
77	105	0
77	106	1
77	107	0
77	108	0
77	109	1
77	110	1
77	111	1
77	112	1
77	113	0
77	114	1
77	115	1
77	116	1
77	117	1
77	118	0
77	119	0
77	120	1
77	121	0
77	122	0
77	123	1
77	124	0
77	125	0
77	126	0
77	127	1
77	128	1
77	129	0
77	130	1
78	79	0
78	80	1
78	81	0
78	82	1
78	83	1
78	84	0
78	85	1
78	86	1
78	87	0
78	88	1
78	89	0
78	90	1
78	91	1
78	92	0
78	93	1
78	94	1
78	95	0
78	96	0
78	97	1
78	98	1
78	99	0
78	100	1
78	101	0
78	102	0
78	103	0
78	104	0
78	105	1
78	106	1
78	107	1
78	108	0
78	109	0
78	110	0
78	111	0
78	112	1
78	113	0
78	114	0
78	115	1
78	116	1
78	117	0
78	118	0
78	119	0
78	120	1
78	121	1
78	122	0
78	123	1
78	124	0
78	125	0
78	126	0
78	127	0
78	128	0
78	129	1
78	130	0
79	80	0
79	81	0
79	82	0
79	83	1
79	84	1
79	85	0
79	86	1
79	87	0
79	88	0
79	89	0
79	90	1
79	91	0
79	92	1
79	93	0
79	94	0
79	95	1
79	96	0
79	97	0
79	98	1
79	99	1
79	100	0
79	101	1
79	102	1
79	103	0
79	104	0
79	105	0
79	106	1
79	107	1
79	108	0
79	109	0
79	110	1
79	111	1
79	112	1
79	113	0
79	114	0
79	115	0
79	116	1
79	117	0
79	118	0
79	119	1
79	120	1
79	121	1
79	122	1
79	123	1
79	124	1
79	125	1
79	126	0
79	127	1
79	128	0
79	129	0
79	130	0
80	81	0
80	82	0
80	83	0
80	84	1
80	85	0
80	86	0
80	87	1
80	88	0
80	89	0
80	90	0
80	91	1
80	92	1
80	93	1
80	94	1
80	95	0
80	96	0
80	97	0
80	98	0
80	99	1
80	100	1
80	101	1
80	102	1
80	103	1
80	104	0
80	105	0
80	106	1
80	107	1
80	108	0
80	109	1
80	110	1
80	111	0
80	112	0
80	113	1
80	114	0
80	115	0
80	116	0
80	117	1
80	118	0
80	119	1
80	120	0
80	121	0
80	122	1
80	123	1
80	124	1
80	125	0
80	126	0
80	127	1
80	128	1
80	129	0
80	130	1
81	82	1
81	83	1
81	84	1
81	85	1
81	86	0
81	87	0
81	88	1
81	89	0
81	90	1
81	91	1
81	92	1
81	93	0
81	94	0
81	95	0
81	96	1
81	97	1
81	98	1
81	99	0
81	100	1
81	101	0
81	102	1
81	103	0
81	104	1
81	105	1
81	106	0
81	107	1
81	108	0
81	109	1
81	110	1
81	111	0
81	112	1
81	113	0
81	114	0
81	115	0
81	116	1
81	117	0
81	118	0
81	119	0
81	120	0
81	121	1
81	122	0
81	123	1
81	124	1
81	125	0
81	126	1
81	127	0
81	128	1
81	129	1
81	130	0
82	83	0
82	84	1
82	85	1
82	86	0
82	87	1
82	88	0
82	89	0
82	90	0
82	91	1
82	92	1
82	93	0
82	94	1
82	95	0
82	96	0
82	97	0
82	98	0
82	99	1
82	100	0
82	101	0
82	102	0
82	103	1
82	104	1
82	105	1
82	106	0
82	107	1
82	108	0
82	109	1
82	110	1
82	111	1
82	112	1
82	113	1
82	114	0
82	115	0
82	116	1
82	117	1
82	118	0
82	119	0
82	120	1
82	121	0
82	122	1
82	123	0
82	124	0
82	125	0
82	126	1
82	127	1
82	128	1
82	129	0
82	130	1
83	84	1
83	85	1
83	86	1
83	87	1
83	88	0
83	89	1
83	90	0
83	91	0
83	92	1
83	93	1
83	94	0
83	95	1
83	96	0
83	97	1
83	98	0
83	99	0
83	100	0
83	101	0
83	102	1
83	103	1
83	104	0
83	105	0
83	106	1
83	107	1
83	108	1
83	109	0
83	110	1
83	111	0
83	112	0
83	113	1
83	114	0
83	115	1
83	116	1
83	117	1
83	118	1
83	119	0
83	120	0
83	121	1
83	122	0
83	123	1
83	124	0
83	125	1
83	126	1
83	127	0
83	128	0
83	129	1
83	130	1
84	85	0
84	86	0
84	87	0
84	88	1
84	89	1
84	90	1
84	91	0
84	92	0
84	93	1
84	94	0
84	95	0
84	96	1
84	97	1
84	98	0
84	99	1
84	100	1
84	101	1
84	102	0
84	103	0
84	104	1
84	105	0
84	106	0
84	107	1
84	108	1
84	109	1
84	110	1
84	111	0
84	112	0
84	113	0
84	114	0
84	115	0
84	116	0
84	117	0
84	118	1
84	119	1
84	120	1
84	121	1
84	122	1
84	123	0
84	124	0
84	125	0
84	126	1
84	127	0
84	128	0
84	129	1
84	130	0
85	86	0
85	87	1
85	88	1
85	89	1
85	90	0
85	91	1
85	92	1
85	93	1
85	94	0
85	95	0
85	96	0
85	97	0
85	98	0
85	99	0
85	100	1
85	101	1
85	102	1
85	103	0
85	104	0
85	105	1
85	106	0
85	107	0
85	108	0
85	109	1
85	110	0
85	111	1
85	112	0
85	113	0
85	114	1
85	115	0
85	116	1
85	117	1
85	118	0
85	119	1
85	120	0
85	121	1
85	122	0
85	123	0
85	124	0
85	125	1
85	126	1
85	127	0
85	128	1
85	129	1
85	130	0
86	87	0
86	88	0
86	89	1
86	90	1
86	91	1
86	92	1
86	93	1
86	94	0
86	95	0
86	96	0
86	97	1
86	98	0
86	99	1
86	100	0
86	101	1
86	102	1
86	103	1
86	104	1
86	105	0
86	106	0
86	107	0
86	108	1
86	109	1
86	110	1
86	111	1
86	112	1
86	113	1
86	114	0
86	115	0
86	116	1
86	117	1
86	118	0
86	119	1
86	120	0
86	121	0
86	122	1
86	123	1
86	124	1
86	125	0
86	126	0
86	127	0
86	128	1
86	129	1
86	130	1
87	88	0
87	89	0
87	90	1
87	91	0
87	92	0
87	93	0
87	94	1
87	95	1
87	96	0
87	97	1
87	98	1
87	99	1
87	100	0
87	101	0
87	102	1
87	103	0
87	104	0
87	105	1
87	106	1
87	107	0
87	108	0
87	109	1
87	110	1
87	111	1
87	112	1
87	113	1
87	114	1
87	115	0
87	116	1
87	117	1
87	118	1
87	119	1
87	120	1
87	121	0
87	122	1
87	123	1
87	124	1
87	125	0
87	126	1
87	127	1
87	128	0
87	129	0
87	130	0
88	89	1
88	90	1
88	91	0
88	92	0
88	93	1
88	94	1
88	95	1
88	96	0
88	97	1
88	98	1
88	99	0
88	100	1
88	101	0
88	102	0
88	103	0
88	104	1
88	105	0
88	106	1
88	107	0
88	108	1
88	109	1
88	110	0
88	111	1
88	112	1
88	113	1
88	114	1
88	115	1
88	116	0
88	117	0
88	118	0
88	119	1
88	120	0
88	121	0
88	122	0
88	123	1
88	124	1
88	125	1
88	126	1
88	127	1
88	128	1
88	129	0
88	130	0
89	90	1
89	91	0
89	92	0
89	93	1
89	94	1
89	95	1
89	96	0
89	97	0
89	98	0
89	99	1
89	100	1
89	101	1
89	102	1
89	103	1
89	104	0
89	105	1
89	106	0
89	107	1
89	108	0
89	109	0
89	110	1
89	111	0
89	112	0
89	113	0
89	114	0
89	115	1
89	116	1
89	117	1
89	118	0
89	119	1
89	120	0
89	121	1
89	122	0
89	123	0
89	124	1
89	125	1
89	126	1
89	127	1
89	128	0
89	129	0
89	130	1
90	91	0
90	92	0
90	93	1
90	94	1
90	95	1
90	96	1
90	97	0
90	98	0
90	99	1
90	100	1
90	101	1
90	102	0
90	103	1
90	104	0
90	105	1
90	106	0
90	107	0
90	108	1
90	109	0
90	110	1
90	111	0
90	112	1
90	113	1
90	114	1
90	115	0
90	116	1
90	117	1
90	118	1
90	119	0
90	120	1
90	121	0
90	122	0
90	123	1
90	124	0
90	125	0
90	126	1
90	127	0
90	128	1
90	129	0
90	130	1
91	92	1
91	93	0
91	94	1
91	95	0
91	96	0
91	97	1
91	98	0
91	99	0
91	100	0
91	101	0
91	102	1
91	103	1
91	104	0
91	105	0
91	106	1
91	107	0
91	108	0
91	109	1
91	110	0
91	111	0
91	112	0
91	113	0
91	114	1
91	115	1
91	116	1
91	117	1
91	118	1
91	119	1
91	120	0
91	121	1
91	122	1
91	123	1
91	124	1
91	125	0
91	126	1
91	127	1
91	128	0
91	129	1
91	130	1
92	93	1
92	94	0
92	95	0
92	96	0
92	97	1
92	98	1
92	99	1
92	100	0
92	101	0
92	102	0
92	103	0
92	104	0
92	105	1
92	106	0
92	107	1
92	108	0
92	109	0
92	110	1
92	111	0
92	112	1
92	113	1
92	114	0
92	115	0
92	116	0
92	117	0
92	118	0
92	119	1
92	120	1
92	121	1
92	122	0
92	123	1
92	124	0
92	125	1
92	126	0
92	127	1
92	128	1
92	129	0
92	130	0
93	94	1
93	95	0
93	96	0
93	97	1
93	98	1
93	99	1
93	100	0
93	101	0
93	102	1
93	103	0
93	104	1
93	105	0
93	106	0
93	107	1
93	108	0
93	109	0
93	110	0
93	111	0
93	112	1
93	113	0
93	114	1
93	115	0
93	116	1
93	117	0
93	118	0
93	119	0
93	120	1
93	121	0
93	122	0
93	123	1
93	124	0
93	125	0
93	126	1
93	127	0
93	128	0
93	129	0
93	130	1
94	95	0
94	96	1
94	97	1
94	98	1
94	99	0
94	100	1
94	101	0
94	102	0
94	103	0
94	104	0
94	105	0
94	106	0
94	107	0
94	108	0
94	109	1
94	110	1
94	111	1
94	112	1
94	113	0
94	114	1
94	115	1
94	116	0
94	117	0
94	118	0
94	119	1
94	120	0
94	121	0
94	122	0
94	123	0
94	124	1
94	125	1
94	126	1
94	127	1
94	128	0
94	129	1
94	130	0
95	96	1
95	97	0
95	98	1
95	99	0
95	100	1
95	101	1
95	102	1
95	103	0
95	104	0
95	105	0
95	106	0
95	107	1
95	108	1
95	109	1
95	110	0
95	111	1
95	112	1
95	113	0
95	114	0
95	115	1
95	116	1
95	117	1
95	118	0
95	119	0
95	120	0
95	121	0
95	122	1
95	123	1
95	124	0
95	125	0
95	126	0
95	127	0
95	128	1
95	129	0
95	130	1
96	97	0
96	98	1
96	99	0
96	100	1
96	101	1
96	102	0
96	103	1
96	104	0
96	105	1
96	106	1
96	107	0
96	108	1
96	109	0
96	110	1
96	111	0
96	112	0
96	113	1
96	114	1
96	115	0
96	116	1
96	117	0
96	118	1
96	119	1
96	120	1
96	121	0
96	122	0
96	123	1
96	124	1
96	125	1
96	126	0
96	127	1
96	128	1
96	129	0
96	130	0
97	98	0
97	99	1
97	100	1
97	101	0
97	102	0
97	103	1
97	104	0
97	105	1
97	106	1
97	107	1
97	108	0
97	109	1
97	110	1
97	111	0
97	112	1
97	113	1
97	114	1
97	115	0
97	116	0
97	117	0
97	118	0
97	119	1
97	120	1
97	121	1
97	122	1
97	123	0
97	124	1
97	125	1
97	126	0
97	127	0
97	128	0
97	129	0
97	130	1
98	99	1
98	100	0
98	101	0
98	102	0
98	103	0
98	104	1
98	105	1
98	106	0
98	107	0
98	108	0
98	109	0
98	110	0
98	111	0
98	112	0
98	113	1
98	114	1
98	115	1
98	116	1
98	117	0
98	118	0
98	119	0
98	120	1
98	121	0
98	122	1
98	123	0
98	124	0
98	125	0
98	126	0
98	127	1
98	128	0
98	129	0
98	130	1
99	100	1
99	101	0
99	102	0
99	103	0
99	104	0
99	105	0
99	106	0
99	107	1
99	108	1
99	109	1
99	110	0
99	111	1
99	112	0
99	113	0
99	114	1
99	115	1
99	116	0
99	117	1
99	118	0
99	119	0
99	120	0
99	121	0
99	122	1
99	123	0
99	124	1
99	125	0
99	126	0
99	127	0
99	128	1
99	129	1
99	130	1
100	101	1
100	102	0
100	103	0
100	104	1
100	105	1
100	106	1
100	107	0
100	108	1
100	109	1
100	110	1
100	111	1
100	112	1
100	113	0
100	114	1
100	115	1
100	116	1
100	117	0
100	118	1
100	119	0
100	120	0
100	121	0
100	122	1
100	123	0
100	124	0
100	125	0
100	126	0
100	127	1
100	128	0
100	129	0
100	130	0
101	102	1
101	103	1
101	104	0
101	105	1
101	106	0
101	107	1
101	108	1
101	109	1
101	110	0
101	111	1
101	112	1
101	113	1
101	114	0
101	115	0
101	116	0
101	117	0
101	118	1
101	119	0
101	120	0
101	121	0
101	122	1
101	123	1
101	124	1
101	125	1
101	126	0
101	127	0
101	128	1
101	129	0
101	130	1
102	103	0
102	104	1
102	105	1
102	106	1
102	107	0
102	108	1
102	109	1
102	110	1
102	111	0
102	112	0
102	113	0
102	114	0
102	115	1
102	116	0
102	117	0
102	118	1
102	119	0
102	120	0
102	121	1
102	122	0
102	123	0
102	124	0
102	125	1
102	126	1
102	127	1
102	128	1
102	129	0
102	130	0
103	104	0
103	105	1
103	106	1
103	107	1
103	108	0
103	109	1
103	110	1
103	111	0
103	112	0
103	113	1
103	114	0
103	115	0
103	116	1
103	117	1
103	118	1
103	119	0
103	120	1
103	121	1
103	122	0
103	123	0
103	124	0
103	125	0
103	126	1
103	127	1
103	128	0
103	129	1
103	130	1
104	105	1
104	106	0
104	107	1
104	108	0
104	109	0
104	110	0
104	111	0
104	112	1
104	113	0
104	114	1
104	115	0
104	116	0
104	117	0
104	118	0
104	119	0
104	120	0
104	121	0
104	122	1
104	123	0
104	124	1
104	125	0
104	126	0
104	127	1
104	128	1
104	129	1
104	130	1
105	106	1
105	107	0
105	108	1
105	109	0
105	110	1
105	111	0
105	112	0
105	113	1
105	114	0
105	115	1
105	116	1
105	117	1
105	118	0
105	119	0
105	120	1
105	121	0
105	122	1
105	123	0
105	124	1
105	125	0
105	126	0
105	127	0
105	128	1
105	129	1
105	130	0
106	107	1
106	108	1
106	109	1
106	110	0
106	111	1
106	112	1
106	113	0
106	114	1
106	115	1
106	116	1
106	117	1
106	118	0
106	119	1
106	120	1
106	121	0
106	122	1
106	123	0
106	124	0
106	125	1
106	126	0
106	127	0
106	128	1
106	129	1
106	130	1
107	108	0
107	109	1
107	110	1
107	111	0
107	112	0
107	113	1
107	114	1
107	115	0
107	116	0
107	117	1
107	118	0
107	119	0
107	120	0
107	121	1
107	122	1
107	123	0
107	124	0
107	125	1
107	126	1
107	127	1
107	128	0
107	129	1
107	130	0
108	109	1
108	110	0
108	111	0
108	112	1
108	113	1
108	114	1
108	115	0
108	116	1
108	117	1
108	118	0
108	119	0
108	120	1
108	121	0
108	122	1
108	123	1
108	124	0
108	125	1
108	126	1
108	127	0
108	128	0
108	129	1
108	130	1
109	110	1
109	111	0
109	112	0
109	113	0
109	114	0
109	115	1
109	116	0
109	117	1
109	118	0
109	119	1
109	120	0
109	121	1
109	122	1
109	123	0
109	124	1
109	125	0
109	126	1
109	127	1
109	128	1
109	129	1
109	130	0
110	111	1
110	112	0
110	113	0
110	114	0
110	115	0
110	116	1
110	117	0
110	118	1
110	119	1
110	120	1
110	121	1
110	122	1
110	123	1
110	124	0
110	125	0
110	126	0
110	127	0
110	128	1
110	129	1
110	130	0
111	112	1
111	113	1
111	114	0
111	115	1
111	116	1
111	117	0
111	118	1
111	119	1
111	120	1
111	121	1
111	122	1
111	123	0
111	124	1
111	125	1
111	126	1
111	127	1
111	128	0
111	129	0
111	130	1
112	113	0
112	114	1
112	115	0
112	116	1
112	117	0
112	118	0
112	119	0
112	120	1
112	121	0
112	122	1
112	123	0
112	124	1
112	125	1
112	126	1
112	127	1
112	128	1
112	129	0
112	130	1
113	114	1
113	115	0
113	116	0
113	117	1
113	118	0
113	119	1
113	120	1
113	121	0
113	122	0
113	123	1
113	124	1
113	125	0
113	126	0
113	127	1
113	128	0
113	129	0
113	130	0
114	115	0
114	116	1
114	117	1
114	118	1
114	119	0
114	120	0
114	121	1
114	122	0
114	123	0
114	124	1
114	125	0
114	126	0
114	127	0
114	128	1
114	129	0
114	130	1
115	116	0
115	117	1
115	118	1
115	119	0
115	120	0
115	121	1
115	122	1
115	123	1
115	124	1
115	125	1
115	126	0
115	127	0
115	128	0
115	129	0
115	130	0
116	117	0
116	118	0
116	119	0
116	120	0
116	121	1
116	122	0
116	123	0
116	124	0
116	125	0
116	126	0
116	127	1
116	128	0
116	129	1
116	130	0
117	118	1
117	119	1
117	120	0
117	121	0
117	122	1
117	123	0
117	124	0
117	125	0
117	126	0
117	127	1
117	128	1
117	129	0
117	130	0
118	119	0
118	120	1
118	121	0
118	122	0
118	123	1
118	124	0
118	125	0
118	126	1
118	127	0
118	128	1
118	129	1
118	130	0
119	120	1
119	121	1
119	122	1
119	123	0
119	124	1
119	125	1
119	126	1
119	127	1
119	128	0
119	129	0
119	130	1
120	121	1
120	122	1
120	123	0
120	124	0
120	125	1
120	126	0
120	127	1
120	128	0
120	129	1
120	130	1
121	122	1
121	123	1
121	124	0
121	125	0
121	126	0
121	127	1
121	128	0
121	129	1
121	130	1
122	123	0
122	124	1
122	125	0
122	126	1
122	127	0
122	128	1
122	129	0
122	130	1
123	124	0
123	125	1
123	126	1
123	127	0
123	128	0
123	129	1
123	130	0
124	125	1
124	126	1
124	127	0
124	128	1
124	129	1
124	130	0
125	126	1
125	127	1
125	128	0
125	129	1
125	130	1
126	127	0
126	128	1
126	129	0
126	130	0
127	128	0
127	129	0
127	130	1
128	129	1
128	130	1
129	130	0
