130	8385	0
1	2	1
1	3	1
1	4	0
1	5	1
1	6	0
1	7	0
1	8	0
1	9	1
1	10	1
1	11	0
1	12	0
1	13	0
1	14	0
1	15	0
1	16	1
1	17	0
1	18	0
1	19	1
1	20	1
1	21	0
1	22	1
1	23	1
1	24	1
1	25	1
1	26	0
1	27	0
1	28	0
1	29	1
1	30	0
1	31	1
1	32	1
1	33	1
1	34	1
1	35	1
1	36	0
1	37	1
1	38	1
1	39	0
1	40	1
1	41	1
1	42	1
1	43	0
1	44	0
1	45	0
1	46	1
1	47	1
1	48	1
1	49	1
1	50	1
1	51	0
1	52	1
1	53	0
1	54	0
1	55	0
1	56	0
1	57	0
1	58	0
1	59	0
1	60	0
1	61	1
1	62	0
1	63	1
1	64	1
1	65	0
1	66	0
1	67	0
1	68	0
1	69	1
1	70	1
1	71	0
1	72	0
1	73	1
1	74	1
1	75	1
1	76	0
1	77	1
1	78	1
1	79	0
1	80	1
1	81	0
1	82	0
1	83	1
1	84	0
1	85	0
1	86	0
1	87	0
1	88	0
1	89	1
1	90	0
1	91	1
1	92	0
1	93	0
1	94	0
1	95	1
1	96	1
1	97	0
1	98	1
1	99	1
1	100	0
1	101	0
1	102	0
1	103	0
1	104	1
1	105	1
1	106	0
1	107	1
1	108	1
1	109	1
1	110	0
1	111	0
1	112	0
1	113	1
1	114	0
1	115	0
1	116	1
1	117	0
1	118	1
1	119	1
1	120	0
1	121	1
1	122	0
1	123	1
1	124	0
1	125	0
1	126	0
1	127	1
1	128	1
1	129	1
1	130	0
2	3	1
2	4	1
2	5	0
2	6	0
2	7	1
2	8	1
2	9	0
2	10	0
2	11	1
2	12	1
2	13	0
2	14	1
2	15	1
2	16	0
2	17	1
2	18	1
2	19	1
2	20	0
2	21	0
2	22	0
2	23	0
2	24	0
2	25	0
2	26	0
2	27	1
2	28	1
2	29	0
2	30	1
2	31	0
2	32	0
2	33	0
2	34	0
2	35	1
2	36	1
2	37	0
2	38	0
2	39	1
2	40	0
2	41	0
2	42	0
2	43	1
2	44	0
2	45	1
2	46	1
2	47	1
2	48	0
2	49	0
2	50	1
2	51	1
2	52	0
2	53	0
2	54	1
2	55	1
2	56	0
2	57	0
2	58	1
2	59	0
2	60	1
2	61	1
2	62	0
2	63	1
2	64	1
2	65	1
2	66	1
2	67	0
2	68	1
2	69	1
2	70	1
2	71	1
2	72	1
2	73	0
2	74	0
2	75	1
2	76	1
2	77	1
2	78	0
2	79	0
2	80	1
2	81	1
2	82	0
2	83	1
2	84	1
2	85	0
2	86	1
2	87	1
2	88	0
2	89	0
2	90	0
2	91	0
2	92	0
2	93	0
2	94	1
2	95	1
2	96	1
2	97	1
2	98	0
2	99	1
2	100	1
2	101	0
2	102	0
2	103	0
2	104	0
2	105	1
2	106	0
2	107	0
2	108	1
2	109	0
2	110	1
2	111	0
2	112	0
2	113	0
2	114	1
2	115	1
2	116	0
2	117	1
2	118	1
2	119	0
2	120	1
2	121	1
2	122	0
2	123	1
2	124	1
2	125	0
2	126	0
2	127	0
2	128	0
2	129	1
2	130	1
3	4	1
3	5	0
3	6	1
3	7	0
3	8	0
3	9	1
3	10	0
3	11	1
3	12	0
3	13	0
3	14	0
3	15	1
3	16	1
3	17	1
3	18	0
3	19	0
3	20	1
3	21	0
3	22	0
3	23	1
3	24	0
3	25	1
3	26	0
3	27	1
3	28	1
3	29	0
3	30	1
3	31	0
3	32	0
3	33	0
3	34	0
3	35	0
3	36	1
3	37	0
3	38	1
3	39	1
3	40	0
3	41	1
3	42	0
3	43	1
3	44	1
3	45	1
3	46	1
3	47	1
3	48	1
3	49	0
3	50	0
3	51	1
3	52	0
3	53	1
3	54	0
3	55	1
3	56	1
3	57	0
3	58	0
3	59	1
3	60	0
3	61	1
3	62	0
3	63	1
3	64	1
3	65	0
3	66	0
3	67	0
3	68	0
3	69	1
3	70	0
3	71	0
3	72	1
3	73	0
3	74	1
3	75	0
3	76	0
3	77	1
3	78	1
3	79	0
3	80	0
3	81	1
3	82	0
3	83	1
3	84	0
3	85	0
3	86	0
3	87	0
3	88	0
3	89	0
3	90	1
3	91	1
3	92	1
3	93	0
3	94	1
3	95	0
3	96	1
3	97	0
3	98	0
3	99	0
3	100	1
3	101	0
3	102	0
3	103	0
3	104	0
3	105	1
3	106	0
3	107	0
3	108	0
3	109	1
3	110	1
3	111	0
3	112	0
3	113	1
3	114	1
3	115	1
3	116	1
3	117	1
3	118	0
3	119	0
3	120	1
3	121	1
3	122	0
3	123	0
3	124	1
3	125	1
3	126	0
3	127	0
3	128	1
3	129	1
3	130	1
4	5	1
4	6	0
4	7	1
4	8	1
4	9	0
4	10	0
4	11	0
4	12	1
4	13	0
4	14	1
4	15	1
4	16	0
4	17	1
4	18	1
4	19	0
4	20	0
4	21	0
4	22	1
4	23	1
4	24	0
4	25	1
4	26	1
4	27	0
4	28	0
4	29	0
4	30	0
4	31	0
4	32	1
4	33	0
4	34	1
4	35	0
4	36	1
4	37	1
4	38	0
4	39	1
4	40	0
4	41	1
4	42	0
4	43	1
4	44	0
4	45	0
4	46	1
4	47	0
4	48	0
4	49	0
4	50	0
4	51	0
4	52	1
4	53	0
4	54	1
4	55	0
4	56	0
4	57	0
4	58	0
4	59	1
4	60	0
4	61	1
4	62	1
4	63	0
4	64	0
4	65	0
4	66	0
4	67	0
4	68	1
4	69	0
4	70	0
4	71	0
4	72	0
4	73	1
4	74	0
4	75	1
4	76	0
4	77	0
4	78	1
4	79	0
4	80	0
4	81	1
4	82	0
4	83	0
4	84	0
4	85	0
4	86	1
4	87	1
4	88	0
4	89	0
4	90	0
4	91	0
4	92	1
4	93	0
4	94	0
4	95	1
4	96	1
4	97	1
4	98	1
4	99	1
4	100	0
4	101	0
4	102	0
4	103	0
4	104	1
4	105	1
4	106	1
4	107	1
4	108	0
4	109	0
4	110	0
4	111	1
4	112	0
4	113	1
4	114	1
4	115	1
4	116	1
4	117	0
4	118	0
4	119	0
4	120	1
4	121	0
4	122	1
4	123	1
4	124	1
4	125	0
4	126	1
4	127	0
4	128	0
4	129	1
4	130	1
5	6	0
5	7	1
5	8	0
5	9	0
5	10	1
5	11	0
5	12	0
5	13	1
5	14	0
5	15	0
5	16	1
5	17	0
5	18	1
5	19	0
5	20	1
5	21	0
5	22	0
5	23	0
5	24	1
5	25	0
5	26	0
5	27	0
5	28	1
5	29	0
5	30	0
5	31	0
5	32	0
5	33	0
5	34	0
5	35	1
5	36	1
5	37	1
5	38	1
5	39	0
5	40	0
5	41	0
5	42	0
5	43	0
5	44	0
5	45	0
5	46	1
5	47	1
5	48	1
5	49	0
5	50	1
5	51	1
5	52	0
5	53	1
5	54	1
5	55	0
5	56	0
5	57	0
5	58	0
5	59	1
5	60	1
5	61	1
5	62	0
5	63	1
5	64	0
5	65	0
5	66	1
5	67	0
5	68	1
5	69	0
5	70	0
5	71	1
5	72	1
5	73	1
5	74	1
5	75	1
5	76	1
5	77	1
5	78	1
5	79	1
5	80	1
5	81	1
5	82	1
5	83	1
5	84	1
5	85	0
5	86	1
5	87	1
5	88	1
5	89	1
5	90	1
5	91	1
5	92	1
5	93	0
5	94	1
5	95	1
5	96	1
5	97	0
5	98	1
5	99	1
5	100	0
5	101	1
5	102	0
5	103	0
5	104	0
5	105	1
5	106	1
5	107	1
5	108	0
5	109	0
5	110	1
5	111	1
5	112	1
5	113	0
5	114	1
5	115	0
5	116	1
5	117	0
5	118	0
5	119	0
5	120	0
5	121	0
5	122	1
5	123	0
5	124	0
5	125	1
5	126	1
5	127	1
5	128	1
5	129	1
5	130	0
6	7	1
6	8	1
6	9	1
6	10	0
6	11	0
6	12	0
6	13	1
6	14	0
6	15	1
6	16	1
6	17	0
6	18	0
6	19	1
6	20	0
6	21	1
6	22	1
6	23	1
6	24	0
6	25	0
6	26	0
6	27	1
6	28	1
6	29	0
6	30	0
6	31	1
6	32	1
6	33	0
6	34	1
6	35	1
6	36	1
6	37	0
6	38	0
6	39	0
6	40	1
6	41	0
6	42	1
6	43	0
6	44	1
6	45	0
6	46	1
6	47	0
6	48	0
6	49	0
6	50	0
6	51	0
6	52	0
6	53	0
6	54	1
6	55	0
6	56	1
6	57	1
6	58	0
6	59	1
6	60	1
6	61	1
6	62	0
6	63	0
6	64	0
6	65	0
6	66	1
6	67	0
6	68	1
6	69	1
6	70	0
6	71	0
6	72	0
6	73	0
6	74	0
6	75	0
6	76	0
6	77	1
6	78	1
6	79	1
6	80	1
6	81	1
6	82	0
6	83	1
6	84	0
6	85	1
6	86	0
6	87	1
6	88	1
6	89	0
6	90	0
6	91	1
6	92	0
6	93	0
6	94	0
6	95	0
6	96	1
6	97	1
6	98	1
6	99	0
6	100	0
6	101	0
6	102	1
6	103	1
6	104	1
6	105	0
6	106	0
6	107	1
6	108	0
6	109	1
6	110	1
6	111	1
6	112	0
6	113	0
6	114	1
6	115	0
6	116	0
6	117	1
6	118	1
6	119	0
6	120	1
6	121	1
6	122	0
6	123	1
6	124	1
6	125	1
6	126	1
6	127	1
6	128	0
6	129	1
6	130	0
7	8	1
7	9	1
7	10	1
7	11	1
7	12	0
7	13	1
7	14	0
7	15	1
7	16	0
7	17	0
7	18	0
7	19	1
7	20	0
7	21	1
7	22	1
7	23	0
7	24	0
7	25	1
7	26	0
7	27	1
7	28	0
7	29	1
7	30	0
7	31	0
7	32	1
7	33	1
7	34	0
7	35	0
7	36	0
7	37	0
7	38	0
7	39	0
7	40	0
7	41	1
7	42	1
7	43	0
7	44	0
7	45	1
7	46	0
7	47	0
7	48	0
7	49	1
7	50	1
7	51	0
7	52	0
7	53	1
7	54	1
7	55	0
7	56	0
7	57	1
7	58	1
7	59	0
7	60	1
7	61	0
7	62	1
7	63	1
7	64	0
7	65	1
7	66	0
7	67	0
7	68	1
7	69	1
7	70	0
7	71	1
7	72	1
7	73	0
7	74	1
7	75	1
7	76	1
7	77	0
7	78	0
7	79	0
7	80	1
7	81	0
7	82	1
7	83	0
7	84	1
7	85	1
7	86	0
7	87	1
7	88	0
7	89	0
7	90	0
7	91	0
7	92	1
7	93	0
7	94	0
7	95	0
7	96	0
7	97	0
7	98	1
7	99	0
7	100	1
7	101	1
7	102	1
7	103	0
7	104	1
7	105	0
7	106	0
7	107	1
7	108	1
7	109	0
7	110	0
7	111	0
7	112	0
7	113	0
7	114	1
7	115	1
7	116	0
7	117	1
7	118	0
7	119	0
7	120	1
7	121	1
7	122	1
7	123	1
7	124	1
7	125	0
7	126	1
7	127	0
7	128	0
7	129	0
7	130	1
8	9	1
8	10	0
8	11	1
8	12	1
8	13	1
8	14	0
8	15	0
8	16	1
8	17	0
8	18	0
8	19	0
8	20	1
8	21	1
8	22	1
8	23	0
8	24	0
8	25	0
8	26	0
8	27	1
8	28	0
8	29	0
8	30	0
8	31	0
8	32	1
8	33	1
8	34	0
8	35	0
8	36	1
8	37	1
8	38	1
8	39	0
8	40	0
8	41	0
8	42	0
8	43	1
8	44	0
8	45	0
8	46	0
8	47	0
8	48	1
8	49	0
8	50	0
8	51	0
8	52	0
8	53	0
8	54	0
8	55	0
8	56	0
8	57	0
8	58	1
8	59	1
8	60	1
8	61	0
8	62	1
8	63	0
8	64	1
8	65	0
8	66	0
8	67	0
8	68	0
8	69	0
8	70	0
8	71	1
8	72	0
8	73	1
8	74	1
8	75	0
8	76	0
8	77	1
8	78	1
8	79	0
8	80	1
8	81	0
8	82	1
8	83	1
8	84	1
8	85	1
8	86	1
8	87	1
8	88	1
8	89	1
8	90	1
8	91	0
8	92	0
8	93	0
8	94	0
8	95	0
8	96	0
8	97	1
8	98	1
8	99	1
8	100	1
8	101	1
8	102	0
8	103	0
8	104	0
8	105	1
8	106	0
8	107	0
8	108	0
8	109	0
8	110	1
8	111	0
8	112	0
8	113	0
8	114	0
8	115	1
8	116	0
8	117	1
8	118	1
8	119	1
8	120	0
8	121	1
8	122	0
8	123	0
8	124	1
8	125	0
8	126	0
8	127	1
8	128	1
8	129	0
8	130	0
9	10	0
9	11	0
9	12	0
9	13	0
9	14	0
9	15	1
9	16	0
9	17	1
9	18	1
9	19	1
9	20	0
9	21	1
9	22	1
9	23	0
9	24	0
9	25	0
9	26	1
9	27	1
9	28	0
9	29	0
9	30	0
9	31	0
9	32	0
9	33	1
9	34	1
9	35	0
9	36	1
9	37	1
9	38	1
9	39	0
9	40	0
9	41	0
9	42	0
9	43	0
9	44	1
9	45	1
9	46	0
9	47	0
9	48	0
9	49	1
9	50	0
9	51	0
9	52	0
9	53	0
9	54	1
9	55	0
9	56	1
9	57	1
9	58	0
9	59	0
9	60	1
9	61	0
9	62	1
9	63	1
9	64	0
9	65	0
9	66	0
9	67	0
9	68	0
9	69	0
9	70	0
9	71	1
9	72	1
9	73	0
9	74	0
9	75	0
9	76	0
9	77	0
9	78	0
9	79	1
9	80	0
9	81	1
9	82	1
9	83	0
9	84	1
9	85	1
9	86	0
9	87	0
9	88	0
9	89	0
9	90	1
9	91	0
9	92	0
9	93	0
9	94	1
9	95	1
9	96	1
9	97	1
9	98	0
9	99	1
9	100	1
9	101	1
9	102	0
9	103	1
9	104	0
9	105	1
9	106	1
9	107	1
9	108	0
9	109	0
9	110	1
9	111	0
9	112	1
9	113	1
9	114	1
9	115	0
9	116	0
9	117	1
9	118	1
9	119	1
9	120	1
9	121	0
9	122	0
9	123	1
9	124	0
9	125	1
9	126	0
9	127	1
9	128	0
9	129	1
9	130	0
10	11	1
10	12	1
10	13	1
10	14	0
10	15	1
10	16	1
10	17	1
10	18	0
10	19	0
10	20	1
10	21	0
10	22	0
10	23	0
10	24	0
10	25	0
10	26	0
10	27	0
10	28	0
10	29	0
10	30	1
10	31	0
10	32	1
10	33	1
10	34	0
10	35	0
10	36	0
10	37	1
10	38	0
10	39	1
10	40	1
10	41	0
10	42	1
10	43	1
10	44	0
10	45	1
10	46	1
10	47	0
10	48	0
10	49	1
10	50	1
10	51	0
10	52	1
10	53	1
10	54	0
10	55	1
10	56	0
10	57	0
10	58	1
10	59	0
10	60	1
10	61	1
10	62	1
10	63	0
10	64	0
10	65	0
10	66	0
10	67	1
10	68	1
10	69	0
10	70	0
10	71	0
10	72	1
10	73	1
10	74	0
10	75	0
10	76	1
10	77	0
10	78	0
10	79	0
10	80	1
10	81	1
10	82	0
10	83	0
10	84	1
10	85	1
10	86	1
10	87	1
10	88	0
10	89	0
10	90	1
10	91	1
10	92	1
10	93	0
10	94	0
10	95	0
10	96	1
10	97	1
10	98	0
10	99	0
10	100	0
10	101	1
10	102	1
10	103	0
10	104	1
10	105	0
10	106	1
10	107	1
10	108	0
10	109	0
10	110	1
10	111	0
10	112	0
10	113	1
10	114	0
10	115	0
10	116	1
10	117	0
10	118	1
10	119	1
10	120	0
10	121	0
10	122	0
10	123	0
10	124	0
10	125	0
10	126	1
10	127	1
10	128	1
10	129	0
10	130	1
11	12	1
11	13	0
11	14	0
11	15	1
11	16	0
11	17	1
11	18	0
11	19	0
11	20	1
11	21	0
11	22	0
11	23	1
11	24	1
11	25	0
11	26	0
11	27	0
11	28	1
11	29	1
11	30	0
11	31	0
11	32	0
11	33	1
11	34	0
11	35	0
11	36	0
11	37	1
11	38	1
11	39	0
11	40	0
11	41	0
11	42	1
11	43	0
11	44	0
11	45	0
11	46	1
11	47	0
11	48	0
11	49	0
11	50	1
11	51	0
11	52	1
11	53	1
11	54	1
11	55	1
11	56	1
11	57	1
11	58	1
11	59	1
11	60	1
11	61	0
11	62	0
11	63	0
11	64	0
11	65	0
11	66	1
11	67	1
11	68	0
11	69	1
11	70	0
11	71	0
11	72	0
11	73	1
11	74	0
11	75	0
11	76	1
11	77	1
11	78	0
11	79	0
11	80	1
11	81	1
11	82	0
11	83	0
11	84	0
11	85	0
11	86	1
11	87	1
11	88	0
11	89	1
11	90	0
11	91	1
11	92	0
11	93	1
11	94	1
11	95	1
11	96	1
11	97	1
11	98	1
11	99	1
11	100	0
11	101	0
11	102	0
11	103	0
11	104	1
11	105	0
11	106	1
11	107	0
11	108	1
11	109	1
11	110	0
11	111	0
11	112	0
11	113	1
11	114	1
11	115	1
11	116	1
11	117	1
11	118	1
11	119	0
11	120	0
11	121	1
11	122	0
11	123	0
11	124	1
11	125	1
11	126	0
11	127	0
11	128	1
11	129	0
11	130	0
12	13	1
12	14	0
12	15	1
12	16	1
12	17	0
12	18	1
12	19	0
12	20	1
12	21	1
12	22	0
12	23	1
12	24	1
12	25	0
12	26	0
12	27	1
12	28	0
12	29	1
12	30	0
12	31	0
12	32	0
12	33	1
12	34	1
12	35	1
12	36	0
12	37	1
12	38	0
12	39	0
12	40	0
12	41	1
12	42	1
12	43	0
12	44	1
12	45	1
12	46	1
12	47	0
12	48	1
12	49	0
12	50	1
12	51	0
12	52	1
12	53	1
12	54	1
12	55	1
12	56	1
12	57	0
12	58	0
12	59	0
12	60	1
12	61	0
12	62	0
12	63	0
12	64	1
12	65	0
12	66	0
12	67	1
12	68	0
12	69	0
12	70	1
12	71	0
12	72	1
12	73	0
12	74	1
12	75	0
12	76	1
12	77	0
12	78	1
12	79	1
12	80	0
12	81	1
12	82	0
12	83	0
12	84	1
12	85	1
12	86	0
12	87	1
12	88	0
12	89	0
12	90	1
12	91	1
12	92	1
12	93	1
12	94	0
12	95	0
12	96	1
12	97	0
12	98	0
12	99	0
12	100	0
12	101	0
12	102	0
12	103	1
12	104	1
12	105	1
12	106	1
12	107	1
12	108	0
12	109	0
12	110	0
12	111	1
12	112	0
12	113	0
12	114	0
12	115	1
12	116	1
12	117	0
12	118	0
12	119	0
12	120	1
12	121	1
12	122	0
12	123	1
12	124	0
12	125	0
12	126	0
12	127	1
12	128	1
12	129	1
12	130	1
13	14	0
13	15	1
13	16	1
13	17	0
13	18	0
13	19	1
13	20	1
13	21	1
13	22	0
13	23	0
13	24	1
13	25	0
13	26	1
13	27	1
13	28	0
13	29	1
13	30	0
13	31	0
13	32	1
13	33	1
13	34	0
13	35	1
13	36	1
13	37	0
13	38	1
13	39	1
13	40	1
13	41	1
13	42	0
13	43	0
13	44	1
13	45	0
13	46	0
13	47	0
13	48	1
13	49	0
13	50	1
13	51	1
13	52	0
13	53	1
13	54	1
13	55	1
13	56	1
13	57	0
13	58	1
13	59	1
13	60	1
13	61	0
13	62	1
13	63	0
13	64	1
13	65	1
13	66	1
13	67	1
13	68	1
13	69	0
13	70	0
13	71	1
13	72	0
13	73	0
13	74	0
13	75	0
13	76	0
13	77	0
13	78	1
13	79	0
13	80	1
13	81	0
13	82	0
13	83	1
13	84	1
13	85	0
13	86	1
13	87	1
13	88	1
13	89	0
13	90	1
13	91	0
13	92	0
13	93	1
13	94	1
13	95	0
13	96	1
13	97	0
13	98	1
13	99	0
13	100	1
13	101	0
13	102	0
13	103	0
13	104	0
13	105	1
13	106	1
13	107	1
13	108	1
13	109	0
13	110	1
13	111	0
13	112	0
13	113	1
13	114	0
13	115	1
13	116	1
13	117	0
13	118	0
13	119	1
13	120	0
13	121	1
13	122	1
13	123	0
13	124	1
13	125	0
13	126	1
13	127	1
13	128	1
13	129	1
13	130	1
14	15	1
14	16	0
14	17	0
14	18	1
14	19	0
14	20	1
14	21	1
14	22	0
14	23	1
14	24	0
14	25	0
14	26	1
14	27	1
14	28	1
14	29	0
14	30	1
14	31	1
14	32	1
14	33	0
14	34	1
14	35	0
14	36	1
14	37	0
14	38	0
14	39	1
14	40	1
14	41	1
14	42	0
14	43	1
14	44	0
14	45	0
14	46	0
14	47	0
14	48	0
14	49	1
14	50	0
14	51	0
14	52	1
14	53	0
14	54	0
14	55	0
14	56	1
14	57	0
14	58	0
14	59	1
14	60	0
14	61	1
14	62	1
14	63	0
14	64	1
14	65	1
14	66	1
14	67	1
14	68	0
14	69	1
14	70	1
14	71	1
14	72	1
14	73	1
14	74	1
14	75	1
14	76	0
14	77	1
14	78	1
14	79	0
14	80	1
14	81	1
14	82	0
14	83	1
14	84	1
14	85	1
14	86	0
14	87	1
14	88	1
14	89	1
14	90	0
14	91	1
14	92	0
14	93	0
14	94	0
14	95	1
14	96	0
14	97	1
14	98	1
14	99	0
14	100	1
14	101	1
14	102	1
14	103	1
14	104	1
14	105	0
14	106	0
14	107	1
14	108	1
14	109	0
14	110	0
14	111	1
14	112	1
14	113	0
14	114	0
14	115	1
14	116	1
14	117	0
14	118	1
14	119	1
14	120	0
14	121	0
14	122	0
14	123	0
14	124	1
14	125	0
14	126	1
14	127	1
14	128	0
14	129	0
14	130	0
15	16	0
15	17	0
15	18	1
15	19	1
15	20	0
15	21	0
15	22	0
15	23	1
15	24	0
15	25	1
15	26	1
15	27	0
15	28	0
15	29	1
15	30	1
15	31	0
15	32	1
15	33	1
15	34	0
15	35	0
15	36	0
15	37	1
15	38	1
15	39	1
15	40	1
15	41	0
15	42	1
15	43	1
15	44	0
15	45	1
15	46	0
15	47	0
15	48	1
15	49	1
15	50	1
15	51	1
15	52	1
15	53	1
15	54	1
15	55	0
15	56	1
15	57	0
15	58	0
15	59	0
15	60	1
15	61	1
15	62	0
15	63	1
15	64	1
15	65	0
15	66	0
15	67	1
15	68	0
15	69	0
15	70	1
15	71	0
15	72	1
15	73	0
15	74	0
15	75	0
15	76	0
15	77	1
15	78	1
15	79	0
15	80	0
15	81	0
15	82	0
15	83	0
15	84	0
15	85	0
15	86	1
15	87	0
15	88	0
15	89	1
15	90	1
15	91	0
15	92	0
15	93	0
15	94	0
15	95	0
15	96	1
15	97	1
15	98	0
15	99	1
15	100	0
15	101	0
15	102	0
15	103	1
15	104	1
15	105	0
15	106	0
15	107	0
15	108	1
15	109	0
15	110	1
15	111	1
15	112	1
15	113	0
15	114	1
15	115	1
15	116	1
15	117	1
15	118	1
15	119	1
15	120	0
15	121	0
15	122	0
15	123	1
15	124	0
15	125	1
15	126	0
15	127	1
15	128	1
15	129	0
15	130	1
16	17	1
16	18	1
16	19	1
16	20	1
16	21	0
16	22	1
16	23	0
16	24	1
16	25	0
16	26	0
16	27	0
16	28	1
16	29	1
16	30	1
16	31	1
16	32	0
16	33	1
16	34	1
16	35	1
16	36	1
16	37	1
16	38	1
16	39	1
16	40	0
16	41	0
16	42	1
16	43	1
16	44	1
16	45	1
16	46	0
16	47	0
16	48	1
16	49	1
16	50	1
16	51	0
16	52	0
16	53	1
16	54	1
16	55	1
16	56	1
16	57	0
16	58	0
16	59	1
16	60	1
16	61	0
16	62	0
16	63	1
16	64	1
16	65	1
16	66	1
16	67	1
16	68	1
16	69	0
16	70	1
16	71	1
16	72	1
16	73	1
16	74	0
16	75	1
16	76	0
16	77	0
16	78	1
16	79	0
16	80	0
16	81	1
16	82	0
16	83	1
16	84	1
16	85	0
16	86	0
16	87	1
16	88	1
16	89	1
16	90	1
16	91	1
16	92	1
16	93	0
16	94	1
16	95	0
16	96	0
16	97	0
16	98	0
16	99	0
16	100	0
16	101	1
16	102	0
16	103	1
16	104	0
16	105	1
16	106	0
16	107	1
16	108	0
16	109	0
16	110	0
16	111	0
16	112	0
16	113	0
16	114	0
16	115	1
16	116	0
16	117	1
16	118	1
16	119	1
16	120	1
16	121	0
16	122	0
16	123	0
16	124	1
16	125	0
16	126	0
16	127	1
16	128	1
16	129	1
16	130	0
17	18	0
17	19	0
17	20	1
17	21	1
17	22	1
17	23	0
17	24	0
17	25	1
17	26	0
17	27	1
17	28	1
17	29	1
17	30	1
17	31	1
17	32	0
17	33	0
17	34	0
17	35	1
17	36	1
17	37	0
17	38	1
17	39	0
17	40	0
17	41	1
17	42	1
17	43	0
17	44	1
17	45	0
17	46	0
17	47	0
17	48	1
17	49	1
17	50	1
17	51	1
17	52	0
17	53	0
17	54	1
17	55	0
17	56	0
17	57	1
17	58	1
17	59	1
17	60	0
17	61	1
17	62	1
17	63	0
17	64	1
17	65	0
17	66	0
17	67	1
17	68	0
17	69	1
17	70	0
17	71	0
17	72	0
17	73	0
17	74	1
17	75	0
17	76	1
17	77	0
17	78	0
17	79	0
17	80	1
17	81	0
17	82	0
17	83	0
17	84	1
17	85	1
17	86	0
17	87	1
17	88	1
17	89	1
17	90	1
17	91	1
17	92	1
17	93	0
17	94	1
17	95	0
17	96	0
17	97	1
17	98	0
17	99	0
17	100	1
17	101	1
17	102	0
17	103	1
17	104	0
17	105	0
17	106	1
17	107	0
17	108	0
17	109	0
17	110	0
17	111	1
17	112	0
17	113	1
17	114	1
17	115	1
17	116	1
17	117	1
17	118	1
17	119	1
17	120	0
17	121	0
17	122	0
17	123	0
17	124	0
17	125	1
17	126	1
17	127	0
17	128	0
17	129	0
17	130	0
18	19	1
18	20	1
18	21	1
18	22	0
18	23	1
18	24	1
18	25	0
18	26	1
18	27	0
18	28	0
18	29	0
18	30	1
18	31	0
18	32	1
18	33	0
18	34	0
18	35	0
18	36	0
18	37	1
18	38	0
18	39	1
18	40	0
18	41	1
18	42	0
18	43	1
18	44	1
18	45	1
18	46	1
18	47	0
18	48	1
18	49	0
18	50	1
18	51	1
18	52	0
18	53	1
18	54	1
18	55	0
18	56	0
18	57	0
18	58	1
18	59	0
18	60	1
18	61	0
18	62	1
18	63	0
18	64	1
18	65	1
18	66	0
18	67	0
18	68	0
18	69	1
18	70	1
18	71	0
18	72	1
18	73	1
18	74	0
18	75	0
18	76	1
18	77	1
18	78	0
18	79	1
18	80	1
18	81	0
18	82	0
18	83	0
18	84	1
18	85	0
18	86	1
18	87	0
18	88	0
18	89	0
18	90	1
18	91	1
18	92	0
18	93	1
18	94	1
18	95	1
18	96	1
18	97	0
18	98	0
18	99	1
18	100	1
18	101	0
18	102	1
18	103	0
18	104	0
18	105	1
18	106	1
18	107	0
18	108	0
18	109	0
18	110	1
18	111	1
18	112	1
18	113	0
18	114	0
18	115	0
18	116	1
18	117	1
18	118	1
18	119	1
18	120	1
18	121	0
18	122	1
18	123	0
18	124	1
18	125	0
18	126	0
18	127	1
18	128	1
18	129	1
18	130	1
19	20	1
19	21	1
19	22	1
19	23	1
19	24	0
19	25	1
19	26	0
19	27	0
19	28	1
19	29	1
19	30	1
19	31	1
19	32	0
19	33	1
19	34	1
19	35	1
19	36	1
19	37	1
19	38	0
19	39	1
19	40	1
19	41	0
19	42	0
19	43	1
19	44	0
19	45	1
19	46	0
19	47	0
19	48	1
19	49	1
19	50	1
19	51	1
19	52	0
19	53	1
19	54	1
19	55	1
19	56	1
19	57	1
19	58	1
19	59	1
19	60	1
19	61	1
19	62	0
19	63	1
19	64	1
19	65	1
19	66	0
19	67	0
19	68	1
19	69	1
19	70	1
19	71	0
19	72	0
19	73	1
19	74	0
19	75	1
19	76	0
19	77	0
19	78	0
19	79	1
19	80	1
19	81	0
19	82	1
19	83	1
19	84	1
19	85	0
19	86	1
19	87	0
19	88	1
19	89	1
19	90	0
19	91	1
19	92	0
19	93	0
19	94	1
19	95	1
19	96	0
19	97	0
19	98	0
19	99	0
19	100	0
19	101	0
19	102	1
19	103	1
19	104	1
19	105	1
19	106	0
19	107	0
19	108	0
19	109	0
19	110	0
19	111	0
19	112	0
19	113	1
19	114	1
19	115	1
19	116	1
19	117	0
19	118	1
19	119	1
19	120	1
19	121	0
19	122	1
19	123	1
19	124	1
19	125	1
19	126	0
19	127	0
19	128	1
19	129	0
19	130	0
20	21	0
20	22	0
20	23	1
20	24	0
20	25	1
20	26	1
20	27	0
20	28	1
20	29	0
20	30	0
20	31	0
20	32	0
20	33	1
20	34	1
20	35	0
20	36	0
20	37	1
20	38	0
20	39	1
20	40	1
20	41	0
20	42	1
20	43	1
20	44	1
20	45	1
20	46	0
20	47	1
20	48	1
20	49	1
20	50	0
20	51	1
20	52	0
20	53	0
20	54	0
20	55	0
20	56	1
20	57	1
20	58	0
20	59	0
20	60	0
20	61	1
20	62	0
20	63	1
20	64	1
20	65	1
20	66	1
20	67	0
20	68	0
20	69	1
20	70	1
20	71	0
20	72	0
20	73	1
20	74	1
20	75	1
20	76	1
20	77	1
20	78	1
20	79	1
20	80	0
20	81	0
20	82	1
20	83	0
20	84	0
20	85	1
20	86	0
20	87	1
20	88	1
20	89	0
20	90	0
20	91	1
20	92	1
20	93	1
20	94	1
20	95	1
20	96	0
20	97	1
20	98	0
20	99	1
20	100	1
20	101	1
20	102	1
20	103	1
20	104	1
20	105	0
20	106	0
20	107	0
20	108	0
20	109	0
20	110	1
20	111	1
20	112	0
20	113	1
20	114	0
20	115	1
20	116	1
20	117	0
20	118	1
20	119	1
20	120	0
20	121	1
20	122	0
20	123	1
20	124	1
20	125	0
20	126	0
20	127	1
20	128	0
20	129	0
20	130	0
21	22	1
21	23	1
21	24	1
21	25	0
21	26	0
21	27	0
21	28	1
21	29	1
21	30	0
21	31	0
21	32	0
21	33	0
21	34	0
21	35	1
21	36	0
21	37	0
21	38	0
21	39	1
21	40	1
21	41	1
21	42	0
21	43	0
21	44	1
21	45	1
21	46	1
21	47	0
21	48	0
21	49	0
21	50	0
21	51	0
21	52	1
21	53	0
21	54	1
21	55	0
21	56	1
21	57	0
21	58	1
21	59	1
21	60	0
21	61	0
21	62	1
21	63	0
21	64	1
21	65	1
21	66	0
21	67	1
21	68	1
21	69	0
21	70	1
21	71	1
21	72	0
21	73	0
21	74	1
21	75	0
21	76	0
21	77	0
21	78	0
21	79	1
21	80	1
21	81	1
21	82	0
21	83	0
21	84	1
21	85	0
21	86	1
21	87	0
21	88	1
21	89	0
21	90	1
21	91	1
21	92	0
21	93	0
21	94	1
21	95	1
21	96	1
21	97	1
21	98	1
21	99	1
21	100	1
21	101	1
21	102	0
21	103	0
21	104	1
21	105	1
21	106	1
21	107	0
21	108	1
21	109	0
21	110	0
21	111	1
21	112	1
21	113	0
21	114	1
21	115	0
21	116	0
21	117	0
21	118	0
21	119	1
21	120	0
21	121	1
21	122	1
21	123	0
21	124	1
21	125	0
21	126	0
21	127	0
21	128	0
21	129	1
21	130	0
22	23	1
22	24	0
22	25	1
22	26	0
22	27	0
22	28	1
22	29	0
22	30	0
22	31	1
22	32	1
22	33	1
22	34	0
22	35	1
22	36	0
22	37	0
22	38	1
22	39	0
22	40	1
22	41	0
22	42	1
22	43	0
22	44	1
22	45	1
22	46	1
22	47	0
22	48	1
22	49	0
22	50	0
22	51	0
22	52	0
22	53	0
22	54	1
22	55	0
22	56	0
22	57	1
22	58	0
22	59	1
22	60	1
22	61	1
22	62	1
22	63	0
22	64	1
22	65	0
22	66	1
22	67	1
22	68	0
22	69	0
22	70	1
22	71	1
22	72	0
22	73	0
22	74	0
22	75	1
22	76	0
22	77	1
22	78	0
22	79	1
22	80	1
22	81	0
22	82	0
22	83	0
22	84	1
22	85	1
22	86	1
22	87	0
22	88	1
22	89	0
22	90	0
22	91	0
22	92	1
22	93	1
22	94	0
22	95	0
22	96	0
22	97	0
22	98	1
22	99	0
22	100	0
22	101	0
22	102	1
22	103	0
22	104	0
22	105	0
22	106	0
22	107	1
22	108	1
22	109	0
22	110	0
22	111	0
22	112	0
22	113	0
22	114	0
22	115	1
22	116	1
22	117	1
22	118	1
22	119	0
22	120	1
22	121	1
22	122	0
22	123	0
22	124	0
22	125	1
22	126	1
22	127	1
22	128	0
22	129	1
22	130	1
23	24	0
23	25	0
23	26	1
23	27	0
23	28	1
23	29	1
23	30	0
23	31	0
23	32	1
23	33	1
23	34	1
23	35	1
23	36	0
23	37	1
23	38	1
23	39	1
23	40	1
23	41	0
23	42	0
23	43	0
23	44	1
23	45	1
23	46	0
23	47	1
23	48	1
23	49	0
23	50	0
23	51	1
23	52	0
23	53	1
23	54	1
23	55	1
23	56	1
23	57	0
23	58	0
23	59	0
23	60	0
23	61	1
23	62	0
23	63	0
23	64	0
23	65	0
23	66	1
23	67	1
23	68	0
23	69	1
23	70	0
23	71	0
23	72	0
23	73	0
23	74	1
23	75	1
23	76	1
23	77	1
23	78	1
23	79	0
23	80	0
23	81	1
23	82	1
23	83	1
23	84	1
23	85	0
23	86	0
23	87	0
23	88	0
23	89	1
23	90	0
23	91	1
23	92	1
23	93	0
23	94	1
23	95	0
23	96	1
23	97	1
23	98	0
23	99	0
23	100	0
23	101	1
23	102	0
23	103	1
23	104	0
23	105	0
23	106	1
23	107	1
23	108	0
23	109	0
23	110	1
23	111	0
23	112	0
23	113	1
23	114	1
23	115	1
23	116	1
23	117	1
23	118	1
23	119	1
23	120	1
23	121	0
23	122	0
23	123	1
23	124	0
23	125	0
23	126	0
23	127	0
23	128	1
23	129	0
23	130	1
24	25	1
24	26	0
24	27	1
24	28	0
24	29	0
24	30	1
24	31	0
24	32	0
24	33	0
24	34	1
24	35	0
24	36	1
24	37	0
24	38	1
24	39	0
24	40	1
24	41	1
24	42	1
24	43	1
24	44	0
24	45	0
24	46	0
24	47	1
24	48	0
24	49	0
24	50	0
24	51	1
24	52	0
24	53	0
24	54	1
24	55	0
24	56	0
24	57	0
24	58	0
24	59	0
24	60	1
24	61	1
24	62	1
24	63	1
24	64	0
24	65	1
24	66	0
24	67	1
24	68	1
24	69	0
24	70	0
24	71	1
24	72	1
24	73	0
24	74	0
24	75	1
24	76	1
24	77	1
24	78	0
24	79	1
24	80	0
24	81	1
24	82	1
24	83	0
24	84	1
24	85	0
24	86	1
24	87	1
24	88	1
24	89	0
24	90	1
24	91	1
24	92	0
24	93	0
24	94	0
24	95	0
24	96	0
24	97	0
24	98	0
24	99	1
24	100	1
24	101	0
24	102	1
24	103	0
24	104	0
24	105	0
24	106	0
24	107	1
24	108	1
24	109	0
24	110	0
24	111	0
24	112	1
24	113	1
24	114	0
24	115	0
24	116	1
24	117	0
24	118	0
24	119	0
24	120	0
24	121	0
24	122	1
24	123	0
24	124	0
24	125	1
24	126	1
24	127	1
24	128	1
24	129	0
24	130	1
25	26	0
25	27	1
25	28	0
25	29	1
25	30	1
25	31	1
25	32	0
25	33	1
25	34	0
25	35	0
25	36	1
25	37	0
25	38	1
25	39	1
25	40	1
25	41	1
25	42	0
25	43	1
25	44	0
25	45	0
25	46	0
25	47	0
25	48	1
25	49	1
25	50	0
25	51	0
25	52	0
25	53	1
25	54	0
25	55	1
25	56	0
25	57	0
25	58	1
25	59	0
25	60	1
25	61	0
25	62	0
25	63	0
25	64	1
25	65	0
25	66	1
25	67	1
25	68	0
25	69	0
25	70	1
25	71	0
25	72	1
25	73	1
25	74	0
25	75	0
25	76	0
25	77	1
25	78	1
25	79	1
25	80	0
25	81	0
25	82	1
25	83	0
25	84	1
25	85	1
25	86	0
25	87	1
25	88	1
25	89	1
25	90	1
25	91	1
25	92	0
25	93	0
25	94	0
25	95	1
25	96	0
25	97	1
25	98	1
25	99	0
25	100	1
25	101	1
25	102	0
25	103	0
25	104	0
25	105	1
25	106	1
25	107	0
25	108	0
25	109	0
25	110	0
25	111	1
25	112	0
25	113	1
25	114	1
25	115	0
25	116	0
25	117	1
25	118	0
25	119	0
25	120	1
25	121	0
25	122	0
25	123	1
25	124	0
25	125	0
25	126	0
25	127	1
25	128	1
25	129	1
25	130	1
26	27	0
26	28	1
26	29	1
26	30	1
26	31	0
26	32	1
26	33	0
26	34	1
26	35	0
26	36	1
26	37	0
26	38	0
26	39	1
26	40	0
26	41	1
26	42	0
26	43	1
26	44	1
26	45	0
26	46	1
26	47	1
26	48	1
26	49	1
26	50	0
26	51	0
26	52	0
26	53	0
26	54	0
26	55	0
26	56	0
26	57	0
26	58	0
26	59	0
26	60	0
26	61	0
26	62	1
26	63	0
26	64	0
26	65	0
26	66	0
26	67	1
26	68	0
26	69	0
26	70	1
26	71	1
26	72	1
26	73	1
26	74	0
26	75	1
26	76	1
26	77	0
26	78	0
26	79	1
26	80	0
26	81	1
26	82	0
26	83	1
26	84	1
26	85	0
26	86	1
26	87	0
26	88	0
26	89	1
26	90	0
26	91	1
26	92	0
26	93	1
26	94	1
26	95	0
26	96	1
26	97	1
26	98	0
26	99	1
26	100	1
26	101	0
26	102	0
26	103	1
26	104	1
26	105	0
26	106	1
26	107	1
26	108	1
26	109	0
26	110	1
26	111	1
26	112	0
26	113	1
26	114	1
26	115	1
26	116	0
26	117	0
26	118	0
26	119	0
26	120	0
26	121	0
26	122	1
26	123	1
26	124	0
26	125	1
26	126	1
26	127	1
26	128	1
26	129	0
26	130	1
27	28	1
27	29	1
27	30	1
27	31	1
27	32	1
27	33	0
27	34	1
27	35	0
27	36	1
27	37	1
27	38	1
27	39	1
27	40	0
27	41	1
27	42	0
27	43	1
27	44	0
27	45	1
27	46	1
27	47	1
27	48	0
27	49	0
27	50	1
27	51	0
27	52	1
27	53	1
27	54	0
27	55	1
27	56	0
27	57	1
27	58	0
27	59	0
27	60	0
27	61	1
27	62	1
27	63	0
27	64	1
27	65	0
27	66	1
27	67	1
27	68	1
27	69	1
27	70	1
27	71	1
27	72	1
27	73	1
27	74	0
27	75	0
27	76	0
27	77	0
27	78	1
27	79	0
27	80	1
27	81	0
27	82	1
27	83	0
27	84	1
27	85	1
27	86	0
27	87	0
27	88	1
27	89	0
27	90	1
27	91	1
27	92	1
27	93	0
27	94	1
27	95	1
27	96	1
27	97	0
27	98	1
27	99	1
27	100	1
27	101	1
27	102	0
27	103	1
27	104	0
27	105	1
27	106	0
27	107	0
27	108	1
27	109	1
27	110	0
27	111	1
27	112	0
27	113	0
27	114	1
27	115	0
27	116	1
27	117	0
27	118	0
27	119	0
27	120	0
27	121	0
27	122	1
27	123	0
27	124	1
27	125	1
27	126	0
27	127	0
27	128	0
27	129	0
27	130	0
28	29	0
28	30	1
28	31	1
28	32	0
28	33	1
28	34	0
28	35	0
28	36	0
28	37	0
28	38	0
28	39	0
28	40	0
28	41	1
28	42	0
28	43	0
28	44	0
28	45	1
28	46	1
28	47	1
28	48	1
28	49	1
28	50	0
28	51	0
28	52	1
28	53	1
28	54	1
28	55	1
28	56	0
28	57	0
28	58	0
28	59	1
28	60	0
28	61	1
28	62	1
28	63	1
28	64	1
28	65	1
28	66	0
28	67	0
28	68	0
28	69	1
28	70	0
28	71	0
28	72	1
28	73	0
28	74	1
28	75	1
28	76	0
28	77	0
28	78	0
28	79	1
28	80	0
28	81	0
28	82	0
28	83	1
28	84	1
28	85	1
28	86	1
28	87	0
28	88	0
28	89	1
28	90	0
28	91	0
28	92	0
28	93	0
28	94	0
28	95	0
28	96	1
28	97	0
28	98	1
28	99	0
28	100	1
28	101	0
28	102	1
28	103	1
28	104	1
28	105	0
28	106	0
28	107	0
28	108	1
28	109	1
28	110	0
28	111	0
28	112	0
28	113	0
28	114	1
28	115	1
28	116	1
28	117	1
28	118	1
28	119	0
28	120	1
28	121	1
28	122	0
28	123	0
28	124	1
28	125	0
28	126	1
28	127	1
28	128	0
28	129	0
28	130	0
29	30	0
29	31	1
29	32	1
29	33	1
29	34	0
29	35	0
29	36	0
29	37	1
29	38	1
29	39	1
29	40	1
29	41	1
29	42	1
29	43	1
29	44	1
29	45	1
29	46	1
29	47	1
29	48	0
29	49	1
29	50	1
29	51	0
29	52	1
29	53	1
29	54	0
29	55	0
29	56	1
29	57	1
29	58	1
29	59	0
29	60	1
29	61	0
29	62	0
29	63	1
29	64	0
29	65	1
29	66	0
29	67	0
29	68	1
29	69	1
29	70	1
29	71	1
29	72	1
29	73	0
29	74	1
29	75	1
29	76	1
29	77	1
29	78	1
29	79	0
29	80	0
29	81	0
29	82	0
29	83	1
29	84	0
29	85	0
29	86	0
29	87	0
29	88	0
29	89	1
29	90	0
29	91	0
29	92	0
29	93	1
29	94	0
29	95	1
29	96	0
29	97	0
29	98	1
29	99	1
29	100	0
29	101	0
29	102	1
29	103	0
29	104	1
29	105	1
29	106	1
29	107	0
29	108	1
29	109	0
29	110	0
29	111	1
29	112	0
29	113	0
29	114	0
29	115	0
29	116	1
29	117	0
29	118	1
29	119	1
29	120	0
29	121	0
29	122	1
29	123	1
29	124	0
29	125	1
29	126	0
29	127	1
29	128	1
29	129	1
29	130	0
30	31	1
30	32	0
30	33	0
30	34	0
30	35	1
30	36	0
30	37	1
30	38	0
30	39	0
30	40	1
30	41	0
30	42	1
30	43	0
30	44	0
30	45	0
30	46	1
30	47	0
30	48	1
30	49	0
30	50	0
30	51	1
30	52	1
30	53	0
30	54	0
30	55	0
30	56	1
30	57	0
30	58	0
30	59	1
30	60	0
30	61	1
30	62	1
30	63	1
30	64	0
30	65	0
30	66	1
30	67	0
30	68	0
30	69	1
30	70	1
30	71	1
30	72	1
30	73	0
30	74	1
30	75	0
30	76	0
30	77	0
30	78	0
30	79	0
30	80	0
30	81	1
30	82	0
30	83	1
30	84	0
30	85	1
30	86	1
30	87	1
30	88	1
30	89	1
30	90	1
30	91	1
30	92	0
30	93	0
30	94	0
30	95	0
30	96	1
30	97	1
30	98	1
30	99	1
30	100	0
30	101	0
30	102	1
30	103	0
30	104	0
30	105	0
30	106	1
30	107	0
30	108	0
30	109	1
30	110	0
30	111	1
30	112	1
30	113	0
30	114	1
30	115	1
30	116	0
30	117	1
30	118	1
30	119	0
30	120	1
30	121	1
30	122	1
30	123	1
30	124	0
30	125	1
30	126	0
30	127	0
30	128	0
30	129	0
30	130	1
31	32	1
31	33	1
31	34	1
31	35	0
31	36	1
31	37	1
31	38	0
31	39	1
31	40	0
31	41	0
31	42	1
31	43	0
31	44	0
31	45	0
31	46	0
31	47	0
31	48	1
31	49	0
31	50	0
31	51	0
31	52	0
31	53	1
31	54	1
31	55	0
31	56	1
31	57	1
31	58	1
31	59	1
31	60	1
31	61	1
31	62	0
31	63	0
31	64	0
31	65	0
31	66	1
31	67	0
31	68	1
31	69	0
31	70	1
31	71	0
31	72	1
31	73	1
31	74	1
31	75	1
31	76	0
31	77	1
31	78	1
31	79	1
31	80	1
31	81	0
31	82	1
31	83	0
31	84	0
31	85	1
31	86	1
31	87	1
31	88	1
31	89	1
31	90	0
31	91	1
31	92	0
31	93	0
31	94	0
31	95	1
31	96	0
31	97	0
31	98	1
31	99	1
31	100	1
31	101	1
31	102	1
31	103	1
31	104	0
31	105	1
31	106	1
31	107	0
31	108	0
31	109	0
31	110	1
31	111	1
31	112	0
31	113	1
31	114	0
31	115	0
31	116	1
31	117	0
31	118	1
31	119	0
31	120	1
31	121	1
31	122	1
31	123	1
31	124	0
31	125	1
31	126	1
31	127	1
31	128	1
31	129	0
31	130	1
32	33	0
32	34	0
32	35	0
32	36	0
32	37	0
32	38	0
32	39	0
32	40	0
32	41	0
32	42	1
32	43	0
32	44	0
32	45	0
32	46	0
32	47	1
32	48	0
32	49	1
32	50	0
32	51	0
32	52	0
32	53	0
32	54	1
32	55	1
32	56	0
32	57	1
32	58	1
32	59	0
32	60	0
32	61	1
32	62	0
32	63	0
32	64	0
32	65	0
32	66	0
32	67	0
32	68	1
32	69	0
32	70	0
32	71	0
32	72	1
32	73	0
32	74	0
32	75	1
32	76	0
32	77	0
32	78	0
32	79	1
32	80	1
32	81	1
32	82	0
32	83	0
32	84	0
32	85	0
32	86	1
32	87	1
32	88	1
32	89	0
32	90	1
32	91	0
32	92	0
32	93	0
32	94	0
32	95	0
32	96	0
32	97	0
32	98	1
32	99	1
32	100	0
32	101	0
32	102	1
32	103	0
32	104	0
32	105	0
32	106	0
32	107	1
32	108	1
32	109	0
32	110	1
32	111	0
32	112	1
32	113	1
32	114	0
32	115	0
32	116	0
32	117	0
32	118	0
32	119	1
32	120	0
32	121	1
32	122	1
32	123	1
32	124	0
32	125	1
32	126	0
32	127	1
32	128	1
32	129	1
32	130	0
33	34	1
33	35	1
33	36	1
33	37	1
33	38	1
33	39	0
33	40	1
33	41	0
33	42	0
33	43	0
33	44	0
33	45	0
33	46	0
33	47	1
33	48	0
33	49	1
33	50	1
33	51	0
33	52	1
33	53	0
33	54	0
33	55	1
33	56	0
33	57	0
33	58	0
33	59	0
33	60	1
33	61	0
33	62	1
33	63	0
33	64	1
33	65	0
33	66	0
33	67	0
33	68	0
33	69	0
33	70	1
33	71	1
33	72	1
33	73	0
33	74	1
33	75	0
33	76	0
33	77	1
33	78	1
33	79	0
33	80	0
33	81	0
33	82	0
33	83	0
33	84	0
33	85	0
33	86	1
33	87	1
33	88	1
33	89	1
33	90	1
33	91	0
33	92	1
33	93	1
33	94	1
33	95	0
33	96	1
33	97	1
33	98	1
33	99	1
33	100	0
33	101	0
33	102	1
33	103	1
33	104	1
33	105	1
33	106	1
33	107	0
33	108	0
33	109	0
33	110	1
33	111	1
33	112	0
33	113	1
33	114	1
33	115	0
33	116	1
33	117	1
33	118	1
33	119	0
33	120	1
33	121	1
33	122	0
33	123	0
33	124	0
33	125	0
33	126	1
33	127	0
33	128	1
33	129	1
33	130	0
34	35	1
34	36	1
34	37	1
34	38	1
34	39	0
34	40	1
34	41	0
34	42	0
34	43	0
34	44	0
34	45	1
34	46	0
34	47	0
34	48	1
34	49	0
34	50	1
34	51	1
34	52	1
34	53	1
34	54	1
34	55	1
34	56	0
34	57	0
34	58	0
34	59	1
34	60	0
34	61	0
34	62	0
34	63	0
34	64	1
34	65	1
34	66	1
34	67	0
34	68	1
34	69	1
34	70	0
34	71	1
34	72	1
34	73	1
34	74	1
34	75	1
34	76	1
34	77	0
34	78	0
34	79	0
34	80	1
34	81	1
34	82	1
34	83	1
34	84	0
34	85	0
34	86	1
34	87	1
34	88	1
34	89	1
34	90	1
34	91	1
34	92	1
34	93	1
34	94	0
34	95	1
34	96	1
34	97	1
34	98	0
34	99	1
34	100	1
34	101	0
34	102	0
34	103	0
34	104	1
34	105	0
34	106	0
34	107	0
34	108	1
34	109	1
34	110	1
34	111	1
34	112	1
34	113	1
34	114	0
34	115	1
34	116	1
34	117	1
34	118	1
34	119	1
34	120	0
34	121	1
34	122	0
34	123	0
34	124	0
34	125	1
34	126	0
34	127	1
34	128	1
34	129	1
34	130	0
35	36	0
35	37	1
35	38	1
35	39	0
35	40	0
35	41	1
35	42	0
35	43	0
35	44	1
35	45	1
35	46	0
35	47	1
35	48	1
35	49	0
35	50	1
35	51	1
35	52	1
35	53	1
35	54	0
35	55	1
35	56	0
35	57	0
35	58	0
35	59	0
35	60	0
35	61	0
35	62	1
35	63	0
35	64	1
35	65	0
35	66	1
35	67	0
35	68	0
35	69	1
35	70	1
35	71	0
35	72	0
35	73	1
35	74	1
35	75	1
35	76	1
35	77	0
35	78	1
35	79	1
35	80	0
35	81	1
35	82	1
35	83	1
35	84	0
35	85	1
35	86	1
35	87	0
35	88	0
35	89	0
35	90	0
35	91	0
35	92	0
35	93	0
35	94	0
35	95	0
35	96	1
35	97	1
35	98	0
35	99	0
35	100	1
35	101	0
35	102	1
35	103	1
35	104	0
35	105	0
35	106	0
35	107	1
35	108	1
35	109	0
35	110	1
35	111	0
35	112	1
35	113	1
35	114	0
35	115	0
35	116	1
35	117	1
35	118	0
35	119	1
35	120	0
35	121	1
35	122	0
35	123	0
35	124	1
35	125	1
35	126	0
35	127	1
35	128	1
35	129	0
35	130	1
36	37	0
36	38	1
36	39	1
36	40	1
36	41	0
36	42	0
36	43	1
36	44	0
36	45	1
36	46	0
36	47	1
36	48	1
36	49	0
36	50	1
36	51	0
36	52	0
36	53	1
36	54	0
36	55	1
36	56	0
36	57	1
36	58	1
36	59	0
36	60	0
36	61	0
36	62	1
36	63	1
36	64	1
36	65	0
36	66	0
36	67	1
36	68	0
36	69	0
36	70	1
36	71	1
36	72	0
36	73	0
36	74	0
36	75	1
36	76	1
36	77	1
36	78	0
36	79	0
36	80	1
36	81	0
36	82	1
36	83	1
36	84	1
36	85	0
36	86	1
36	87	1
36	88	0
36	89	0
36	90	0
36	91	0
36	92	0
36	93	0
36	94	0
36	95	0
36	96	0
36	97	0
36	98	1
36	99	1
36	100	1
36	101	1
36	102	0
36	103	1
36	104	1
36	105	1
36	106	1
36	107	0
36	108	1
36	109	0
36	110	1
36	111	1
36	112	0
36	113	1
36	114	1
36	115	0
36	116	1
36	117	1
36	118	0
36	119	0
36	120	0
36	121	1
36	122	1
36	123	0
36	124	0
36	125	0
36	126	1
36	127	0
36	128	0
36	129	1
36	130	1
37	38	1
37	39	1
37	40	0
37	41	1
37	42	1
37	43	0
37	44	0
37	45	0
37	46	0
37	47	0
37	48	1
37	49	1
37	50	1
37	51	0
37	52	1
37	53	1
37	54	1
37	55	1
37	56	0
37	57	1
37	58	1
37	59	0
37	60	0
37	61	0
37	62	1
37	63	0
37	64	0
37	65	1
37	66	0
37	67	1
37	68	0
37	69	1
37	70	0
37	71	1
37	72	1
37	73	1
37	74	1
37	75	0
37	76	0
37	77	1
37	78	0
37	79	1
37	80	1
37	81	1
37	82	1
37	83	0
37	84	1
37	85	1
37	86	1
37	87	0
37	88	1
37	89	1
37	90	1
37	91	1
37	92	1
37	93	1
37	94	0
37	95	1
37	96	1
37	97	1
37	98	1
37	99	0
37	100	0
37	101	1
37	102	0
37	103	1
37	104	0
37	105	0
37	106	1
37	107	1
37	108	0
37	109	1
37	110	1
37	111	1
37	112	1
37	113	0
37	114	0
37	115	0
37	116	0
37	117	0
37	118	0
37	119	1
37	120	1
37	121	0
37	122	1
37	123	0
37	124	0
37	125	1
37	126	0
37	127	1
37	128	0
37	129	0
37	130	0
38	39	0
38	40	1
38	41	0
38	42	0
38	43	0
38	44	0
38	45	0
38	46	0
38	47	0
38	48	1
38	49	0
38	50	1
38	51	1
38	52	0
38	53	1
38	54	0
38	55	1
38	56	0
38	57	0
38	58	0
38	59	1
38	60	1
38	61	1
38	62	0
38	63	0
38	64	1
38	65	0
38	66	0
38	67	0
38	68	1
38	69	1
38	70	1
38	71	0
38	72	0
38	73	0
38	74	0
38	75	0
38	76	0
38	77	0
38	78	0
38	79	0
38	80	1
38	81	1
38	82	1
38	83	0
38	84	1
38	85	0
38	86	1
38	87	1
38	88	0
38	89	0
38	90	0
38	91	0
38	92	0
38	93	0
38	94	0
38	95	0
38	96	0
38	97	1
38	98	1
38	99	1
38	100	1
38	101	0
38	102	0
38	103	0
38	104	0
38	105	0
38	106	1
38	107	1
38	108	0
38	109	1
38	110	0
38	111	1
38	112	1
38	113	0
38	114	0
38	115	1
38	116	0
38	117	1
38	118	1
38	119	0
38	120	1
38	121	1
38	122	1
38	123	0
38	124	1
38	125	0
38	126	0
38	127	0
38	128	0
38	129	0
38	130	0
39	40	1
39	41	1
39	42	1
39	43	1
39	44	1
39	45	1
39	46	1
39	47	1
39	48	1
39	49	1
39	50	1
39	51	1
39	52	1
39	53	0
39	54	1
39	55	0
39	56	0
39	57	0
39	58	0
39	59	0
39	60	0
39	61	0
39	62	1
39	63	0
39	64	0
39	65	1
39	66	0
39	67	1
39	68	1
39	69	0
39	70	0
39	71	1
39	72	0
39	73	0
39	74	1
39	75	0
39	76	0
39	77	1
39	78	0
39	79	0
39	80	1
39	81	0
39	82	1
39	83	0
39	84	1
39	85	0
39	86	1
39	87	0
39	88	1
39	89	0
39	90	1
39	91	0
39	92	0
39	93	0
39	94	0
39	95	0
39	96	0
39	97	0
39	98	0
39	99	0
39	100	1
39	101	1
39	102	1
39	103	1
39	104	0
39	105	0
39	106	0
39	107	1
39	108	0
39	109	1
39	110	0
39	111	1
39	112	1
39	113	1
39	114	1
39	115	0
39	116	0
39	117	1
39	118	0
39	119	1
39	120	0
39	121	1
39	122	1
39	123	0
39	124	0
39	125	0
39	126	0
39	127	0
39	128	1
39	129	0
39	130	1
40	41	0
40	42	0
40	43	1
40	44	0
40	45	1
40	46	0
40	47	1
40	48	0
40	49	1
40	50	1
40	51	0
40	52	1
40	53	0
40	54	0
40	55	1
40	56	0
40	57	1
40	58	1
40	59	0
40	60	1
40	61	0
40	62	0
40	63	0
40	64	0
40	65	0
40	66	0
40	67	1
40	68	1
40	69	0
40	70	0
40	71	0
40	72	0
40	73	0
40	74	0
40	75	1
40	76	1
40	77	0
40	78	1
40	79	1
40	80	0
40	81	1
40	82	0
40	83	0
40	84	0
40	85	1
40	86	0
40	87	1
40	88	1
40	89	0
40	90	0
40	91	0
40	92	0
40	93	0
40	94	1
40	95	0
40	96	0
40	97	0
40	98	1
40	99	0
40	100	1
40	101	1
40	102	0
40	103	0
40	104	1
40	105	0
40	106	0
40	107	1
40	108	1
40	109	1
40	110	1
40	111	1
40	112	0
40	113	0
40	114	0
40	115	0
40	116	1
40	117	0
40	118	0
40	119	0
40	120	1
40	121	0
40	122	0
40	123	0
40	124	1
40	125	0
40	126	0
40	127	1
40	128	1
40	129	1
40	130	0
41	42	1
41	43	0
41	44	1
41	45	0
41	46	0
41	47	0
41	48	0
41	49	1
41	50	1
41	51	1
41	52	0
41	53	0
41	54	0
41	55	0
41	56	1
41	57	0
41	58	1
41	59	1
41	60	0
41	61	0
41	62	0
41	63	1
41	64	1
41	65	0
41	66	0
41	67	0
41	68	1
41	69	0
41	70	1
41	71	0
41	72	0
41	73	1
41	74	1
41	75	0
41	76	0
41	77	1
41	78	1
41	79	1
41	80	1
41	81	1
41	82	1
41	83	0
41	84	1
41	85	0
41	86	0
41	87	1
41	88	0
41	89	1
41	90	0
41	91	0
41	92	1
41	93	1
41	94	0
41	95	0
41	96	0
41	97	0
41	98	1
41	99	1
41	100	1
41	101	0
41	102	0
41	103	0
41	104	0
41	105	1
41	106	1
41	107	1
41	108	0
41	109	0
41	110	1
41	111	1
41	112	1
41	113	0
41	114	0
41	115	0
41	116	0
41	117	1
41	118	1
41	119	1
41	120	0
41	121	0
41	122	1
41	123	1
41	124	0
41	125	1
41	126	1
41	127	0
41	128	1
41	129	1
41	130	1
42	43	0
42	44	1
42	45	0
42	46	1
42	47	1
42	48	1
42	49	1
42	50	0
42	51	0
42	52	0
42	53	1
42	54	1
42	55	0
42	56	0
42	57	1
42	58	1
42	59	0
42	60	0
42	61	1
42	62	0
42	63	0
42	64	1
42	65	1
42	66	0
42	67	0
42	68	0
42	69	0
42	70	1
42	71	0
42	72	0
42	73	0
42	74	1
42	75	1
42	76	0
42	77	0
42	78	0
42	79	0
42	80	1
42	81	1
42	82	1
42	83	0
42	84	1
42	85	1
42	86	0
42	87	1
42	88	1
42	89	0
42	90	0
42	91	1
42	92	0
42	93	1
42	94	0
42	95	0
42	96	1
42	97	1
42	98	0
42	99	1
42	100	1
42	101	1
42	102	1
42	103	0
42	104	1
42	105	0
42	106	1
42	107	1
42	108	0
42	109	1
42	110	1
42	111	0
42	112	0
42	113	1
42	114	0
42	115	1
42	116	1
42	117	0
42	118	0
42	119	0
42	120	0
42	121	0
42	122	0
42	123	1
42	124	0
42	125	0
42	126	0
42	127	0
42	128	0
42	129	0
42	130	1
43	44	0
43	45	0
43	46	0
43	47	1
43	48	1
43	49	0
43	50	0
43	51	1
43	52	1
43	53	1
43	54	0
43	55	1
43	56	1
43	57	1
43	58	0
43	59	0
43	60	1
43	61	0
43	62	0
43	63	0
43	64	0
43	65	0
43	66	1
43	67	0
43	68	1
43	69	1
43	70	1
43	71	0
43	72	0
43	73	1
43	74	1
43	75	0
43	76	1
43	77	1
43	78	0
43	79	1
43	80	1
43	81	0
43	82	0
43	83	0
43	84	1
43	85	1
43	86	0
43	87	1
43	88	1
43	89	1
43	90	1
43	91	0
43	92	0
43	93	1
43	94	0
43	95	1
43	96	1
43	97	1
43	98	1
43	99	0
43	100	1
43	101	0
43	102	1
43	103	1
43	104	0
43	105	1
43	106	1
43	107	1
43	108	0
43	109	0
43	110	0
43	111	0
43	112	0
43	113	0
43	114	1
43	115	0
43	116	0
43	117	1
43	118	0
43	119	1
43	120	1
43	121	0
43	122	1
43	123	1
43	124	1
43	125	1
43	126	1
43	127	0
43	128	1
43	129	0
43	130	1
44	45	1
44	46	1
44	47	1
44	48	0
44	49	0
44	50	1
44	51	1
44	52	0
44	53	1
44	54	1
44	55	0
44	56	0
44	57	0
44	58	1
44	59	0
44	60	1
44	61	1
44	62	1
44	63	1
44	64	1
44	65	1
44	66	1
44	67	1
44	68	1
44	69	0
44	70	0
44	71	1
44	72	1
44	73	0
44	74	1
44	75	0
44	76	1
44	77	0
44	78	0
44	79	0
44	80	1
44	81	1
44	82	1
44	83	1
44	84	1
44	85	1
44	86	1
44	87	1
44	88	1
44	89	1
44	90	1
44	91	1
44	92	0
44	93	0
44	94	0
44	95	1
44	96	0
44	97	1
44	98	0
44	99	0
44	100	0
44	101	1
44	102	0
44	103	1
44	104	0
44	105	0
44	106	0
44	107	0
44	108	1
44	109	0
44	110	1
44	111	1
44	112	0
44	113	0
44	114	0
44	115	1
44	116	0
44	117	1
44	118	0
44	119	1
44	120	0
44	121	1
44	122	1
44	123	0
44	124	1
44	125	1
44	126	1
44	127	1
44	128	0
44	129	0
44	130	0
45	46	0
45	47	1
45	48	1
45	49	0
45	50	0
45	51	1
45	52	0
45	53	1
45	54	0
45	55	1
45	56	0
45	57	1
45	58	1
45	59	1
45	60	1
45	61	0
45	62	1
45	63	1
45	64	0
45	65	0
45	66	0
45	67	1
45	68	0
45	69	0
45	70	0
45	71	0
45	72	0
45	73	0
45	74	1
45	75	0
45	76	1
45	77	0
45	78	0
45	79	0
45	80	1
45	81	0
45	82	1
45	83	0
45	84	1
45	85	0
45	86	1
45	87	1
45	88	0
45	89	0
45	90	0
45	91	1
45	92	0
45	93	0
45	94	0
45	95	1
45	96	0
45	97	1
45	98	0
45	99	1
45	100	1
45	101	0
45	102	1
45	103	1
45	104	1
45	105	1
45	106	0
45	107	0
45	108	1
45	109	0
45	110	1
45	111	1
45	112	0
45	113	0
45	114	0
45	115	0
45	116	1
45	117	1
45	118	1
45	119	1
45	120	0
45	121	1
45	122	1
45	123	1
45	124	0
45	125	0
45	126	1
45	127	0
45	128	0
45	129	0
45	130	0
46	47	1
46	48	0
46	49	0
46	50	0
46	51	1
46	52	1
46	53	1
46	54	0
46	55	1
46	56	1
46	57	1
46	58	1
46	59	1
46	60	0
46	61	0
46	62	1
46	63	0
46	64	1
46	65	1
46	66	0
46	67	0
46	68	0
46	69	0
46	70	1
46	71	0
46	72	0
46	73	0
46	74	1
46	75	0
46	76	1
46	77	1
46	78	1
46	79	1
46	80	0
46	81	1
46	82	0
46	83	0
46	84	1
46	85	0
46	86	0
46	87	0
46	88	0
46	89	1
46	90	0
46	91	0
46	92	1
46	93	1
46	94	1
46	95	0
46	96	0
46	97	0
46	98	1
46	99	1
46	100	1
46	101	0
46	102	1
46	103	1
46	104	0
46	105	1
46	106	1
46	107	0
46	108	1
46	109	0
46	110	0
46	111	1
46	112	0
46	113	0
46	114	1
46	115	1
46	116	1
46	117	1
46	118	0
46	119	0
46	120	1
46	121	0
46	122	0
46	123	0
46	124	0
46	125	0
46	126	1
46	127	0
46	128	1
46	129	1
46	130	0
47	48	0
47	49	1
47	50	1
47	51	0
47	52	1
47	53	1
47	54	0
47	55	0
47	56	1
47	57	0
47	58	0
47	59	0
47	60	1
47	61	1
47	62	1
47	63	1
47	64	0
47	65	0
47	66	0
47	67	0
47	68	0
47	69	0
47	70	0
47	71	0
47	72	0
47	73	0
47	74	0
47	75	0
47	76	0
47	77	1
47	78	1
47	79	0
47	80	0
47	81	0
47	82	1
47	83	1
47	84	0
47	85	1
47	86	0
47	87	1
47	88	1
47	89	1
47	90	0
47	91	1
47	92	1
47	93	0
47	94	1
47	95	0
47	96	0
47	97	0
47	98	0
47	99	1
47	100	1
47	101	0
47	102	0
47	103	1
47	104	0
47	105	0
47	106	1
47	107	0
47	108	1
47	109	1
47	110	0
47	111	1
47	112	0
47	113	0
47	114	1
47	115	1
47	116	1
47	117	1
47	118	1
47	119	1
47	120	1
47	121	0
47	122	1
47	123	1
47	124	0
47	125	1
47	126	1
47	127	1
47	128	1
47	129	0
47	130	1
48	49	0
48	50	1
48	51	1
48	52	1
48	53	0
48	54	1
48	55	0
48	56	1
48	57	0
48	58	1
48	59	0
48	60	1
48	61	1
48	62	1
48	63	1
48	64	1
48	65	0
48	66	1
48	67	0
48	68	0
48	69	1
48	70	1
48	71	1
48	72	1
48	73	0
48	74	0
48	75	1
48	76	1
48	77	1
48	78	1
48	79	1
48	80	1
48	81	1
48	82	1
48	83	1
48	84	0
48	85	0
48	86	1
48	87	0
48	88	1
48	89	0
48	90	0
48	91	0
48	92	1
48	93	0
48	94	1
48	95	0
48	96	1
48	97	0
48	98	1
48	99	0
48	100	0
48	101	1
48	102	0
48	103	1
48	104	1
48	105	0
48	106	1
48	107	1
48	108	1
48	109	1
48	110	0
48	111	0
48	112	0
48	113	1
48	114	0
48	115	1
48	116	0
48	117	1
48	118	0
48	119	0
48	120	0
48	121	0
48	122	0
48	123	1
48	124	1
48	125	1
48	126	1
48	127	0
48	128	1
48	129	0
48	130	1
49	50	0
49	51	0
49	52	0
49	53	0
49	54	0
49	55	0
49	56	0
49	57	0
49	58	0
49	59	1
49	60	1
49	61	0
49	62	1
49	63	1
49	64	1
49	65	1
49	66	1
49	67	1
49	68	1
49	69	0
49	70	0
49	71	0
49	72	1
49	73	0
49	74	0
49	75	0
49	76	0
49	77	1
49	78	1
49	79	1
49	80	0
49	81	1
49	82	0
49	83	1
49	84	1
49	85	0
49	86	1
49	87	1
49	88	0
49	89	1
49	90	0
49	91	1
49	92	1
49	93	0
49	94	1
49	95	0
49	96	1
49	97	1
49	98	1
49	99	0
49	100	1
49	101	0
49	102	0
49	103	1
49	104	1
49	105	1
49	106	1
49	107	0
49	108	0
49	109	1
49	110	0
49	111	1
49	112	1
49	113	0
49	114	1
49	115	0
49	116	0
49	117	1
49	118	1
49	119	0
49	120	0
49	121	0
49	122	0
49	123	1
49	124	1
49	125	0
49	126	0
49	127	0
49	128	1
49	129	0
49	130	0
50	51	0
50	52	0
50	53	0
50	54	1
50	55	0
50	56	1
50	57	1
50	58	1
50	59	0
50	60	0
50	61	1
50	62	1
50	63	1
50	64	0
50	65	0
50	66	0
50	67	1
50	68	0
50	69	0
50	70	1
50	71	0
50	72	1
50	73	0
50	74	1
50	75	1
50	76	1
50	77	0
50	78	1
50	79	0
50	80	1
50	81	0
50	82	0
50	83	1
50	84	0
50	85	1
50	86	1
50	87	1
50	88	0
50	89	1
50	90	1
50	91	1
50	92	0
50	93	1
50	94	0
50	95	0
50	96	0
50	97	0
50	98	1
50	99	1
50	100	0
50	101	0
50	102	0
50	103	1
50	104	1
50	105	1
50	106	0
50	107	0
50	108	0
50	109	0
50	110	0
50	111	0
50	112	0
50	113	0
50	114	1
50	115	1
50	116	0
50	117	0
50	118	0
50	119	1
50	120	0
50	121	0
50	122	1
50	123	1
50	124	1
50	125	1
50	126	1
50	127	0
50	128	0
50	129	1
50	130	0
51	52	1
51	53	1
51	54	0
51	55	1
51	56	1
51	57	1
51	58	0
51	59	1
51	60	0
51	61	0
51	62	0
51	63	0
51	64	1
51	65	1
51	66	1
51	67	1
51	68	1
51	69	1
51	70	0
51	71	0
51	72	1
51	73	0
51	74	0
51	75	0
51	76	0
51	77	1
51	78	1
51	79	1
51	80	1
51	81	1
51	82	1
51	83	1
51	84	0
51	85	0
51	86	1
51	87	1
51	88	0
51	89	0
51	90	1
51	91	0
51	92	0
51	93	0
51	94	1
51	95	1
51	96	0
51	97	1
51	98	1
51	99	0
51	100	0
51	101	1
51	102	0
51	103	0
51	104	1
51	105	0
51	106	0
51	107	1
51	108	0
51	109	0
51	110	0
51	111	0
51	112	0
51	113	0
51	114	1
51	115	0
51	116	1
51	117	1
51	118	1
51	119	1
51	120	0
51	121	1
51	122	0
51	123	0
51	124	1
51	125	1
51	126	0
51	127	0
51	128	0
51	129	1
51	130	0
52	53	1
52	54	0
52	55	1
52	56	1
52	57	1
52	58	1
52	59	0
52	60	1
52	61	0
52	62	0
52	63	0
52	64	0
52	65	1
52	66	0
52	67	0
52	68	0
52	69	1
52	70	1
52	71	0
52	72	0
52	73	1
52	74	1
52	75	1
52	76	0
52	77	1
52	78	0
52	79	1
52	80	0
52	81	0
52	82	1
52	83	0
52	84	0
52	85	0
52	86	1
52	87	1
52	88	1
52	89	0
52	90	1
52	91	1
52	92	0
52	93	0
52	94	0
52	95	1
52	96	0
52	97	0
52	98	1
52	99	1
52	100	0
52	101	0
52	102	1
52	103	1
52	104	0
52	105	0
52	106	1
52	107	1
52	108	1
52	109	0
52	110	0
52	111	1
52	112	1
52	113	0
52	114	0
52	115	1
52	116	0
52	117	0
52	118	0
52	119	0
52	120	1
52	121	1
52	122	1
52	123	0
52	124	1
52	125	0
52	126	0
52	127	1
52	128	0
52	129	0
52	130	0
53	54	0
53	55	1
53	56	0
53	57	0
53	58	0
53	59	0
53	60	0
53	61	1
53	62	0
53	63	1
53	64	0
53	65	0
53	66	1
53	67	0
53	68	1
53	69	0
53	70	1
53	71	1
53	72	1
53	73	0
53	74	0
53	75	0
53	76	0
53	77	0
53	78	0
53	79	0
53	80	1
53	81	1
53	82	0
53	83	1
53	84	1
53	85	0
53	86	1
53	87	0
53	88	1
53	89	1
53	90	1
53	91	1
53	92	0
53	93	1
53	94	0
53	95	0
53	96	0
53	97	0
53	98	1
53	99	1
53	100	1
53	101	0
53	102	0
53	103	1
53	104	0
53	105	1
53	106	1
53	107	0
53	108	0
53	109	0
53	110	1
53	111	0
53	112	0
53	113	1
53	114	1
53	115	0
53	116	0
53	117	1
53	118	1
53	119	1
53	120	0
53	121	1
53	122	1
53	123	1
53	124	0
53	125	1
53	126	0
53	127	1
53	128	0
53	129	0
53	130	1
54	55	1
54	56	0
54	57	1
54	58	0
54	59	0
54	60	1
54	61	1
54	62	0
54	63	1
54	64	1
54	65	0
54	66	1
54	67	1
54	68	1
54	69	1
54	70	0
54	71	1
54	72	0
54	73	1
54	74	1
54	75	0
54	76	1
54	77	0
54	78	0
54	79	1
54	80	0
54	81	1
54	82	0
54	83	1
54	84	0
54	85	0
54	86	1
54	87	0
54	88	1
54	89	1
54	90	0
54	91	0
54	92	0
54	93	1
54	94	1
54	95	0
54	96	0
54	97	1
54	98	1
54	99	1
54	100	1
54	101	1
54	102	1
54	103	1
54	104	0
54	105	0
54	106	0
54	107	0
54	108	1
54	109	0
54	110	1
54	111	1
54	112	1
54	113	0
54	114	1
54	115	1
54	116	0
54	117	0
54	118	0
54	119	0
54	120	1
54	121	1
54	122	0
54	123	0
54	124	1
54	125	0
54	126	0
54	127	0
54	128	1
54	129	1
54	130	1
55	56	1
55	57	0
55	58	1
55	59	1
55	60	1
55	61	0
55	62	0
55	63	0
55	64	1
55	65	0
55	66	0
55	67	1
55	68	0
55	69	1
55	70	0
55	71	1
55	72	1
55	73	0
55	74	0
55	75	0
55	76	1
55	77	1
55	78	0
55	79	0
55	80	0
55	81	0
55	82	0
55	83	0
55	84	0
55	85	1
55	86	0
55	87	0
55	88	0
55	89	1
55	90	0
55	91	1
55	92	1
55	93	1
55	94	0
55	95	0
55	96	1
55	97	1
55	98	1
55	99	1
55	100	0
55	101	1
55	102	0
55	103	1
55	104	1
55	105	1
55	106	1
55	107	0
55	108	0
55	109	0
55	110	0
55	111	0
55	112	0
55	113	1
55	114	1
55	115	0
55	116	1
55	117	1
55	118	1
55	119	1
55	120	1
55	121	1
55	122	1
55	123	1
55	124	1
55	125	1
55	126	1
55	127	0
55	128	0
55	129	0
55	130	0
56	57	1
56	58	1
56	59	1
56	60	0
56	61	0
56	62	1
56	63	1
56	64	0
56	65	0
56	66	1
56	67	0
56	68	1
56	69	1
56	70	1
56	71	0
56	72	0
56	73	1
56	74	1
56	75	0
56	76	0
56	77	1
56	78	1
56	79	0
56	80	0
56	81	0
56	82	0
56	83	0
56	84	0
56	85	1
56	86	1
56	87	1
56	88	1
56	89	0
56	90	0
56	91	0
56	92	1
56	93	1
56	94	0
56	95	0
56	96	1
56	97	1
56	98	0
56	99	0
56	100	1
56	101	1
56	102	0
56	103	1
56	104	0
56	105	0
56	106	0
56	107	0
56	108	0
56	109	1
56	110	1
56	111	0
56	112	0
56	113	1
56	114	0
56	115	0
56	116	1
56	117	0
56	118	1
56	119	0
56	120	0
56	121	1
56	122	0
56	123	1
56	124	1
56	125	1
56	126	0
56	127	0
56	128	1
56	129	1
56	130	1
57	58	0
57	59	0
57	60	0
57	61	0
57	62	1
57	63	0
57	64	0
57	65	1
57	66	0
57	67	0
57	68	0
57	69	0
57	70	1
57	71	0
57	72	1
57	73	1
57	74	0
57	75	1
57	76	1
57	77	0
57	78	0
57	79	0
57	80	0
57	81	1
57	82	1
57	83	0
57	84	1
57	85	1
57	86	1
57	87	1
57	88	0
57	89	0
57	90	1
57	91	1
57	92	1
57	93	1
57	94	1
57	95	1
57	96	0
57	97	1
57	98	1
57	99	0
57	100	0
57	101	1
57	102	0
57	103	1
57	104	0
57	105	0
57	106	0
57	107	1
57	108	1
57	109	0
57	110	0
57	111	1
57	112	0
57	113	0
57	114	0
57	115	1
57	116	0
57	117	1
57	118	0
57	119	0
57	120	1
57	121	1
57	122	1
57	123	1
57	124	0
57	125	1
57	126	0
57	127	0
57	128	1
57	129	1
57	130	1
58	59	1
58	60	0
58	61	1
58	62	1
58	63	0
58	64	1
58	65	0
58	66	1
58	67	0
58	68	0
58	69	0
58	70	1
58	71	0
58	72	1
58	73	1
58	74	1
58	75	0
58	76	0
58	77	1
58	78	1
58	79	1
58	80	0
58	81	1
58	82	1
58	83	1
58	84	1
58	85	0
58	86	1
58	87	0
58	88	0
58	89	1
58	90	0
58	91	1
58	92	0
58	93	1
58	94	1
58	95	0
58	96	1
58	97	0
58	98	1
58	99	0
58	100	0
58	101	0
58	102	0
58	103	0
58	104	1
58	105	1
58	106	0
58	107	1
58	108	1
58	109	0
58	110	0
58	111	0
58	112	1
58	113	1
58	114	0
58	115	0
58	116	1
58	117	0
58	118	0
58	119	1
58	120	0
58	121	0
58	122	1
58	123	0
58	124	0
58	125	1
58	126	0
58	127	0
58	128	0
58	129	1
58	130	1
59	60	1
59	61	1
59	62	0
59	63	1
59	64	0
59	65	0
59	66	0
59	67	0
59	68	1
59	69	0
59	70	1
59	71	1
59	72	0
59	73	1
59	74	1
59	75	1
59	76	0
59	77	0
59	78	0
59	79	0
59	80	0
59	81	0
59	82	0
59	83	0
59	84	1
59	85	1
59	86	0
59	87	0
59	88	1
59	89	1
59	90	1
59	91	1
59	92	0
59	93	1
59	94	1
59	95	0
59	96	0
59	97	0
59	98	1
59	99	0
59	100	1
59	101	1
59	102	1
59	103	1
59	104	1
59	105	1
59	106	1
59	107	0
59	108	0
59	109	1
59	110	0
59	111	1
59	112	0
59	113	1
59	114	1
59	115	1
59	116	0
59	117	0
59	118	0
59	119	0
59	120	0
59	121	0
59	122	0
59	123	1
59	124	1
59	125	0
59	126	0
59	127	0
59	128	1
59	129	1
59	130	1
60	61	0
60	62	1
60	63	1
60	64	0
60	65	1
60	66	0
60	67	1
60	68	1
60	69	0
60	70	1
60	71	1
60	72	1
60	73	1
60	74	0
60	75	0
60	76	0
60	77	0
60	78	0
60	79	0
60	80	1
60	81	1
60	82	0
60	83	0
60	84	0
60	85	1
60	86	0
60	87	1
60	88	0
60	89	1
60	90	0
60	91	0
60	92	0
60	93	0
60	94	1
60	95	1
60	96	0
60	97	1
60	98	1
60	99	1
60	100	0
60	101	0
60	102	0
60	103	0
60	104	0
60	105	1
60	106	0
60	107	0
60	108	0
60	109	0
60	110	1
60	111	0
60	112	1
60	113	0
60	114	0
60	115	1
60	116	1
60	117	1
60	118	0
60	119	1
60	120	1
60	121	1
60	122	1
60	123	0
60	124	1
60	125	1
60	126	0
60	127	0
60	128	1
60	129	0
60	130	1
61	62	0
61	63	1
61	64	1
61	65	1
61	66	1
61	67	1
61	68	1
61	69	0
61	70	0
61	71	1
61	72	0
61	73	0
61	74	1
61	75	0
61	76	0
61	77	1
61	78	0
61	79	0
61	80	1
61	81	0
61	82	0
61	83	0
61	84	0
61	85	0
61	86	0
61	87	1
61	88	0
61	89	1
61	90	1
61	91	0
61	92	0
61	93	0
61	94	1
61	95	1
61	96	1
61	97	1
61	98	1
61	99	1
61	100	0
61	101	0
61	102	0
61	103	0
61	104	0
61	105	1
61	106	1
61	107	0
61	108	1
61	109	1
61	110	0
61	111	0
61	112	0
61	113	1
61	114	0
61	115	0
61	116	1
61	117	1
61	118	1
61	119	1
61	120	1
61	121	0
61	122	1
61	123	0
61	124	0
61	125	0
61	126	0
61	127	1
61	128	0
61	129	0
61	130	0
62	63	0
62	64	1
62	65	0
62	66	1
62	67	0
62	68	1
62	69	0
62	70	0
62	71	1
62	72	1
62	73	0
62	74	1
62	75	0
62	76	1
62	77	1
62	78	1
62	79	0
62	80	1
62	81	0
62	82	1
62	83	1
62	84	1
62	85	1
62	86	1
62	87	1
62	88	0
62	89	0
62	90	0
62	91	0
62	92	1
62	93	0
62	94	1
62	95	1
62	96	0
62	97	0
62	98	0
62	99	1
62	100	0
62	101	1
62	102	1
62	103	0
62	104	1
62	105	0
62	106	1
62	107	1
62	108	1
62	109	0
62	110	1
62	111	0
62	112	0
62	113	0
62	114	0
62	115	0
62	116	0
62	117	0
62	118	0
62	119	0
62	120	0
62	121	1
62	122	1
62	123	0
62	124	0
62	125	1
62	126	0
62	127	1
62	128	0
62	129	1
62	130	1
63	64	1
63	65	1
63	66	1
63	67	0
63	68	0
63	69	1
63	70	1
63	71	0
63	72	1
63	73	0
63	74	1
63	75	1
63	76	1
63	77	1
63	78	1
63	79	0
63	80	1
63	81	0
63	82	0
63	83	0
63	84	0
63	85	0
63	86	1
63	87	1
63	88	1
63	89	1
63	90	0
63	91	0
63	92	1
63	93	0
63	94	1
63	95	1
63	96	1
63	97	0
63	98	1
63	99	0
63	100	0
63	101	0
63	102	1
63	103	1
63	104	0
63	105	0
63	106	0
63	107	0
63	108	0
63	109	1
63	110	0
63	111	1
63	112	0
63	113	1
63	114	0
63	115	1
63	116	1
63	117	0
63	118	1
63	119	1
63	120	1
63	121	0
63	122	1
63	123	0
63	124	0
63	125	1
63	126	0
63	127	0
63	128	1
63	129	1
63	130	0
64	65	1
64	66	0
64	67	0
64	68	1
64	69	1
64	70	0
64	71	0
64	72	1
64	73	1
64	74	0
64	75	1
64	76	0
64	77	1
64	78	0
64	79	1
64	80	0
64	81	1
64	82	1
64	83	1
64	84	0
64	85	1
64	86	1
64	87	1
64	88	0
64	89	1
64	90	0
64	91	1
64	92	1
64	93	1
64	94	1
64	95	0
64	96	0
64	97	1
64	98	0
64	99	1
64	100	1
64	101	1
64	102	0
64	103	1
64	104	1
64	105	1
64	106	0
64	107	0
64	108	0
64	109	0
64	110	1
64	111	1
64	112	1
64	113	0
64	114	0
64	115	0
64	116	1
64	117	1
64	118	0
64	119	0
64	120	1
64	121	0
64	122	1
64	123	1
64	124	0
64	125	1
64	126	0
64	127	1
64	128	1
64	129	0
64	130	0
65	66	1
65	67	1
65	68	1
65	69	1
65	70	1
65	71	1
65	72	0
65	73	0
65	74	0
65	75	1
65	76	0
65	77	0
65	78	0
65	79	0
65	80	1
65	81	1
65	82	0
65	83	0
65	84	1
65	85	1
65	86	1
65	87	1
65	88	1
65	89	0
65	90	0
65	91	1
65	92	0
65	93	1
65	94	1
65	95	0
65	96	1
65	97	1
65	98	0
65	99	1
65	100	0
65	101	0
65	102	1
65	103	0
65	104	0
65	105	1
65	106	1
65	107	0
65	108	1
65	109	1
65	110	0
65	111	1
65	112	1
65	113	0
65	114	0
65	115	1
65	116	0
65	117	0
65	118	0
65	119	0
65	120	1
65	121	1
65	122	1
65	123	0
65	124	1
65	125	1
65	126	1
65	127	1
65	128	1
65	129	1
65	130	0
66	67	0
66	68	1
66	69	1
66	70	0
66	71	0
66	72	0
66	73	1
66	74	0
66	75	0
66	76	1
66	77	0
66	78	0
66	79	0
66	80	1
66	81	1
66	82	1
66	83	0
66	84	1
66	85	1
66	86	1
66	87	0
66	88	1
66	89	1
66	90	1
66	91	1
66	92	0
66	93	1
66	94	0
66	95	0
66	96	1
66	97	1
66	98	0
66	99	1
66	100	1
66	101	0
66	102	1
66	103	1
66	104	0
66	105	1
66	106	0
66	107	0
66	108	0
66	109	0
66	110	1
66	111	1
66	112	1
66	113	1
66	114	1
66	115	0
66	116	1
66	117	0
66	118	1
66	119	1
66	120	0
66	121	0
66	122	0
66	123	0
66	124	0
66	125	0
66	126	1
66	127	0
66	128	0
66	129	0
66	130	0
67	68	1
67	69	1
67	70	0
67	71	1
67	72	0
67	73	1
67	74	0
67	75	0
67	76	0
67	77	0
67	78	1
67	79	0
67	80	1
67	81	0
67	82	0
67	83	1
67	84	0
67	85	0
67	86	1
67	87	1
67	88	1
67	89	1
67	90	1
67	91	1
67	92	0
67	93	1
67	94	0
67	95	1
67	96	0
67	97	1
67	98	0
67	99	1
67	100	0
67	101	1
67	102	0
67	103	0
67	104	1
67	105	0
67	106	1
67	107	0
67	108	1
67	109	1
67	110	1
67	111	0
67	112	1
67	113	1
67	114	0
67	115	0
67	116	1
67	117	1
67	118	1
67	119	0
67	120	1
67	121	1
67	122	0
67	123	1
67	124	1
67	125	0
67	126	0
67	127	0
67	128	1
67	129	0
67	130	0
68	69	0
68	70	1
68	71	0
68	72	0
68	73	0
68	74	1
68	75	0
68	76	0
68	77	0
68	78	0
68	79	1
68	80	1
68	81	1
68	82	0
68	83	0
68	84	0
68	85	1
68	86	0
68	87	0
68	88	1
68	89	0
68	90	0
68	91	1
68	92	0
68	93	1
68	94	0
68	95	1
68	96	0
68	97	1
68	98	1
68	99	0
68	100	1
68	101	1
68	102	0
68	103	1
68	104	0
68	105	1
68	106	0
68	107	1
68	108	1
68	109	0
68	110	1
68	111	0
68	112	1
68	113	0
68	114	0
68	115	1
68	116	1
68	117	1
68	118	0
68	119	0
68	120	0
68	121	0
68	122	0
68	123	0
68	124	0
68	125	0
68	126	0
68	127	1
68	128	1
68	129	0
68	130	0
69	70	0
69	71	1
69	72	1
69	73	1
69	74	1
69	75	1
69	76	0
69	77	1
69	78	1
69	79	1
69	80	1
69	81	1
69	82	1
69	83	1
69	84	0
69	85	0
69	86	1
69	87	1
69	88	1
69	89	0
69	90	1
69	91	1
69	92	1
69	93	0
69	94	0
69	95	1
69	96	1
69	97	0
69	98	1
69	99	0
69	100	1
69	101	1
69	102	0
69	103	1
69	104	0
69	105	0
69	106	1
69	107	1
69	108	0
69	109	0
69	110	0
69	111	1
69	112	0
69	113	1
69	114	1
69	115	0
69	116	0
69	117	1
69	118	0
69	119	1
69	120	1
69	121	0
69	122	0
69	123	1
69	124	0
69	125	1
69	126	1
69	127	0
69	128	0
69	129	1
69	130	1
70	71	0
70	72	0
70	73	0
70	74	0
70	75	1
70	76	0
70	77	1
70	78	0
70	79	1
70	80	0
70	81	1
70	82	1
70	83	0
70	84	0
70	85	1
70	86	1
70	87	0
70	88	1
70	89	1
70	90	0
70	91	1
70	92	1
70	93	0
70	94	0
70	95	1
70	96	0
70	97	0
70	98	0
70	99	1
70	100	0
70	101	0
70	102	1
70	103	0
70	104	1
70	105	1
70	106	1
70	107	1
70	108	0
70	109	1
70	110	0
70	111	1
70	112	1
70	113	1
70	114	0
70	115	1
70	116	0
70	117	0
70	118	1
70	119	1
70	120	1
70	121	1
70	122	1
70	123	0
70	124	0
70	125	0
70	126	0
70	127	1
70	128	1
70	129	1
70	130	1
71	72	0
71	73	1
71	74	1
71	75	1
71	76	1
71	77	0
71	78	1
71	79	0
71	80	0
71	81	0
71	82	0
71	83	0
71	84	0
71	85	0
71	86	0
71	87	1
71	88	0
71	89	0
71	90	0
71	91	1
71	92	1
71	93	0
71	94	0
71	95	0
71	96	1
71	97	1
71	98	0
71	99	1
71	100	1
71	101	1
71	102	1
71	103	1
71	104	1
71	105	1
71	106	1
71	107	1
71	108	0
71	109	1
71	110	0
71	111	1
71	112	0
71	113	0
71	114	0
71	115	0
71	116	1
71	117	0
71	118	0
71	119	1
71	120	0
71	121	1
71	122	0
71	123	1
71	124	0
71	125	0
71	126	1
71	127	1
71	128	0
71	129	0
71	130	0
72	73	0
72	74	1
72	75	0
72	76	1
72	77	0
72	78	1
72	79	0
72	80	1
72	81	1
72	82	0
72	83	1
72	84	1
72	85	1
72	86	0
72	87	1
72	88	1
72	89	1
72	90	1
72	91	0
72	92	0
72	93	1
72	94	0
72	95	1
72	96	0
72	97	1
72	98	0
72	99	1
72	100	0
72	101	0
72	102	1
72	103	0
72	104	0
72	105	0
72	106	0
72	107	1
72	108	0
72	109	0
72	110	0
72	111	0
72	112	0
72	113	1
72	114	1
72	115	1
72	116	1
72	117	1
72	118	1
72	119	0
72	120	0
72	121	1
72	122	0
72	123	1
72	124	0
72	125	0
72	126	1
72	127	0
72	128	1
72	129	0
72	130	1
73	74	0
73	75	0
73	76	0
73	77	1
73	78	0
73	79	1
73	80	1
73	81	0
73	82	0
73	83	1
73	84	1
73	85	0
73	86	0
73	87	0
73	88	0
73	89	0
73	90	1
73	91	1
73	92	1
73	93	1
73	94	0
73	95	1
73	96	0
73	97	1
73	98	1
73	99	0
73	100	0
73	101	1
73	102	1
73	103	0
73	104	1
73	105	0
73	106	1
73	107	0
73	108	0
73	109	0
73	110	0
73	111	0
73	112	1
73	113	1
73	114	0
73	115	1
73	116	1
73	117	1
73	118	1
73	119	1
73	120	0
73	121	0
73	122	0
73	123	1
73	124	1
73	125	0
73	126	0
73	127	0
73	128	0
73	129	1
73	130	0
74	75	0
74	76	1
74	77	0
74	78	1
74	79	1
74	80	1
74	81	0
74	82	0
74	83	0
74	84	1
74	85	1
74	86	1
74	87	1
74	88	0
74	89	1
74	90	0
74	91	0
74	92	1
74	93	1
74	94	0
74	95	0
74	96	1
74	97	1
74	98	0
74	99	1
74	100	1
74	101	1
74	102	1
74	103	1
74	104	0
74	105	0
74	106	1
74	107	1
74	108	1
74	109	0
74	110	1
74	111	0
74	112	1
74	113	1
74	114	1
74	115	1
74	116	0
74	117	1
74	118	1
74	119	0
74	120	0
74	121	1
74	122	1
74	123	0
74	124	1
74	125	1
74	126	0
74	127	0
74	128	1
74	129	0
74	130	1
75	76	1
75	77	1
75	78	0
75	79	0
75	80	0
75	81	1
75	82	0
75	83	0
75	84	1
75	85	0
75	86	1
75	87	0
75	88	0
75	89	0
75	90	1
75	91	1
75	92	1
75	93	1
75	94	1
75	95	0
75	96	1
75	97	1
75	98	0
75	99	1
75	100	1
75	101	0
75	102	1
75	103	0
75	104	1
75	105	0
75	106	1
75	107	0
75	108	0
75	109	0
75	110	0
75	111	0
75	112	1
75	113	0
75	114	1
75	115	1
75	116	0
75	117	0
75	118	1
75	119	1
75	120	1
75	121	0
75	122	0
75	123	0
75	124	0
75	125	1
75	126	0
75	127	0
75	128	0
75	129	1
75	130	0
76	77	1
76	78	1
76	79	1
76	80	1
76	81	1
76	82	1
76	83	1
76	84	1
76	85	0
76	86	0
76	87	0
76	88	0
76	89	0
76	90	0
76	91	1
76	92	0
76	93	1
76	94	1
76	95	0
76	96	0
76	97	0
76	98	0
76	99	0
76	100	0
76	101	0
76	102	1
76	103	0
76	104	0
76	105	1
76	106	0
76	107	1
76	108	1
76	109	1
76	110	1
76	111	0
76	112	1
76	113	0
76	114	1
76	115	0
76	116	1
76	117	0
76	118	1
76	119	0
76	120	0
76	121	0
76	122	1
76	123	1
76	124	1
76	125	0
76	126	1
76	127	1
76	128	1
76	129	0
76	130	0
77	78	1
77	79	0
77	80	1
77	81	0
77	82	0
77	83	1
77	84	0
77	85	1
77	86	1
77	87	1
77	88	0
77	89	0
77	90	1
77	91	1
77	92	1
77	93	1
77	94	1
77	95	0
77	96	0
77	97	1
77	98	1
77	99	1
77	100	1
77	101	0
77	102	0
77	103	1
77	104	0
77	105	1
77	106	1
77	107	0
77	108	0
77	109	0
77	110	1
77	111	0
77	112	0
77	113	0
77	114	1
77	115	0
77	116	1
77	117	0
77	118	0
77	119	1
77	120	1
77	121	0
77	122	0
77	123	1
77	124	1
77	125	1
77	126	0
77	127	0
77	128	1
77	129	1
77	130	1
78	79	0
78	80	1
78	81	1
78	82	0
78	83	0
78	84	0
78	85	1
78	86	1
78	87	1
78	88	1
78	89	1
78	90	0
78	91	0
78	92	1
78	93	1
78	94	1
78	95	0
78	96	1
78	97	0
78	98	0
78	99	0
78	100	0
78	101	1
78	102	1
78	103	0
78	104	1
78	105	0
78	106	1
78	107	1
78	108	1
78	109	1
78	110	0
78	111	0
78	112	0
78	113	0
78	114	1
78	115	1
78	116	0
78	117	0
78	118	1
78	119	1
78	120	1
78	121	1
78	122	1
78	123	1
78	124	0
78	125	1
78	126	0
78	127	1
78	128	1
78	129	1
78	130	1
79	80	0
79	81	0
79	82	0
79	83	0
79	84	1
79	85	0
79	86	0
79	87	0
79	88	1
79	89	1
79	90	1
79	91	0
79	92	1
79	93	0
79	94	1
79	95	1
79	96	0
79	97	0
79	98	1
79	99	1
79	100	0
79	101	0
79	102	1
79	103	0
79	104	1
79	105	1
79	106	0
79	107	1
79	108	0
79	109	0
79	110	0
79	111	0
79	112	1
79	113	1
79	114	1
79	115	0
79	116	1
79	117	0
79	118	1
79	119	1
79	120	1
79	121	1
79	122	0
79	123	0
79	124	0
79	125	1
79	126	0
79	127	0
79	128	1
79	129	0
79	130	0
80	81	1
80	82	0
80	83	0
80	84	0
80	85	1
80	86	0
80	87	1
80	88	0
80	89	1
80	90	1
80	91	0
80	92	0
80	93	0
80	94	0
80	95	1
80	96	1
80	97	0
80	98	1
80	99	0
80	100	0
80	101	0
80	102	0
80	103	1
80	104	0
80	105	0
80	106	1
80	107	0
80	108	0
80	109	1
80	110	0
80	111	1
80	112	0
80	113	1
80	114	1
80	115	1
80	116	0
80	117	0
80	118	1
80	119	0
80	120	0
80	121	1
80	122	1
80	123	0
80	124	0
80	125	1
80	126	1
80	127	1
80	128	1
80	129	0
80	130	0
81	82	0
81	83	0
81	84	0
81	85	0
81	86	1
81	87	0
81	88	1
81	89	1
81	90	0
81	91	0
81	92	1
81	93	1
81	94	0
81	95	0
81	96	0
81	97	0
81	98	0
81	99	1
81	100	1
81	101	0
81	102	1
81	103	1
81	104	0
81	105	0
81	106	0
81	107	0
81	108	0
81	109	0
81	110	1
81	111	0
81	112	1
81	113	0
81	114	1
81	115	1
81	116	0
81	117	0
81	118	0
81	119	1
81	120	1
81	121	0
81	122	0
81	123	1
81	124	1
81	125	0
81	126	0
81	127	1
81	128	1
81	129	0
81	130	1
82	83	0
82	84	0
82	85	1
82	86	0
82	87	1
82	88	1
82	89	1
82	90	1
82	91	1
82	92	1
82	93	0
82	94	0
82	95	0
82	96	1
82	97	1
82	98	1
82	99	1
82	100	0
82	101	1
82	102	0
82	103	1
82	104	1
82	105	0
82	106	0
82	107	1
82	108	1
82	109	0
82	110	1
82	111	0
82	112	0
82	113	0
82	114	1
82	115	0
82	116	1
82	117	1
82	118	1
82	119	0
82	120	1
82	121	0
82	122	1
82	123	1
82	124	0
82	125	1
82	126	0
82	127	1
82	128	1
82	129	1
82	130	1
83	84	0
83	85	1
83	86	0
83	87	0
83	88	0
83	89	1
83	90	1
83	91	0
83	92	0
83	93	0
83	94	1
83	95	0
83	96	0
83	97	0
83	98	0
83	99	1
83	100	1
83	101	0
83	102	1
83	103	0
83	104	1
83	105	0
83	106	1
83	107	1
83	108	1
83	109	1
83	110	1
83	111	0
83	112	1
83	113	1
83	114	1
83	115	0
83	116	0
83	117	1
83	118	0
83	119	0
83	120	1
83	121	0
83	122	1
83	123	0
83	124	1
83	125	1
83	126	0
83	127	0
83	128	1
83	129	0
83	130	1
84	85	1
84	86	1
84	87	1
84	88	1
84	89	1
84	90	0
84	91	0
84	92	0
84	93	1
84	94	1
84	95	0
84	96	0
84	97	0
84	98	1
84	99	1
84	100	1
84	101	0
84	102	1
84	103	0
84	104	1
84	105	1
84	106	1
84	107	0
84	108	1
84	109	0
84	110	0
84	111	0
84	112	1
84	113	0
84	114	0
84	115	0
84	116	1
84	117	0
84	118	0
84	119	0
84	120	0
84	121	1
84	122	0
84	123	0
84	124	1
84	125	1
84	126	1
84	127	1
84	128	0
84	129	1
84	130	0
85	86	1
85	87	1
85	88	0
85	89	0
85	90	0
85	91	1
85	92	0
85	93	1
85	94	0
85	95	1
85	96	1
85	97	0
85	98	0
85	99	1
85	100	1
85	101	1
85	102	1
85	103	0
85	104	0
85	105	1
85	106	0
85	107	0
85	108	1
85	109	0
85	110	1
85	111	1
85	112	0
85	113	0
85	114	0
85	115	0
85	116	1
85	117	0
85	118	1
85	119	1
85	120	1
85	121	1
85	122	1
85	123	1
85	124	0
85	125	1
85	126	1
85	127	0
85	128	0
85	129	0
85	130	0
86	87	1
86	88	0
86	89	0
86	90	1
86	91	1
86	92	1
86	93	1
86	94	0
86	95	1
86	96	0
86	97	0
86	98	1
86	99	0
86	100	1
86	101	1
86	102	0
86	103	1
86	104	0
86	105	0
86	106	1
86	107	1
86	108	0
86	109	0
86	110	1
86	111	1
86	112	1
86	113	1
86	114	1
86	115	0
86	116	0
86	117	0
86	118	0
86	119	1
86	120	0
86	121	1
86	122	1
86	123	1
86	124	0
86	125	0
86	126	0
86	127	1
86	128	0
86	129	0
86	130	0
87	88	0
87	89	0
87	90	1
87	91	1
87	92	0
87	93	1
87	94	0
87	95	0
87	96	0
87	97	0
87	98	1
87	99	1
87	100	0
87	101	0
87	102	0
87	103	0
87	104	0
87	105	1
87	106	1
87	107	0
87	108	0
87	109	1
87	110	0
87	111	0
87	112	1
87	113	0
87	114	1
87	115	0
87	116	0
87	117	0
87	118	1
87	119	1
87	120	1
87	121	0
87	122	0
87	123	0
87	124	1
87	125	0
87	126	0
87	127	0
87	128	1
87	129	1
87	130	0
88	89	0
88	90	1
88	91	1
88	92	0
88	93	0
88	94	0
88	95	0
88	96	1
88	97	0
88	98	1
88	99	1
88	100	0
88	101	1
88	102	0
88	103	1
88	104	0
88	105	0
88	106	0
88	107	0
88	108	0
88	109	0
88	110	0
88	111	1
88	112	1
88	113	0
88	114	1
88	115	1
88	116	0
88	117	0
88	118	1
88	119	0
88	120	0
88	121	1
88	122	1
88	123	0
88	124	1
88	125	1
88	126	0
88	127	0
88	128	0
88	129	0
88	130	1
89	90	0
89	91	1
89	92	1
89	93	1
89	94	1
89	95	0
89	96	0
89	97	1
89	98	0
89	99	1
89	100	1
89	101	0
89	102	0
89	103	0
89	104	1
89	105	1
89	106	1
89	107	1
89	108	0
89	109	1
89	110	1
89	111	0
89	112	0
89	113	1
89	114	0
89	115	0
89	116	1
89	117	1
89	118	0
89	119	0
89	120	0
89	121	1
89	122	1
89	123	1
89	124	1
89	125	0
89	126	0
89	127	1
89	128	0
89	129	1
89	130	1
90	91	1
90	92	0
90	93	1
90	94	1
90	95	0
90	96	1
90	97	0
90	98	0
90	99	0
90	100	1
90	101	0
90	102	0
90	103	1
90	104	0
90	105	1
90	106	0
90	107	0
90	108	0
90	109	0
90	110	1
90	111	0
90	112	1
90	113	1
90	114	0
90	115	1
90	116	0
90	117	1
90	118	0
90	119	1
90	120	1
90	121	1
90	122	0
90	123	0
90	124	1
90	125	0
90	126	0
90	127	1
90	128	0
90	129	1
90	130	0
91	92	1
91	93	0
91	94	1
91	95	1
91	96	0
91	97	0
91	98	0
91	99	0
91	100	1
91	101	1
91	102	1
91	103	1
91	104	0
91	105	1
91	106	1
91	107	0
91	108	1
91	109	1
91	110	0
91	111	1
91	112	0
91	113	0
91	114	0
91	115	0
91	116	0
91	117	0
91	118	1
91	119	1
91	120	0
91	121	1
91	122	0
91	123	1
91	124	1
91	125	0
91	126	0
91	127	1
91	128	0
91	129	0
91	130	1
92	93	1
92	94	1
92	95	1
92	96	1
92	97	1
92	98	1
92	99	1
92	100	1
92	101	1
92	102	1
92	103	0
92	104	1
92	105	1
92	106	0
92	107	0
92	108	1
92	109	1
92	110	0
92	111	0
92	112	0
92	113	0
92	114	1
92	115	0
92	116	1
92	117	0
92	118	1
92	119	0
92	120	0
92	121	1
92	122	0
92	123	0
92	124	0
92	125	1
92	126	1
92	127	0
92	128	0
92	129	0
92	130	1
93	94	0
93	95	0
93	96	0
93	97	0
93	98	1
93	99	0
93	100	1
93	101	0
93	102	0
93	103	1
93	104	0
93	105	1
93	106	0
93	107	1
93	108	1
93	109	0
93	110	0
93	111	0
93	112	0
93	113	1
93	114	0
93	115	1
93	116	1
93	117	1
93	118	0
93	119	0
93	120	0
93	121	1
93	122	1
93	123	1
93	124	1
93	125	1
93	126	1
93	127	0
93	128	1
93	129	0
93	130	0
94	95	1
94	96	1
94	97	0
94	98	0
94	99	0
94	100	1
94	101	0
94	102	0
94	103	0
94	104	0
94	105	0
94	106	1
94	107	0
94	108	1
94	109	1
94	110	0
94	111	0
94	112	1
94	113	1
94	114	0
94	115	1
94	116	0
94	117	1
94	118	1
94	119	1
94	120	0
94	121	0
94	122	0
94	123	0
94	124	0
94	125	1
94	126	0
94	127	0
94	128	1
94	129	0
94	130	1
95	96	1
95	97	0
95	98	1
95	99	1
95	100	0
95	101	1
95	102	1
95	103	0
95	104	1
95	105	1
95	106	1
95	107	0
95	108	0
95	109	1
95	110	1
95	111	1
95	112	0
95	113	1
95	114	0
95	115	0
95	116	1
95	117	0
95	118	1
95	119	1
95	120	1
95	121	0
95	122	0
95	123	0
95	124	1
95	125	1
95	126	0
95	127	0
95	128	0
95	129	0
95	130	0
96	97	0
96	98	1
96	99	1
96	100	1
96	101	0
96	102	0
96	103	1
96	104	0
96	105	1
96	106	1
96	107	0
96	108	0
96	109	0
96	110	1
96	111	0
96	112	1
96	113	0
96	114	1
96	115	0
96	116	1
96	117	0
96	118	1
96	119	1
96	120	1
96	121	1
96	122	0
96	123	0
96	124	1
96	125	1
96	126	1
96	127	1
96	128	1
96	129	1
96	130	1
97	98	0
97	99	1
97	100	1
97	101	1
97	102	0
97	103	1
97	104	0
97	105	0
97	106	0
97	107	1
97	108	1
97	109	1
97	110	1
97	111	0
97	112	1
97	113	1
97	114	0
97	115	0
97	116	1
97	117	1
97	118	0
97	119	1
97	120	0
97	121	1
97	122	1
97	123	1
97	124	1
97	125	1
97	126	0
97	127	0
97	128	0
97	129	0
97	130	1
98	99	1
98	100	0
98	101	1
98	102	0
98	103	1
98	104	0
98	105	0
98	106	0
98	107	1
98	108	1
98	109	1
98	110	0
98	111	0
98	112	0
98	113	1
98	114	1
98	115	1
98	116	1
98	117	0
98	118	1
98	119	0
98	120	0
98	121	0
98	122	0
98	123	0
98	124	1
98	125	0
98	126	0
98	127	0
98	128	0
98	129	0
98	130	1
99	100	0
99	101	1
99	102	1
99	103	1
99	104	1
99	105	0
99	106	0
99	107	0
99	108	0
99	109	1
99	110	1
99	111	0
99	112	1
99	113	0
99	114	0
99	115	1
99	116	1
99	117	0
99	118	0
99	119	0
99	120	0
99	121	1
99	122	0
99	123	1
99	124	0
99	125	1
99	126	0
99	127	0
99	128	1
99	129	0
99	130	0
100	101	1
100	102	0
100	103	1
100	104	0
100	105	1
100	106	1
100	107	1
100	108	0
100	109	0
100	110	0
100	111	0
100	112	1
100	113	1
100	114	1
100	115	1
100	116	1
100	117	0
100	118	1
100	119	0
100	120	1
100	121	1
100	122	0
100	123	1
100	124	0
100	125	1
100	126	0
100	127	1
100	128	1
100	129	0
100	130	1
101	102	0
101	103	1
101	104	0
101	105	1
101	106	1
101	107	1
101	108	1
101	109	1
101	110	1
101	111	0
101	112	0
101	113	0
101	114	1
101	115	1
101	116	0
101	117	0
101	118	0
101	119	0
101	120	1
101	121	0
101	122	1
101	123	1
101	124	1
101	125	1
101	126	1
101	127	0
101	128	0
101	129	0
101	130	1
102	103	1
102	104	0
102	105	0
102	106	1
102	107	0
102	108	1
102	109	0
102	110	1
102	111	0
102	112	1
102	113	0
102	114	0
102	115	1
102	116	1
102	117	1
102	118	1
102	119	1
102	120	1
102	121	1
102	122	0
102	123	1
102	124	0
102	125	1
102	126	0
102	127	0
102	128	1
102	129	1
102	130	0
103	104	1
103	105	1
103	106	1
103	107	1
103	108	1
103	109	1
103	110	0
103	111	0
103	112	0
103	113	1
103	114	0
103	115	0
103	116	1
103	117	0
103	118	1
103	119	1
103	120	1
103	121	1
103	122	1
103	123	0
103	124	1
103	125	1
103	126	1
103	127	0
103	128	0
103	129	0
103	130	1
104	105	0
104	106	0
104	107	1
104	108	0
104	109	0
104	110	1
104	111	0
104	112	1
104	113	1
104	114	0
104	115	1
104	116	1
104	117	0
104	118	1
104	119	0
104	120	0
104	121	1
104	122	1
104	123	0
104	124	0
104	125	1
104	126	1
104	127	1
104	128	0
104	129	0
104	130	1
105	106	1
105	107	0
105	108	0
105	109	1
105	110	1
105	111	1
105	112	0
105	113	0
105	114	0
105	115	1
105	116	0
105	117	0
105	118	1
105	119	0
105	120	0
105	121	1
105	122	0
105	123	1
105	124	1
105	125	0
105	126	0
105	127	1
105	128	0
105	129	0
105	130	1
106	107	1
106	108	1
106	109	1
106	110	1
106	111	0
106	112	0
106	113	1
106	114	1
106	115	1
106	116	1
106	117	0
106	118	1
106	119	0
106	120	0
106	121	1
106	122	1
106	123	0
106	124	0
106	125	1
106	126	1
106	127	1
106	128	1
106	129	1
106	130	0
107	108	0
107	109	1
107	110	1
107	111	1
107	112	1
107	113	1
107	114	1
107	115	0
107	116	1
107	117	1
107	118	0
107	119	1
107	120	0
107	121	0
107	122	0
107	123	1
107	124	0
107	125	1
107	126	1
107	127	1
107	128	0
107	129	0
107	130	1
108	109	1
108	110	0
108	111	1
108	112	1
108	113	0
108	114	1
108	115	0
108	116	0
108	117	0
108	118	1
108	119	1
108	120	1
108	121	1
108	122	1
108	123	0
108	124	1
108	125	1
108	126	0
108	127	1
108	128	0
108	129	0
108	130	1
109	110	0
109	111	1
109	112	0
109	113	0
109	114	1
109	115	0
109	116	0
109	117	0
109	118	1
109	119	0
109	120	0
109	121	1
109	122	1
109	123	1
109	124	0
109	125	0
109	126	1
109	127	1
109	128	1
109	129	0
109	130	1
110	111	1
110	112	1
110	113	0
110	114	0
110	115	1
110	116	0
110	117	0
110	118	0
110	119	0
110	120	0
110	121	0
110	122	1
110	123	0
110	124	0
110	125	0
110	126	1
110	127	0
110	128	1
110	129	0
110	130	1
111	112	1
111	113	1
111	114	0
111	115	0
111	116	1
111	117	0
111	118	0
111	119	0
111	120	1
111	121	0
111	122	1
111	123	1
111	124	0
111	125	0
111	126	1
111	127	0
111	128	0
111	129	1
111	130	1
112	113	0
112	114	1
112	115	0
112	116	1
112	117	0
112	118	0
112	119	0
112	120	0
112	121	0
112	122	0
112	123	0
112	124	0
112	125	1
112	126	0
112	127	0
112	128	1
112	129	1
112	130	1
113	114	0
113	115	1
113	116	0
113	117	0
113	118	1
113	119	1
113	120	1
113	121	0
113	122	1
113	123	0
113	124	1
113	125	0
113	126	0
113	127	0
113	128	0
113	129	1
113	130	0
114	115	1
114	116	1
114	117	0
114	118	1
114	119	1
114	120	0
114	121	0
114	122	1
114	123	1
114	124	0
114	125	0
114	126	1
114	127	1
114	128	1
114	129	1
114	130	1
115	116	0
115	117	1
115	118	0
115	119	1
115	120	1
115	121	0
115	122	1
115	123	1
115	124	1
115	125	0
115	126	0
115	127	1
115	128	1
115	129	1
115	130	1
116	117	1
116	118	1
116	119	0
116	120	0
116	121	0
116	122	1
116	123	0
116	124	1
116	125	0
116	126	0
116	127	0
116	128	0
116	129	0
116	130	1
117	118	0
117	119	0
117	120	1
117	121	1
117	122	0
117	123	0
117	124	1
117	125	1
117	126	0
117	127	1
117	128	1
117	129	0
117	130	1
118	119	1
118	120	1
118	121	0
118	122	0
118	123	0
118	124	1
118	125	1
118	126	0
118	127	0
118	128	1
118	129	0
118	130	1
119	120	0
119	121	1
119	122	1
119	123	0
119	124	0
119	125	0
119	126	1
119	127	0
119	128	0
119	129	0
119	130	1
120	121	1
120	122	0
120	123	0
120	124	0
120	125	1
120	126	1
120	127	0
120	128	0
120	129	0
120	130	0
121	122	0
121	123	1
121	124	1
121	125	1
121	126	0
121	127	0
121	128	0
121	129	1
121	130	1
122	123	1
122	124	0
122	125	0
122	126	1
122	127	0
122	128	0
122	129	1
122	130	0
123	124	0
123	125	0
123	126	0
123	127	1
123	128	0
123	129	0
123	130	1
124	125	1
124	126	0
124	127	1
124	128	0
124	129	0
124	130	1
125	126	1
125	127	0
125	128	1
125	129	1
125	130	1
126	127	1
126	128	0
126	129	1
126	130	1
127	128	0
127	129	1
127	130	1
128	129	1
128	130	0
129	130	0
