130	8385	0
1	2	0
1	3	1
1	4	1
1	5	0
1	6	0
1	7	0
1	8	0
1	9	0
1	10	1
1	11	0
1	12	0
1	13	1
1	14	0
1	15	1
1	16	0
1	17	1
1	18	0
1	19	0
1	20	0
1	21	1
1	22	0
1	23	0
1	24	1
1	25	0
1	26	1
1	27	0
1	28	1
1	29	0
1	30	0
1	31	0
1	32	0
1	33	0
1	34	0
1	35	0
1	36	0
1	37	0
1	38	1
1	39	0
1	40	1
1	41	1
1	42	1
1	43	1
1	44	0
1	45	1
1	46	1
1	47	0
1	48	0
1	49	0
1	50	1
1	51	0
1	52	1
1	53	0
1	54	1
1	55	0
1	56	0
1	57	0
1	58	1
1	59	0
1	60	0
1	61	0
1	62	0
1	63	1
1	64	1
1	65	1
1	66	0
1	67	0
1	68	0
1	69	1
1	70	1
1	71	0
1	72	1
1	73	1
1	74	0
1	75	0
1	76	1
1	77	0
1	78	0
1	79	0
1	80	0
1	81	1
1	82	1
1	83	0
1	84	0
1	85	0
1	86	0
1	87	1
1	88	0
1	89	1
1	90	1
1	91	1
1	92	1
1	93	0
1	94	0
1	95	0
1	96	0
1	97	0
1	98	0
1	99	0
1	100	1
1	101	1
1	102	1
1	103	1
1	104	0
1	105	0
1	106	0
1	107	0
1	108	0
1	109	0
1	110	0
1	111	1
1	112	0
1	113	0
1	114	1
1	115	0
1	116	0
1	117	0
1	118	1
1	119	1
1	120	0
1	121	1
1	122	0
1	123	0
1	124	1
1	125	1
1	126	0
1	127	0
1	128	1
1	129	1
1	130	0
2	3	1
2	4	1
2	5	1
2	6	0
2	7	1
2	8	1
2	9	1
2	10	0
2	11	1
2	12	0
2	13	0
2	14	1
2	15	1
2	16	1
2	17	1
2	18	1
2	19	0
2	20	0
2	21	1
2	22	0
2	23	0
2	24	1
2	25	1
2	26	0
2	27	1
2	28	0
2	29	1
2	30	1
2	31	1
2	32	1
2	33	1
2	34	1
2	35	1
2	36	0
2	37	0
2	38	1
2	39	1
2	40	1
2	41	1
2	42	1
2	43	0
2	44	0
2	45	0
2	46	0
2	47	1
2	48	1
2	49	0
2	50	0
2	51	0
2	52	1
2	53	0
2	54	1
2	55	0
2	56	0
2	57	0
2	58	0
2	59	1
2	60	0
2	61	1
2	62	0
2	63	0
2	64	0
2	65	0
2	66	0
2	67	0
2	68	0
2	69	0
2	70	1
2	71	1
2	72	1
2	73	1
2	74	0
2	75	1
2	76	1
2	77	1
2	78	1
2	79	0
2	80	0
2	81	1
2	82	1
2	83	1
2	84	1
2	85	0
2	86	0
2	87	0
2	88	0
2	89	1
2	90	0
2	91	0
2	92	1
2	93	1
2	94	1
2	95	0
2	96	1
2	97	0
2	98	1
2	99	0
2	100	0
2	101	0
2	102	1
2	103	0
2	104	0
2	105	1
2	106	1
2	107	0
2	108	0
2	109	1
2	110	0
2	111	0
2	112	0
2	113	1
2	114	0
2	115	1
2	116	0
2	117	0
2	118	0
2	119	0
2	120	0
2	121	0
2	122	1
2	123	0
2	124	1
2	125	0
2	126	0
2	127	0
2	128	0
2	129	0
2	130	1
3	4	1
3	5	0
3	6	1
3	7	1
3	8	1
3	9	0
3	10	1
3	11	1
3	12	0
3	13	0
3	14	0
3	15	0
3	16	0
3	17	0
3	18	0
3	19	0
3	20	1
3	21	0
3	22	0
3	23	0
3	24	1
3	25	0
3	26	1
3	27	1
3	28	0
3	29	0
3	30	0
3	31	0
3	32	0
3	33	0
3	34	0
3	35	0
3	36	0
3	37	1
3	38	1
3	39	1
3	40	0
3	41	1
3	42	1
3	43	1
3	44	0
3	45	1
3	46	0
3	47	1
3	48	0
3	49	0
3	50	1
3	51	1
3	52	0
3	53	1
3	54	0
3	55	0
3	56	1
3	57	1
3	58	0
3	59	0
3	60	1
3	61	0
3	62	1
3	63	1
3	64	0
3	65	0
3	66	0
3	67	0
3	68	0
3	69	0
3	70	0
3	71	1
3	72	0
3	73	0
3	74	0
3	75	0
3	76	0
3	77	0
3	78	0
3	79	0
3	80	0
3	81	1
3	82	1
3	83	0
3	84	1
3	85	1
3	86	1
3	87	0
3	88	0
3	89	1
3	90	0
3	91	1
3	92	0
3	93	0
3	94	0
3	95	1
3	96	0
3	97	1
3	98	0
3	99	0
3	100	1
3	101	1
3	102	1
3	103	0
3	104	1
3	105	0
3	106	0
3	107	0
3	108	1
3	109	1
3	110	1
3	111	0
3	112	0
3	113	0
3	114	0
3	115	1
3	116	0
3	117	1
3	118	1
3	119	0
3	120	0
3	121	1
3	122	1
3	123	0
3	124	1
3	125	0
3	126	1
3	127	0
3	128	1
3	129	0
3	130	0
4	5	0
4	6	0
4	7	0
4	8	1
4	9	1
4	10	1
4	11	0
4	12	0
4	13	0
4	14	0
4	15	0
4	16	1
4	17	0
4	18	1
4	19	1
4	20	0
4	21	0
4	22	1
4	23	0
4	24	1
4	25	1
4	26	0
4	27	1
4	28	1
4	29	1
4	30	0
4	31	1
4	32	1
4	33	1
4	34	1
4	35	1
4	36	0
4	37	1
4	38	0
4	39	0
4	40	1
4	41	1
4	42	1
4	43	1
4	44	0
4	45	1
4	46	0
4	47	1
4	48	0
4	49	1
4	50	1
4	51	0
4	52	1
4	53	1
4	54	1
4	55	1
4	56	0
4	57	0
4	58	0
4	59	0
4	60	1
4	61	0
4	62	1
4	63	0
4	64	1
4	65	0
4	66	0
4	67	0
4	68	1
4	69	0
4	70	1
4	71	0
4	72	0
4	73	1
4	74	1
4	75	0
4	76	0
4	77	0
4	78	1
4	79	1
4	80	1
4	81	0
4	82	1
4	83	0
4	84	0
4	85	0
4	86	1
4	87	0
4	88	0
4	89	0
4	90	1
4	91	0
4	92	1
4	93	1
4	94	1
4	95	1
4	96	0
4	97	1
4	98	0
4	99	1
4	100	0
4	101	0
4	102	0
4	103	0
4	104	1
4	105	0
4	106	0
4	107	0
4	108	0
4	109	0
4	110	1
4	111	0
4	112	0
4	113	0
4	114	1
4	115	1
4	116	0
4	117	0
4	118	0
4	119	0
4	120	1
4	121	1
4	122	1
4	123	1
4	124	1
4	125	1
4	126	1
4	127	1
4	128	1
4	129	1
4	130	0
5	6	0
5	7	1
5	8	0
5	9	0
5	10	0
5	11	1
5	12	1
5	13	1
5	14	1
5	15	0
5	16	1
5	17	1
5	18	0
5	19	0
5	20	0
5	21	0
5	22	0
5	23	0
5	24	1
5	25	1
5	26	0
5	27	1
5	28	0
5	29	0
5	30	0
5	31	0
5	32	0
5	33	0
5	34	1
5	35	1
5	36	0
5	37	1
5	38	1
5	39	0
5	40	0
5	41	1
5	42	1
5	43	0
5	44	0
5	45	1
5	46	0
5	47	0
5	48	0
5	49	1
5	50	0
5	51	1
5	52	1
5	53	0
5	54	0
5	55	0
5	56	1
5	57	0
5	58	1
5	59	0
5	60	1
5	61	1
5	62	0
5	63	0
5	64	1
5	65	1
5	66	0
5	67	0
5	68	1
5	69	0
5	70	0
5	71	1
5	72	1
5	73	1
5	74	1
5	75	1
5	76	1
5	77	1
5	78	1
5	79	0
5	80	0
5	81	1
5	82	0
5	83	1
5	84	1
5	85	1
5	86	1
5	87	0
5	88	1
5	89	0
5	90	0
5	91	1
5	92	0
5	93	0
5	94	1
5	95	1
5	96	1
5	97	1
5	98	1
5	99	0
5	100	0
5	101	0
5	102	0
5	103	1
5	104	1
5	105	1
5	106	1
5	107	0
5	108	0
5	109	1
5	110	1
5	111	1
5	112	0
5	113	1
5	114	1
5	115	1
5	116	0
5	117	0
5	118	1
5	119	0
5	120	1
5	121	1
5	122	1
5	123	1
5	124	1
5	125	1
5	126	1
5	127	0
5	128	0
5	129	0
5	130	1
6	7	0
6	8	1
6	9	0
6	10	0
6	11	0
6	12	1
6	13	0
6	14	0
6	15	1
6	16	1
6	17	1
6	18	1
6	19	0
6	20	0
6	21	1
6	22	0
6	23	1
6	24	1
6	25	0
6	26	1
6	27	1
6	28	0
6	29	1
6	30	0
6	31	1
6	32	1
6	33	1
6	34	1
6	35	0
6	36	0
6	37	0
6	38	0
6	39	1
6	40	0
6	41	0
6	42	0
6	43	1
6	44	1
6	45	0
6	46	0
6	47	0
6	48	1
6	49	0
6	50	1
6	51	1
6	52	1
6	53	1
6	54	0
6	55	0
6	56	1
6	57	0
6	58	1
6	59	1
6	60	0
6	61	0
6	62	1
6	63	0
6	64	0
6	65	0
6	66	0
6	67	0
6	68	1
6	69	1
6	70	0
6	71	0
6	72	0
6	73	1
6	74	0
6	75	1
6	76	1
6	77	1
6	78	1
6	79	1
6	80	0
6	81	0
6	82	0
6	83	1
6	84	0
6	85	0
6	86	1
6	87	1
6	88	0
6	89	0
6	90	0
6	91	0
6	92	0
6	93	1
6	94	1
6	95	1
6	96	1
6	97	0
6	98	0
6	99	1
6	100	1
6	101	0
6	102	0
6	103	1
6	104	1
6	105	1
6	106	1
6	107	1
6	108	0
6	109	0
6	110	1
6	111	1
6	112	0
6	113	1
6	114	1
6	115	0
6	116	0
6	117	0
6	118	1
6	119	0
6	120	1
6	121	1
6	122	1
6	123	0
6	124	1
6	125	0
6	126	1
6	127	0
6	128	1
6	129	1
6	130	1
7	8	1
7	9	1
7	10	1
7	11	0
7	12	0
7	13	0
7	14	0
7	15	0
7	16	0
7	17	0
7	18	0
7	19	0
7	20	0
7	21	0
7	22	1
7	23	1
7	24	1
7	25	1
7	26	1
7	27	1
7	28	0
7	29	1
7	30	1
7	31	0
7	32	1
7	33	0
7	34	0
7	35	0
7	36	1
7	37	1
7	38	0
7	39	0
7	40	1
7	41	0
7	42	1
7	43	0
7	44	1
7	45	1
7	46	0
7	47	0
7	48	1
7	49	0
7	50	0
7	51	0
7	52	1
7	53	0
7	54	0
7	55	1
7	56	1
7	57	0
7	58	0
7	59	1
7	60	0
7	61	1
7	62	0
7	63	0
7	64	0
7	65	0
7	66	1
7	67	1
7	68	0
7	69	0
7	70	0
7	71	1
7	72	1
7	73	0
7	74	1
7	75	0
7	76	1
7	77	1
7	78	0
7	79	0
7	80	0
7	81	1
7	82	0
7	83	0
7	84	0
7	85	1
7	86	1
7	87	0
7	88	1
7	89	1
7	90	0
7	91	0
7	92	1
7	93	1
7	94	0
7	95	0
7	96	1
7	97	1
7	98	0
7	99	1
7	100	0
7	101	0
7	102	1
7	103	0
7	104	0
7	105	0
7	106	0
7	107	1
7	108	0
7	109	1
7	110	1
7	111	0
7	112	0
7	113	0
7	114	0
7	115	1
7	116	0
7	117	1
7	118	1
7	119	1
7	120	0
7	121	0
7	122	0
7	123	0
7	124	1
7	125	1
7	126	1
7	127	1
7	128	0
7	129	1
7	130	0
8	9	0
8	10	1
8	11	0
8	12	0
8	13	1
8	14	0
8	15	0
8	16	0
8	17	0
8	18	0
8	19	1
8	20	0
8	21	0
8	22	1
8	23	1
8	24	1
8	25	0
8	26	1
8	27	0
8	28	1
8	29	0
8	30	0
8	31	1
8	32	1
8	33	0
8	34	1
8	35	0
8	36	1
8	37	1
8	38	0
8	39	1
8	40	1
8	41	0
8	42	0
8	43	0
8	44	1
8	45	1
8	46	0
8	47	0
8	48	0
8	49	0
8	50	0
8	51	0
8	52	0
8	53	0
8	54	0
8	55	1
8	56	1
8	57	1
8	58	0
8	59	1
8	60	1
8	61	1
8	62	0
8	63	1
8	64	1
8	65	1
8	66	1
8	67	1
8	68	0
8	69	1
8	70	0
8	71	1
8	72	1
8	73	1
8	74	1
8	75	1
8	76	1
8	77	0
8	78	0
8	79	0
8	80	1
8	81	1
8	82	0
8	83	1
8	84	1
8	85	1
8	86	0
8	87	1
8	88	1
8	89	0
8	90	0
8	91	0
8	92	1
8	93	0
8	94	1
8	95	0
8	96	0
8	97	1
8	98	1
8	99	0
8	100	0
8	101	0
8	102	0
8	103	1
8	104	0
8	105	1
8	106	1
8	107	0
8	108	0
8	109	0
8	110	1
8	111	0
8	112	1
8	113	1
8	114	1
8	115	1
8	116	1
8	117	0
8	118	0
8	119	1
8	120	1
8	121	0
8	122	1
8	123	1
8	124	1
8	125	0
8	126	0
8	127	1
8	128	0
8	129	1
8	130	1
9	10	1
9	11	0
9	12	0
9	13	0
9	14	1
9	15	0
9	16	0
9	17	0
9	18	1
9	19	0
9	20	1
9	21	1
9	22	0
9	23	0
9	24	0
9	25	1
9	26	1
9	27	1
9	28	0
9	29	0
9	30	1
9	31	1
9	32	0
9	33	1
9	34	1
9	35	1
9	36	0
9	37	0
9	38	0
9	39	1
9	40	0
9	41	0
9	42	0
9	43	1
9	44	1
9	45	1
9	46	1
9	47	0
9	48	0
9	49	0
9	50	0
9	51	1
9	52	1
9	53	0
9	54	1
9	55	1
9	56	0
9	57	1
9	58	1
9	59	0
9	60	0
9	61	0
9	62	0
9	63	1
9	64	1
9	65	0
9	66	0
9	67	1
9	68	0
9	69	0
9	70	1
9	71	1
9	72	0
9	73	0
9	74	1
9	75	0
9	76	1
9	77	1
9	78	1
9	79	0
9	80	0
9	81	0
9	82	1
9	83	0
9	84	0
9	85	0
9	86	0
9	87	0
9	88	0
9	89	0
9	90	1
9	91	1
9	92	1
9	93	1
9	94	1
9	95	1
9	96	1
9	97	1
9	98	1
9	99	0
9	100	0
9	101	0
9	102	1
9	103	1
9	104	0
9	105	1
9	106	0
9	107	0
9	108	0
9	109	0
9	110	1
9	111	1
9	112	0
9	113	1
9	114	1
9	115	1
9	116	0
9	117	0
9	118	0
9	119	0
9	120	1
9	121	1
9	122	1
9	123	0
9	124	0
9	125	0
9	126	0
9	127	0
9	128	0
9	129	1
9	130	1
10	11	1
10	12	0
10	13	0
10	14	0
10	15	0
10	16	1
10	17	0
10	18	0
10	19	1
10	20	1
10	21	1
10	22	1
10	23	0
10	24	0
10	25	1
10	26	0
10	27	0
10	28	0
10	29	1
10	30	1
10	31	1
10	32	0
10	33	0
10	34	1
10	35	1
10	36	0
10	37	0
10	38	0
10	39	0
10	40	1
10	41	0
10	42	0
10	43	0
10	44	1
10	45	1
10	46	0
10	47	0
10	48	0
10	49	0
10	50	0
10	51	1
10	52	1
10	53	1
10	54	1
10	55	1
10	56	1
10	57	0
10	58	0
10	59	0
10	60	0
10	61	0
10	62	0
10	63	1
10	64	0
10	65	0
10	66	1
10	67	0
10	68	0
10	69	1
10	70	0
10	71	1
10	72	1
10	73	1
10	74	1
10	75	1
10	76	1
10	77	1
10	78	0
10	79	1
10	80	0
10	81	1
10	82	1
10	83	0
10	84	0
10	85	0
10	86	1
10	87	1
10	88	1
10	89	1
10	90	1
10	91	0
10	92	1
10	93	1
10	94	1
10	95	0
10	96	0
10	97	0
10	98	1
10	99	0
10	100	1
10	101	1
10	102	0
10	103	1
10	104	1
10	105	1
10	106	1
10	107	1
10	108	1
10	109	1
10	110	0
10	111	0
10	112	1
10	113	0
10	114	1
10	115	0
10	116	0
10	117	0
10	118	0
10	119	0
10	120	0
10	121	0
10	122	0
10	123	1
10	124	0
10	125	1
10	126	1
10	127	0
10	128	0
10	129	0
10	130	1
11	12	1
11	13	1
11	14	0
11	15	1
11	16	0
11	17	1
11	18	1
11	19	1
11	20	0
11	21	1
11	22	1
11	23	1
11	24	1
11	25	0
11	26	1
11	27	1
11	28	1
11	29	0
11	30	1
11	31	1
11	32	0
11	33	1
11	34	1
11	35	0
11	36	0
11	37	1
11	38	1
11	39	0
11	40	0
11	41	0
11	42	1
11	43	1
11	44	1
11	45	1
11	46	1
11	47	0
11	48	1
11	49	0
11	50	0
11	51	1
11	52	0
11	53	0
11	54	0
11	55	1
11	56	1
11	57	0
11	58	0
11	59	1
11	60	1
11	61	0
11	62	1
11	63	1
11	64	1
11	65	0
11	66	1
11	67	0
11	68	1
11	69	1
11	70	1
11	71	1
11	72	0
11	73	1
11	74	0
11	75	1
11	76	0
11	77	1
11	78	0
11	79	0
11	80	0
11	81	0
11	82	1
11	83	1
11	84	1
11	85	0
11	86	0
11	87	0
11	88	0
11	89	1
11	90	0
11	91	1
11	92	0
11	93	0
11	94	1
11	95	1
11	96	0
11	97	1
11	98	1
11	99	0
11	100	0
11	101	1
11	102	0
11	103	0
11	104	0
11	105	0
11	106	1
11	107	1
11	108	0
11	109	0
11	110	1
11	111	1
11	112	0
11	113	0
11	114	1
11	115	1
11	116	1
11	117	1
11	118	1
11	119	1
11	120	1
11	121	0
11	122	1
11	123	1
11	124	0
11	125	0
11	126	1
11	127	0
11	128	1
11	129	1
11	130	1
12	13	1
12	14	1
12	15	1
12	16	0
12	17	0
12	18	1
12	19	1
12	20	0
12	21	0
12	22	1
12	23	1
12	24	1
12	25	1
12	26	1
12	27	0
12	28	0
12	29	1
12	30	0
12	31	0
12	32	0
12	33	1
12	34	1
12	35	0
12	36	1
12	37	0
12	38	1
12	39	1
12	40	1
12	41	0
12	42	0
12	43	1
12	44	1
12	45	0
12	46	1
12	47	0
12	48	1
12	49	0
12	50	1
12	51	1
12	52	0
12	53	0
12	54	1
12	55	0
12	56	1
12	57	1
12	58	0
12	59	1
12	60	0
12	61	1
12	62	0
12	63	1
12	64	0
12	65	1
12	66	0
12	67	0
12	68	0
12	69	0
12	70	1
12	71	1
12	72	1
12	73	0
12	74	0
12	75	0
12	76	1
12	77	1
12	78	0
12	79	0
12	80	1
12	81	1
12	82	1
12	83	1
12	84	0
12	85	1
12	86	1
12	87	0
12	88	0
12	89	1
12	90	0
12	91	0
12	92	0
12	93	1
12	94	0
12	95	1
12	96	0
12	97	1
12	98	0
12	99	0
12	100	0
12	101	0
12	102	1
12	103	1
12	104	1
12	105	0
12	106	0
12	107	0
12	108	1
12	109	1
12	110	0
12	111	0
12	112	1
12	113	1
12	114	1
12	115	1
12	116	1
12	117	0
12	118	1
12	119	0
12	120	0
12	121	0
12	122	0
12	123	0
12	124	1
12	125	0
12	126	1
12	127	1
12	128	1
12	129	1
12	130	0
13	14	1
13	15	1
13	16	1
13	17	1
13	18	1
13	19	1
13	20	1
13	21	1
13	22	1
13	23	1
13	24	0
13	25	1
13	26	0
13	27	1
13	28	0
13	29	0
13	30	0
13	31	0
13	32	1
13	33	0
13	34	1
13	35	0
13	36	0
13	37	1
13	38	1
13	39	1
13	40	0
13	41	1
13	42	0
13	43	1
13	44	0
13	45	0
13	46	0
13	47	1
13	48	1
13	49	1
13	50	1
13	51	1
13	52	0
13	53	1
13	54	0
13	55	0
13	56	0
13	57	0
13	58	0
13	59	1
13	60	0
13	61	1
13	62	1
13	63	0
13	64	0
13	65	0
13	66	0
13	67	0
13	68	1
13	69	1
13	70	0
13	71	1
13	72	0
13	73	1
13	74	0
13	75	0
13	76	0
13	77	1
13	78	1
13	79	1
13	80	1
13	81	1
13	82	0
13	83	0
13	84	1
13	85	0
13	86	1
13	87	1
13	88	0
13	89	1
13	90	1
13	91	1
13	92	1
13	93	0
13	94	0
13	95	0
13	96	0
13	97	0
13	98	0
13	99	0
13	100	0
13	101	0
13	102	0
13	103	1
13	104	1
13	105	1
13	106	0
13	107	1
13	108	1
13	109	1
13	110	1
13	111	1
13	112	0
13	113	1
13	114	0
13	115	1
13	116	1
13	117	0
13	118	1
13	119	0
13	120	0
13	121	0
13	122	0
13	123	1
13	124	1
13	125	1
13	126	1
13	127	0
13	128	1
13	129	1
13	130	1
14	15	1
14	16	1
14	17	1
14	18	1
14	19	1
14	20	0
14	21	0
14	22	0
14	23	0
14	24	0
14	25	0
14	26	0
14	27	0
14	28	1
14	29	0
14	30	1
14	31	0
14	32	0
14	33	1
14	34	0
14	35	1
14	36	0
14	37	1
14	38	0
14	39	1
14	40	1
14	41	1
14	42	1
14	43	0
14	44	0
14	45	1
14	46	1
14	47	0
14	48	0
14	49	0
14	50	1
14	51	1
14	52	0
14	53	1
14	54	0
14	55	1
14	56	0
14	57	1
14	58	1
14	59	1
14	60	1
14	61	1
14	62	1
14	63	1
14	64	0
14	65	0
14	66	0
14	67	1
14	68	1
14	69	1
14	70	0
14	71	0
14	72	1
14	73	0
14	74	0
14	75	1
14	76	1
14	77	0
14	78	1
14	79	1
14	80	1
14	81	1
14	82	0
14	83	0
14	84	1
14	85	1
14	86	1
14	87	0
14	88	1
14	89	1
14	90	0
14	91	1
14	92	1
14	93	1
14	94	0
14	95	0
14	96	0
14	97	0
14	98	1
14	99	1
14	100	0
14	101	1
14	102	1
14	103	0
14	104	1
14	105	0
14	106	0
14	107	1
14	108	0
14	109	0
14	110	0
14	111	1
14	112	0
14	113	1
14	114	0
14	115	0
14	116	0
14	117	0
14	118	1
14	119	1
14	120	1
14	121	0
14	122	1
14	123	1
14	124	0
14	125	0
14	126	0
14	127	0
14	128	0
14	129	0
14	130	0
15	16	1
15	17	0
15	18	0
15	19	0
15	20	0
15	21	1
15	22	1
15	23	1
15	24	0
15	25	0
15	26	1
15	27	0
15	28	1
15	29	0
15	30	1
15	31	0
15	32	0
15	33	0
15	34	0
15	35	1
15	36	0
15	37	0
15	38	1
15	39	0
15	40	1
15	41	1
15	42	0
15	43	1
15	44	0
15	45	0
15	46	1
15	47	0
15	48	0
15	49	0
15	50	0
15	51	1
15	52	0
15	53	1
15	54	1
15	55	1
15	56	1
15	57	1
15	58	0
15	59	0
15	60	1
15	61	1
15	62	0
15	63	0
15	64	1
15	65	1
15	66	1
15	67	0
15	68	0
15	69	1
15	70	0
15	71	1
15	72	0
15	73	0
15	74	0
15	75	1
15	76	0
15	77	0
15	78	1
15	79	1
15	80	0
15	81	0
15	82	1
15	83	0
15	84	1
15	85	1
15	86	1
15	87	0
15	88	1
15	89	0
15	90	1
15	91	0
15	92	0
15	93	1
15	94	1
15	95	1
15	96	1
15	97	1
15	98	0
15	99	0
15	100	1
15	101	0
15	102	1
15	103	1
15	104	1
15	105	1
15	106	1
15	107	0
15	108	1
15	109	1
15	110	1
15	111	1
15	112	0
15	113	0
15	114	1
15	115	1
15	116	0
15	117	0
15	118	1
15	119	0
15	120	1
15	121	0
15	122	1
15	123	0
15	124	1
15	125	1
15	126	0
15	127	1
15	128	0
15	129	0
15	130	1
16	17	1
16	18	1
16	19	1
16	20	1
16	21	1
16	22	1
16	23	0
16	24	1
16	25	1
16	26	1
16	27	1
16	28	0
16	29	1
16	30	0
16	31	1
16	32	0
16	33	1
16	34	0
16	35	0
16	36	1
16	37	0
16	38	0
16	39	1
16	40	1
16	41	1
16	42	1
16	43	1
16	44	0
16	45	1
16	46	0
16	47	0
16	48	0
16	49	1
16	50	1
16	51	0
16	52	0
16	53	1
16	54	0
16	55	1
16	56	1
16	57	1
16	58	0
16	59	0
16	60	0
16	61	0
16	62	0
16	63	0
16	64	0
16	65	0
16	66	1
16	67	0
16	68	0
16	69	1
16	70	1
16	71	0
16	72	1
16	73	0
16	74	0
16	75	1
16	76	0
16	77	1
16	78	0
16	79	0
16	80	1
16	81	0
16	82	0
16	83	0
16	84	0
16	85	1
16	86	1
16	87	0
16	88	0
16	89	1
16	90	1
16	91	0
16	92	0
16	93	1
16	94	0
16	95	0
16	96	1
16	97	1
16	98	0
16	99	1
16	100	1
16	101	1
16	102	0
16	103	0
16	104	0
16	105	1
16	106	0
16	107	1
16	108	1
16	109	1
16	110	0
16	111	1
16	112	0
16	113	1
16	114	0
16	115	0
16	116	1
16	117	1
16	118	0
16	119	0
16	120	0
16	121	0
16	122	0
16	123	0
16	124	0
16	125	0
16	126	0
16	127	1
16	128	0
16	129	0
16	130	0
17	18	1
17	19	0
17	20	0
17	21	1
17	22	0
17	23	0
17	24	0
17	25	0
17	26	1
17	27	1
17	28	1
17	29	0
17	30	0
17	31	0
17	32	0
17	33	0
17	34	0
17	35	0
17	36	0
17	37	1
17	38	0
17	39	1
17	40	1
17	41	1
17	42	1
17	43	1
17	44	0
17	45	1
17	46	1
17	47	1
17	48	0
17	49	1
17	50	1
17	51	1
17	52	0
17	53	0
17	54	0
17	55	1
17	56	1
17	57	0
17	58	1
17	59	0
17	60	1
17	61	1
17	62	1
17	63	1
17	64	0
17	65	0
17	66	0
17	67	0
17	68	1
17	69	0
17	70	1
17	71	0
17	72	1
17	73	1
17	74	0
17	75	0
17	76	1
17	77	0
17	78	1
17	79	1
17	80	0
17	81	1
17	82	1
17	83	0
17	84	0
17	85	0
17	86	1
17	87	0
17	88	1
17	89	0
17	90	0
17	91	1
17	92	0
17	93	0
17	94	1
17	95	0
17	96	0
17	97	1
17	98	1
17	99	0
17	100	1
17	101	0
17	102	1
17	103	1
17	104	1
17	105	0
17	106	1
17	107	0
17	108	1
17	109	0
17	110	0
17	111	1
17	112	0
17	113	1
17	114	1
17	115	1
17	116	0
17	117	0
17	118	0
17	119	1
17	120	1
17	121	1
17	122	0
17	123	0
17	124	1
17	125	1
17	126	1
17	127	0
17	128	1
17	129	0
17	130	1
18	19	0
18	20	1
18	21	0
18	22	1
18	23	1
18	24	1
18	25	1
18	26	0
18	27	1
18	28	1
18	29	1
18	30	1
18	31	1
18	32	0
18	33	1
18	34	0
18	35	1
18	36	0
18	37	0
18	38	1
18	39	0
18	40	0
18	41	0
18	42	0
18	43	1
18	44	1
18	45	1
18	46	1
18	47	0
18	48	1
18	49	0
18	50	1
18	51	0
18	52	0
18	53	0
18	54	1
18	55	1
18	56	0
18	57	0
18	58	0
18	59	0
18	60	0
18	61	0
18	62	1
18	63	1
18	64	1
18	65	0
18	66	0
18	67	1
18	68	0
18	69	1
18	70	0
18	71	1
18	72	0
18	73	0
18	74	0
18	75	1
18	76	1
18	77	0
18	78	1
18	79	1
18	80	1
18	81	0
18	82	1
18	83	1
18	84	0
18	85	1
18	86	1
18	87	0
18	88	1
18	89	0
18	90	1
18	91	0
18	92	0
18	93	0
18	94	1
18	95	0
18	96	1
18	97	0
18	98	1
18	99	0
18	100	0
18	101	0
18	102	0
18	103	0
18	104	0
18	105	1
18	106	0
18	107	0
18	108	0
18	109	1
18	110	0
18	111	0
18	112	0
18	113	0
18	114	0
18	115	1
18	116	1
18	117	0
18	118	0
18	119	1
18	120	0
18	121	1
18	122	1
18	123	1
18	124	0
18	125	0
18	126	1
18	127	1
18	128	1
18	129	0
18	130	0
19	20	0
19	21	1
19	22	1
19	23	0
19	24	1
19	25	0
19	26	1
19	27	1
19	28	1
19	29	1
19	30	1
19	31	0
19	32	1
19	33	1
19	34	0
19	35	0
19	36	0
19	37	0
19	38	0
19	39	0
19	40	1
19	41	0
19	42	0
19	43	0
19	44	0
19	45	1
19	46	1
19	47	0
19	48	0
19	49	0
19	50	0
19	51	0
19	52	0
19	53	0
19	54	1
19	55	1
19	56	0
19	57	1
19	58	1
19	59	0
19	60	1
19	61	1
19	62	1
19	63	0
19	64	1
19	65	0
19	66	1
19	67	0
19	68	0
19	69	1
19	70	1
19	71	0
19	72	0
19	73	0
19	74	0
19	75	1
19	76	0
19	77	1
19	78	0
19	79	0
19	80	1
19	81	1
19	82	0
19	83	0
19	84	1
19	85	0
19	86	1
19	87	1
19	88	1
19	89	1
19	90	0
19	91	1
19	92	1
19	93	1
19	94	0
19	95	1
19	96	0
19	97	0
19	98	1
19	99	0
19	100	0
19	101	1
19	102	1
19	103	0
19	104	0
19	105	0
19	106	1
19	107	1
19	108	1
19	109	0
19	110	1
19	111	1
19	112	0
19	113	1
19	114	1
19	115	1
19	116	0
19	117	1
19	118	0
19	119	0
19	120	0
19	121	1
19	122	1
19	123	0
19	124	1
19	125	1
19	126	0
19	127	0
19	128	1
19	129	1
19	130	0
20	21	0
20	22	1
20	23	1
20	24	0
20	25	1
20	26	1
20	27	0
20	28	0
20	29	0
20	30	0
20	31	0
20	32	1
20	33	0
20	34	1
20	35	0
20	36	0
20	37	0
20	38	0
20	39	0
20	40	0
20	41	1
20	42	0
20	43	0
20	44	0
20	45	1
20	46	1
20	47	1
20	48	0
20	49	0
20	50	0
20	51	0
20	52	1
20	53	0
20	54	1
20	55	1
20	56	0
20	57	0
20	58	1
20	59	0
20	60	1
20	61	1
20	62	1
20	63	0
20	64	0
20	65	0
20	66	1
20	67	1
20	68	1
20	69	0
20	70	0
20	71	1
20	72	0
20	73	1
20	74	1
20	75	0
20	76	1
20	77	1
20	78	1
20	79	1
20	80	0
20	81	0
20	82	1
20	83	1
20	84	1
20	85	0
20	86	1
20	87	1
20	88	1
20	89	0
20	90	1
20	91	1
20	92	0
20	93	1
20	94	1
20	95	0
20	96	0
20	97	0
20	98	0
20	99	0
20	100	0
20	101	0
20	102	1
20	103	1
20	104	1
20	105	1
20	106	1
20	107	0
20	108	0
20	109	1
20	110	0
20	111	0
20	112	0
20	113	0
20	114	0
20	115	0
20	116	0
20	117	0
20	118	0
20	119	0
20	120	1
20	121	0
20	122	1
20	123	0
20	124	1
20	125	1
20	126	1
20	127	0
20	128	0
20	129	1
20	130	1
21	22	0
21	23	0
21	24	1
21	25	1
21	26	0
21	27	1
21	28	1
21	29	0
21	30	0
21	31	1
21	32	1
21	33	0
21	34	0
21	35	0
21	36	0
21	37	1
21	38	1
21	39	0
21	40	0
21	41	0
21	42	0
21	43	0
21	44	1
21	45	1
21	46	0
21	47	0
21	48	1
21	49	0
21	50	1
21	51	1
21	52	0
21	53	0
21	54	0
21	55	1
21	56	0
21	57	1
21	58	0
21	59	1
21	60	1
21	61	0
21	62	1
21	63	0
21	64	1
21	65	1
21	66	1
21	67	0
21	68	0
21	69	0
21	70	0
21	71	0
21	72	0
21	73	1
21	74	0
21	75	0
21	76	0
21	77	1
21	78	1
21	79	0
21	80	0
21	81	1
21	82	1
21	83	0
21	84	0
21	85	1
21	86	0
21	87	1
21	88	1
21	89	0
21	90	0
21	91	1
21	92	1
21	93	1
21	94	0
21	95	0
21	96	1
21	97	0
21	98	0
21	99	1
21	100	1
21	101	1
21	102	1
21	103	1
21	104	0
21	105	1
21	106	0
21	107	0
21	108	1
21	109	0
21	110	1
21	111	0
21	112	1
21	113	0
21	114	0
21	115	0
21	116	0
21	117	1
21	118	1
21	119	1
21	120	1
21	121	1
21	122	0
21	123	1
21	124	1
21	125	0
21	126	0
21	127	1
21	128	1
21	129	0
21	130	1
22	23	0
22	24	0
22	25	1
22	26	0
22	27	0
22	28	0
22	29	1
22	30	1
22	31	1
22	32	0
22	33	0
22	34	1
22	35	1
22	36	1
22	37	1
22	38	0
22	39	0
22	40	0
22	41	0
22	42	1
22	43	1
22	44	1
22	45	1
22	46	0
22	47	1
22	48	1
22	49	0
22	50	0
22	51	1
22	52	1
22	53	1
22	54	1
22	55	0
22	56	0
22	57	0
22	58	0
22	59	1
22	60	1
22	61	0
22	62	0
22	63	0
22	64	0
22	65	1
22	66	0
22	67	0
22	68	1
22	69	1
22	70	1
22	71	0
22	72	1
22	73	0
22	74	1
22	75	1
22	76	0
22	77	0
22	78	0
22	79	1
22	80	1
22	81	0
22	82	1
22	83	0
22	84	0
22	85	0
22	86	0
22	87	0
22	88	1
22	89	1
22	90	1
22	91	1
22	92	1
22	93	0
22	94	0
22	95	0
22	96	0
22	97	1
22	98	0
22	99	0
22	100	1
22	101	0
22	102	1
22	103	0
22	104	0
22	105	1
22	106	0
22	107	1
22	108	0
22	109	0
22	110	1
22	111	0
22	112	1
22	113	0
22	114	0
22	115	1
22	116	1
22	117	0
22	118	0
22	119	1
22	120	1
22	121	0
22	122	0
22	123	0
22	124	0
22	125	1
22	126	1
22	127	1
22	128	1
22	129	0
22	130	1
23	24	0
23	25	1
23	26	1
23	27	1
23	28	0
23	29	0
23	30	1
23	31	1
23	32	0
23	33	0
23	34	0
23	35	0
23	36	0
23	37	1
23	38	0
23	39	1
23	40	0
23	41	0
23	42	1
23	43	1
23	44	0
23	45	1
23	46	1
23	47	0
23	48	0
23	49	1
23	50	0
23	51	1
23	52	0
23	53	1
23	54	0
23	55	1
23	56	1
23	57	1
23	58	1
23	59	0
23	60	0
23	61	1
23	62	0
23	63	0
23	64	0
23	65	0
23	66	0
23	67	1
23	68	1
23	69	0
23	70	0
23	71	1
23	72	1
23	73	1
23	74	1
23	75	0
23	76	1
23	77	1
23	78	0
23	79	1
23	80	1
23	81	0
23	82	0
23	83	0
23	84	0
23	85	0
23	86	0
23	87	1
23	88	0
23	89	0
23	90	0
23	91	1
23	92	0
23	93	1
23	94	0
23	95	0
23	96	0
23	97	0
23	98	0
23	99	1
23	100	1
23	101	1
23	102	1
23	103	1
23	104	1
23	105	1
23	106	0
23	107	0
23	108	1
23	109	1
23	110	0
23	111	1
23	112	1
23	113	1
23	114	0
23	115	1
23	116	0
23	117	1
23	118	1
23	119	0
23	120	0
23	121	1
23	122	0
23	123	1
23	124	0
23	125	1
23	126	1
23	127	1
23	128	0
23	129	1
23	130	0
24	25	0
24	26	0
24	27	0
24	28	1
24	29	1
24	30	1
24	31	0
24	32	1
24	33	0
24	34	1
24	35	1
24	36	1
24	37	1
24	38	1
24	39	1
24	40	0
24	41	0
24	42	1
24	43	1
24	44	1
24	45	1
24	46	1
24	47	0
24	48	0
24	49	1
24	50	0
24	51	1
24	52	0
24	53	1
24	54	0
24	55	0
24	56	0
24	57	1
24	58	0
24	59	1
24	60	1
24	61	0
24	62	0
24	63	0
24	64	0
24	65	0
24	66	0
24	67	1
24	68	0
24	69	0
24	70	0
24	71	1
24	72	0
24	73	1
24	74	0
24	75	0
24	76	0
24	77	0
24	78	1
24	79	0
24	80	1
24	81	1
24	82	0
24	83	1
24	84	1
24	85	0
24	86	1
24	87	0
24	88	0
24	89	0
24	90	1
24	91	0
24	92	0
24	93	0
24	94	1
24	95	0
24	96	0
24	97	0
24	98	1
24	99	0
24	100	0
24	101	1
24	102	0
24	103	0
24	104	1
24	105	1
24	106	0
24	107	1
24	108	0
24	109	1
24	110	1
24	111	1
24	112	0
24	113	0
24	114	1
24	115	0
24	116	0
24	117	0
24	118	1
24	119	0
24	120	1
24	121	0
24	122	1
24	123	0
24	124	0
24	125	0
24	126	1
24	127	1
24	128	0
24	129	0
24	130	1
25	26	1
25	27	0
25	28	1
25	29	1
25	30	1
25	31	1
25	32	1
25	33	1
25	34	0
25	35	0
25	36	1
25	37	1
25	38	1
25	39	0
25	40	1
25	41	0
25	42	0
25	43	1
25	44	0
25	45	1
25	46	0
25	47	0
25	48	0
25	49	1
25	50	1
25	51	1
25	52	0
25	53	1
25	54	0
25	55	1
25	56	1
25	57	1
25	58	0
25	59	1
25	60	0
25	61	1
25	62	1
25	63	1
25	64	0
25	65	1
25	66	1
25	67	1
25	68	0
25	69	1
25	70	0
25	71	0
25	72	1
25	73	0
25	74	0
25	75	1
25	76	0
25	77	1
25	78	1
25	79	0
25	80	0
25	81	1
25	82	0
25	83	1
25	84	1
25	85	1
25	86	1
25	87	1
25	88	0
25	89	1
25	90	1
25	91	1
25	92	1
25	93	1
25	94	0
25	95	0
25	96	1
25	97	1
25	98	1
25	99	1
25	100	0
25	101	0
25	102	1
25	103	1
25	104	1
25	105	0
25	106	0
25	107	0
25	108	1
25	109	0
25	110	0
25	111	1
25	112	1
25	113	0
25	114	1
25	115	0
25	116	0
25	117	0
25	118	0
25	119	1
25	120	1
25	121	0
25	122	0
25	123	0
25	124	0
25	125	0
25	126	0
25	127	0
25	128	0
25	129	1
25	130	1
26	27	1
26	28	0
26	29	0
26	30	0
26	31	0
26	32	0
26	33	0
26	34	0
26	35	0
26	36	0
26	37	0
26	38	1
26	39	0
26	40	0
26	41	0
26	42	0
26	43	1
26	44	0
26	45	1
26	46	1
26	47	1
26	48	1
26	49	0
26	50	1
26	51	0
26	52	0
26	53	0
26	54	1
26	55	1
26	56	0
26	57	0
26	58	0
26	59	0
26	60	1
26	61	1
26	62	0
26	63	0
26	64	0
26	65	0
26	66	0
26	67	0
26	68	1
26	69	0
26	70	0
26	71	1
26	72	0
26	73	1
26	74	0
26	75	0
26	76	1
26	77	0
26	78	0
26	79	1
26	80	1
26	81	0
26	82	0
26	83	0
26	84	0
26	85	1
26	86	0
26	87	1
26	88	0
26	89	0
26	90	1
26	91	1
26	92	1
26	93	0
26	94	1
26	95	1
26	96	0
26	97	0
26	98	1
26	99	1
26	100	0
26	101	0
26	102	0
26	103	0
26	104	1
26	105	0
26	106	0
26	107	1
26	108	0
26	109	0
26	110	0
26	111	1
26	112	1
26	113	0
26	114	0
26	115	0
26	116	1
26	117	1
26	118	1
26	119	1
26	120	1
26	121	0
26	122	1
26	123	1
26	124	1
26	125	0
26	126	0
26	127	1
26	128	1
26	129	1
26	130	1
27	28	0
27	29	1
27	30	0
27	31	1
27	32	0
27	33	1
27	34	0
27	35	1
27	36	1
27	37	0
27	38	1
27	39	0
27	40	0
27	41	1
27	42	0
27	43	1
27	44	0
27	45	0
27	46	0
27	47	0
27	48	0
27	49	0
27	50	1
27	51	1
27	52	1
27	53	0
27	54	1
27	55	1
27	56	1
27	57	0
27	58	1
27	59	1
27	60	1
27	61	0
27	62	0
27	63	1
27	64	0
27	65	1
27	66	1
27	67	0
27	68	0
27	69	0
27	70	0
27	71	0
27	72	1
27	73	0
27	74	1
27	75	0
27	76	1
27	77	1
27	78	1
27	79	1
27	80	1
27	81	0
27	82	0
27	83	1
27	84	0
27	85	1
27	86	1
27	87	1
27	88	1
27	89	1
27	90	1
27	91	1
27	92	1
27	93	0
27	94	0
27	95	1
27	96	0
27	97	0
27	98	0
27	99	0
27	100	0
27	101	0
27	102	0
27	103	0
27	104	0
27	105	0
27	106	1
27	107	0
27	108	0
27	109	0
27	110	1
27	111	1
27	112	1
27	113	1
27	114	1
27	115	1
27	116	1
27	117	0
27	118	0
27	119	1
27	120	0
27	121	1
27	122	1
27	123	0
27	124	1
27	125	1
27	126	1
27	127	0
27	128	0
27	129	0
27	130	0
28	29	0
28	30	1
28	31	0
28	32	0
28	33	0
28	34	0
28	35	1
28	36	1
28	37	1
28	38	1
28	39	0
28	40	1
28	41	1
28	42	1
28	43	1
28	44	1
28	45	1
28	46	0
28	47	1
28	48	0
28	49	0
28	50	1
28	51	0
28	52	0
28	53	1
28	54	1
28	55	0
28	56	0
28	57	0
28	58	0
28	59	0
28	60	0
28	61	0
28	62	1
28	63	0
28	64	0
28	65	0
28	66	1
28	67	0
28	68	1
28	69	1
28	70	0
28	71	0
28	72	1
28	73	0
28	74	0
28	75	0
28	76	1
28	77	1
28	78	1
28	79	1
28	80	1
28	81	0
28	82	0
28	83	1
28	84	1
28	85	0
28	86	0
28	87	1
28	88	0
28	89	1
28	90	0
28	91	0
28	92	0
28	93	0
28	94	0
28	95	1
28	96	1
28	97	1
28	98	1
28	99	1
28	100	0
28	101	1
28	102	0
28	103	1
28	104	1
28	105	0
28	106	0
28	107	0
28	108	0
28	109	1
28	110	1
28	111	1
28	112	0
28	113	1
28	114	0
28	115	0
28	116	1
28	117	1
28	118	0
28	119	0
28	120	0
28	121	1
28	122	1
28	123	1
28	124	0
28	125	0
28	126	0
28	127	1
28	128	0
28	129	1
28	130	0
29	30	1
29	31	1
29	32	0
29	33	1
29	34	1
29	35	1
29	36	0
29	37	0
29	38	1
29	39	1
29	40	1
29	41	0
29	42	1
29	43	0
29	44	0
29	45	1
29	46	0
29	47	1
29	48	0
29	49	0
29	50	1
29	51	0
29	52	1
29	53	0
29	54	0
29	55	1
29	56	0
29	57	1
29	58	0
29	59	0
29	60	0
29	61	1
29	62	1
29	63	1
29	64	0
29	65	1
29	66	1
29	67	1
29	68	0
29	69	0
29	70	1
29	71	0
29	72	0
29	73	0
29	74	1
29	75	1
29	76	0
29	77	0
29	78	0
29	79	0
29	80	0
29	81	0
29	82	1
29	83	0
29	84	1
29	85	1
29	86	1
29	87	0
29	88	1
29	89	0
29	90	0
29	91	1
29	92	0
29	93	0
29	94	1
29	95	0
29	96	1
29	97	1
29	98	0
29	99	0
29	100	0
29	101	1
29	102	0
29	103	0
29	104	0
29	105	0
29	106	0
29	107	1
29	108	0
29	109	0
29	110	1
29	111	1
29	112	0
29	113	0
29	114	1
29	115	1
29	116	0
29	117	0
29	118	0
29	119	0
29	120	1
29	121	0
29	122	1
29	123	0
29	124	1
29	125	0
29	126	1
29	127	1
29	128	0
29	129	0
29	130	0
30	31	1
30	32	0
30	33	1
30	34	1
30	35	1
30	36	1
30	37	0
30	38	0
30	39	1
30	40	0
30	41	1
30	42	1
30	43	1
30	44	1
30	45	1
30	46	0
30	47	0
30	48	0
30	49	1
30	50	0
30	51	0
30	52	1
30	53	1
30	54	1
30	55	0
30	56	1
30	57	1
30	58	1
30	59	0
30	60	1
30	61	0
30	62	1
30	63	0
30	64	0
30	65	1
30	66	0
30	67	0
30	68	0
30	69	0
30	70	1
30	71	1
30	72	1
30	73	1
30	74	0
30	75	0
30	76	1
30	77	1
30	78	0
30	79	1
30	80	0
30	81	1
30	82	1
30	83	1
30	84	1
30	85	1
30	86	0
30	87	0
30	88	0
30	89	0
30	90	0
30	91	1
30	92	1
30	93	1
30	94	0
30	95	1
30	96	0
30	97	1
30	98	0
30	99	0
30	100	0
30	101	0
30	102	1
30	103	0
30	104	1
30	105	1
30	106	1
30	107	1
30	108	1
30	109	0
30	110	0
30	111	0
30	112	1
30	113	0
30	114	0
30	115	1
30	116	1
30	117	1
30	118	0
30	119	1
30	120	0
30	121	1
30	122	1
30	123	1
30	124	1
30	125	1
30	126	0
30	127	1
30	128	1
30	129	0
30	130	1
31	32	0
31	33	0
31	34	1
31	35	1
31	36	1
31	37	0
31	38	0
31	39	0
31	40	1
31	41	0
31	42	0
31	43	1
31	44	0
31	45	0
31	46	1
31	47	1
31	48	0
31	49	0
31	50	0
31	51	1
31	52	0
31	53	1
31	54	0
31	55	0
31	56	1
31	57	1
31	58	1
31	59	0
31	60	1
31	61	1
31	62	1
31	63	0
31	64	0
31	65	1
31	66	0
31	67	1
31	68	0
31	69	1
31	70	1
31	71	1
31	72	0
31	73	0
31	74	0
31	75	0
31	76	0
31	77	1
31	78	0
31	79	0
31	80	1
31	81	0
31	82	0
31	83	0
31	84	1
31	85	0
31	86	1
31	87	1
31	88	0
31	89	1
31	90	0
31	91	1
31	92	1
31	93	0
31	94	0
31	95	1
31	96	0
31	97	0
31	98	1
31	99	0
31	100	1
31	101	1
31	102	0
31	103	1
31	104	1
31	105	1
31	106	0
31	107	1
31	108	1
31	109	1
31	110	1
31	111	1
31	112	0
31	113	0
31	114	1
31	115	1
31	116	1
31	117	1
31	118	0
31	119	0
31	120	0
31	121	0
31	122	1
31	123	0
31	124	1
31	125	1
31	126	0
31	127	0
31	128	0
31	129	0
31	130	1
32	33	0
32	34	1
32	35	0
32	36	1
32	37	1
32	38	0
32	39	1
32	40	0
32	41	1
32	42	1
32	43	1
32	44	1
32	45	0
32	46	1
32	47	1
32	48	0
32	49	0
32	50	0
32	51	1
32	52	1
32	53	0
32	54	0
32	55	0
32	56	1
32	57	1
32	58	1
32	59	0
32	60	0
32	61	0
32	62	1
32	63	0
32	64	1
32	65	1
32	66	0
32	67	0
32	68	0
32	69	1
32	70	1
32	71	1
32	72	0
32	73	0
32	74	1
32	75	0
32	76	1
32	77	1
32	78	1
32	79	1
32	80	1
32	81	0
32	82	1
32	83	0
32	84	0
32	85	1
32	86	0
32	87	1
32	88	1
32	89	0
32	90	0
32	91	1
32	92	1
32	93	0
32	94	1
32	95	1
32	96	0
32	97	1
32	98	0
32	99	0
32	100	1
32	101	0
32	102	0
32	103	0
32	104	1
32	105	1
32	106	0
32	107	1
32	108	0
32	109	0
32	110	1
32	111	1
32	112	0
32	113	0
32	114	0
32	115	1
32	116	0
32	117	1
32	118	1
32	119	1
32	120	0
32	121	1
32	122	1
32	123	1
32	124	0
32	125	1
32	126	0
32	127	1
32	128	0
32	129	0
32	130	1
33	34	0
33	35	0
33	36	1
33	37	0
33	38	0
33	39	1
33	40	1
33	41	1
33	42	1
33	43	1
33	44	1
33	45	0
33	46	1
33	47	1
33	48	1
33	49	0
33	50	1
33	51	0
33	52	1
33	53	1
33	54	1
33	55	1
33	56	0
33	57	1
33	58	1
33	59	1
33	60	0
33	61	1
33	62	0
33	63	0
33	64	1
33	65	1
33	66	0
33	67	0
33	68	0
33	69	0
33	70	1
33	71	0
33	72	0
33	73	0
33	74	1
33	75	1
33	76	0
33	77	1
33	78	0
33	79	0
33	80	1
33	81	0
33	82	0
33	83	1
33	84	1
33	85	1
33	86	0
33	87	0
33	88	1
33	89	0
33	90	1
33	91	0
33	92	1
33	93	0
33	94	1
33	95	1
33	96	0
33	97	1
33	98	1
33	99	0
33	100	0
33	101	0
33	102	1
33	103	1
33	104	0
33	105	0
33	106	0
33	107	1
33	108	1
33	109	0
33	110	1
33	111	0
33	112	1
33	113	1
33	114	1
33	115	0
33	116	1
33	117	1
33	118	0
33	119	1
33	120	1
33	121	0
33	122	0
33	123	0
33	124	0
33	125	1
33	126	0
33	127	0
33	128	0
33	129	1
33	130	1
34	35	1
34	36	0
34	37	1
34	38	1
34	39	1
34	40	0
34	41	0
34	42	0
34	43	0
34	44	0
34	45	1
34	46	1
34	47	0
34	48	0
34	49	1
34	50	0
34	51	0
34	52	0
34	53	1
34	54	1
34	55	0
34	56	1
34	57	1
34	58	1
34	59	0
34	60	0
34	61	1
34	62	1
34	63	0
34	64	1
34	65	0
34	66	0
34	67	0
34	68	0
34	69	0
34	70	1
34	71	1
34	72	0
34	73	0
34	74	0
34	75	1
34	76	0
34	77	1
34	78	0
34	79	0
34	80	0
34	81	0
34	82	1
34	83	0
34	84	0
34	85	0
34	86	1
34	87	0
34	88	0
34	89	0
34	90	0
34	91	1
34	92	0
34	93	0
34	94	1
34	95	1
34	96	1
34	97	0
34	98	1
34	99	0
34	100	0
34	101	0
34	102	1
34	103	0
34	104	1
34	105	1
34	106	0
34	107	0
34	108	0
34	109	0
34	110	1
34	111	0
34	112	0
34	113	1
34	114	1
34	115	0
34	116	0
34	117	1
34	118	0
34	119	1
34	120	1
34	121	0
34	122	1
34	123	0
34	124	1
34	125	1
34	126	0
34	127	1
34	128	1
34	129	1
34	130	0
35	36	0
35	37	0
35	38	1
35	39	1
35	40	1
35	41	1
35	42	1
35	43	1
35	44	1
35	45	1
35	46	0
35	47	0
35	48	0
35	49	1
35	50	0
35	51	0
35	52	0
35	53	1
35	54	0
35	55	0
35	56	0
35	57	1
35	58	1
35	59	1
35	60	0
35	61	0
35	62	0
35	63	0
35	64	1
35	65	1
35	66	0
35	67	1
35	68	0
35	69	1
35	70	0
35	71	1
35	72	0
35	73	1
35	74	0
35	75	1
35	76	1
35	77	0
35	78	1
35	79	0
35	80	0
35	81	0
35	82	0
35	83	1
35	84	1
35	85	0
35	86	0
35	87	1
35	88	0
35	89	1
35	90	0
35	91	1
35	92	1
35	93	0
35	94	0
35	95	0
35	96	0
35	97	1
35	98	1
35	99	1
35	100	1
35	101	1
35	102	1
35	103	0
35	104	0
35	105	1
35	106	1
35	107	1
35	108	1
35	109	0
35	110	1
35	111	1
35	112	0
35	113	0
35	114	1
35	115	0
35	116	0
35	117	1
35	118	0
35	119	1
35	120	1
35	121	0
35	122	1
35	123	0
35	124	1
35	125	0
35	126	0
35	127	0
35	128	0
35	129	1
35	130	0
36	37	1
36	38	1
36	39	0
36	40	0
36	41	1
36	42	1
36	43	1
36	44	1
36	45	1
36	46	0
36	47	1
36	48	0
36	49	1
36	50	1
36	51	0
36	52	0
36	53	1
36	54	0
36	55	0
36	56	1
36	57	0
36	58	0
36	59	1
36	60	1
36	61	0
36	62	0
36	63	0
36	64	1
36	65	0
36	66	0
36	67	0
36	68	0
36	69	1
36	70	0
36	71	0
36	72	0
36	73	1
36	74	0
36	75	1
36	76	1
36	77	0
36	78	0
36	79	0
36	80	0
36	81	1
36	82	0
36	83	1
36	84	1
36	85	1
36	86	0
36	87	1
36	88	1
36	89	1
36	90	1
36	91	0
36	92	1
36	93	1
36	94	1
36	95	0
36	96	0
36	97	1
36	98	0
36	99	0
36	100	0
36	101	1
36	102	0
36	103	0
36	104	1
36	105	1
36	106	0
36	107	0
36	108	1
36	109	1
36	110	1
36	111	0
36	112	1
36	113	1
36	114	0
36	115	0
36	116	1
36	117	0
36	118	0
36	119	0
36	120	1
36	121	1
36	122	1
36	123	0
36	124	1
36	125	0
36	126	1
36	127	1
36	128	0
36	129	1
36	130	0
37	38	0
37	39	0
37	40	0
37	41	1
37	42	1
37	43	1
37	44	0
37	45	1
37	46	0
37	47	1
37	48	0
37	49	1
37	50	1
37	51	1
37	52	1
37	53	0
37	54	1
37	55	0
37	56	1
37	57	1
37	58	0
37	59	1
37	60	0
37	61	0
37	62	1
37	63	0
37	64	0
37	65	1
37	66	0
37	67	0
37	68	1
37	69	0
37	70	0
37	71	0
37	72	0
37	73	0
37	74	1
37	75	0
37	76	1
37	77	1
37	78	1
37	79	0
37	80	0
37	81	0
37	82	0
37	83	1
37	84	1
37	85	0
37	86	1
37	87	1
37	88	0
37	89	1
37	90	0
37	91	0
37	92	1
37	93	1
37	94	0
37	95	1
37	96	1
37	97	0
37	98	1
37	99	1
37	100	0
37	101	0
37	102	1
37	103	1
37	104	0
37	105	1
37	106	0
37	107	1
37	108	0
37	109	1
37	110	0
37	111	1
37	112	0
37	113	0
37	114	0
37	115	1
37	116	0
37	117	1
37	118	0
37	119	0
37	120	1
37	121	0
37	122	1
37	123	0
37	124	1
37	125	0
37	126	0
37	127	0
37	128	1
37	129	0
37	130	1
38	39	1
38	40	1
38	41	0
38	42	0
38	43	0
38	44	1
38	45	0
38	46	1
38	47	0
38	48	0
38	49	1
38	50	1
38	51	1
38	52	1
38	53	1
38	54	1
38	55	0
38	56	0
38	57	0
38	58	1
38	59	1
38	60	0
38	61	0
38	62	0
38	63	1
38	64	0
38	65	1
38	66	1
38	67	0
38	68	0
38	69	1
38	70	1
38	71	0
38	72	1
38	73	0
38	74	0
38	75	0
38	76	1
38	77	1
38	78	1
38	79	1
38	80	0
38	81	0
38	82	0
38	83	1
38	84	1
38	85	0
38	86	1
38	87	0
38	88	1
38	89	0
38	90	0
38	91	1
38	92	1
38	93	1
38	94	1
38	95	0
38	96	1
38	97	1
38	98	0
38	99	0
38	100	1
38	101	0
38	102	0
38	103	1
38	104	0
38	105	1
38	106	0
38	107	1
38	108	1
38	109	1
38	110	1
38	111	0
38	112	1
38	113	0
38	114	1
38	115	0
38	116	1
38	117	0
38	118	1
38	119	0
38	120	0
38	121	1
38	122	0
38	123	1
38	124	0
38	125	1
38	126	1
38	127	1
38	128	0
38	129	1
38	130	1
39	40	1
39	41	0
39	42	0
39	43	1
39	44	1
39	45	0
39	46	1
39	47	1
39	48	0
39	49	0
39	50	1
39	51	1
39	52	1
39	53	1
39	54	0
39	55	0
39	56	0
39	57	1
39	58	0
39	59	0
39	60	0
39	61	0
39	62	1
39	63	0
39	64	1
39	65	0
39	66	0
39	67	1
39	68	1
39	69	1
39	70	0
39	71	0
39	72	1
39	73	0
39	74	1
39	75	0
39	76	1
39	77	0
39	78	0
39	79	0
39	80	1
39	81	0
39	82	1
39	83	0
39	84	1
39	85	1
39	86	0
39	87	1
39	88	0
39	89	0
39	90	0
39	91	1
39	92	0
39	93	1
39	94	0
39	95	0
39	96	1
39	97	0
39	98	1
39	99	1
39	100	0
39	101	1
39	102	0
39	103	1
39	104	1
39	105	0
39	106	1
39	107	0
39	108	1
39	109	1
39	110	1
39	111	0
39	112	1
39	113	0
39	114	1
39	115	1
39	116	0
39	117	1
39	118	1
39	119	0
39	120	0
39	121	0
39	122	0
39	123	0
39	124	0
39	125	0
39	126	1
39	127	1
39	128	0
39	129	0
39	130	1
40	41	1
40	42	1
40	43	0
40	44	1
40	45	0
40	46	1
40	47	0
40	48	0
40	49	0
40	50	1
40	51	0
40	52	0
40	53	1
40	54	0
40	55	1
40	56	0
40	57	0
40	58	0
40	59	1
40	60	1
40	61	1
40	62	1
40	63	0
40	64	1
40	65	0
40	66	0
40	67	0
40	68	0
40	69	0
40	70	1
40	71	0
40	72	1
40	73	0
40	74	0
40	75	1
40	76	0
40	77	0
40	78	0
40	79	1
40	80	0
40	81	0
40	82	0
40	83	1
40	84	1
40	85	0
40	86	0
40	87	1
40	88	1
40	89	0
40	90	1
40	91	1
40	92	0
40	93	1
40	94	1
40	95	0
40	96	1
40	97	1
40	98	1
40	99	1
40	100	0
40	101	1
40	102	1
40	103	1
40	104	0
40	105	0
40	106	1
40	107	1
40	108	0
40	109	1
40	110	0
40	111	0
40	112	1
40	113	0
40	114	1
40	115	1
40	116	1
40	117	1
40	118	0
40	119	0
40	120	1
40	121	0
40	122	1
40	123	1
40	124	1
40	125	0
40	126	0
40	127	0
40	128	0
40	129	1
40	130	1
41	42	0
41	43	1
41	44	1
41	45	1
41	46	1
41	47	1
41	48	0
41	49	1
41	50	1
41	51	1
41	52	0
41	53	1
41	54	0
41	55	1
41	56	1
41	57	1
41	58	1
41	59	0
41	60	0
41	61	0
41	62	1
41	63	0
41	64	1
41	65	0
41	66	0
41	67	1
41	68	1
41	69	0
41	70	0
41	71	1
41	72	0
41	73	0
41	74	0
41	75	1
41	76	1
41	77	1
41	78	1
41	79	1
41	80	0
41	81	0
41	82	1
41	83	0
41	84	1
41	85	0
41	86	1
41	87	1
41	88	1
41	89	0
41	90	1
41	91	1
41	92	0
41	93	1
41	94	0
41	95	0
41	96	1
41	97	0
41	98	0
41	99	0
41	100	0
41	101	1
41	102	0
41	103	1
41	104	0
41	105	0
41	106	1
41	107	0
41	108	1
41	109	1
41	110	0
41	111	1
41	112	1
41	113	0
41	114	1
41	115	1
41	116	0
41	117	0
41	118	1
41	119	1
41	120	0
41	121	1
41	122	1
41	123	1
41	124	0
41	125	1
41	126	1
41	127	1
41	128	0
41	129	1
41	130	0
42	43	1
42	44	1
42	45	0
42	46	0
42	47	1
42	48	0
42	49	0
42	50	1
42	51	0
42	52	1
42	53	1
42	54	0
42	55	0
42	56	0
42	57	0
42	58	1
42	59	0
42	60	1
42	61	0
42	62	0
42	63	1
42	64	0
42	65	1
42	66	0
42	67	0
42	68	1
42	69	1
42	70	1
42	71	0
42	72	0
42	73	0
42	74	0
42	75	0
42	76	0
42	77	1
42	78	1
42	79	1
42	80	1
42	81	0
42	82	0
42	83	1
42	84	0
42	85	0
42	86	1
42	87	1
42	88	0
42	89	0
42	90	1
42	91	0
42	92	0
42	93	0
42	94	1
42	95	1
42	96	1
42	97	0
42	98	1
42	99	1
42	100	0
42	101	0
42	102	1
42	103	1
42	104	0
42	105	0
42	106	1
42	107	0
42	108	1
42	109	0
42	110	1
42	111	1
42	112	0
42	113	1
42	114	0
42	115	1
42	116	0
42	117	0
42	118	1
42	119	0
42	120	1
42	121	1
42	122	0
42	123	1
42	124	0
42	125	1
42	126	0
42	127	1
42	128	1
42	129	0
42	130	0
43	44	0
43	45	0
43	46	1
43	47	0
43	48	1
43	49	1
43	50	1
43	51	0
43	52	0
43	53	1
43	54	1
43	55	0
43	56	1
43	57	1
43	58	1
43	59	1
43	60	0
43	61	1
43	62	0
43	63	0
43	64	1
43	65	1
43	66	0
43	67	1
43	68	0
43	69	0
43	70	1
43	71	1
43	72	1
43	73	1
43	74	0
43	75	0
43	76	1
43	77	1
43	78	1
43	79	1
43	80	0
43	81	1
43	82	0
43	83	1
43	84	0
43	85	1
43	86	0
43	87	1
43	88	0
43	89	0
43	90	1
43	91	0
43	92	1
43	93	0
43	94	1
43	95	1
43	96	1
43	97	0
43	98	0
43	99	0
43	100	0
43	101	1
43	102	1
43	103	1
43	104	1
43	105	1
43	106	1
43	107	1
43	108	0
43	109	1
43	110	0
43	111	1
43	112	0
43	113	0
43	114	0
43	115	1
43	116	0
43	117	0
43	118	0
43	119	0
43	120	1
43	121	1
43	122	1
43	123	0
43	124	1
43	125	0
43	126	0
43	127	1
43	128	1
43	129	0
43	130	1
44	45	1
44	46	0
44	47	0
44	48	1
44	49	1
44	50	0
44	51	0
44	52	0
44	53	0
44	54	0
44	55	1
44	56	1
44	57	1
44	58	0
44	59	0
44	60	0
44	61	1
44	62	1
44	63	1
44	64	0
44	65	1
44	66	0
44	67	1
44	68	1
44	69	1
44	70	0
44	71	0
44	72	1
44	73	0
44	74	0
44	75	1
44	76	1
44	77	1
44	78	0
44	79	1
44	80	1
44	81	0
44	82	0
44	83	1
44	84	0
44	85	1
44	86	1
44	87	1
44	88	0
44	89	0
44	90	0
44	91	1
44	92	0
44	93	0
44	94	1
44	95	0
44	96	0
44	97	0
44	98	0
44	99	0
44	100	1
44	101	1
44	102	1
44	103	0
44	104	1
44	105	1
44	106	1
44	107	1
44	108	0
44	109	1
44	110	1
44	111	0
44	112	1
44	113	1
44	114	0
44	115	1
44	116	1
44	117	1
44	118	1
44	119	0
44	120	1
44	121	1
44	122	1
44	123	0
44	124	0
44	125	1
44	126	0
44	127	0
44	128	0
44	129	1
44	130	1
45	46	0
45	47	0
45	48	1
45	49	0
45	50	0
45	51	0
45	52	0
45	53	0
45	54	0
45	55	1
45	56	1
45	57	1
45	58	1
45	59	0
45	60	0
45	61	0
45	62	1
45	63	0
45	64	0
45	65	0
45	66	1
45	67	0
45	68	0
45	69	1
45	70	1
45	71	1
45	72	1
45	73	1
45	74	1
45	75	1
45	76	1
45	77	0
45	78	1
45	79	1
45	80	1
45	81	1
45	82	1
45	83	0
45	84	0
45	85	1
45	86	1
45	87	0
45	88	0
45	89	1
45	90	1
45	91	1
45	92	1
45	93	1
45	94	1
45	95	1
45	96	0
45	97	0
45	98	1
45	99	0
45	100	1
45	101	0
45	102	0
45	103	1
45	104	1
45	105	0
45	106	0
45	107	1
45	108	0
45	109	0
45	110	1
45	111	0
45	112	1
45	113	0
45	114	1
45	115	0
45	116	1
45	117	0
45	118	0
45	119	0
45	120	1
45	121	0
45	122	0
45	123	0
45	124	1
45	125	0
45	126	0
45	127	1
45	128	1
45	129	1
45	130	1
46	47	0
46	48	0
46	49	1
46	50	0
46	51	1
46	52	1
46	53	0
46	54	0
46	55	0
46	56	0
46	57	1
46	58	0
46	59	1
46	60	0
46	61	1
46	62	1
46	63	1
46	64	1
46	65	0
46	66	0
46	67	1
46	68	1
46	69	0
46	70	1
46	71	1
46	72	1
46	73	0
46	74	0
46	75	1
46	76	1
46	77	1
46	78	1
46	79	0
46	80	1
46	81	1
46	82	1
46	83	0
46	84	0
46	85	0
46	86	0
46	87	1
46	88	0
46	89	1
46	90	0
46	91	0
46	92	0
46	93	1
46	94	0
46	95	0
46	96	0
46	97	1
46	98	1
46	99	1
46	100	1
46	101	1
46	102	0
46	103	0
46	104	1
46	105	0
46	106	1
46	107	0
46	108	1
46	109	1
46	110	0
46	111	1
46	112	0
46	113	0
46	114	1
46	115	1
46	116	1
46	117	0
46	118	1
46	119	1
46	120	0
46	121	0
46	122	1
46	123	0
46	124	0
46	125	1
46	126	0
46	127	1
46	128	0
46	129	0
46	130	0
47	48	0
47	49	1
47	50	0
47	51	1
47	52	1
47	53	1
47	54	0
47	55	0
47	56	0
47	57	0
47	58	1
47	59	1
47	60	1
47	61	0
47	62	1
47	63	1
47	64	0
47	65	1
47	66	0
47	67	1
47	68	1
47	69	0
47	70	1
47	71	0
47	72	0
47	73	0
47	74	0
47	75	0
47	76	1
47	77	0
47	78	0
47	79	1
47	80	0
47	81	0
47	82	1
47	83	0
47	84	1
47	85	1
47	86	1
47	87	1
47	88	0
47	89	1
47	90	1
47	91	1
47	92	1
47	93	1
47	94	0
47	95	1
47	96	1
47	97	1
47	98	0
47	99	0
47	100	0
47	101	0
47	102	0
47	103	0
47	104	1
47	105	1
47	106	1
47	107	1
47	108	0
47	109	0
47	110	1
47	111	0
47	112	0
47	113	1
47	114	1
47	115	0
47	116	1
47	117	1
47	118	0
47	119	1
47	120	1
47	121	0
47	122	1
47	123	1
47	124	0
47	125	1
47	126	0
47	127	0
47	128	0
47	129	1
47	130	0
48	49	0
48	50	1
48	51	1
48	52	1
48	53	0
48	54	1
48	55	0
48	56	0
48	57	0
48	58	1
48	59	1
48	60	0
48	61	1
48	62	1
48	63	0
48	64	1
48	65	0
48	66	0
48	67	1
48	68	1
48	69	0
48	70	0
48	71	1
48	72	0
48	73	1
48	74	1
48	75	0
48	76	1
48	77	0
48	78	0
48	79	1
48	80	0
48	81	0
48	82	1
48	83	0
48	84	1
48	85	0
48	86	1
48	87	0
48	88	0
48	89	0
48	90	0
48	91	1
48	92	1
48	93	1
48	94	1
48	95	0
48	96	0
48	97	1
48	98	1
48	99	0
48	100	1
48	101	1
48	102	1
48	103	0
48	104	0
48	105	0
48	106	1
48	107	1
48	108	1
48	109	0
48	110	1
48	111	0
48	112	1
48	113	1
48	114	0
48	115	0
48	116	0
48	117	1
48	118	1
48	119	1
48	120	0
48	121	0
48	122	1
48	123	1
48	124	0
48	125	0
48	126	0
48	127	0
48	128	1
48	129	1
48	130	0
49	50	0
49	51	0
49	52	1
49	53	1
49	54	0
49	55	0
49	56	0
49	57	0
49	58	1
49	59	1
49	60	0
49	61	0
49	62	0
49	63	1
49	64	0
49	65	0
49	66	1
49	67	0
49	68	0
49	69	0
49	70	1
49	71	0
49	72	1
49	73	0
49	74	1
49	75	0
49	76	0
49	77	1
49	78	1
49	79	0
49	80	1
49	81	0
49	82	0
49	83	0
49	84	0
49	85	1
49	86	1
49	87	1
49	88	1
49	89	0
49	90	1
49	91	0
49	92	1
49	93	0
49	94	1
49	95	0
49	96	0
49	97	1
49	98	0
49	99	1
49	100	0
49	101	0
49	102	0
49	103	1
49	104	0
49	105	1
49	106	0
49	107	0
49	108	1
49	109	1
49	110	1
49	111	1
49	112	0
49	113	0
49	114	0
49	115	0
49	116	0
49	117	1
49	118	1
49	119	1
49	120	0
49	121	0
49	122	0
49	123	0
49	124	1
49	125	1
49	126	1
49	127	1
49	128	0
49	129	0
49	130	1
50	51	1
50	52	1
50	53	0
50	54	0
50	55	0
50	56	1
50	57	0
50	58	0
50	59	1
50	60	0
50	61	1
50	62	0
50	63	0
50	64	0
50	65	1
50	66	0
50	67	0
50	68	1
50	69	1
50	70	1
50	71	1
50	72	0
50	73	0
50	74	1
50	75	0
50	76	0
50	77	1
50	78	0
50	79	1
50	80	1
50	81	0
50	82	0
50	83	0
50	84	0
50	85	0
50	86	0
50	87	1
50	88	1
50	89	1
50	90	0
50	91	1
50	92	0
50	93	0
50	94	1
50	95	1
50	96	1
50	97	1
50	98	1
50	99	0
50	100	0
50	101	1
50	102	1
50	103	1
50	104	0
50	105	0
50	106	1
50	107	0
50	108	1
50	109	1
50	110	1
50	111	1
50	112	0
50	113	1
50	114	0
50	115	0
50	116	1
50	117	1
50	118	1
50	119	0
50	120	1
50	121	0
50	122	0
50	123	0
50	124	0
50	125	1
50	126	1
50	127	1
50	128	0
50	129	0
50	130	1
51	52	1
51	53	0
51	54	1
51	55	1
51	56	0
51	57	1
51	58	1
51	59	1
51	60	0
51	61	0
51	62	1
51	63	0
51	64	0
51	65	0
51	66	0
51	67	0
51	68	1
51	69	1
51	70	1
51	71	1
51	72	0
51	73	0
51	74	1
51	75	1
51	76	0
51	77	0
51	78	0
51	79	1
51	80	1
51	81	0
51	82	0
51	83	0
51	84	0
51	85	1
51	86	0
51	87	0
51	88	1
51	89	1
51	90	0
51	91	1
51	92	1
51	93	0
51	94	1
51	95	1
51	96	1
51	97	0
51	98	0
51	99	0
51	100	1
51	101	1
51	102	0
51	103	0
51	104	0
51	105	1
51	106	0
51	107	1
51	108	0
51	109	1
51	110	1
51	111	0
51	112	0
51	113	1
51	114	0
51	115	1
51	116	0
51	117	0
51	118	0
51	119	0
51	120	0
51	121	1
51	122	1
51	123	0
51	124	0
51	125	1
51	126	0
51	127	1
51	128	1
51	129	1
51	130	1
52	53	0
52	54	1
52	55	1
52	56	1
52	57	0
52	58	1
52	59	1
52	60	0
52	61	1
52	62	1
52	63	1
52	64	1
52	65	0
52	66	1
52	67	0
52	68	0
52	69	1
52	70	0
52	71	1
52	72	1
52	73	1
52	74	0
52	75	1
52	76	0
52	77	0
52	78	0
52	79	0
52	80	0
52	81	0
52	82	0
52	83	0
52	84	1
52	85	1
52	86	0
52	87	0
52	88	0
52	89	1
52	90	1
52	91	0
52	92	0
52	93	0
52	94	1
52	95	0
52	96	1
52	97	0
52	98	0
52	99	0
52	100	1
52	101	1
52	102	0
52	103	0
52	104	0
52	105	1
52	106	0
52	107	1
52	108	1
52	109	1
52	110	0
52	111	0
52	112	1
52	113	0
52	114	0
52	115	0
52	116	1
52	117	1
52	118	0
52	119	1
52	120	1
52	121	0
52	122	1
52	123	1
52	124	0
52	125	1
52	126	0
52	127	1
52	128	0
52	129	0
52	130	1
53	54	0
53	55	0
53	56	0
53	57	1
53	58	1
53	59	0
53	60	0
53	61	1
53	62	0
53	63	0
53	64	0
53	65	1
53	66	0
53	67	0
53	68	1
53	69	1
53	70	0
53	71	1
53	72	1
53	73	1
53	74	1
53	75	1
53	76	1
53	77	0
53	78	1
53	79	1
53	80	1
53	81	0
53	82	0
53	83	1
53	84	1
53	85	1
53	86	0
53	87	0
53	88	0
53	89	0
53	90	1
53	91	0
53	92	0
53	93	1
53	94	1
53	95	0
53	96	1
53	97	1
53	98	0
53	99	1
53	100	0
53	101	0
53	102	1
53	103	0
53	104	1
53	105	0
53	106	0
53	107	0
53	108	1
53	109	0
53	110	1
53	111	0
53	112	0
53	113	1
53	114	1
53	115	1
53	116	0
53	117	0
53	118	0
53	119	0
53	120	0
53	121	0
53	122	0
53	123	0
53	124	1
53	125	0
53	126	1
53	127	1
53	128	0
53	129	0
53	130	0
54	55	1
54	56	1
54	57	1
54	58	0
54	59	0
54	60	1
54	61	0
54	62	0
54	63	1
54	64	0
54	65	1
54	66	1
54	67	0
54	68	1
54	69	1
54	70	1
54	71	0
54	72	1
54	73	1
54	74	1
54	75	1
54	76	1
54	77	0
54	78	1
54	79	1
54	80	1
54	81	0
54	82	0
54	83	0
54	84	1
54	85	1
54	86	0
54	87	1
54	88	1
54	89	0
54	90	0
54	91	0
54	92	0
54	93	0
54	94	0
54	95	0
54	96	1
54	97	1
54	98	1
54	99	0
54	100	0
54	101	1
54	102	0
54	103	0
54	104	1
54	105	1
54	106	0
54	107	0
54	108	0
54	109	0
54	110	0
54	111	1
54	112	0
54	113	1
54	114	0
54	115	0
54	116	1
54	117	0
54	118	0
54	119	0
54	120	1
54	121	1
54	122	0
54	123	0
54	124	1
54	125	0
54	126	1
54	127	1
54	128	1
54	129	0
54	130	1
55	56	0
55	57	0
55	58	0
55	59	0
55	60	0
55	61	0
55	62	1
55	63	0
55	64	0
55	65	0
55	66	0
55	67	1
55	68	0
55	69	1
55	70	0
55	71	1
55	72	0
55	73	0
55	74	0
55	75	0
55	76	0
55	77	1
55	78	1
55	79	0
55	80	0
55	81	1
55	82	0
55	83	0
55	84	0
55	85	0
55	86	0
55	87	1
55	88	0
55	89	1
55	90	1
55	91	1
55	92	0
55	93	1
55	94	0
55	95	1
55	96	0
55	97	1
55	98	0
55	99	0
55	100	1
55	101	1
55	102	1
55	103	1
55	104	1
55	105	1
55	106	0
55	107	0
55	108	1
55	109	0
55	110	0
55	111	0
55	112	0
55	113	0
55	114	0
55	115	0
55	116	1
55	117	0
55	118	1
55	119	0
55	120	1
55	121	1
55	122	1
55	123	0
55	124	1
55	125	0
55	126	0
55	127	0
55	128	0
55	129	0
55	130	0
56	57	1
56	58	1
56	59	0
56	60	0
56	61	0
56	62	1
56	63	0
56	64	0
56	65	1
56	66	0
56	67	0
56	68	0
56	69	0
56	70	0
56	71	0
56	72	0
56	73	1
56	74	1
56	75	1
56	76	1
56	77	0
56	78	0
56	79	0
56	80	1
56	81	1
56	82	1
56	83	0
56	84	0
56	85	1
56	86	0
56	87	1
56	88	0
56	89	1
56	90	0
56	91	1
56	92	0
56	93	0
56	94	1
56	95	1
56	96	1
56	97	1
56	98	1
56	99	0
56	100	0
56	101	0
56	102	0
56	103	0
56	104	1
56	105	1
56	106	1
56	107	1
56	108	0
56	109	1
56	110	1
56	111	1
56	112	1
56	113	1
56	114	1
56	115	1
56	116	1
56	117	1
56	118	1
56	119	0
56	120	0
56	121	0
56	122	1
56	123	1
56	124	0
56	125	1
56	126	1
56	127	1
56	128	1
56	129	1
56	130	1
57	58	1
57	59	1
57	60	0
57	61	0
57	62	0
57	63	1
57	64	1
57	65	1
57	66	0
57	67	1
57	68	1
57	69	1
57	70	1
57	71	0
57	72	0
57	73	1
57	74	0
57	75	1
57	76	1
57	77	0
57	78	1
57	79	1
57	80	0
57	81	0
57	82	0
57	83	0
57	84	1
57	85	0
57	86	0
57	87	1
57	88	1
57	89	0
57	90	1
57	91	1
57	92	1
57	93	1
57	94	1
57	95	0
57	96	1
57	97	0
57	98	1
57	99	0
57	100	0
57	101	0
57	102	0
57	103	1
57	104	1
57	105	0
57	106	1
57	107	1
57	108	0
57	109	0
57	110	0
57	111	0
57	112	0
57	113	1
57	114	1
57	115	0
57	116	0
57	117	0
57	118	0
57	119	0
57	120	1
57	121	0
57	122	1
57	123	1
57	124	0
57	125	0
57	126	1
57	127	0
57	128	0
57	129	0
57	130	0
58	59	1
58	60	0
58	61	0
58	62	1
58	63	1
58	64	1
58	65	1
58	66	1
58	67	1
58	68	0
58	69	0
58	70	1
58	71	0
58	72	0
58	73	0
58	74	1
58	75	0
58	76	1
58	77	0
58	78	1
58	79	1
58	80	0
58	81	1
58	82	0
58	83	0
58	84	0
58	85	0
58	86	1
58	87	0
58	88	0
58	89	1
58	90	1
58	91	1
58	92	1
58	93	1
58	94	0
58	95	0
58	96	0
58	97	0
58	98	1
58	99	1
58	100	0
58	101	1
58	102	0
58	103	1
58	104	0
58	105	0
58	106	0
58	107	0
58	108	1
58	109	0
58	110	0
58	111	0
58	112	0
58	113	0
58	114	0
58	115	1
58	116	0
58	117	0
58	118	1
58	119	0
58	120	0
58	121	0
58	122	1
58	123	0
58	124	0
58	125	0
58	126	0
58	127	0
58	128	0
58	129	0
58	130	0
59	60	0
59	61	1
59	62	1
59	63	0
59	64	1
59	65	0
59	66	0
59	67	1
59	68	1
59	69	1
59	70	0
59	71	1
59	72	1
59	73	1
59	74	1
59	75	1
59	76	1
59	77	1
59	78	1
59	79	0
59	80	0
59	81	0
59	82	1
59	83	1
59	84	0
59	85	0
59	86	0
59	87	1
59	88	0
59	89	1
59	90	1
59	91	0
59	92	0
59	93	0
59	94	0
59	95	1
59	96	1
59	97	0
59	98	0
59	99	1
59	100	1
59	101	1
59	102	0
59	103	0
59	104	0
59	105	1
59	106	1
59	107	1
59	108	1
59	109	1
59	110	0
59	111	1
59	112	1
59	113	1
59	114	0
59	115	0
59	116	1
59	117	1
59	118	0
59	119	1
59	120	0
59	121	1
59	122	1
59	123	1
59	124	1
59	125	0
59	126	0
59	127	0
59	128	1
59	129	0
59	130	1
60	61	1
60	62	0
60	63	1
60	64	0
60	65	0
60	66	1
60	67	1
60	68	0
60	69	1
60	70	1
60	71	0
60	72	0
60	73	1
60	74	1
60	75	1
60	76	0
60	77	0
60	78	1
60	79	1
60	80	0
60	81	1
60	82	1
60	83	0
60	84	0
60	85	0
60	86	1
60	87	1
60	88	1
60	89	1
60	90	1
60	91	1
60	92	0
60	93	0
60	94	1
60	95	0
60	96	0
60	97	1
60	98	0
60	99	1
60	100	0
60	101	0
60	102	1
60	103	0
60	104	0
60	105	1
60	106	1
60	107	0
60	108	1
60	109	1
60	110	0
60	111	1
60	112	0
60	113	0
60	114	1
60	115	1
60	116	0
60	117	1
60	118	0
60	119	0
60	120	0
60	121	0
60	122	0
60	123	0
60	124	1
60	125	1
60	126	0
60	127	1
60	128	0
60	129	1
60	130	1
61	62	1
61	63	1
61	64	1
61	65	1
61	66	0
61	67	0
61	68	0
61	69	0
61	70	0
61	71	0
61	72	1
61	73	1
61	74	1
61	75	1
61	76	1
61	77	1
61	78	0
61	79	0
61	80	1
61	81	0
61	82	0
61	83	0
61	84	0
61	85	0
61	86	1
61	87	1
61	88	0
61	89	1
61	90	1
61	91	1
61	92	0
61	93	0
61	94	0
61	95	0
61	96	0
61	97	0
61	98	1
61	99	1
61	100	0
61	101	0
61	102	0
61	103	1
61	104	1
61	105	1
61	106	1
61	107	1
61	108	0
61	109	1
61	110	1
61	111	0
61	112	0
61	113	0
61	114	0
61	115	1
61	116	0
61	117	1
61	118	1
61	119	1
61	120	1
61	121	1
61	122	1
61	123	0
61	124	1
61	125	1
61	126	0
61	127	1
61	128	1
61	129	0
61	130	0
62	63	0
62	64	0
62	65	1
62	66	1
62	67	1
62	68	1
62	69	0
62	70	1
62	71	0
62	72	0
62	73	1
62	74	1
62	75	0
62	76	0
62	77	1
62	78	0
62	79	0
62	80	1
62	81	1
62	82	1
62	83	0
62	84	1
62	85	0
62	86	1
62	87	1
62	88	1
62	89	0
62	90	0
62	91	1
62	92	0
62	93	0
62	94	1
62	95	1
62	96	1
62	97	0
62	98	1
62	99	1
62	100	0
62	101	1
62	102	0
62	103	0
62	104	0
62	105	1
62	106	0
62	107	1
62	108	0
62	109	1
62	110	0
62	111	0
62	112	1
62	113	1
62	114	1
62	115	0
62	116	0
62	117	1
62	118	0
62	119	0
62	120	0
62	121	0
62	122	0
62	123	0
62	124	0
62	125	0
62	126	0
62	127	1
62	128	1
62	129	0
62	130	0
63	64	1
63	65	1
63	66	0
63	67	1
63	68	1
63	69	0
63	70	0
63	71	1
63	72	1
63	73	1
63	74	1
63	75	1
63	76	0
63	77	1
63	78	1
63	79	0
63	80	0
63	81	0
63	82	0
63	83	0
63	84	0
63	85	0
63	86	0
63	87	1
63	88	0
63	89	1
63	90	0
63	91	1
63	92	0
63	93	0
63	94	1
63	95	0
63	96	1
63	97	1
63	98	0
63	99	1
63	100	1
63	101	1
63	102	1
63	103	1
63	104	0
63	105	1
63	106	0
63	107	1
63	108	1
63	109	1
63	110	1
63	111	0
63	112	0
63	113	0
63	114	1
63	115	0
63	116	1
63	117	1
63	118	1
63	119	0
63	120	1
63	121	0
63	122	1
63	123	1
63	124	0
63	125	1
63	126	1
63	127	0
63	128	1
63	129	0
63	130	0
64	65	1
64	66	0
64	67	0
64	68	0
64	69	1
64	70	1
64	71	0
64	72	0
64	73	0
64	74	1
64	75	0
64	76	0
64	77	0
64	78	1
64	79	0
64	80	1
64	81	1
64	82	0
64	83	0
64	84	1
64	85	0
64	86	1
64	87	0
64	88	0
64	89	0
64	90	0
64	91	0
64	92	0
64	93	0
64	94	1
64	95	1
64	96	0
64	97	1
64	98	0
64	99	0
64	100	1
64	101	1
64	102	1
64	103	0
64	104	1
64	105	0
64	106	1
64	107	0
64	108	0
64	109	1
64	110	0
64	111	1
64	112	1
64	113	1
64	114	0
64	115	0
64	116	1
64	117	0
64	118	0
64	119	1
64	120	0
64	121	0
64	122	0
64	123	0
64	124	0
64	125	0
64	126	1
64	127	1
64	128	1
64	129	1
64	130	0
65	66	0
65	67	1
65	68	0
65	69	1
65	70	1
65	71	0
65	72	1
65	73	1
65	74	0
65	75	1
65	76	0
65	77	0
65	78	0
65	79	1
65	80	1
65	81	0
65	82	0
65	83	1
65	84	1
65	85	0
65	86	1
65	87	1
65	88	1
65	89	0
65	90	0
65	91	0
65	92	0
65	93	1
65	94	1
65	95	0
65	96	0
65	97	1
65	98	0
65	99	1
65	100	1
65	101	1
65	102	1
65	103	1
65	104	0
65	105	0
65	106	1
65	107	0
65	108	1
65	109	0
65	110	0
65	111	0
65	112	1
65	113	1
65	114	0
65	115	0
65	116	1
65	117	0
65	118	0
65	119	0
65	120	1
65	121	0
65	122	0
65	123	0
65	124	0
65	125	0
65	126	1
65	127	0
65	128	1
65	129	0
65	130	1
66	67	1
66	68	0
66	69	1
66	70	0
66	71	0
66	72	0
66	73	1
66	74	0
66	75	0
66	76	1
66	77	1
66	78	0
66	79	0
66	80	1
66	81	1
66	82	0
66	83	0
66	84	0
66	85	0
66	86	0
66	87	0
66	88	0
66	89	1
66	90	1
66	91	0
66	92	0
66	93	1
66	94	1
66	95	0
66	96	0
66	97	1
66	98	0
66	99	0
66	100	0
66	101	1
66	102	0
66	103	1
66	104	0
66	105	0
66	106	0
66	107	0
66	108	0
66	109	1
66	110	0
66	111	1
66	112	1
66	113	0
66	114	0
66	115	1
66	116	0
66	117	0
66	118	0
66	119	1
66	120	0
66	121	1
66	122	0
66	123	0
66	124	0
66	125	0
66	126	1
66	127	0
66	128	1
66	129	1
66	130	1
67	68	0
67	69	0
67	70	1
67	71	0
67	72	0
67	73	1
67	74	1
67	75	1
67	76	0
67	77	0
67	78	1
67	79	0
67	80	1
67	81	0
67	82	1
67	83	0
67	84	1
67	85	0
67	86	0
67	87	0
67	88	0
67	89	0
67	90	1
67	91	0
67	92	0
67	93	0
67	94	0
67	95	1
67	96	1
67	97	1
67	98	0
67	99	0
67	100	1
67	101	1
67	102	0
67	103	0
67	104	1
67	105	0
67	106	0
67	107	1
67	108	0
67	109	0
67	110	0
67	111	1
67	112	0
67	113	0
67	114	1
67	115	1
67	116	1
67	117	1
67	118	1
67	119	1
67	120	0
67	121	0
67	122	0
67	123	0
67	124	1
67	125	0
67	126	1
67	127	0
67	128	0
67	129	1
67	130	0
68	69	1
68	70	1
68	71	1
68	72	1
68	73	0
68	74	1
68	75	0
68	76	0
68	77	0
68	78	0
68	79	1
68	80	1
68	81	1
68	82	1
68	83	1
68	84	1
68	85	0
68	86	1
68	87	1
68	88	0
68	89	0
68	90	1
68	91	1
68	92	0
68	93	0
68	94	1
68	95	1
68	96	0
68	97	0
68	98	0
68	99	0
68	100	1
68	101	0
68	102	0
68	103	0
68	104	0
68	105	1
68	106	0
68	107	1
68	108	1
68	109	0
68	110	0
68	111	1
68	112	0
68	113	1
68	114	0
68	115	1
68	116	1
68	117	1
68	118	0
68	119	1
68	120	1
68	121	1
68	122	1
68	123	1
68	124	1
68	125	1
68	126	0
68	127	1
68	128	0
68	129	0
68	130	0
69	70	1
69	71	0
69	72	0
69	73	0
69	74	1
69	75	0
69	76	1
69	77	0
69	78	1
69	79	0
69	80	1
69	81	1
69	82	0
69	83	1
69	84	1
69	85	0
69	86	1
69	87	0
69	88	1
69	89	0
69	90	0
69	91	1
69	92	0
69	93	1
69	94	1
69	95	0
69	96	1
69	97	0
69	98	0
69	99	1
69	100	0
69	101	0
69	102	0
69	103	0
69	104	0
69	105	1
69	106	0
69	107	1
69	108	0
69	109	1
69	110	1
69	111	1
69	112	0
69	113	1
69	114	1
69	115	1
69	116	0
69	117	1
69	118	1
69	119	0
69	120	1
69	121	0
69	122	0
69	123	0
69	124	0
69	125	0
69	126	1
69	127	1
69	128	0
69	129	0
69	130	1
70	71	0
70	72	0
70	73	0
70	74	0
70	75	1
70	76	0
70	77	0
70	78	0
70	79	0
70	80	0
70	81	0
70	82	1
70	83	1
70	84	1
70	85	0
70	86	0
70	87	0
70	88	1
70	89	1
70	90	0
70	91	1
70	92	1
70	93	0
70	94	0
70	95	0
70	96	0
70	97	1
70	98	1
70	99	1
70	100	0
70	101	0
70	102	1
70	103	1
70	104	0
70	105	1
70	106	0
70	107	1
70	108	1
70	109	0
70	110	0
70	111	0
70	112	0
70	113	1
70	114	1
70	115	1
70	116	1
70	117	1
70	118	1
70	119	1
70	120	1
70	121	0
70	122	0
70	123	1
70	124	0
70	125	1
70	126	0
70	127	0
70	128	0
70	129	1
70	130	1
71	72	0
71	73	0
71	74	0
71	75	1
71	76	0
71	77	0
71	78	1
71	79	1
71	80	0
71	81	1
71	82	1
71	83	1
71	84	1
71	85	0
71	86	0
71	87	1
71	88	0
71	89	1
71	90	1
71	91	1
71	92	0
71	93	0
71	94	1
71	95	1
71	96	1
71	97	1
71	98	0
71	99	1
71	100	1
71	101	0
71	102	1
71	103	0
71	104	1
71	105	0
71	106	0
71	107	1
71	108	0
71	109	1
71	110	1
71	111	0
71	112	1
71	113	1
71	114	0
71	115	0
71	116	0
71	117	0
71	118	0
71	119	0
71	120	0
71	121	0
71	122	0
71	123	0
71	124	0
71	125	1
71	126	0
71	127	0
71	128	1
71	129	0
71	130	0
72	73	1
72	74	0
72	75	1
72	76	1
72	77	0
72	78	0
72	79	0
72	80	0
72	81	0
72	82	1
72	83	0
72	84	1
72	85	1
72	86	0
72	87	0
72	88	0
72	89	1
72	90	0
72	91	0
72	92	1
72	93	0
72	94	0
72	95	1
72	96	1
72	97	0
72	98	1
72	99	1
72	100	0
72	101	1
72	102	1
72	103	1
72	104	0
72	105	1
72	106	1
72	107	0
72	108	1
72	109	1
72	110	1
72	111	1
72	112	0
72	113	1
72	114	0
72	115	1
72	116	0
72	117	1
72	118	1
72	119	1
72	120	1
72	121	1
72	122	0
72	123	1
72	124	0
72	125	1
72	126	0
72	127	0
72	128	0
72	129	1
72	130	0
73	74	0
73	75	1
73	76	0
73	77	1
73	78	1
73	79	1
73	80	1
73	81	1
73	82	1
73	83	0
73	84	0
73	85	0
73	86	0
73	87	0
73	88	1
73	89	1
73	90	0
73	91	0
73	92	1
73	93	0
73	94	1
73	95	1
73	96	1
73	97	0
73	98	0
73	99	1
73	100	0
73	101	1
73	102	1
73	103	1
73	104	0
73	105	0
73	106	0
73	107	1
73	108	1
73	109	0
73	110	0
73	111	1
73	112	1
73	113	1
73	114	1
73	115	1
73	116	0
73	117	0
73	118	1
73	119	0
73	120	1
73	121	0
73	122	1
73	123	1
73	124	0
73	125	0
73	126	0
73	127	0
73	128	0
73	129	1
73	130	1
74	75	1
74	76	1
74	77	1
74	78	0
74	79	0
74	80	0
74	81	1
74	82	1
74	83	1
74	84	1
74	85	1
74	86	1
74	87	0
74	88	0
74	89	0
74	90	0
74	91	0
74	92	1
74	93	1
74	94	1
74	95	0
74	96	0
74	97	1
74	98	1
74	99	1
74	100	0
74	101	0
74	102	0
74	103	0
74	104	1
74	105	0
74	106	0
74	107	0
74	108	1
74	109	1
74	110	0
74	111	0
74	112	0
74	113	1
74	114	1
74	115	0
74	116	0
74	117	0
74	118	1
74	119	1
74	120	1
74	121	0
74	122	0
74	123	0
74	124	1
74	125	1
74	126	0
74	127	0
74	128	1
74	129	0
74	130	1
75	76	0
75	77	0
75	78	1
75	79	0
75	80	1
75	81	1
75	82	0
75	83	0
75	84	1
75	85	0
75	86	0
75	87	0
75	88	0
75	89	0
75	90	0
75	91	0
75	92	1
75	93	0
75	94	0
75	95	1
75	96	1
75	97	1
75	98	0
75	99	1
75	100	0
75	101	0
75	102	0
75	103	1
75	104	0
75	105	1
75	106	0
75	107	0
75	108	0
75	109	1
75	110	1
75	111	1
75	112	0
75	113	1
75	114	1
75	115	0
75	116	1
75	117	0
75	118	0
75	119	0
75	120	1
75	121	1
75	122	0
75	123	0
75	124	1
75	125	1
75	126	0
75	127	1
75	128	1
75	129	1
75	130	1
76	77	1
76	78	0
76	79	1
76	80	0
76	81	1
76	82	0
76	83	1
76	84	1
76	85	1
76	86	1
76	87	1
76	88	1
76	89	1
76	90	1
76	91	0
76	92	0
76	93	1
76	94	1
76	95	1
76	96	1
76	97	1
76	98	0
76	99	0
76	100	1
76	101	1
76	102	0
76	103	0
76	104	1
76	105	1
76	106	0
76	107	1
76	108	0
76	109	0
76	110	1
76	111	1
76	112	0
76	113	0
76	114	0
76	115	0
76	116	1
76	117	0
76	118	1
76	119	1
76	120	1
76	121	0
76	122	0
76	123	1
76	124	1
76	125	1
76	126	0
76	127	1
76	128	1
76	129	1
76	130	0
77	78	1
77	79	1
77	80	0
77	81	0
77	82	1
77	83	0
77	84	1
77	85	1
77	86	1
77	87	0
77	88	1
77	89	1
77	90	0
77	91	1
77	92	0
77	93	1
77	94	0
77	95	1
77	96	1
77	97	1
77	98	1
77	99	1
77	100	0
77	101	0
77	102	1
77	103	0
77	104	1
77	105	1
77	106	0
77	107	0
77	108	1
77	109	1
77	110	0
77	111	0
77	112	0
77	113	1
77	114	1
77	115	0
77	116	0
77	117	1
77	118	0
77	119	0
77	120	0
77	121	0
77	122	0
77	123	1
77	124	0
77	125	1
77	126	1
77	127	0
77	128	0
77	129	1
77	130	0
78	79	0
78	80	0
78	81	0
78	82	0
78	83	0
78	84	1
78	85	1
78	86	0
78	87	1
78	88	1
78	89	0
78	90	1
78	91	1
78	92	0
78	93	1
78	94	0
78	95	0
78	96	0
78	97	0
78	98	1
78	99	0
78	100	1
78	101	0
78	102	1
78	103	1
78	104	0
78	105	0
78	106	0
78	107	0
78	108	0
78	109	1
78	110	0
78	111	0
78	112	0
78	113	1
78	114	0
78	115	1
78	116	1
78	117	0
78	118	1
78	119	1
78	120	1
78	121	1
78	122	1
78	123	0
78	124	0
78	125	1
78	126	0
78	127	1
78	128	0
78	129	1
78	130	1
79	80	1
79	81	0
79	82	1
79	83	0
79	84	1
79	85	0
79	86	0
79	87	1
79	88	1
79	89	1
79	90	0
79	91	1
79	92	1
79	93	0
79	94	1
79	95	1
79	96	1
79	97	1
79	98	0
79	99	0
79	100	1
79	101	0
79	102	0
79	103	1
79	104	1
79	105	1
79	106	1
79	107	1
79	108	0
79	109	1
79	110	0
79	111	1
79	112	0
79	113	1
79	114	0
79	115	0
79	116	1
79	117	1
79	118	0
79	119	0
79	120	0
79	121	0
79	122	1
79	123	1
79	124	1
79	125	1
79	126	1
79	127	0
79	128	0
79	129	0
79	130	0
80	81	0
80	82	0
80	83	1
80	84	0
80	85	0
80	86	0
80	87	0
80	88	0
80	89	1
80	90	0
80	91	1
80	92	1
80	93	0
80	94	0
80	95	1
80	96	0
80	97	1
80	98	0
80	99	1
80	100	1
80	101	0
80	102	0
80	103	1
80	104	0
80	105	1
80	106	1
80	107	1
80	108	1
80	109	0
80	110	0
80	111	0
80	112	1
80	113	1
80	114	0
80	115	0
80	116	0
80	117	0
80	118	1
80	119	1
80	120	0
80	121	0
80	122	0
80	123	1
80	124	0
80	125	0
80	126	0
80	127	1
80	128	1
80	129	1
80	130	0
81	82	1
81	83	0
81	84	1
81	85	0
81	86	1
81	87	1
81	88	0
81	89	1
81	90	1
81	91	1
81	92	1
81	93	1
81	94	1
81	95	1
81	96	1
81	97	0
81	98	1
81	99	0
81	100	1
81	101	1
81	102	1
81	103	1
81	104	0
81	105	1
81	106	0
81	107	1
81	108	1
81	109	1
81	110	0
81	111	1
81	112	0
81	113	0
81	114	1
81	115	1
81	116	1
81	117	0
81	118	0
81	119	1
81	120	1
81	121	1
81	122	0
81	123	0
81	124	0
81	125	0
81	126	0
81	127	1
81	128	1
81	129	1
81	130	0
82	83	0
82	84	1
82	85	1
82	86	0
82	87	0
82	88	0
82	89	1
82	90	0
82	91	0
82	92	1
82	93	1
82	94	1
82	95	0
82	96	1
82	97	0
82	98	1
82	99	0
82	100	0
82	101	1
82	102	0
82	103	0
82	104	1
82	105	1
82	106	1
82	107	0
82	108	1
82	109	1
82	110	1
82	111	1
82	112	0
82	113	1
82	114	0
82	115	0
82	116	0
82	117	1
82	118	0
82	119	0
82	120	1
82	121	1
82	122	1
82	123	1
82	124	1
82	125	1
82	126	1
82	127	1
82	128	1
82	129	1
82	130	1
83	84	1
83	85	1
83	86	0
83	87	0
83	88	1
83	89	0
83	90	0
83	91	0
83	92	1
83	93	1
83	94	1
83	95	0
83	96	0
83	97	0
83	98	0
83	99	1
83	100	1
83	101	1
83	102	1
83	103	1
83	104	0
83	105	0
83	106	0
83	107	0
83	108	0
83	109	1
83	110	1
83	111	1
83	112	0
83	113	0
83	114	0
83	115	0
83	116	0
83	117	0
83	118	0
83	119	1
83	120	1
83	121	1
83	122	0
83	123	0
83	124	1
83	125	1
83	126	0
83	127	0
83	128	1
83	129	1
83	130	1
84	85	0
84	86	0
84	87	1
84	88	1
84	89	0
84	90	1
84	91	0
84	92	1
84	93	1
84	94	0
84	95	0
84	96	0
84	97	0
84	98	0
84	99	1
84	100	0
84	101	0
84	102	0
84	103	1
84	104	0
84	105	1
84	106	1
84	107	1
84	108	1
84	109	0
84	110	1
84	111	0
84	112	0
84	113	1
84	114	1
84	115	0
84	116	1
84	117	0
84	118	0
84	119	1
84	120	1
84	121	0
84	122	0
84	123	1
84	124	1
84	125	0
84	126	1
84	127	0
84	128	1
84	129	1
84	130	1
85	86	0
85	87	0
85	88	1
85	89	1
85	90	0
85	91	1
85	92	0
85	93	0
85	94	0
85	95	0
85	96	1
85	97	0
85	98	1
85	99	1
85	100	1
85	101	1
85	102	0
85	103	0
85	104	1
85	105	1
85	106	1
85	107	1
85	108	1
85	109	1
85	110	1
85	111	1
85	112	1
85	113	0
85	114	1
85	115	1
85	116	1
85	117	1
85	118	1
85	119	1
85	120	0
85	121	1
85	122	1
85	123	1
85	124	1
85	125	0
85	126	0
85	127	0
85	128	1
85	129	0
85	130	0
86	87	0
86	88	1
86	89	0
86	90	0
86	91	1
86	92	0
86	93	1
86	94	0
86	95	0
86	96	1
86	97	0
86	98	1
86	99	0
86	100	1
86	101	1
86	102	0
86	103	1
86	104	1
86	105	0
86	106	1
86	107	0
86	108	0
86	109	0
86	110	1
86	111	0
86	112	0
86	113	1
86	114	1
86	115	0
86	116	0
86	117	0
86	118	0
86	119	1
86	120	1
86	121	1
86	122	1
86	123	1
86	124	0
86	125	0
86	126	0
86	127	1
86	128	0
86	129	0
86	130	0
87	88	1
87	89	1
87	90	1
87	91	0
87	92	1
87	93	0
87	94	1
87	95	0
87	96	1
87	97	0
87	98	1
87	99	1
87	100	0
87	101	1
87	102	1
87	103	1
87	104	0
87	105	1
87	106	0
87	107	0
87	108	1
87	109	1
87	110	0
87	111	1
87	112	0
87	113	1
87	114	0
87	115	1
87	116	1
87	117	0
87	118	0
87	119	1
87	120	1
87	121	1
87	122	0
87	123	0
87	124	1
87	125	0
87	126	1
87	127	1
87	128	1
87	129	1
87	130	1
88	89	0
88	90	0
88	91	0
88	92	1
88	93	1
88	94	0
88	95	1
88	96	1
88	97	0
88	98	1
88	99	0
88	100	0
88	101	1
88	102	1
88	103	0
88	104	0
88	105	0
88	106	0
88	107	0
88	108	0
88	109	0
88	110	1
88	111	1
88	112	1
88	113	0
88	114	1
88	115	0
88	116	1
88	117	1
88	118	1
88	119	0
88	120	0
88	121	0
88	122	1
88	123	0
88	124	1
88	125	0
88	126	0
88	127	0
88	128	0
88	129	0
88	130	0
89	90	0
89	91	1
89	92	1
89	93	0
89	94	1
89	95	0
89	96	0
89	97	0
89	98	1
89	99	1
89	100	1
89	101	1
89	102	1
89	103	0
89	104	1
89	105	1
89	106	0
89	107	0
89	108	0
89	109	1
89	110	0
89	111	1
89	112	0
89	113	0
89	114	1
89	115	0
89	116	1
89	117	0
89	118	1
89	119	0
89	120	1
89	121	1
89	122	1
89	123	0
89	124	1
89	125	0
89	126	0
89	127	1
89	128	1
89	129	1
89	130	1
90	91	1
90	92	1
90	93	1
90	94	1
90	95	1
90	96	0
90	97	0
90	98	1
90	99	0
90	100	0
90	101	0
90	102	0
90	103	1
90	104	1
90	105	1
90	106	0
90	107	0
90	108	1
90	109	0
90	110	1
90	111	0
90	112	1
90	113	1
90	114	1
90	115	0
90	116	0
90	117	1
90	118	0
90	119	1
90	120	1
90	121	0
90	122	0
90	123	1
90	124	1
90	125	0
90	126	1
90	127	1
90	128	0
90	129	1
90	130	0
91	92	1
91	93	0
91	94	1
91	95	0
91	96	0
91	97	0
91	98	0
91	99	0
91	100	1
91	101	0
91	102	0
91	103	0
91	104	0
91	105	1
91	106	1
91	107	0
91	108	1
91	109	0
91	110	1
91	111	1
91	112	0
91	113	1
91	114	0
91	115	0
91	116	0
91	117	0
91	118	1
91	119	0
91	120	0
91	121	1
91	122	0
91	123	0
91	124	1
91	125	0
91	126	1
91	127	1
91	128	0
91	129	0
91	130	0
92	93	0
92	94	1
92	95	1
92	96	0
92	97	1
92	98	0
92	99	0
92	100	1
92	101	0
92	102	1
92	103	0
92	104	0
92	105	0
92	106	0
92	107	1
92	108	0
92	109	0
92	110	0
92	111	0
92	112	1
92	113	0
92	114	1
92	115	1
92	116	0
92	117	0
92	118	0
92	119	0
92	120	1
92	121	1
92	122	0
92	123	0
92	124	0
92	125	1
92	126	1
92	127	0
92	128	1
92	129	0
92	130	1
93	94	0
93	95	0
93	96	1
93	97	1
93	98	1
93	99	0
93	100	0
93	101	1
93	102	0
93	103	1
93	104	0
93	105	1
93	106	1
93	107	0
93	108	1
93	109	1
93	110	1
93	111	1
93	112	1
93	113	1
93	114	0
93	115	0
93	116	0
93	117	1
93	118	1
93	119	0
93	120	1
93	121	0
93	122	0
93	123	0
93	124	0
93	125	0
93	126	0
93	127	1
93	128	0
93	129	0
93	130	1
94	95	1
94	96	1
94	97	0
94	98	1
94	99	1
94	100	0
94	101	1
94	102	0
94	103	1
94	104	0
94	105	0
94	106	1
94	107	0
94	108	0
94	109	1
94	110	0
94	111	0
94	112	0
94	113	0
94	114	0
94	115	1
94	116	0
94	117	1
94	118	1
94	119	0
94	120	1
94	121	0
94	122	0
94	123	0
94	124	0
94	125	1
94	126	0
94	127	1
94	128	0
94	129	0
94	130	1
95	96	0
95	97	1
95	98	1
95	99	1
95	100	0
95	101	1
95	102	0
95	103	0
95	104	0
95	105	0
95	106	1
95	107	0
95	108	0
95	109	1
95	110	1
95	111	1
95	112	1
95	113	1
95	114	1
95	115	0
95	116	1
95	117	1
95	118	1
95	119	1
95	120	0
95	121	1
95	122	1
95	123	1
95	124	1
95	125	1
95	126	1
95	127	0
95	128	0
95	129	0
95	130	0
96	97	0
96	98	0
96	99	0
96	100	1
96	101	0
96	102	0
96	103	1
96	104	1
96	105	0
96	106	1
96	107	0
96	108	0
96	109	1
96	110	0
96	111	1
96	112	1
96	113	1
96	114	1
96	115	0
96	116	0
96	117	1
96	118	0
96	119	1
96	120	1
96	121	0
96	122	1
96	123	1
96	124	0
96	125	1
96	126	0
96	127	1
96	128	0
96	129	1
96	130	0
97	98	1
97	99	0
97	100	0
97	101	0
97	102	0
97	103	1
97	104	1
97	105	1
97	106	0
97	107	1
97	108	1
97	109	1
97	110	1
97	111	1
97	112	0
97	113	1
97	114	1
97	115	0
97	116	1
97	117	0
97	118	0
97	119	1
97	120	1
97	121	1
97	122	0
97	123	0
97	124	0
97	125	0
97	126	1
97	127	1
97	128	0
97	129	1
97	130	0
98	99	1
98	100	1
98	101	1
98	102	1
98	103	1
98	104	1
98	105	1
98	106	1
98	107	0
98	108	0
98	109	1
98	110	0
98	111	0
98	112	0
98	113	1
98	114	0
98	115	0
98	116	1
98	117	1
98	118	1
98	119	0
98	120	1
98	121	0
98	122	0
98	123	0
98	124	0
98	125	0
98	126	0
98	127	1
98	128	0
98	129	1
98	130	0
99	100	1
99	101	0
99	102	0
99	103	0
99	104	1
99	105	1
99	106	1
99	107	1
99	108	0
99	109	1
99	110	0
99	111	1
99	112	0
99	113	1
99	114	1
99	115	1
99	116	1
99	117	1
99	118	0
99	119	0
99	120	0
99	121	0
99	122	0
99	123	1
99	124	0
99	125	0
99	126	0
99	127	0
99	128	0
99	129	1
99	130	0
100	101	0
100	102	1
100	103	1
100	104	0
100	105	1
100	106	0
100	107	1
100	108	1
100	109	1
100	110	1
100	111	1
100	112	1
100	113	0
100	114	0
100	115	1
100	116	1
100	117	0
100	118	1
100	119	1
100	120	1
100	121	0
100	122	0
100	123	1
100	124	1
100	125	0
100	126	1
100	127	0
100	128	1
100	129	0
100	130	0
101	102	1
101	103	0
101	104	0
101	105	1
101	106	1
101	107	0
101	108	1
101	109	0
101	110	1
101	111	0
101	112	1
101	113	1
101	114	0
101	115	1
101	116	1
101	117	0
101	118	0
101	119	1
101	120	0
101	121	0
101	122	1
101	123	1
101	124	1
101	125	1
101	126	0
101	127	0
101	128	1
101	129	1
101	130	0
102	103	0
102	104	1
102	105	0
102	106	1
102	107	0
102	108	1
102	109	1
102	110	0
102	111	1
102	112	0
102	113	0
102	114	1
102	115	1
102	116	0
102	117	0
102	118	0
102	119	0
102	120	0
102	121	1
102	122	1
102	123	1
102	124	1
102	125	0
102	126	1
102	127	1
102	128	1
102	129	1
102	130	1
103	104	0
103	105	1
103	106	1
103	107	0
103	108	0
103	109	0
103	110	0
103	111	0
103	112	1
103	113	0
103	114	1
103	115	1
103	116	1
103	117	1
103	118	1
103	119	1
103	120	0
103	121	0
103	122	0
103	123	1
103	124	1
103	125	1
103	126	1
103	127	1
103	128	0
103	129	0
103	130	0
104	105	0
104	106	1
104	107	1
104	108	1
104	109	0
104	110	0
104	111	1
104	112	0
104	113	1
104	114	0
104	115	0
104	116	1
104	117	1
104	118	1
104	119	0
104	120	0
104	121	0
104	122	0
104	123	0
104	124	1
104	125	0
104	126	0
104	127	0
104	128	1
104	129	0
104	130	1
105	106	0
105	107	1
105	108	1
105	109	1
105	110	0
105	111	0
105	112	1
105	113	0
105	114	0
105	115	0
105	116	0
105	117	0
105	118	0
105	119	0
105	120	0
105	121	1
105	122	0
105	123	0
105	124	1
105	125	0
105	126	1
105	127	0
105	128	0
105	129	1
105	130	1
106	107	0
106	108	0
106	109	1
106	110	1
106	111	0
106	112	1
106	113	1
106	114	0
106	115	1
106	116	1
106	117	1
106	118	0
106	119	0
106	120	1
106	121	1
106	122	0
106	123	0
106	124	1
106	125	1
106	126	0
106	127	0
106	128	0
106	129	0
106	130	1
107	108	0
107	109	0
107	110	0
107	111	0
107	112	0
107	113	0
107	114	1
107	115	0
107	116	0
107	117	1
107	118	1
107	119	0
107	120	0
107	121	1
107	122	0
107	123	1
107	124	1
107	125	1
107	126	1
107	127	1
107	128	0
107	129	0
107	130	0
108	109	0
108	110	0
108	111	0
108	112	1
108	113	1
108	114	1
108	115	0
108	116	1
108	117	0
108	118	1
108	119	0
108	120	0
108	121	0
108	122	0
108	123	0
108	124	0
108	125	1
108	126	0
108	127	0
108	128	1
108	129	0
108	130	0
109	110	1
109	111	1
109	112	0
109	113	1
109	114	1
109	115	0
109	116	0
109	117	1
109	118	0
109	119	1
109	120	0
109	121	0
109	122	1
109	123	1
109	124	1
109	125	0
109	126	1
109	127	0
109	128	0
109	129	1
109	130	0
110	111	1
110	112	1
110	113	0
110	114	1
110	115	1
110	116	0
110	117	0
110	118	0
110	119	1
110	120	1
110	121	1
110	122	0
110	123	0
110	124	0
110	125	1
110	126	0
110	127	0
110	128	1
110	129	1
110	130	1
111	112	0
111	113	1
111	114	0
111	115	0
111	116	1
111	117	1
111	118	1
111	119	1
111	120	0
111	121	1
111	122	1
111	123	0
111	124	0
111	125	1
111	126	1
111	127	0
111	128	0
111	129	1
111	130	0
112	113	1
112	114	0
112	115	1
112	116	0
112	117	1
112	118	1
112	119	1
112	120	0
112	121	1
112	122	0
112	123	1
112	124	0
112	125	0
112	126	0
112	127	0
112	128	0
112	129	0
112	130	0
113	114	1
113	115	1
113	116	1
113	117	0
113	118	0
113	119	1
113	120	1
113	121	1
113	122	0
113	123	0
113	124	0
113	125	1
113	126	0
113	127	1
113	128	0
113	129	1
113	130	0
114	115	1
114	116	1
114	117	1
114	118	1
114	119	1
114	120	0
114	121	0
114	122	1
114	123	1
114	124	1
114	125	0
114	126	1
114	127	1
114	128	1
114	129	1
114	130	1
115	116	1
115	117	0
115	118	1
115	119	1
115	120	0
115	121	1
115	122	0
115	123	0
115	124	0
115	125	1
115	126	1
115	127	1
115	128	0
115	129	0
115	130	1
116	117	1
116	118	1
116	119	0
116	120	1
116	121	1
116	122	1
116	123	1
116	124	0
116	125	1
116	126	1
116	127	1
116	128	0
116	129	1
116	130	1
117	118	1
117	119	1
117	120	1
117	121	0
117	122	0
117	123	0
117	124	0
117	125	1
117	126	1
117	127	1
117	128	0
117	129	0
117	130	0
118	119	0
118	120	1
118	121	1
118	122	1
118	123	1
118	124	0
118	125	1
118	126	1
118	127	1
118	128	0
118	129	0
118	130	1
119	120	1
119	121	0
119	122	1
119	123	0
119	124	0
119	125	0
119	126	1
119	127	0
119	128	0
119	129	0
119	130	0
120	121	0
120	122	0
120	123	0
120	124	1
120	125	1
120	126	1
120	127	1
120	128	1
120	129	1
120	130	0
121	122	0
121	123	1
121	124	0
121	125	0
121	126	0
121	127	0
121	128	0
121	129	0
121	130	1
122	123	0
122	124	1
122	125	1
122	126	1
122	127	1
122	128	1
122	129	1
122	130	0
123	124	0
123	125	0
123	126	1
123	127	1
123	128	0
123	129	0
123	130	1
124	125	0
124	126	1
124	127	0
124	128	0
124	129	0
124	130	0
125	126	0
125	127	1
125	128	0
125	129	1
125	130	1
126	127	1
126	128	0
126	129	1
126	130	0
127	128	0
127	129	1
127	130	1
128	129	0
128	130	0
129	130	1
