130	8385	0
1	2	0
1	3	1
1	4	0
1	5	1
1	6	0
1	7	0
1	8	1
1	9	0
1	10	0
1	11	1
1	12	1
1	13	1
1	14	0
1	15	0
1	16	0
1	17	1
1	18	1
1	19	1
1	20	1
1	21	1
1	22	1
1	23	0
1	24	1
1	25	0
1	26	1
1	27	0
1	28	0
1	29	1
1	30	1
1	31	1
1	32	0
1	33	1
1	34	0
1	35	0
1	36	0
1	37	0
1	38	1
1	39	0
1	40	0
1	41	0
1	42	1
1	43	0
1	44	1
1	45	0
1	46	0
1	47	0
1	48	1
1	49	0
1	50	1
1	51	0
1	52	0
1	53	1
1	54	1
1	55	1
1	56	0
1	57	1
1	58	0
1	59	0
1	60	0
1	61	1
1	62	0
1	63	0
1	64	1
1	65	0
1	66	1
1	67	0
1	68	1
1	69	0
1	70	0
1	71	0
1	72	0
1	73	1
1	74	1
1	75	1
1	76	0
1	77	0
1	78	0
1	79	1
1	80	0
1	81	0
1	82	0
1	83	1
1	84	0
1	85	0
1	86	0
1	87	1
1	88	0
1	89	1
1	90	1
1	91	0
1	92	0
1	93	1
1	94	1
1	95	1
1	96	1
1	97	1
1	98	1
1	99	1
1	100	0
1	101	1
1	102	0
1	103	0
1	104	0
1	105	0
1	106	1
1	107	0
1	108	0
1	109	1
1	110	0
1	111	1
1	112	1
1	113	0
1	114	1
1	115	1
1	116	1
1	117	1
1	118	1
1	119	0
1	120	0
1	121	1
1	122	0
1	123	0
1	124	0
1	125	0
1	126	0
1	127	0
1	128	0
1	129	1
1	130	0
2	3	1
2	4	0
2	5	1
2	6	1
2	7	0
2	8	0
2	9	1
2	10	0
2	11	1
2	12	1
2	13	1
2	14	0
2	15	0
2	16	0
2	17	1
2	18	1
2	19	0
2	20	1
2	21	0
2	22	1
2	23	0
2	24	0
2	25	0
2	26	0
2	27	1
2	28	0
2	29	1
2	30	0
2	31	0
2	32	1
2	33	1
2	34	0
2	35	1
2	36	0
2	37	0
2	38	0
2	39	1
2	40	0
2	41	1
2	42	1
2	43	0
2	44	0
2	45	0
2	46	1
2	47	0
2	48	1
2	49	1
2	50	0
2	51	1
2	52	0
2	53	1
2	54	1
2	55	0
2	56	0
2	57	1
2	58	0
2	59	0
2	60	1
2	61	1
2	62	0
2	63	0
2	64	1
2	65	1
2	66	1
2	67	0
2	68	0
2	69	0
2	70	0
2	71	1
2	72	0
2	73	1
2	74	1
2	75	0
2	76	0
2	77	1
2	78	1
2	79	1
2	80	1
2	81	0
2	82	0
2	83	0
2	84	0
2	85	1
2	86	1
2	87	1
2	88	0
2	89	0
2	90	1
2	91	0
2	92	0
2	93	1
2	94	0
2	95	0
2	96	0
2	97	0
2	98	0
2	99	1
2	100	1
2	101	0
2	102	0
2	103	1
2	104	1
2	105	1
2	106	0
2	107	1
2	108	1
2	109	1
2	110	0
2	111	1
2	112	1
2	113	1
2	114	0
2	115	0
2	116	1
2	117	0
2	118	0
2	119	0
2	120	1
2	121	1
2	122	0
2	123	0
2	124	1
2	125	1
2	126	0
2	127	1
2	128	1
2	129	1
2	130	1
3	4	1
3	5	0
3	6	0
3	7	1
3	8	0
3	9	0
3	10	0
3	11	1
3	12	0
3	13	0
3	14	1
3	15	1
3	16	0
3	17	1
3	18	0
3	19	1
3	20	0
3	21	1
3	22	0
3	23	0
3	24	0
3	25	0
3	26	0
3	27	1
3	28	1
3	29	1
3	30	1
3	31	1
3	32	1
3	33	1
3	34	1
3	35	0
3	36	1
3	37	1
3	38	0
3	39	1
3	40	0
3	41	0
3	42	1
3	43	1
3	44	0
3	45	0
3	46	1
3	47	1
3	48	1
3	49	0
3	50	0
3	51	1
3	52	1
3	53	1
3	54	1
3	55	1
3	56	1
3	57	0
3	58	1
3	59	0
3	60	1
3	61	0
3	62	1
3	63	1
3	64	1
3	65	0
3	66	0
3	67	0
3	68	1
3	69	0
3	70	0
3	71	0
3	72	0
3	73	1
3	74	1
3	75	1
3	76	1
3	77	1
3	78	1
3	79	0
3	80	1
3	81	1
3	82	0
3	83	0
3	84	0
3	85	0
3	86	1
3	87	1
3	88	1
3	89	1
3	90	0
3	91	1
3	92	0
3	93	0
3	94	0
3	95	0
3	96	0
3	97	1
3	98	1
3	99	1
3	100	0
3	101	0
3	102	1
3	103	1
3	104	1
3	105	1
3	106	0
3	107	1
3	108	1
3	109	1
3	110	0
3	111	1
3	112	0
3	113	1
3	114	0
3	115	0
3	116	1
3	117	0
3	118	0
3	119	1
3	120	1
3	121	0
3	122	1
3	123	1
3	124	0
3	125	0
3	126	1
3	127	1
3	128	1
3	129	1
3	130	0
4	5	1
4	6	1
4	7	0
4	8	0
4	9	1
4	10	0
4	11	1
4	12	0
4	13	0
4	14	1
4	15	0
4	16	0
4	17	0
4	18	1
4	19	0
4	20	0
4	21	0
4	22	1
4	23	1
4	24	0
4	25	0
4	26	0
4	27	1
4	28	1
4	29	1
4	30	1
4	31	1
4	32	1
4	33	1
4	34	1
4	35	0
4	36	0
4	37	0
4	38	0
4	39	0
4	40	1
4	41	1
4	42	0
4	43	0
4	44	1
4	45	0
4	46	0
4	47	1
4	48	0
4	49	1
4	50	1
4	51	0
4	52	0
4	53	0
4	54	0
4	55	0
4	56	0
4	57	1
4	58	1
4	59	0
4	60	0
4	61	0
4	62	0
4	63	1
4	64	0
4	65	1
4	66	1
4	67	0
4	68	0
4	69	0
4	70	1
4	71	1
4	72	1
4	73	0
4	74	0
4	75	1
4	76	0
4	77	1
4	78	1
4	79	1
4	80	1
4	81	0
4	82	1
4	83	1
4	84	1
4	85	1
4	86	1
4	87	1
4	88	1
4	89	0
4	90	1
4	91	1
4	92	1
4	93	0
4	94	0
4	95	1
4	96	1
4	97	0
4	98	0
4	99	1
4	100	1
4	101	0
4	102	0
4	103	1
4	104	1
4	105	1
4	106	1
4	107	0
4	108	1
4	109	1
4	110	0
4	111	0
4	112	1
4	113	0
4	114	0
4	115	1
4	116	1
4	117	1
4	118	0
4	119	0
4	120	0
4	121	1
4	122	1
4	123	1
4	124	1
4	125	1
4	126	1
4	127	0
4	128	0
4	129	0
4	130	0
5	6	0
5	7	1
5	8	1
5	9	1
5	10	0
5	11	1
5	12	0
5	13	0
5	14	0
5	15	0
5	16	0
5	17	0
5	18	1
5	19	0
5	20	1
5	21	0
5	22	0
5	23	0
5	24	0
5	25	0
5	26	0
5	27	1
5	28	1
5	29	0
5	30	0
5	31	1
5	32	1
5	33	0
5	34	1
5	35	0
5	36	1
5	37	1
5	38	0
5	39	1
5	40	1
5	41	0
5	42	0
5	43	0
5	44	1
5	45	0
5	46	0
5	47	0
5	48	0
5	49	1
5	50	1
5	51	1
5	52	1
5	53	1
5	54	1
5	55	1
5	56	0
5	57	1
5	58	0
5	59	0
5	60	1
5	61	1
5	62	0
5	63	1
5	64	1
5	65	0
5	66	1
5	67	1
5	68	0
5	69	0
5	70	0
5	71	0
5	72	0
5	73	0
5	74	1
5	75	1
5	76	1
5	77	1
5	78	0
5	79	0
5	80	1
5	81	0
5	82	1
5	83	0
5	84	0
5	85	1
5	86	1
5	87	1
5	88	1
5	89	1
5	90	0
5	91	1
5	92	0
5	93	1
5	94	1
5	95	1
5	96	1
5	97	0
5	98	0
5	99	1
5	100	0
5	101	0
5	102	1
5	103	1
5	104	1
5	105	0
5	106	1
5	107	1
5	108	0
5	109	0
5	110	0
5	111	1
5	112	0
5	113	0
5	114	1
5	115	0
5	116	0
5	117	0
5	118	0
5	119	0
5	120	1
5	121	1
5	122	1
5	123	1
5	124	0
5	125	1
5	126	1
5	127	0
5	128	0
5	129	0
5	130	1
6	7	1
6	8	0
6	9	0
6	10	1
6	11	0
6	12	0
6	13	1
6	14	1
6	15	0
6	16	1
6	17	1
6	18	1
6	19	0
6	20	0
6	21	0
6	22	0
6	23	1
6	24	1
6	25	1
6	26	1
6	27	1
6	28	1
6	29	0
6	30	1
6	31	1
6	32	1
6	33	1
6	34	1
6	35	0
6	36	0
6	37	1
6	38	0
6	39	0
6	40	0
6	41	1
6	42	0
6	43	0
6	44	0
6	45	0
6	46	0
6	47	1
6	48	1
6	49	0
6	50	1
6	51	1
6	52	0
6	53	0
6	54	0
6	55	0
6	56	1
6	57	1
6	58	0
6	59	0
6	60	1
6	61	1
6	62	0
6	63	0
6	64	1
6	65	0
6	66	0
6	67	0
6	68	1
6	69	0
6	70	1
6	71	0
6	72	0
6	73	0
6	74	1
6	75	1
6	76	1
6	77	1
6	78	0
6	79	1
6	80	0
6	81	1
6	82	0
6	83	0
6	84	0
6	85	1
6	86	0
6	87	1
6	88	0
6	89	0
6	90	0
6	91	0
6	92	0
6	93	0
6	94	0
6	95	1
6	96	1
6	97	1
6	98	1
6	99	0
6	100	0
6	101	1
6	102	0
6	103	1
6	104	1
6	105	1
6	106	1
6	107	0
6	108	0
6	109	1
6	110	0
6	111	1
6	112	0
6	113	0
6	114	1
6	115	0
6	116	0
6	117	1
6	118	1
6	119	0
6	120	1
6	121	0
6	122	1
6	123	0
6	124	0
6	125	0
6	126	0
6	127	0
6	128	0
6	129	1
6	130	1
7	8	1
7	9	0
7	10	0
7	11	0
7	12	1
7	13	0
7	14	0
7	15	0
7	16	1
7	17	0
7	18	0
7	19	1
7	20	1
7	21	1
7	22	0
7	23	0
7	24	0
7	25	0
7	26	1
7	27	0
7	28	1
7	29	0
7	30	0
7	31	1
7	32	0
7	33	0
7	34	1
7	35	0
7	36	0
7	37	0
7	38	1
7	39	1
7	40	0
7	41	0
7	42	1
7	43	1
7	44	1
7	45	0
7	46	1
7	47	1
7	48	1
7	49	1
7	50	1
7	51	0
7	52	0
7	53	1
7	54	0
7	55	1
7	56	1
7	57	1
7	58	0
7	59	0
7	60	0
7	61	1
7	62	0
7	63	0
7	64	0
7	65	0
7	66	1
7	67	1
7	68	1
7	69	0
7	70	0
7	71	0
7	72	0
7	73	0
7	74	1
7	75	1
7	76	1
7	77	1
7	78	0
7	79	1
7	80	1
7	81	0
7	82	0
7	83	1
7	84	0
7	85	1
7	86	0
7	87	0
7	88	1
7	89	0
7	90	0
7	91	0
7	92	0
7	93	1
7	94	1
7	95	1
7	96	0
7	97	1
7	98	1
7	99	0
7	100	1
7	101	0
7	102	0
7	103	0
7	104	0
7	105	1
7	106	0
7	107	1
7	108	0
7	109	0
7	110	0
7	111	1
7	112	0
7	113	1
7	114	0
7	115	0
7	116	0
7	117	1
7	118	1
7	119	0
7	120	0
7	121	0
7	122	0
7	123	1
7	124	0
7	125	1
7	126	1
7	127	0
7	128	1
7	129	1
7	130	0
8	9	0
8	10	1
8	11	0
8	12	1
8	13	1
8	14	1
8	15	1
8	16	0
8	17	1
8	18	0
8	19	1
8	20	0
8	21	1
8	22	1
8	23	0
8	24	1
8	25	1
8	26	1
8	27	1
8	28	0
8	29	1
8	30	1
8	31	0
8	32	0
8	33	0
8	34	1
8	35	0
8	36	1
8	37	1
8	38	1
8	39	1
8	40	0
8	41	0
8	42	1
8	43	0
8	44	1
8	45	0
8	46	0
8	47	0
8	48	1
8	49	1
8	50	1
8	51	0
8	52	0
8	53	1
8	54	0
8	55	1
8	56	0
8	57	0
8	58	1
8	59	0
8	60	1
8	61	1
8	62	0
8	63	1
8	64	0
8	65	1
8	66	1
8	67	1
8	68	1
8	69	0
8	70	0
8	71	1
8	72	1
8	73	0
8	74	0
8	75	1
8	76	1
8	77	0
8	78	0
8	79	1
8	80	0
8	81	0
8	82	1
8	83	1
8	84	1
8	85	1
8	86	0
8	87	1
8	88	1
8	89	1
8	90	0
8	91	0
8	92	0
8	93	0
8	94	1
8	95	0
8	96	0
8	97	0
8	98	1
8	99	1
8	100	1
8	101	1
8	102	0
8	103	1
8	104	0
8	105	1
8	106	0
8	107	1
8	108	0
8	109	0
8	110	0
8	111	0
8	112	0
8	113	0
8	114	0
8	115	1
8	116	0
8	117	0
8	118	1
8	119	0
8	120	1
8	121	1
8	122	0
8	123	1
8	124	1
8	125	0
8	126	0
8	127	0
8	128	1
8	129	1
8	130	1
9	10	0
9	11	1
9	12	0
9	13	1
9	14	0
9	15	0
9	16	1
9	17	0
9	18	1
9	19	0
9	20	0
9	21	1
9	22	1
9	23	0
9	24	0
9	25	1
9	26	1
9	27	1
9	28	1
9	29	1
9	30	0
9	31	0
9	32	1
9	33	0
9	34	0
9	35	0
9	36	0
9	37	0
9	38	1
9	39	1
9	40	1
9	41	1
9	42	0
9	43	1
9	44	0
9	45	1
9	46	1
9	47	0
9	48	1
9	49	0
9	50	0
9	51	0
9	52	1
9	53	0
9	54	1
9	55	0
9	56	0
9	57	0
9	58	1
9	59	1
9	60	1
9	61	0
9	62	0
9	63	0
9	64	0
9	65	0
9	66	0
9	67	1
9	68	1
9	69	1
9	70	0
9	71	1
9	72	1
9	73	0
9	74	0
9	75	1
9	76	0
9	77	1
9	78	0
9	79	0
9	80	1
9	81	1
9	82	1
9	83	1
9	84	0
9	85	0
9	86	1
9	87	1
9	88	1
9	89	1
9	90	1
9	91	0
9	92	0
9	93	0
9	94	0
9	95	0
9	96	1
9	97	0
9	98	0
9	99	0
9	100	0
9	101	1
9	102	1
9	103	0
9	104	0
9	105	1
9	106	0
9	107	0
9	108	0
9	109	1
9	110	1
9	111	0
9	112	0
9	113	0
9	114	0
9	115	0
9	116	0
9	117	0
9	118	0
9	119	1
9	120	1
9	121	0
9	122	1
9	123	1
9	124	1
9	125	1
9	126	0
9	127	1
9	128	1
9	129	0
9	130	0
10	11	0
10	12	1
10	13	1
10	14	0
10	15	0
10	16	0
10	17	0
10	18	1
10	19	1
10	20	1
10	21	0
10	22	1
10	23	0
10	24	1
10	25	0
10	26	0
10	27	0
10	28	0
10	29	0
10	30	0
10	31	1
10	32	0
10	33	0
10	34	0
10	35	0
10	36	1
10	37	0
10	38	1
10	39	1
10	40	1
10	41	1
10	42	0
10	43	0
10	44	1
10	45	0
10	46	0
10	47	1
10	48	0
10	49	0
10	50	1
10	51	1
10	52	0
10	53	1
10	54	0
10	55	0
10	56	1
10	57	0
10	58	0
10	59	0
10	60	0
10	61	0
10	62	0
10	63	1
10	64	1
10	65	0
10	66	1
10	67	1
10	68	1
10	69	0
10	70	1
10	71	1
10	72	0
10	73	0
10	74	0
10	75	1
10	76	1
10	77	0
10	78	0
10	79	0
10	80	0
10	81	1
10	82	1
10	83	1
10	84	0
10	85	1
10	86	0
10	87	1
10	88	0
10	89	0
10	90	0
10	91	0
10	92	0
10	93	0
10	94	0
10	95	0
10	96	0
10	97	0
10	98	1
10	99	0
10	100	1
10	101	0
10	102	0
10	103	0
10	104	1
10	105	1
10	106	0
10	107	0
10	108	1
10	109	1
10	110	0
10	111	1
10	112	1
10	113	1
10	114	0
10	115	0
10	116	1
10	117	1
10	118	0
10	119	1
10	120	1
10	121	1
10	122	1
10	123	0
10	124	0
10	125	0
10	126	0
10	127	1
10	128	0
10	129	0
10	130	0
11	12	1
11	13	0
11	14	1
11	15	0
11	16	1
11	17	1
11	18	1
11	19	1
11	20	0
11	21	1
11	22	1
11	23	0
11	24	1
11	25	1
11	26	0
11	27	1
11	28	0
11	29	1
11	30	0
11	31	0
11	32	1
11	33	1
11	34	0
11	35	1
11	36	1
11	37	0
11	38	0
11	39	1
11	40	1
11	41	1
11	42	1
11	43	0
11	44	0
11	45	0
11	46	0
11	47	0
11	48	0
11	49	0
11	50	1
11	51	0
11	52	0
11	53	1
11	54	1
11	55	0
11	56	0
11	57	1
11	58	1
11	59	1
11	60	0
11	61	1
11	62	1
11	63	0
11	64	0
11	65	1
11	66	1
11	67	0
11	68	1
11	69	0
11	70	1
11	71	0
11	72	1
11	73	0
11	74	1
11	75	1
11	76	0
11	77	0
11	78	0
11	79	1
11	80	0
11	81	0
11	82	1
11	83	1
11	84	0
11	85	0
11	86	1
11	87	1
11	88	1
11	89	0
11	90	1
11	91	0
11	92	0
11	93	1
11	94	0
11	95	1
11	96	0
11	97	1
11	98	0
11	99	1
11	100	1
11	101	0
11	102	1
11	103	1
11	104	0
11	105	1
11	106	1
11	107	1
11	108	0
11	109	0
11	110	0
11	111	1
11	112	0
11	113	0
11	114	1
11	115	1
11	116	0
11	117	1
11	118	0
11	119	1
11	120	0
11	121	1
11	122	0
11	123	0
11	124	0
11	125	0
11	126	0
11	127	1
11	128	0
11	129	0
11	130	1
12	13	1
12	14	0
12	15	1
12	16	1
12	17	0
12	18	0
12	19	1
12	20	1
12	21	0
12	22	1
12	23	0
12	24	0
12	25	0
12	26	0
12	27	0
12	28	1
12	29	1
12	30	1
12	31	0
12	32	1
12	33	1
12	34	0
12	35	1
12	36	1
12	37	0
12	38	0
12	39	0
12	40	0
12	41	0
12	42	0
12	43	0
12	44	0
12	45	1
12	46	0
12	47	1
12	48	0
12	49	1
12	50	0
12	51	0
12	52	0
12	53	0
12	54	0
12	55	1
12	56	0
12	57	0
12	58	1
12	59	0
12	60	1
12	61	0
12	62	0
12	63	0
12	64	1
12	65	1
12	66	0
12	67	1
12	68	0
12	69	0
12	70	1
12	71	1
12	72	0
12	73	0
12	74	0
12	75	0
12	76	1
12	77	1
12	78	0
12	79	1
12	80	0
12	81	0
12	82	1
12	83	1
12	84	0
12	85	0
12	86	0
12	87	0
12	88	0
12	89	0
12	90	1
12	91	0
12	92	0
12	93	0
12	94	0
12	95	0
12	96	0
12	97	1
12	98	0
12	99	0
12	100	0
12	101	1
12	102	0
12	103	1
12	104	0
12	105	1
12	106	0
12	107	0
12	108	0
12	109	0
12	110	0
12	111	1
12	112	1
12	113	1
12	114	1
12	115	0
12	116	1
12	117	0
12	118	0
12	119	1
12	120	1
12	121	1
12	122	0
12	123	1
12	124	1
12	125	0
12	126	1
12	127	1
12	128	0
12	129	0
12	130	1
13	14	1
13	15	0
13	16	0
13	17	1
13	18	0
13	19	0
13	20	1
13	21	0
13	22	1
13	23	0
13	24	1
13	25	0
13	26	1
13	27	0
13	28	1
13	29	0
13	30	0
13	31	1
13	32	1
13	33	1
13	34	1
13	35	0
13	36	1
13	37	0
13	38	0
13	39	1
13	40	1
13	41	0
13	42	0
13	43	1
13	44	0
13	45	1
13	46	0
13	47	1
13	48	1
13	49	1
13	50	1
13	51	0
13	52	1
13	53	1
13	54	0
13	55	1
13	56	0
13	57	0
13	58	0
13	59	1
13	60	1
13	61	1
13	62	0
13	63	1
13	64	1
13	65	1
13	66	0
13	67	1
13	68	1
13	69	1
13	70	0
13	71	0
13	72	0
13	73	1
13	74	0
13	75	1
13	76	0
13	77	1
13	78	0
13	79	0
13	80	0
13	81	0
13	82	0
13	83	1
13	84	1
13	85	0
13	86	1
13	87	0
13	88	1
13	89	1
13	90	0
13	91	0
13	92	0
13	93	0
13	94	0
13	95	1
13	96	0
13	97	1
13	98	1
13	99	1
13	100	1
13	101	0
13	102	0
13	103	1
13	104	1
13	105	1
13	106	1
13	107	0
13	108	0
13	109	0
13	110	1
13	111	0
13	112	1
13	113	1
13	114	1
13	115	1
13	116	0
13	117	1
13	118	1
13	119	1
13	120	0
13	121	1
13	122	1
13	123	0
13	124	1
13	125	0
13	126	1
13	127	1
13	128	1
13	129	1
13	130	1
14	15	0
14	16	1
14	17	1
14	18	1
14	19	1
14	20	1
14	21	0
14	22	1
14	23	1
14	24	0
14	25	1
14	26	1
14	27	0
14	28	1
14	29	0
14	30	0
14	31	0
14	32	1
14	33	1
14	34	0
14	35	1
14	36	0
14	37	1
14	38	1
14	39	0
14	40	1
14	41	0
14	42	0
14	43	0
14	44	0
14	45	1
14	46	0
14	47	1
14	48	0
14	49	1
14	50	1
14	51	1
14	52	0
14	53	1
14	54	1
14	55	1
14	56	1
14	57	0
14	58	1
14	59	0
14	60	0
14	61	0
14	62	1
14	63	0
14	64	1
14	65	0
14	66	0
14	67	0
14	68	1
14	69	1
14	70	0
14	71	0
14	72	0
14	73	0
14	74	0
14	75	0
14	76	0
14	77	0
14	78	1
14	79	0
14	80	0
14	81	1
14	82	0
14	83	1
14	84	1
14	85	1
14	86	1
14	87	0
14	88	0
14	89	1
14	90	1
14	91	0
14	92	1
14	93	0
14	94	0
14	95	1
14	96	0
14	97	0
14	98	0
14	99	1
14	100	1
14	101	1
14	102	1
14	103	1
14	104	0
14	105	0
14	106	0
14	107	1
14	108	1
14	109	0
14	110	0
14	111	0
14	112	1
14	113	0
14	114	1
14	115	1
14	116	0
14	117	1
14	118	1
14	119	1
14	120	0
14	121	1
14	122	0
14	123	1
14	124	1
14	125	0
14	126	0
14	127	0
14	128	0
14	129	1
14	130	0
15	16	1
15	17	0
15	18	0
15	19	1
15	20	0
15	21	1
15	22	1
15	23	0
15	24	1
15	25	1
15	26	0
15	27	1
15	28	1
15	29	1
15	30	1
15	31	0
15	32	1
15	33	1
15	34	0
15	35	0
15	36	0
15	37	0
15	38	1
15	39	0
15	40	1
15	41	0
15	42	0
15	43	0
15	44	0
15	45	0
15	46	1
15	47	1
15	48	1
15	49	1
15	50	1
15	51	1
15	52	1
15	53	0
15	54	1
15	55	0
15	56	0
15	57	0
15	58	0
15	59	1
15	60	0
15	61	0
15	62	0
15	63	0
15	64	0
15	65	1
15	66	1
15	67	0
15	68	1
15	69	1
15	70	0
15	71	0
15	72	0
15	73	1
15	74	1
15	75	0
15	76	0
15	77	0
15	78	0
15	79	1
15	80	0
15	81	1
15	82	1
15	83	1
15	84	1
15	85	0
15	86	0
15	87	1
15	88	0
15	89	1
15	90	1
15	91	0
15	92	0
15	93	1
15	94	1
15	95	0
15	96	1
15	97	1
15	98	0
15	99	0
15	100	1
15	101	1
15	102	0
15	103	0
15	104	0
15	105	1
15	106	1
15	107	0
15	108	0
15	109	0
15	110	1
15	111	1
15	112	1
15	113	0
15	114	0
15	115	0
15	116	0
15	117	0
15	118	1
15	119	1
15	120	1
15	121	1
15	122	1
15	123	1
15	124	1
15	125	0
15	126	0
15	127	1
15	128	1
15	129	1
15	130	0
16	17	0
16	18	0
16	19	0
16	20	1
16	21	1
16	22	0
16	23	1
16	24	1
16	25	1
16	26	0
16	27	1
16	28	0
16	29	1
16	30	0
16	31	0
16	32	0
16	33	1
16	34	0
16	35	0
16	36	0
16	37	1
16	38	1
16	39	1
16	40	0
16	41	1
16	42	0
16	43	1
16	44	0
16	45	1
16	46	1
16	47	1
16	48	0
16	49	0
16	50	0
16	51	1
16	52	1
16	53	0
16	54	0
16	55	1
16	56	0
16	57	1
16	58	1
16	59	1
16	60	1
16	61	1
16	62	1
16	63	0
16	64	0
16	65	0
16	66	0
16	67	0
16	68	1
16	69	0
16	70	1
16	71	1
16	72	0
16	73	0
16	74	1
16	75	1
16	76	1
16	77	1
16	78	0
16	79	1
16	80	1
16	81	0
16	82	1
16	83	0
16	84	0
16	85	0
16	86	0
16	87	0
16	88	1
16	89	1
16	90	0
16	91	1
16	92	0
16	93	1
16	94	0
16	95	1
16	96	1
16	97	1
16	98	0
16	99	1
16	100	0
16	101	1
16	102	0
16	103	1
16	104	1
16	105	1
16	106	1
16	107	1
16	108	1
16	109	0
16	110	0
16	111	0
16	112	1
16	113	0
16	114	0
16	115	1
16	116	1
16	117	1
16	118	0
16	119	0
16	120	0
16	121	0
16	122	1
16	123	0
16	124	0
16	125	0
16	126	0
16	127	1
16	128	1
16	129	0
16	130	0
17	18	0
17	19	0
17	20	1
17	21	1
17	22	1
17	23	0
17	24	0
17	25	1
17	26	1
17	27	1
17	28	1
17	29	1
17	30	0
17	31	0
17	32	0
17	33	0
17	34	0
17	35	0
17	36	1
17	37	0
17	38	0
17	39	1
17	40	0
17	41	0
17	42	0
17	43	0
17	44	0
17	45	1
17	46	1
17	47	1
17	48	1
17	49	0
17	50	0
17	51	0
17	52	1
17	53	0
17	54	0
17	55	0
17	56	1
17	57	0
17	58	0
17	59	0
17	60	1
17	61	1
17	62	0
17	63	0
17	64	1
17	65	0
17	66	0
17	67	0
17	68	0
17	69	1
17	70	0
17	71	0
17	72	0
17	73	0
17	74	0
17	75	1
17	76	0
17	77	1
17	78	1
17	79	0
17	80	0
17	81	1
17	82	1
17	83	0
17	84	1
17	85	1
17	86	1
17	87	0
17	88	1
17	89	0
17	90	1
17	91	0
17	92	0
17	93	0
17	94	0
17	95	0
17	96	0
17	97	1
17	98	0
17	99	1
17	100	0
17	101	1
17	102	1
17	103	1
17	104	1
17	105	0
17	106	0
17	107	1
17	108	1
17	109	0
17	110	1
17	111	1
17	112	1
17	113	1
17	114	0
17	115	1
17	116	0
17	117	0
17	118	0
17	119	1
17	120	1
17	121	0
17	122	1
17	123	1
17	124	0
17	125	0
17	126	1
17	127	0
17	128	0
17	129	1
17	130	0
18	19	1
18	20	0
18	21	1
18	22	1
18	23	0
18	24	0
18	25	1
18	26	1
18	27	0
18	28	0
18	29	1
18	30	1
18	31	0
18	32	1
18	33	1
18	34	1
18	35	0
18	36	1
18	37	0
18	38	1
18	39	0
18	40	1
18	41	0
18	42	0
18	43	0
18	44	0
18	45	1
18	46	0
18	47	1
18	48	1
18	49	0
18	50	0
18	51	1
18	52	0
18	53	0
18	54	0
18	55	0
18	56	0
18	57	0
18	58	1
18	59	0
18	60	1
18	61	0
18	62	1
18	63	1
18	64	0
18	65	1
18	66	1
18	67	0
18	68	1
18	69	0
18	70	0
18	71	0
18	72	1
18	73	1
18	74	0
18	75	0
18	76	0
18	77	0
18	78	0
18	79	0
18	80	1
18	81	1
18	82	0
18	83	0
18	84	1
18	85	0
18	86	0
18	87	1
18	88	0
18	89	0
18	90	1
18	91	0
18	92	0
18	93	1
18	94	1
18	95	1
18	96	1
18	97	1
18	98	1
18	99	0
18	100	1
18	101	0
18	102	1
18	103	0
18	104	1
18	105	1
18	106	0
18	107	1
18	108	0
18	109	1
18	110	0
18	111	1
18	112	0
18	113	0
18	114	0
18	115	1
18	116	1
18	117	1
18	118	1
18	119	0
18	120	0
18	121	0
18	122	1
18	123	0
18	124	0
18	125	0
18	126	1
18	127	0
18	128	1
18	129	1
18	130	0
19	20	0
19	21	0
19	22	1
19	23	1
19	24	1
19	25	1
19	26	1
19	27	1
19	28	1
19	29	1
19	30	1
19	31	1
19	32	1
19	33	1
19	34	1
19	35	0
19	36	0
19	37	1
19	38	1
19	39	0
19	40	1
19	41	1
19	42	1
19	43	0
19	44	1
19	45	1
19	46	0
19	47	1
19	48	1
19	49	0
19	50	0
19	51	1
19	52	0
19	53	0
19	54	0
19	55	1
19	56	0
19	57	1
19	58	1
19	59	0
19	60	0
19	61	1
19	62	0
19	63	0
19	64	0
19	65	1
19	66	0
19	67	0
19	68	1
19	69	1
19	70	0
19	71	1
19	72	1
19	73	1
19	74	1
19	75	0
19	76	0
19	77	0
19	78	0
19	79	1
19	80	1
19	81	1
19	82	0
19	83	0
19	84	1
19	85	1
19	86	0
19	87	0
19	88	1
19	89	1
19	90	1
19	91	1
19	92	1
19	93	1
19	94	1
19	95	0
19	96	1
19	97	1
19	98	1
19	99	0
19	100	0
19	101	1
19	102	0
19	103	0
19	104	0
19	105	0
19	106	0
19	107	1
19	108	0
19	109	0
19	110	1
19	111	1
19	112	0
19	113	1
19	114	0
19	115	1
19	116	1
19	117	0
19	118	0
19	119	0
19	120	1
19	121	1
19	122	1
19	123	0
19	124	0
19	125	1
19	126	1
19	127	1
19	128	0
19	129	1
19	130	1
20	21	1
20	22	0
20	23	0
20	24	0
20	25	1
20	26	0
20	27	1
20	28	1
20	29	1
20	30	1
20	31	1
20	32	0
20	33	0
20	34	0
20	35	0
20	36	1
20	37	1
20	38	1
20	39	1
20	40	0
20	41	0
20	42	0
20	43	0
20	44	0
20	45	0
20	46	1
20	47	0
20	48	1
20	49	0
20	50	1
20	51	0
20	52	1
20	53	0
20	54	1
20	55	1
20	56	0
20	57	0
20	58	0
20	59	0
20	60	0
20	61	1
20	62	1
20	63	1
20	64	1
20	65	0
20	66	0
20	67	0
20	68	0
20	69	0
20	70	1
20	71	1
20	72	1
20	73	0
20	74	0
20	75	0
20	76	0
20	77	0
20	78	1
20	79	0
20	80	0
20	81	0
20	82	0
20	83	1
20	84	1
20	85	0
20	86	0
20	87	0
20	88	0
20	89	0
20	90	1
20	91	0
20	92	0
20	93	1
20	94	1
20	95	0
20	96	0
20	97	1
20	98	0
20	99	1
20	100	0
20	101	0
20	102	0
20	103	1
20	104	0
20	105	0
20	106	1
20	107	0
20	108	0
20	109	0
20	110	1
20	111	0
20	112	0
20	113	1
20	114	0
20	115	0
20	116	0
20	117	0
20	118	0
20	119	0
20	120	0
20	121	0
20	122	0
20	123	1
20	124	1
20	125	0
20	126	0
20	127	0
20	128	0
20	129	1
20	130	0
21	22	0
21	23	0
21	24	0
21	25	1
21	26	1
21	27	0
21	28	1
21	29	0
21	30	1
21	31	1
21	32	0
21	33	0
21	34	0
21	35	1
21	36	0
21	37	1
21	38	1
21	39	1
21	40	1
21	41	1
21	42	1
21	43	1
21	44	1
21	45	0
21	46	0
21	47	0
21	48	0
21	49	0
21	50	1
21	51	0
21	52	1
21	53	0
21	54	0
21	55	1
21	56	1
21	57	0
21	58	1
21	59	0
21	60	1
21	61	0
21	62	0
21	63	1
21	64	0
21	65	1
21	66	1
21	67	0
21	68	0
21	69	1
21	70	0
21	71	1
21	72	1
21	73	0
21	74	1
21	75	1
21	76	1
21	77	0
21	78	1
21	79	0
21	80	1
21	81	0
21	82	1
21	83	0
21	84	0
21	85	1
21	86	0
21	87	0
21	88	1
21	89	1
21	90	0
21	91	1
21	92	1
21	93	0
21	94	0
21	95	1
21	96	1
21	97	0
21	98	0
21	99	1
21	100	1
21	101	1
21	102	0
21	103	1
21	104	0
21	105	1
21	106	0
21	107	1
21	108	0
21	109	1
21	110	0
21	111	0
21	112	1
21	113	1
21	114	1
21	115	1
21	116	1
21	117	0
21	118	0
21	119	0
21	120	1
21	121	0
21	122	0
21	123	0
21	124	0
21	125	1
21	126	1
21	127	0
21	128	1
21	129	1
21	130	1
22	23	1
22	24	0
22	25	1
22	26	0
22	27	0
22	28	0
22	29	0
22	30	0
22	31	1
22	32	1
22	33	0
22	34	1
22	35	1
22	36	0
22	37	0
22	38	1
22	39	1
22	40	1
22	41	1
22	42	0
22	43	1
22	44	0
22	45	0
22	46	1
22	47	1
22	48	0
22	49	1
22	50	1
22	51	1
22	52	1
22	53	0
22	54	1
22	55	0
22	56	0
22	57	1
22	58	0
22	59	0
22	60	0
22	61	1
22	62	0
22	63	1
22	64	0
22	65	1
22	66	1
22	67	0
22	68	0
22	69	0
22	70	1
22	71	1
22	72	1
22	73	1
22	74	1
22	75	1
22	76	0
22	77	1
22	78	0
22	79	1
22	80	0
22	81	0
22	82	0
22	83	1
22	84	1
22	85	0
22	86	0
22	87	0
22	88	1
22	89	1
22	90	0
22	91	0
22	92	0
22	93	1
22	94	0
22	95	0
22	96	1
22	97	0
22	98	0
22	99	0
22	100	1
22	101	0
22	102	0
22	103	1
22	104	0
22	105	0
22	106	1
22	107	1
22	108	0
22	109	1
22	110	1
22	111	1
22	112	0
22	113	0
22	114	0
22	115	0
22	116	0
22	117	1
22	118	0
22	119	0
22	120	1
22	121	1
22	122	1
22	123	0
22	124	1
22	125	1
22	126	1
22	127	1
22	128	1
22	129	0
22	130	1
23	24	0
23	25	0
23	26	0
23	27	1
23	28	0
23	29	1
23	30	0
23	31	0
23	32	0
23	33	1
23	34	0
23	35	1
23	36	0
23	37	0
23	38	1
23	39	0
23	40	0
23	41	1
23	42	1
23	43	1
23	44	0
23	45	1
23	46	0
23	47	1
23	48	0
23	49	1
23	50	1
23	51	0
23	52	1
23	53	0
23	54	1
23	55	1
23	56	1
23	57	1
23	58	0
23	59	1
23	60	0
23	61	0
23	62	1
23	63	1
23	64	1
23	65	1
23	66	1
23	67	0
23	68	1
23	69	1
23	70	0
23	71	1
23	72	0
23	73	1
23	74	1
23	75	1
23	76	1
23	77	0
23	78	1
23	79	1
23	80	0
23	81	0
23	82	1
23	83	0
23	84	1
23	85	0
23	86	0
23	87	1
23	88	0
23	89	0
23	90	0
23	91	0
23	92	1
23	93	1
23	94	0
23	95	0
23	96	1
23	97	1
23	98	1
23	99	1
23	100	0
23	101	1
23	102	0
23	103	1
23	104	1
23	105	1
23	106	1
23	107	0
23	108	0
23	109	0
23	110	1
23	111	0
23	112	0
23	113	0
23	114	1
23	115	0
23	116	1
23	117	1
23	118	0
23	119	0
23	120	0
23	121	0
23	122	1
23	123	0
23	124	0
23	125	1
23	126	0
23	127	1
23	128	0
23	129	0
23	130	1
24	25	1
24	26	0
24	27	1
24	28	0
24	29	0
24	30	1
24	31	1
24	32	1
24	33	1
24	34	1
24	35	1
24	36	1
24	37	1
24	38	1
24	39	0
24	40	1
24	41	0
24	42	0
24	43	0
24	44	1
24	45	1
24	46	1
24	47	1
24	48	0
24	49	1
24	50	0
24	51	0
24	52	1
24	53	0
24	54	0
24	55	0
24	56	1
24	57	0
24	58	1
24	59	0
24	60	1
24	61	0
24	62	1
24	63	0
24	64	0
24	65	1
24	66	1
24	67	0
24	68	0
24	69	0
24	70	1
24	71	0
24	72	0
24	73	0
24	74	1
24	75	0
24	76	1
24	77	0
24	78	0
24	79	1
24	80	1
24	81	1
24	82	0
24	83	0
24	84	0
24	85	1
24	86	0
24	87	0
24	88	1
24	89	1
24	90	1
24	91	0
24	92	0
24	93	0
24	94	0
24	95	0
24	96	0
24	97	1
24	98	1
24	99	0
24	100	0
24	101	0
24	102	0
24	103	1
24	104	0
24	105	1
24	106	0
24	107	0
24	108	1
24	109	0
24	110	1
24	111	0
24	112	1
24	113	1
24	114	0
24	115	0
24	116	0
24	117	1
24	118	0
24	119	1
24	120	0
24	121	0
24	122	0
24	123	1
24	124	1
24	125	0
24	126	1
24	127	1
24	128	1
24	129	0
24	130	0
25	26	0
25	27	0
25	28	0
25	29	1
25	30	0
25	31	1
25	32	0
25	33	1
25	34	1
25	35	0
25	36	0
25	37	0
25	38	0
25	39	0
25	40	1
25	41	1
25	42	0
25	43	0
25	44	1
25	45	0
25	46	0
25	47	0
25	48	1
25	49	1
25	50	0
25	51	1
25	52	1
25	53	1
25	54	0
25	55	1
25	56	0
25	57	1
25	58	0
25	59	0
25	60	1
25	61	0
25	62	1
25	63	1
25	64	1
25	65	1
25	66	1
25	67	0
25	68	1
25	69	1
25	70	1
25	71	0
25	72	1
25	73	1
25	74	0
25	75	1
25	76	0
25	77	1
25	78	1
25	79	0
25	80	0
25	81	0
25	82	1
25	83	1
25	84	1
25	85	0
25	86	0
25	87	0
25	88	1
25	89	1
25	90	1
25	91	0
25	92	1
25	93	1
25	94	1
25	95	0
25	96	0
25	97	1
25	98	0
25	99	0
25	100	0
25	101	0
25	102	0
25	103	1
25	104	1
25	105	0
25	106	0
25	107	1
25	108	1
25	109	1
25	110	1
25	111	1
25	112	0
25	113	0
25	114	0
25	115	0
25	116	0
25	117	1
25	118	1
25	119	1
25	120	1
25	121	1
25	122	0
25	123	0
25	124	0
25	125	1
25	126	0
25	127	0
25	128	0
25	129	0
25	130	1
26	27	0
26	28	0
26	29	1
26	30	1
26	31	0
26	32	0
26	33	0
26	34	0
26	35	1
26	36	1
26	37	0
26	38	0
26	39	0
26	40	1
26	41	1
26	42	0
26	43	1
26	44	0
26	45	0
26	46	0
26	47	1
26	48	0
26	49	1
26	50	1
26	51	0
26	52	0
26	53	1
26	54	1
26	55	0
26	56	1
26	57	0
26	58	0
26	59	0
26	60	1
26	61	0
26	62	1
26	63	1
26	64	0
26	65	1
26	66	0
26	67	0
26	68	1
26	69	0
26	70	1
26	71	0
26	72	1
26	73	0
26	74	1
26	75	1
26	76	0
26	77	1
26	78	0
26	79	1
26	80	1
26	81	0
26	82	1
26	83	0
26	84	1
26	85	1
26	86	1
26	87	0
26	88	1
26	89	1
26	90	1
26	91	0
26	92	1
26	93	0
26	94	1
26	95	1
26	96	1
26	97	1
26	98	1
26	99	0
26	100	1
26	101	1
26	102	0
26	103	0
26	104	1
26	105	1
26	106	1
26	107	0
26	108	1
26	109	1
26	110	0
26	111	0
26	112	1
26	113	0
26	114	0
26	115	1
26	116	0
26	117	0
26	118	1
26	119	0
26	120	1
26	121	1
26	122	1
26	123	0
26	124	1
26	125	1
26	126	1
26	127	1
26	128	1
26	129	0
26	130	0
27	28	0
27	29	0
27	30	0
27	31	0
27	32	1
27	33	0
27	34	0
27	35	0
27	36	0
27	37	0
27	38	1
27	39	1
27	40	1
27	41	1
27	42	1
27	43	1
27	44	1
27	45	1
27	46	0
27	47	1
27	48	0
27	49	1
27	50	0
27	51	1
27	52	0
27	53	0
27	54	1
27	55	1
27	56	0
27	57	0
27	58	1
27	59	1
27	60	0
27	61	0
27	62	1
27	63	1
27	64	1
27	65	0
27	66	0
27	67	1
27	68	1
27	69	1
27	70	0
27	71	1
27	72	1
27	73	0
27	74	1
27	75	1
27	76	0
27	77	1
27	78	0
27	79	0
27	80	0
27	81	0
27	82	0
27	83	1
27	84	0
27	85	1
27	86	0
27	87	1
27	88	1
27	89	0
27	90	1
27	91	0
27	92	0
27	93	1
27	94	0
27	95	0
27	96	0
27	97	0
27	98	1
27	99	1
27	100	0
27	101	0
27	102	0
27	103	0
27	104	1
27	105	0
27	106	0
27	107	1
27	108	0
27	109	1
27	110	1
27	111	0
27	112	1
27	113	1
27	114	0
27	115	1
27	116	0
27	117	0
27	118	1
27	119	1
27	120	0
27	121	0
27	122	1
27	123	1
27	124	0
27	125	1
27	126	1
27	127	1
27	128	0
27	129	1
27	130	0
28	29	1
28	30	0
28	31	0
28	32	1
28	33	1
28	34	0
28	35	1
28	36	1
28	37	0
28	38	1
28	39	0
28	40	0
28	41	0
28	42	0
28	43	0
28	44	1
28	45	1
28	46	0
28	47	0
28	48	0
28	49	0
28	50	1
28	51	0
28	52	0
28	53	0
28	54	1
28	55	1
28	56	1
28	57	0
28	58	1
28	59	1
28	60	1
28	61	0
28	62	1
28	63	1
28	64	1
28	65	0
28	66	0
28	67	1
28	68	1
28	69	1
28	70	0
28	71	0
28	72	1
28	73	0
28	74	0
28	75	1
28	76	0
28	77	1
28	78	1
28	79	0
28	80	1
28	81	1
28	82	1
28	83	0
28	84	1
28	85	0
28	86	0
28	87	0
28	88	1
28	89	1
28	90	1
28	91	1
28	92	0
28	93	1
28	94	1
28	95	1
28	96	0
28	97	0
28	98	0
28	99	1
28	100	1
28	101	1
28	102	1
28	103	0
28	104	1
28	105	1
28	106	0
28	107	1
28	108	0
28	109	1
28	110	0
28	111	1
28	112	0
28	113	0
28	114	0
28	115	1
28	116	0
28	117	0
28	118	1
28	119	1
28	120	1
28	121	1
28	122	1
28	123	1
28	124	0
28	125	1
28	126	1
28	127	1
28	128	1
28	129	1
28	130	1
29	30	1
29	31	1
29	32	1
29	33	1
29	34	1
29	35	0
29	36	1
29	37	1
29	38	0
29	39	1
29	40	1
29	41	0
29	42	0
29	43	1
29	44	1
29	45	0
29	46	1
29	47	0
29	48	1
29	49	0
29	50	1
29	51	1
29	52	0
29	53	1
29	54	1
29	55	1
29	56	0
29	57	1
29	58	1
29	59	1
29	60	0
29	61	0
29	62	1
29	63	1
29	64	1
29	65	1
29	66	0
29	67	0
29	68	1
29	69	0
29	70	0
29	71	0
29	72	1
29	73	0
29	74	1
29	75	1
29	76	0
29	77	0
29	78	0
29	79	1
29	80	0
29	81	1
29	82	1
29	83	1
29	84	1
29	85	1
29	86	1
29	87	1
29	88	1
29	89	1
29	90	1
29	91	0
29	92	1
29	93	1
29	94	0
29	95	1
29	96	1
29	97	0
29	98	1
29	99	0
29	100	1
29	101	1
29	102	1
29	103	0
29	104	0
29	105	0
29	106	0
29	107	0
29	108	1
29	109	1
29	110	1
29	111	0
29	112	1
29	113	0
29	114	1
29	115	0
29	116	0
29	117	0
29	118	1
29	119	0
29	120	1
29	121	1
29	122	0
29	123	1
29	124	0
29	125	1
29	126	0
29	127	0
29	128	0
29	129	1
29	130	0
30	31	0
30	32	1
30	33	1
30	34	1
30	35	0
30	36	1
30	37	0
30	38	0
30	39	0
30	40	0
30	41	1
30	42	0
30	43	1
30	44	1
30	45	1
30	46	0
30	47	1
30	48	1
30	49	1
30	50	1
30	51	1
30	52	0
30	53	0
30	54	0
30	55	0
30	56	1
30	57	1
30	58	0
30	59	1
30	60	0
30	61	0
30	62	0
30	63	1
30	64	1
30	65	0
30	66	1
30	67	1
30	68	1
30	69	0
30	70	0
30	71	0
30	72	0
30	73	0
30	74	1
30	75	1
30	76	1
30	77	1
30	78	1
30	79	1
30	80	1
30	81	0
30	82	1
30	83	1
30	84	1
30	85	0
30	86	0
30	87	0
30	88	0
30	89	0
30	90	1
30	91	0
30	92	0
30	93	0
30	94	1
30	95	1
30	96	0
30	97	0
30	98	1
30	99	0
30	100	0
30	101	0
30	102	0
30	103	1
30	104	0
30	105	1
30	106	0
30	107	0
30	108	1
30	109	0
30	110	1
30	111	1
30	112	0
30	113	0
30	114	1
30	115	1
30	116	1
30	117	1
30	118	0
30	119	0
30	120	0
30	121	0
30	122	1
30	123	0
30	124	1
30	125	0
30	126	1
30	127	1
30	128	0
30	129	1
30	130	0
31	32	1
31	33	0
31	34	0
31	35	0
31	36	0
31	37	1
31	38	0
31	39	0
31	40	0
31	41	0
31	42	0
31	43	0
31	44	0
31	45	1
31	46	1
31	47	0
31	48	0
31	49	1
31	50	0
31	51	0
31	52	1
31	53	0
31	54	0
31	55	1
31	56	1
31	57	1
31	58	0
31	59	0
31	60	1
31	61	0
31	62	0
31	63	1
31	64	1
31	65	0
31	66	1
31	67	1
31	68	0
31	69	0
31	70	1
31	71	0
31	72	0
31	73	0
31	74	1
31	75	1
31	76	0
31	77	0
31	78	0
31	79	0
31	80	0
31	81	1
31	82	1
31	83	0
31	84	0
31	85	0
31	86	1
31	87	1
31	88	1
31	89	0
31	90	0
31	91	1
31	92	1
31	93	1
31	94	0
31	95	1
31	96	0
31	97	1
31	98	1
31	99	1
31	100	1
31	101	0
31	102	1
31	103	0
31	104	0
31	105	1
31	106	0
31	107	0
31	108	0
31	109	1
31	110	0
31	111	0
31	112	0
31	113	0
31	114	1
31	115	0
31	116	1
31	117	0
31	118	0
31	119	0
31	120	1
31	121	0
31	122	0
31	123	1
31	124	0
31	125	1
31	126	0
31	127	0
31	128	1
31	129	1
31	130	1
32	33	1
32	34	1
32	35	0
32	36	0
32	37	1
32	38	0
32	39	1
32	40	0
32	41	1
32	42	0
32	43	1
32	44	1
32	45	1
32	46	1
32	47	1
32	48	0
32	49	0
32	50	0
32	51	0
32	52	0
32	53	1
32	54	0
32	55	1
32	56	0
32	57	1
32	58	1
32	59	1
32	60	1
32	61	0
32	62	0
32	63	1
32	64	0
32	65	0
32	66	1
32	67	0
32	68	0
32	69	1
32	70	1
32	71	1
32	72	0
32	73	0
32	74	1
32	75	0
32	76	1
32	77	0
32	78	0
32	79	0
32	80	0
32	81	1
32	82	0
32	83	0
32	84	0
32	85	0
32	86	0
32	87	1
32	88	0
32	89	0
32	90	0
32	91	0
32	92	1
32	93	1
32	94	0
32	95	1
32	96	0
32	97	0
32	98	1
32	99	1
32	100	0
32	101	0
32	102	0
32	103	0
32	104	1
32	105	0
32	106	0
32	107	0
32	108	1
32	109	0
32	110	1
32	111	1
32	112	0
32	113	0
32	114	0
32	115	0
32	116	0
32	117	0
32	118	0
32	119	1
32	120	0
32	121	1
32	122	1
32	123	1
32	124	0
32	125	1
32	126	1
32	127	0
32	128	1
32	129	0
32	130	1
33	34	1
33	35	0
33	36	0
33	37	1
33	38	1
33	39	0
33	40	0
33	41	1
33	42	1
33	43	0
33	44	0
33	45	1
33	46	0
33	47	1
33	48	0
33	49	1
33	50	0
33	51	1
33	52	1
33	53	1
33	54	1
33	55	1
33	56	1
33	57	1
33	58	0
33	59	1
33	60	1
33	61	1
33	62	1
33	63	1
33	64	0
33	65	0
33	66	1
33	67	0
33	68	0
33	69	1
33	70	1
33	71	1
33	72	0
33	73	0
33	74	0
33	75	1
33	76	1
33	77	0
33	78	1
33	79	1
33	80	1
33	81	0
33	82	1
33	83	1
33	84	0
33	85	0
33	86	1
33	87	1
33	88	1
33	89	0
33	90	1
33	91	0
33	92	1
33	93	1
33	94	0
33	95	0
33	96	0
33	97	0
33	98	0
33	99	0
33	100	0
33	101	0
33	102	0
33	103	1
33	104	1
33	105	0
33	106	1
33	107	1
33	108	0
33	109	1
33	110	0
33	111	0
33	112	0
33	113	1
33	114	0
33	115	1
33	116	0
33	117	1
33	118	1
33	119	0
33	120	0
33	121	0
33	122	1
33	123	1
33	124	1
33	125	1
33	126	0
33	127	1
33	128	1
33	129	0
33	130	0
34	35	0
34	36	1
34	37	0
34	38	1
34	39	0
34	40	1
34	41	1
34	42	1
34	43	1
34	44	1
34	45	0
34	46	1
34	47	0
34	48	0
34	49	1
34	50	1
34	51	1
34	52	0
34	53	1
34	54	1
34	55	1
34	56	0
34	57	0
34	58	1
34	59	1
34	60	1
34	61	1
34	62	0
34	63	0
34	64	0
34	65	1
34	66	0
34	67	0
34	68	0
34	69	0
34	70	0
34	71	1
34	72	1
34	73	0
34	74	1
34	75	1
34	76	0
34	77	0
34	78	1
34	79	0
34	80	1
34	81	0
34	82	1
34	83	0
34	84	0
34	85	0
34	86	1
34	87	0
34	88	1
34	89	1
34	90	0
34	91	0
34	92	1
34	93	0
34	94	1
34	95	0
34	96	1
34	97	0
34	98	0
34	99	1
34	100	0
34	101	1
34	102	1
34	103	1
34	104	0
34	105	1
34	106	0
34	107	0
34	108	1
34	109	0
34	110	1
34	111	1
34	112	0
34	113	0
34	114	0
34	115	0
34	116	0
34	117	1
34	118	0
34	119	1
34	120	0
34	121	1
34	122	0
34	123	1
34	124	1
34	125	0
34	126	1
34	127	1
34	128	0
34	129	1
34	130	0
35	36	0
35	37	0
35	38	1
35	39	0
35	40	1
35	41	0
35	42	1
35	43	0
35	44	1
35	45	0
35	46	0
35	47	1
35	48	1
35	49	0
35	50	1
35	51	1
35	52	0
35	53	1
35	54	1
35	55	0
35	56	0
35	57	1
35	58	1
35	59	1
35	60	0
35	61	1
35	62	0
35	63	1
35	64	0
35	65	1
35	66	0
35	67	0
35	68	1
35	69	1
35	70	1
35	71	1
35	72	1
35	73	1
35	74	0
35	75	1
35	76	0
35	77	1
35	78	1
35	79	0
35	80	1
35	81	0
35	82	1
35	83	1
35	84	1
35	85	1
35	86	1
35	87	0
35	88	1
35	89	1
35	90	0
35	91	0
35	92	1
35	93	0
35	94	1
35	95	0
35	96	0
35	97	0
35	98	1
35	99	1
35	100	1
35	101	0
35	102	0
35	103	0
35	104	1
35	105	1
35	106	0
35	107	0
35	108	1
35	109	0
35	110	1
35	111	0
35	112	0
35	113	0
35	114	0
35	115	1
35	116	1
35	117	1
35	118	0
35	119	1
35	120	0
35	121	1
35	122	1
35	123	1
35	124	0
35	125	0
35	126	1
35	127	1
35	128	1
35	129	1
35	130	0
36	37	1
36	38	1
36	39	0
36	40	0
36	41	1
36	42	1
36	43	0
36	44	1
36	45	1
36	46	1
36	47	0
36	48	0
36	49	0
36	50	1
36	51	0
36	52	0
36	53	0
36	54	0
36	55	0
36	56	0
36	57	1
36	58	0
36	59	0
36	60	1
36	61	1
36	62	1
36	63	0
36	64	0
36	65	1
36	66	0
36	67	0
36	68	1
36	69	0
36	70	0
36	71	0
36	72	0
36	73	1
36	74	0
36	75	0
36	76	0
36	77	0
36	78	1
36	79	0
36	80	0
36	81	0
36	82	0
36	83	1
36	84	1
36	85	0
36	86	1
36	87	1
36	88	1
36	89	1
36	90	0
36	91	0
36	92	0
36	93	0
36	94	0
36	95	1
36	96	0
36	97	0
36	98	1
36	99	1
36	100	1
36	101	1
36	102	1
36	103	0
36	104	1
36	105	1
36	106	1
36	107	0
36	108	1
36	109	1
36	110	1
36	111	0
36	112	1
36	113	1
36	114	0
36	115	1
36	116	0
36	117	1
36	118	0
36	119	0
36	120	1
36	121	0
36	122	1
36	123	0
36	124	1
36	125	0
36	126	0
36	127	1
36	128	0
36	129	1
36	130	0
37	38	1
37	39	0
37	40	1
37	41	1
37	42	0
37	43	1
37	44	1
37	45	1
37	46	1
37	47	1
37	48	0
37	49	1
37	50	0
37	51	1
37	52	0
37	53	0
37	54	1
37	55	1
37	56	1
37	57	1
37	58	0
37	59	0
37	60	0
37	61	1
37	62	1
37	63	0
37	64	1
37	65	1
37	66	1
37	67	1
37	68	1
37	69	0
37	70	0
37	71	1
37	72	1
37	73	0
37	74	0
37	75	0
37	76	1
37	77	1
37	78	0
37	79	0
37	80	1
37	81	1
37	82	0
37	83	1
37	84	0
37	85	0
37	86	0
37	87	0
37	88	0
37	89	1
37	90	0
37	91	0
37	92	0
37	93	0
37	94	1
37	95	0
37	96	1
37	97	1
37	98	0
37	99	1
37	100	1
37	101	1
37	102	1
37	103	1
37	104	0
37	105	1
37	106	0
37	107	0
37	108	0
37	109	1
37	110	0
37	111	1
37	112	1
37	113	1
37	114	0
37	115	1
37	116	1
37	117	0
37	118	1
37	119	0
37	120	0
37	121	0
37	122	0
37	123	0
37	124	1
37	125	1
37	126	0
37	127	1
37	128	0
37	129	1
37	130	1
38	39	1
38	40	0
38	41	1
38	42	0
38	43	1
38	44	1
38	45	1
38	46	1
38	47	0
38	48	0
38	49	1
38	50	0
38	51	1
38	52	0
38	53	0
38	54	1
38	55	1
38	56	1
38	57	1
38	58	0
38	59	0
38	60	1
38	61	1
38	62	0
38	63	1
38	64	0
38	65	0
38	66	0
38	67	1
38	68	0
38	69	1
38	70	0
38	71	0
38	72	1
38	73	0
38	74	1
38	75	0
38	76	0
38	77	0
38	78	0
38	79	0
38	80	1
38	81	1
38	82	1
38	83	1
38	84	1
38	85	0
38	86	0
38	87	0
38	88	0
38	89	0
38	90	0
38	91	0
38	92	0
38	93	1
38	94	1
38	95	1
38	96	0
38	97	1
38	98	0
38	99	0
38	100	1
38	101	0
38	102	1
38	103	1
38	104	0
38	105	0
38	106	1
38	107	0
38	108	0
38	109	0
38	110	0
38	111	0
38	112	1
38	113	1
38	114	1
38	115	1
38	116	0
38	117	0
38	118	1
38	119	1
38	120	0
38	121	1
38	122	1
38	123	1
38	124	0
38	125	1
38	126	0
38	127	0
38	128	0
38	129	0
38	130	0
39	40	0
39	41	0
39	42	1
39	43	0
39	44	1
39	45	0
39	46	0
39	47	1
39	48	1
39	49	1
39	50	0
39	51	1
39	52	0
39	53	0
39	54	0
39	55	0
39	56	1
39	57	1
39	58	0
39	59	0
39	60	0
39	61	0
39	62	0
39	63	1
39	64	1
39	65	0
39	66	1
39	67	0
39	68	0
39	69	1
39	70	0
39	71	1
39	72	1
39	73	1
39	74	0
39	75	0
39	76	1
39	77	1
39	78	0
39	79	1
39	80	0
39	81	0
39	82	0
39	83	0
39	84	1
39	85	1
39	86	0
39	87	0
39	88	1
39	89	1
39	90	0
39	91	1
39	92	1
39	93	1
39	94	1
39	95	1
39	96	0
39	97	1
39	98	1
39	99	1
39	100	1
39	101	0
39	102	1
39	103	1
39	104	0
39	105	0
39	106	1
39	107	0
39	108	1
39	109	0
39	110	1
39	111	0
39	112	0
39	113	0
39	114	0
39	115	1
39	116	1
39	117	1
39	118	0
39	119	1
39	120	1
39	121	0
39	122	1
39	123	1
39	124	1
39	125	0
39	126	1
39	127	1
39	128	1
39	129	1
39	130	1
40	41	1
40	42	1
40	43	0
40	44	0
40	45	1
40	46	1
40	47	0
40	48	0
40	49	0
40	50	1
40	51	0
40	52	0
40	53	1
40	54	1
40	55	1
40	56	1
40	57	1
40	58	1
40	59	0
40	60	1
40	61	1
40	62	1
40	63	1
40	64	1
40	65	0
40	66	1
40	67	1
40	68	1
40	69	1
40	70	0
40	71	1
40	72	1
40	73	1
40	74	1
40	75	1
40	76	0
40	77	0
40	78	1
40	79	1
40	80	1
40	81	0
40	82	0
40	83	0
40	84	1
40	85	0
40	86	0
40	87	0
40	88	1
40	89	0
40	90	0
40	91	1
40	92	1
40	93	0
40	94	1
40	95	1
40	96	1
40	97	1
40	98	1
40	99	1
40	100	0
40	101	0
40	102	0
40	103	1
40	104	1
40	105	1
40	106	0
40	107	1
40	108	1
40	109	0
40	110	1
40	111	1
40	112	0
40	113	0
40	114	1
40	115	0
40	116	1
40	117	1
40	118	0
40	119	1
40	120	0
40	121	1
40	122	1
40	123	0
40	124	0
40	125	1
40	126	0
40	127	0
40	128	1
40	129	0
40	130	0
41	42	1
41	43	0
41	44	0
41	45	1
41	46	0
41	47	1
41	48	1
41	49	1
41	50	1
41	51	0
41	52	1
41	53	1
41	54	1
41	55	0
41	56	0
41	57	1
41	58	1
41	59	1
41	60	1
41	61	1
41	62	0
41	63	1
41	64	1
41	65	1
41	66	1
41	67	1
41	68	1
41	69	1
41	70	1
41	71	1
41	72	1
41	73	0
41	74	0
41	75	1
41	76	1
41	77	0
41	78	0
41	79	1
41	80	1
41	81	1
41	82	1
41	83	1
41	84	1
41	85	1
41	86	0
41	87	1
41	88	1
41	89	0
41	90	1
41	91	1
41	92	0
41	93	0
41	94	1
41	95	1
41	96	1
41	97	1
41	98	0
41	99	1
41	100	0
41	101	1
41	102	1
41	103	1
41	104	1
41	105	0
41	106	0
41	107	1
41	108	0
41	109	0
41	110	0
41	111	1
41	112	1
41	113	0
41	114	0
41	115	0
41	116	0
41	117	0
41	118	1
41	119	1
41	120	1
41	121	1
41	122	1
41	123	1
41	124	0
41	125	1
41	126	1
41	127	0
41	128	1
41	129	0
41	130	0
42	43	0
42	44	1
42	45	0
42	46	1
42	47	1
42	48	1
42	49	1
42	50	0
42	51	1
42	52	0
42	53	0
42	54	1
42	55	1
42	56	0
42	57	0
42	58	0
42	59	0
42	60	0
42	61	1
42	62	1
42	63	1
42	64	1
42	65	0
42	66	0
42	67	0
42	68	0
42	69	1
42	70	1
42	71	0
42	72	1
42	73	0
42	74	1
42	75	0
42	76	1
42	77	1
42	78	0
42	79	0
42	80	1
42	81	1
42	82	0
42	83	1
42	84	1
42	85	1
42	86	0
42	87	1
42	88	1
42	89	0
42	90	1
42	91	1
42	92	0
42	93	1
42	94	1
42	95	1
42	96	0
42	97	0
42	98	0
42	99	1
42	100	0
42	101	0
42	102	1
42	103	1
42	104	1
42	105	1
42	106	1
42	107	1
42	108	1
42	109	0
42	110	1
42	111	1
42	112	1
42	113	0
42	114	1
42	115	1
42	116	1
42	117	1
42	118	1
42	119	0
42	120	1
42	121	1
42	122	1
42	123	0
42	124	0
42	125	0
42	126	0
42	127	0
42	128	0
42	129	1
42	130	0
43	44	0
43	45	0
43	46	1
43	47	1
43	48	1
43	49	1
43	50	1
43	51	1
43	52	0
43	53	1
43	54	1
43	55	0
43	56	1
43	57	1
43	58	0
43	59	1
43	60	0
43	61	0
43	62	0
43	63	0
43	64	1
43	65	1
43	66	1
43	67	1
43	68	1
43	69	0
43	70	0
43	71	1
43	72	1
43	73	1
43	74	1
43	75	1
43	76	0
43	77	0
43	78	1
43	79	1
43	80	1
43	81	0
43	82	1
43	83	0
43	84	0
43	85	0
43	86	1
43	87	1
43	88	1
43	89	0
43	90	1
43	91	0
43	92	0
43	93	1
43	94	0
43	95	0
43	96	1
43	97	0
43	98	1
43	99	0
43	100	0
43	101	1
43	102	1
43	103	1
43	104	0
43	105	1
43	106	0
43	107	1
43	108	1
43	109	0
43	110	0
43	111	0
43	112	0
43	113	0
43	114	0
43	115	0
43	116	1
43	117	1
43	118	1
43	119	0
43	120	1
43	121	1
43	122	0
43	123	1
43	124	0
43	125	0
43	126	1
43	127	1
43	128	0
43	129	0
43	130	1
44	45	1
44	46	0
44	47	0
44	48	1
44	49	1
44	50	0
44	51	1
44	52	0
44	53	0
44	54	1
44	55	1
44	56	0
44	57	0
44	58	1
44	59	1
44	60	0
44	61	1
44	62	1
44	63	0
44	64	1
44	65	1
44	66	1
44	67	0
44	68	1
44	69	0
44	70	0
44	71	1
44	72	1
44	73	1
44	74	1
44	75	0
44	76	1
44	77	0
44	78	0
44	79	1
44	80	0
44	81	1
44	82	0
44	83	0
44	84	1
44	85	1
44	86	1
44	87	0
44	88	0
44	89	0
44	90	1
44	91	1
44	92	1
44	93	1
44	94	1
44	95	0
44	96	0
44	97	0
44	98	0
44	99	0
44	100	1
44	101	0
44	102	0
44	103	0
44	104	0
44	105	0
44	106	0
44	107	0
44	108	1
44	109	1
44	110	0
44	111	1
44	112	1
44	113	0
44	114	1
44	115	1
44	116	0
44	117	0
44	118	0
44	119	1
44	120	0
44	121	0
44	122	1
44	123	1
44	124	1
44	125	0
44	126	0
44	127	0
44	128	1
44	129	0
44	130	0
45	46	1
45	47	0
45	48	0
45	49	1
45	50	0
45	51	1
45	52	0
45	53	0
45	54	1
45	55	0
45	56	1
45	57	0
45	58	1
45	59	0
45	60	0
45	61	0
45	62	0
45	63	1
45	64	0
45	65	1
45	66	1
45	67	0
45	68	1
45	69	0
45	70	1
45	71	1
45	72	1
45	73	0
45	74	1
45	75	1
45	76	1
45	77	1
45	78	1
45	79	1
45	80	1
45	81	0
45	82	1
45	83	1
45	84	1
45	85	0
45	86	0
45	87	0
45	88	1
45	89	1
45	90	0
45	91	1
45	92	1
45	93	1
45	94	0
45	95	0
45	96	0
45	97	1
45	98	0
45	99	1
45	100	0
45	101	1
45	102	0
45	103	1
45	104	1
45	105	0
45	106	1
45	107	0
45	108	0
45	109	0
45	110	1
45	111	1
45	112	1
45	113	0
45	114	0
45	115	1
45	116	1
45	117	1
45	118	0
45	119	1
45	120	1
45	121	0
45	122	1
45	123	0
45	124	0
45	125	1
45	126	1
45	127	1
45	128	0
45	129	1
45	130	0
46	47	0
46	48	1
46	49	0
46	50	1
46	51	1
46	52	1
46	53	0
46	54	1
46	55	0
46	56	0
46	57	0
46	58	1
46	59	0
46	60	0
46	61	0
46	62	0
46	63	1
46	64	0
46	65	0
46	66	0
46	67	1
46	68	0
46	69	1
46	70	0
46	71	1
46	72	1
46	73	0
46	74	0
46	75	1
46	76	0
46	77	1
46	78	1
46	79	1
46	80	0
46	81	0
46	82	1
46	83	0
46	84	1
46	85	0
46	86	0
46	87	0
46	88	0
46	89	0
46	90	1
46	91	1
46	92	0
46	93	1
46	94	0
46	95	0
46	96	1
46	97	1
46	98	1
46	99	0
46	100	1
46	101	0
46	102	0
46	103	0
46	104	0
46	105	1
46	106	1
46	107	0
46	108	0
46	109	1
46	110	1
46	111	0
46	112	0
46	113	1
46	114	1
46	115	0
46	116	0
46	117	1
46	118	1
46	119	1
46	120	1
46	121	0
46	122	0
46	123	0
46	124	1
46	125	0
46	126	0
46	127	1
46	128	1
46	129	0
46	130	0
47	48	0
47	49	1
47	50	0
47	51	0
47	52	1
47	53	1
47	54	1
47	55	0
47	56	0
47	57	1
47	58	1
47	59	1
47	60	1
47	61	1
47	62	0
47	63	1
47	64	1
47	65	1
47	66	1
47	67	0
47	68	0
47	69	0
47	70	0
47	71	1
47	72	1
47	73	1
47	74	1
47	75	0
47	76	1
47	77	1
47	78	0
47	79	1
47	80	0
47	81	1
47	82	1
47	83	1
47	84	0
47	85	0
47	86	1
47	87	1
47	88	0
47	89	1
47	90	1
47	91	0
47	92	1
47	93	0
47	94	1
47	95	0
47	96	1
47	97	1
47	98	1
47	99	1
47	100	1
47	101	0
47	102	0
47	103	1
47	104	0
47	105	0
47	106	0
47	107	0
47	108	1
47	109	0
47	110	0
47	111	1
47	112	1
47	113	0
47	114	0
47	115	1
47	116	1
47	117	0
47	118	0
47	119	1
47	120	1
47	121	0
47	122	1
47	123	1
47	124	1
47	125	1
47	126	0
47	127	1
47	128	0
47	129	0
47	130	1
48	49	0
48	50	0
48	51	0
48	52	1
48	53	1
48	54	0
48	55	1
48	56	1
48	57	1
48	58	1
48	59	0
48	60	0
48	61	1
48	62	1
48	63	1
48	64	1
48	65	0
48	66	1
48	67	1
48	68	1
48	69	0
48	70	1
48	71	0
48	72	1
48	73	1
48	74	0
48	75	1
48	76	0
48	77	1
48	78	1
48	79	1
48	80	1
48	81	0
48	82	0
48	83	1
48	84	1
48	85	0
48	86	0
48	87	0
48	88	1
48	89	0
48	90	1
48	91	0
48	92	0
48	93	1
48	94	0
48	95	1
48	96	0
48	97	0
48	98	1
48	99	0
48	100	1
48	101	1
48	102	0
48	103	0
48	104	1
48	105	0
48	106	1
48	107	0
48	108	1
48	109	1
48	110	0
48	111	0
48	112	1
48	113	1
48	114	1
48	115	1
48	116	1
48	117	1
48	118	0
48	119	0
48	120	0
48	121	1
48	122	0
48	123	0
48	124	0
48	125	0
48	126	0
48	127	1
48	128	1
48	129	0
48	130	0
49	50	1
49	51	1
49	52	1
49	53	1
49	54	0
49	55	1
49	56	0
49	57	1
49	58	1
49	59	0
49	60	1
49	61	1
49	62	1
49	63	1
49	64	1
49	65	1
49	66	0
49	67	0
49	68	0
49	69	1
49	70	0
49	71	0
49	72	1
49	73	0
49	74	0
49	75	1
49	76	1
49	77	1
49	78	0
49	79	0
49	80	0
49	81	0
49	82	0
49	83	1
49	84	0
49	85	1
49	86	0
49	87	1
49	88	0
49	89	1
49	90	0
49	91	0
49	92	0
49	93	1
49	94	0
49	95	1
49	96	0
49	97	0
49	98	0
49	99	0
49	100	0
49	101	0
49	102	0
49	103	0
49	104	0
49	105	0
49	106	0
49	107	1
49	108	0
49	109	0
49	110	1
49	111	0
49	112	0
49	113	0
49	114	0
49	115	1
49	116	1
49	117	0
49	118	1
49	119	0
49	120	1
49	121	1
49	122	1
49	123	0
49	124	0
49	125	0
49	126	0
49	127	0
49	128	1
49	129	1
49	130	0
50	51	1
50	52	0
50	53	1
50	54	0
50	55	0
50	56	1
50	57	0
50	58	0
50	59	0
50	60	1
50	61	0
50	62	0
50	63	0
50	64	0
50	65	0
50	66	1
50	67	0
50	68	0
50	69	0
50	70	0
50	71	1
50	72	1
50	73	1
50	74	1
50	75	1
50	76	0
50	77	0
50	78	1
50	79	0
50	80	0
50	81	0
50	82	0
50	83	1
50	84	1
50	85	0
50	86	1
50	87	1
50	88	1
50	89	0
50	90	0
50	91	1
50	92	0
50	93	0
50	94	0
50	95	0
50	96	0
50	97	1
50	98	1
50	99	0
50	100	1
50	101	0
50	102	1
50	103	0
50	104	0
50	105	1
50	106	0
50	107	1
50	108	0
50	109	0
50	110	1
50	111	1
50	112	1
50	113	0
50	114	0
50	115	0
50	116	1
50	117	0
50	118	0
50	119	0
50	120	0
50	121	1
50	122	1
50	123	0
50	124	1
50	125	1
50	126	1
50	127	1
50	128	1
50	129	0
50	130	1
51	52	1
51	53	1
51	54	1
51	55	1
51	56	1
51	57	1
51	58	1
51	59	0
51	60	0
51	61	1
51	62	0
51	63	1
51	64	0
51	65	1
51	66	0
51	67	1
51	68	0
51	69	1
51	70	0
51	71	0
51	72	1
51	73	1
51	74	0
51	75	1
51	76	0
51	77	0
51	78	1
51	79	1
51	80	1
51	81	1
51	82	0
51	83	0
51	84	1
51	85	1
51	86	1
51	87	0
51	88	1
51	89	1
51	90	1
51	91	0
51	92	0
51	93	0
51	94	1
51	95	0
51	96	1
51	97	1
51	98	0
51	99	1
51	100	0
51	101	1
51	102	1
51	103	1
51	104	1
51	105	0
51	106	1
51	107	1
51	108	0
51	109	0
51	110	0
51	111	0
51	112	1
51	113	0
51	114	1
51	115	0
51	116	1
51	117	1
51	118	1
51	119	1
51	120	0
51	121	0
51	122	0
51	123	0
51	124	1
51	125	1
51	126	0
51	127	1
51	128	0
51	129	1
51	130	0
52	53	1
52	54	0
52	55	0
52	56	0
52	57	1
52	58	1
52	59	0
52	60	0
52	61	0
52	62	0
52	63	1
52	64	0
52	65	1
52	66	0
52	67	1
52	68	0
52	69	1
52	70	1
52	71	1
52	72	0
52	73	1
52	74	0
52	75	1
52	76	1
52	77	1
52	78	0
52	79	0
52	80	1
52	81	1
52	82	1
52	83	1
52	84	0
52	85	0
52	86	1
52	87	0
52	88	0
52	89	1
52	90	1
52	91	1
52	92	1
52	93	0
52	94	1
52	95	1
52	96	0
52	97	0
52	98	1
52	99	0
52	100	1
52	101	0
52	102	0
52	103	1
52	104	1
52	105	0
52	106	1
52	107	1
52	108	0
52	109	0
52	110	1
52	111	0
52	112	1
52	113	0
52	114	1
52	115	1
52	116	1
52	117	1
52	118	1
52	119	1
52	120	0
52	121	0
52	122	1
52	123	1
52	124	1
52	125	0
52	126	1
52	127	0
52	128	1
52	129	1
52	130	1
53	54	1
53	55	0
53	56	1
53	57	1
53	58	0
53	59	1
53	60	1
53	61	0
53	62	0
53	63	1
53	64	0
53	65	0
53	66	1
53	67	0
53	68	0
53	69	1
53	70	1
53	71	0
53	72	1
53	73	0
53	74	0
53	75	0
53	76	1
53	77	0
53	78	1
53	79	0
53	80	0
53	81	1
53	82	1
53	83	0
53	84	1
53	85	0
53	86	1
53	87	1
53	88	1
53	89	0
53	90	1
53	91	0
53	92	0
53	93	1
53	94	0
53	95	0
53	96	0
53	97	1
53	98	1
53	99	0
53	100	0
53	101	1
53	102	0
53	103	1
53	104	0
53	105	1
53	106	1
53	107	1
53	108	0
53	109	0
53	110	0
53	111	0
53	112	1
53	113	0
53	114	0
53	115	1
53	116	0
53	117	0
53	118	0
53	119	1
53	120	0
53	121	0
53	122	0
53	123	1
53	124	0
53	125	0
53	126	0
53	127	1
53	128	1
53	129	0
53	130	1
54	55	1
54	56	1
54	57	0
54	58	0
54	59	0
54	60	0
54	61	0
54	62	1
54	63	1
54	64	0
54	65	1
54	66	0
54	67	1
54	68	0
54	69	0
54	70	0
54	71	1
54	72	0
54	73	1
54	74	0
54	75	0
54	76	1
54	77	0
54	78	1
54	79	1
54	80	1
54	81	0
54	82	0
54	83	0
54	84	0
54	85	0
54	86	1
54	87	1
54	88	0
54	89	0
54	90	0
54	91	0
54	92	1
54	93	1
54	94	1
54	95	1
54	96	0
54	97	0
54	98	1
54	99	0
54	100	0
54	101	0
54	102	1
54	103	1
54	104	0
54	105	0
54	106	0
54	107	0
54	108	1
54	109	0
54	110	0
54	111	0
54	112	0
54	113	1
54	114	1
54	115	1
54	116	0
54	117	0
54	118	1
54	119	0
54	120	0
54	121	0
54	122	1
54	123	1
54	124	0
54	125	0
54	126	1
54	127	1
54	128	1
54	129	0
54	130	0
55	56	0
55	57	1
55	58	0
55	59	1
55	60	0
55	61	0
55	62	1
55	63	0
55	64	0
55	65	0
55	66	0
55	67	0
55	68	1
55	69	1
55	70	1
55	71	0
55	72	0
55	73	1
55	74	0
55	75	0
55	76	0
55	77	1
55	78	1
55	79	1
55	80	1
55	81	0
55	82	1
55	83	0
55	84	1
55	85	1
55	86	1
55	87	1
55	88	1
55	89	1
55	90	0
55	91	0
55	92	0
55	93	0
55	94	0
55	95	0
55	96	1
55	97	1
55	98	0
55	99	0
55	100	0
55	101	1
55	102	1
55	103	1
55	104	1
55	105	0
55	106	0
55	107	0
55	108	0
55	109	1
55	110	1
55	111	0
55	112	0
55	113	1
55	114	1
55	115	0
55	116	1
55	117	0
55	118	1
55	119	0
55	120	1
55	121	0
55	122	0
55	123	0
55	124	0
55	125	0
55	126	0
55	127	1
55	128	0
55	129	1
55	130	0
56	57	0
56	58	0
56	59	0
56	60	0
56	61	0
56	62	0
56	63	0
56	64	1
56	65	1
56	66	1
56	67	1
56	68	0
56	69	0
56	70	0
56	71	0
56	72	0
56	73	1
56	74	1
56	75	0
56	76	1
56	77	1
56	78	1
56	79	0
56	80	0
56	81	1
56	82	1
56	83	0
56	84	1
56	85	1
56	86	0
56	87	1
56	88	0
56	89	0
56	90	0
56	91	1
56	92	1
56	93	1
56	94	0
56	95	1
56	96	1
56	97	1
56	98	1
56	99	0
56	100	1
56	101	0
56	102	0
56	103	1
56	104	1
56	105	1
56	106	0
56	107	0
56	108	1
56	109	1
56	110	1
56	111	0
56	112	0
56	113	0
56	114	0
56	115	0
56	116	0
56	117	1
56	118	0
56	119	0
56	120	1
56	121	0
56	122	1
56	123	1
56	124	1
56	125	0
56	126	0
56	127	0
56	128	0
56	129	0
56	130	1
57	58	0
57	59	0
57	60	0
57	61	1
57	62	1
57	63	0
57	64	1
57	65	0
57	66	0
57	67	1
57	68	0
57	69	0
57	70	1
57	71	0
57	72	1
57	73	1
57	74	1
57	75	1
57	76	1
57	77	0
57	78	0
57	79	1
57	80	0
57	81	1
57	82	1
57	83	1
57	84	1
57	85	0
57	86	1
57	87	0
57	88	1
57	89	0
57	90	0
57	91	0
57	92	0
57	93	1
57	94	0
57	95	0
57	96	0
57	97	0
57	98	0
57	99	0
57	100	1
57	101	1
57	102	1
57	103	1
57	104	1
57	105	0
57	106	1
57	107	1
57	108	1
57	109	1
57	110	1
57	111	1
57	112	0
57	113	1
57	114	1
57	115	0
57	116	0
57	117	1
57	118	0
57	119	0
57	120	1
57	121	0
57	122	1
57	123	1
57	124	1
57	125	1
57	126	0
57	127	1
57	128	1
57	129	1
57	130	1
58	59	0
58	60	1
58	61	0
58	62	1
58	63	0
58	64	0
58	65	1
58	66	0
58	67	1
58	68	0
58	69	0
58	70	1
58	71	0
58	72	0
58	73	0
58	74	0
58	75	0
58	76	1
58	77	1
58	78	1
58	79	0
58	80	0
58	81	1
58	82	0
58	83	1
58	84	1
58	85	1
58	86	0
58	87	0
58	88	0
58	89	0
58	90	0
58	91	0
58	92	0
58	93	1
58	94	1
58	95	1
58	96	0
58	97	0
58	98	1
58	99	1
58	100	0
58	101	0
58	102	0
58	103	1
58	104	1
58	105	1
58	106	0
58	107	0
58	108	1
58	109	1
58	110	1
58	111	0
58	112	0
58	113	0
58	114	0
58	115	1
58	116	1
58	117	1
58	118	1
58	119	1
58	120	0
58	121	1
58	122	0
58	123	1
58	124	0
58	125	0
58	126	0
58	127	1
58	128	1
58	129	0
58	130	0
59	60	0
59	61	0
59	62	0
59	63	0
59	64	0
59	65	0
59	66	1
59	67	0
59	68	1
59	69	0
59	70	1
59	71	1
59	72	1
59	73	1
59	74	1
59	75	1
59	76	1
59	77	0
59	78	1
59	79	1
59	80	0
59	81	0
59	82	1
59	83	0
59	84	0
59	85	0
59	86	0
59	87	1
59	88	0
59	89	1
59	90	1
59	91	1
59	92	1
59	93	1
59	94	0
59	95	1
59	96	0
59	97	1
59	98	0
59	99	1
59	100	0
59	101	0
59	102	0
59	103	0
59	104	1
59	105	1
59	106	0
59	107	0
59	108	1
59	109	0
59	110	1
59	111	0
59	112	0
59	113	1
59	114	1
59	115	0
59	116	0
59	117	0
59	118	0
59	119	1
59	120	0
59	121	1
59	122	1
59	123	0
59	124	0
59	125	0
59	126	0
59	127	1
59	128	1
59	129	1
59	130	1
60	61	1
60	62	1
60	63	0
60	64	1
60	65	1
60	66	1
60	67	0
60	68	1
60	69	1
60	70	1
60	71	1
60	72	1
60	73	1
60	74	0
60	75	1
60	76	1
60	77	1
60	78	1
60	79	1
60	80	0
60	81	0
60	82	0
60	83	0
60	84	1
60	85	0
60	86	0
60	87	1
60	88	1
60	89	0
60	90	1
60	91	0
60	92	0
60	93	0
60	94	1
60	95	1
60	96	0
60	97	0
60	98	1
60	99	1
60	100	0
60	101	0
60	102	1
60	103	0
60	104	0
60	105	1
60	106	1
60	107	0
60	108	1
60	109	0
60	110	1
60	111	0
60	112	1
60	113	0
60	114	1
60	115	1
60	116	0
60	117	0
60	118	0
60	119	0
60	120	1
60	121	1
60	122	0
60	123	0
60	124	0
60	125	1
60	126	0
60	127	1
60	128	0
60	129	1
60	130	0
61	62	0
61	63	1
61	64	0
61	65	0
61	66	0
61	67	0
61	68	0
61	69	0
61	70	1
61	71	1
61	72	1
61	73	1
61	74	0
61	75	0
61	76	1
61	77	1
61	78	0
61	79	1
61	80	0
61	81	1
61	82	1
61	83	0
61	84	0
61	85	1
61	86	1
61	87	1
61	88	1
61	89	0
61	90	0
61	91	1
61	92	1
61	93	0
61	94	1
61	95	1
61	96	1
61	97	1
61	98	0
61	99	0
61	100	1
61	101	0
61	102	0
61	103	0
61	104	1
61	105	1
61	106	0
61	107	0
61	108	0
61	109	0
61	110	1
61	111	1
61	112	0
61	113	1
61	114	1
61	115	0
61	116	0
61	117	0
61	118	0
61	119	1
61	120	0
61	121	1
61	122	0
61	123	1
61	124	1
61	125	1
61	126	0
61	127	0
61	128	1
61	129	1
61	130	0
62	63	1
62	64	1
62	65	0
62	66	1
62	67	1
62	68	1
62	69	0
62	70	0
62	71	0
62	72	0
62	73	0
62	74	1
62	75	0
62	76	0
62	77	1
62	78	1
62	79	1
62	80	0
62	81	1
62	82	1
62	83	1
62	84	1
62	85	0
62	86	0
62	87	1
62	88	0
62	89	0
62	90	1
62	91	0
62	92	1
62	93	0
62	94	1
62	95	0
62	96	0
62	97	0
62	98	0
62	99	0
62	100	0
62	101	0
62	102	1
62	103	1
62	104	1
62	105	1
62	106	1
62	107	1
62	108	1
62	109	0
62	110	1
62	111	0
62	112	0
62	113	0
62	114	0
62	115	0
62	116	1
62	117	0
62	118	0
62	119	0
62	120	0
62	121	0
62	122	1
62	123	1
62	124	1
62	125	0
62	126	1
62	127	1
62	128	1
62	129	0
62	130	0
63	64	0
63	65	1
63	66	1
63	67	0
63	68	0
63	69	0
63	70	0
63	71	0
63	72	1
63	73	1
63	74	0
63	75	1
63	76	1
63	77	0
63	78	0
63	79	0
63	80	0
63	81	0
63	82	0
63	83	0
63	84	0
63	85	0
63	86	1
63	87	0
63	88	1
63	89	0
63	90	0
63	91	1
63	92	1
63	93	0
63	94	1
63	95	1
63	96	0
63	97	0
63	98	1
63	99	1
63	100	0
63	101	1
63	102	1
63	103	1
63	104	0
63	105	1
63	106	0
63	107	0
63	108	1
63	109	0
63	110	0
63	111	0
63	112	1
63	113	1
63	114	0
63	115	1
63	116	0
63	117	0
63	118	1
63	119	0
63	120	0
63	121	0
63	122	0
63	123	1
63	124	0
63	125	0
63	126	0
63	127	0
63	128	1
63	129	1
63	130	1
64	65	0
64	66	0
64	67	0
64	68	0
64	69	1
64	70	0
64	71	1
64	72	0
64	73	1
64	74	0
64	75	1
64	76	1
64	77	1
64	78	0
64	79	1
64	80	1
64	81	0
64	82	0
64	83	0
64	84	1
64	85	1
64	86	0
64	87	1
64	88	0
64	89	1
64	90	1
64	91	1
64	92	1
64	93	0
64	94	0
64	95	0
64	96	0
64	97	1
64	98	0
64	99	1
64	100	0
64	101	1
64	102	1
64	103	0
64	104	0
64	105	1
64	106	1
64	107	0
64	108	1
64	109	0
64	110	1
64	111	0
64	112	1
64	113	0
64	114	1
64	115	1
64	116	0
64	117	0
64	118	0
64	119	0
64	120	0
64	121	0
64	122	0
64	123	1
64	124	1
64	125	1
64	126	1
64	127	1
64	128	1
64	129	1
64	130	0
65	66	1
65	67	1
65	68	1
65	69	1
65	70	0
65	71	1
65	72	1
65	73	0
65	74	0
65	75	0
65	76	0
65	77	1
65	78	1
65	79	1
65	80	1
65	81	0
65	82	0
65	83	0
65	84	1
65	85	1
65	86	1
65	87	0
65	88	0
65	89	1
65	90	1
65	91	1
65	92	1
65	93	1
65	94	0
65	95	0
65	96	1
65	97	0
65	98	0
65	99	0
65	100	0
65	101	1
65	102	0
65	103	0
65	104	0
65	105	0
65	106	0
65	107	0
65	108	0
65	109	1
65	110	0
65	111	0
65	112	1
65	113	0
65	114	0
65	115	1
65	116	1
65	117	1
65	118	1
65	119	1
65	120	1
65	121	0
65	122	0
65	123	0
65	124	1
65	125	1
65	126	0
65	127	1
65	128	1
65	129	1
65	130	0
66	67	1
66	68	1
66	69	1
66	70	1
66	71	1
66	72	0
66	73	0
66	74	1
66	75	0
66	76	0
66	77	0
66	78	1
66	79	0
66	80	0
66	81	1
66	82	1
66	83	0
66	84	1
66	85	1
66	86	1
66	87	0
66	88	1
66	89	1
66	90	1
66	91	0
66	92	1
66	93	1
66	94	0
66	95	1
66	96	1
66	97	1
66	98	0
66	99	1
66	100	1
66	101	1
66	102	0
66	103	0
66	104	1
66	105	1
66	106	0
66	107	0
66	108	0
66	109	1
66	110	0
66	111	0
66	112	0
66	113	0
66	114	0
66	115	1
66	116	1
66	117	1
66	118	1
66	119	1
66	120	1
66	121	1
66	122	1
66	123	1
66	124	1
66	125	1
66	126	0
66	127	0
66	128	1
66	129	1
66	130	1
67	68	1
67	69	1
67	70	0
67	71	1
67	72	0
67	73	1
67	74	1
67	75	1
67	76	0
67	77	0
67	78	0
67	79	0
67	80	0
67	81	0
67	82	0
67	83	1
67	84	0
67	85	0
67	86	0
67	87	0
67	88	1
67	89	0
67	90	1
67	91	1
67	92	0
67	93	1
67	94	1
67	95	0
67	96	0
67	97	0
67	98	1
67	99	1
67	100	0
67	101	0
67	102	1
67	103	1
67	104	1
67	105	1
67	106	1
67	107	1
67	108	0
67	109	0
67	110	0
67	111	0
67	112	0
67	113	0
67	114	0
67	115	1
67	116	0
67	117	0
67	118	1
67	119	1
67	120	0
67	121	1
67	122	1
67	123	0
67	124	1
67	125	1
67	126	0
67	127	0
67	128	0
67	129	1
67	130	0
68	69	0
68	70	1
68	71	1
68	72	0
68	73	1
68	74	0
68	75	1
68	76	0
68	77	0
68	78	0
68	79	1
68	80	0
68	81	0
68	82	1
68	83	0
68	84	0
68	85	0
68	86	1
68	87	1
68	88	0
68	89	1
68	90	0
68	91	0
68	92	1
68	93	0
68	94	0
68	95	0
68	96	0
68	97	0
68	98	0
68	99	0
68	100	0
68	101	1
68	102	1
68	103	0
68	104	1
68	105	1
68	106	0
68	107	1
68	108	0
68	109	0
68	110	1
68	111	1
68	112	1
68	113	1
68	114	0
68	115	0
68	116	1
68	117	1
68	118	1
68	119	1
68	120	0
68	121	0
68	122	1
68	123	0
68	124	1
68	125	1
68	126	0
68	127	1
68	128	1
68	129	1
68	130	0
69	70	1
69	71	1
69	72	0
69	73	0
69	74	0
69	75	0
69	76	1
69	77	1
69	78	0
69	79	1
69	80	0
69	81	0
69	82	0
69	83	1
69	84	1
69	85	1
69	86	0
69	87	1
69	88	1
69	89	1
69	90	0
69	91	1
69	92	1
69	93	0
69	94	1
69	95	1
69	96	0
69	97	0
69	98	0
69	99	0
69	100	1
69	101	1
69	102	1
69	103	0
69	104	0
69	105	0
69	106	1
69	107	1
69	108	0
69	109	1
69	110	1
69	111	0
69	112	0
69	113	1
69	114	1
69	115	1
69	116	1
69	117	1
69	118	1
69	119	0
69	120	0
69	121	1
69	122	1
69	123	1
69	124	0
69	125	0
69	126	0
69	127	1
69	128	1
69	129	1
69	130	1
70	71	0
70	72	1
70	73	1
70	74	1
70	75	0
70	76	1
70	77	0
70	78	0
70	79	1
70	80	1
70	81	0
70	82	1
70	83	0
70	84	1
70	85	1
70	86	1
70	87	0
70	88	0
70	89	1
70	90	0
70	91	1
70	92	0
70	93	0
70	94	1
70	95	1
70	96	0
70	97	1
70	98	0
70	99	0
70	100	0
70	101	0
70	102	1
70	103	1
70	104	1
70	105	1
70	106	1
70	107	0
70	108	1
70	109	0
70	110	0
70	111	0
70	112	1
70	113	1
70	114	1
70	115	1
70	116	0
70	117	1
70	118	0
70	119	1
70	120	1
70	121	0
70	122	1
70	123	1
70	124	1
70	125	1
70	126	1
70	127	0
70	128	1
70	129	0
70	130	1
71	72	0
71	73	0
71	74	0
71	75	0
71	76	1
71	77	1
71	78	0
71	79	0
71	80	1
71	81	0
71	82	0
71	83	1
71	84	1
71	85	0
71	86	0
71	87	0
71	88	0
71	89	0
71	90	1
71	91	1
71	92	0
71	93	1
71	94	1
71	95	1
71	96	1
71	97	0
71	98	1
71	99	1
71	100	1
71	101	1
71	102	0
71	103	1
71	104	1
71	105	0
71	106	0
71	107	0
71	108	0
71	109	0
71	110	0
71	111	0
71	112	0
71	113	0
71	114	1
71	115	1
71	116	1
71	117	1
71	118	0
71	119	0
71	120	0
71	121	1
71	122	0
71	123	0
71	124	1
71	125	1
71	126	1
71	127	1
71	128	0
71	129	0
71	130	1
72	73	1
72	74	1
72	75	0
72	76	1
72	77	1
72	78	0
72	79	1
72	80	0
72	81	0
72	82	1
72	83	1
72	84	0
72	85	1
72	86	0
72	87	1
72	88	0
72	89	1
72	90	1
72	91	1
72	92	0
72	93	0
72	94	0
72	95	1
72	96	0
72	97	1
72	98	0
72	99	1
72	100	0
72	101	1
72	102	0
72	103	0
72	104	0
72	105	0
72	106	0
72	107	1
72	108	1
72	109	1
72	110	0
72	111	0
72	112	0
72	113	0
72	114	0
72	115	0
72	116	0
72	117	0
72	118	0
72	119	0
72	120	0
72	121	0
72	122	0
72	123	0
72	124	1
72	125	0
72	126	1
72	127	1
72	128	0
72	129	1
72	130	1
73	74	1
73	75	1
73	76	0
73	77	1
73	78	1
73	79	0
73	80	0
73	81	0
73	82	1
73	83	0
73	84	1
73	85	1
73	86	0
73	87	1
73	88	1
73	89	1
73	90	0
73	91	1
73	92	1
73	93	1
73	94	1
73	95	1
73	96	1
73	97	1
73	98	0
73	99	1
73	100	1
73	101	0
73	102	0
73	103	1
73	104	1
73	105	0
73	106	0
73	107	1
73	108	0
73	109	1
73	110	0
73	111	0
73	112	1
73	113	0
73	114	1
73	115	1
73	116	1
73	117	0
73	118	1
73	119	1
73	120	1
73	121	1
73	122	0
73	123	0
73	124	0
73	125	0
73	126	0
73	127	1
73	128	1
73	129	1
73	130	1
74	75	1
74	76	1
74	77	1
74	78	1
74	79	0
74	80	0
74	81	1
74	82	1
74	83	0
74	84	0
74	85	0
74	86	0
74	87	0
74	88	1
74	89	0
74	90	1
74	91	1
74	92	1
74	93	0
74	94	0
74	95	0
74	96	0
74	97	0
74	98	0
74	99	0
74	100	1
74	101	1
74	102	0
74	103	1
74	104	0
74	105	1
74	106	1
74	107	0
74	108	1
74	109	0
74	110	0
74	111	1
74	112	0
74	113	1
74	114	1
74	115	0
74	116	0
74	117	1
74	118	1
74	119	1
74	120	1
74	121	1
74	122	0
74	123	0
74	124	0
74	125	0
74	126	0
74	127	0
74	128	1
74	129	0
74	130	0
75	76	1
75	77	1
75	78	0
75	79	0
75	80	1
75	81	1
75	82	1
75	83	1
75	84	0
75	85	0
75	86	1
75	87	0
75	88	1
75	89	1
75	90	0
75	91	0
75	92	0
75	93	1
75	94	1
75	95	0
75	96	0
75	97	0
75	98	0
75	99	0
75	100	1
75	101	1
75	102	1
75	103	1
75	104	1
75	105	0
75	106	1
75	107	1
75	108	1
75	109	1
75	110	0
75	111	1
75	112	0
75	113	1
75	114	0
75	115	1
75	116	0
75	117	0
75	118	0
75	119	1
75	120	1
75	121	1
75	122	1
75	123	0
75	124	1
75	125	0
75	126	0
75	127	0
75	128	1
75	129	0
75	130	0
76	77	1
76	78	0
76	79	0
76	80	1
76	81	1
76	82	0
76	83	0
76	84	1
76	85	0
76	86	0
76	87	1
76	88	1
76	89	0
76	90	1
76	91	0
76	92	1
76	93	0
76	94	0
76	95	0
76	96	0
76	97	0
76	98	0
76	99	0
76	100	0
76	101	0
76	102	0
76	103	0
76	104	1
76	105	1
76	106	1
76	107	0
76	108	1
76	109	0
76	110	0
76	111	0
76	112	1
76	113	1
76	114	1
76	115	1
76	116	0
76	117	0
76	118	0
76	119	1
76	120	0
76	121	0
76	122	0
76	123	0
76	124	1
76	125	0
76	126	1
76	127	0
76	128	1
76	129	1
76	130	0
77	78	0
77	79	1
77	80	0
77	81	0
77	82	0
77	83	1
77	84	0
77	85	0
77	86	0
77	87	1
77	88	0
77	89	0
77	90	1
77	91	0
77	92	1
77	93	0
77	94	0
77	95	1
77	96	1
77	97	1
77	98	1
77	99	0
77	100	1
77	101	0
77	102	0
77	103	0
77	104	1
77	105	1
77	106	0
77	107	1
77	108	1
77	109	0
77	110	0
77	111	0
77	112	1
77	113	0
77	114	0
77	115	0
77	116	0
77	117	1
77	118	1
77	119	1
77	120	0
77	121	1
77	122	1
77	123	1
77	124	1
77	125	1
77	126	1
77	127	0
77	128	0
77	129	0
77	130	1
78	79	1
78	80	1
78	81	0
78	82	0
78	83	1
78	84	0
78	85	1
78	86	0
78	87	0
78	88	1
78	89	0
78	90	0
78	91	0
78	92	0
78	93	1
78	94	1
78	95	1
78	96	1
78	97	1
78	98	0
78	99	1
78	100	0
78	101	1
78	102	1
78	103	1
78	104	0
78	105	0
78	106	1
78	107	1
78	108	0
78	109	0
78	110	1
78	111	1
78	112	1
78	113	0
78	114	0
78	115	0
78	116	1
78	117	0
78	118	1
78	119	0
78	120	0
78	121	1
78	122	1
78	123	0
78	124	0
78	125	1
78	126	0
78	127	0
78	128	0
78	129	0
78	130	1
79	80	0
79	81	1
79	82	0
79	83	1
79	84	1
79	85	0
79	86	0
79	87	0
79	88	0
79	89	1
79	90	0
79	91	0
79	92	0
79	93	1
79	94	1
79	95	1
79	96	1
79	97	1
79	98	0
79	99	1
79	100	0
79	101	1
79	102	0
79	103	0
79	104	1
79	105	1
79	106	1
79	107	1
79	108	0
79	109	1
79	110	1
79	111	1
79	112	1
79	113	1
79	114	0
79	115	1
79	116	1
79	117	0
79	118	1
79	119	0
79	120	1
79	121	1
79	122	1
79	123	0
79	124	1
79	125	1
79	126	0
79	127	0
79	128	1
79	129	0
79	130	1
80	81	1
80	82	1
80	83	1
80	84	0
80	85	1
80	86	0
80	87	0
80	88	1
80	89	1
80	90	0
80	91	1
80	92	0
80	93	1
80	94	0
80	95	1
80	96	0
80	97	1
80	98	1
80	99	0
80	100	1
80	101	1
80	102	0
80	103	1
80	104	0
80	105	1
80	106	0
80	107	0
80	108	0
80	109	1
80	110	0
80	111	0
80	112	1
80	113	1
80	114	1
80	115	0
80	116	0
80	117	1
80	118	0
80	119	0
80	120	1
80	121	0
80	122	1
80	123	1
80	124	0
80	125	1
80	126	1
80	127	1
80	128	1
80	129	1
80	130	0
81	82	0
81	83	0
81	84	1
81	85	1
81	86	1
81	87	0
81	88	0
81	89	0
81	90	1
81	91	0
81	92	0
81	93	0
81	94	1
81	95	0
81	96	0
81	97	1
81	98	1
81	99	1
81	100	0
81	101	0
81	102	1
81	103	0
81	104	1
81	105	0
81	106	1
81	107	0
81	108	1
81	109	1
81	110	1
81	111	0
81	112	0
81	113	1
81	114	1
81	115	1
81	116	1
81	117	0
81	118	1
81	119	0
81	120	1
81	121	0
81	122	0
81	123	1
81	124	0
81	125	1
81	126	0
81	127	1
81	128	1
81	129	1
81	130	0
82	83	0
82	84	1
82	85	1
82	86	1
82	87	0
82	88	1
82	89	0
82	90	1
82	91	1
82	92	0
82	93	0
82	94	0
82	95	1
82	96	1
82	97	1
82	98	1
82	99	1
82	100	1
82	101	0
82	102	0
82	103	1
82	104	1
82	105	0
82	106	0
82	107	1
82	108	0
82	109	0
82	110	0
82	111	1
82	112	0
82	113	0
82	114	1
82	115	1
82	116	1
82	117	0
82	118	1
82	119	1
82	120	0
82	121	1
82	122	0
82	123	1
82	124	1
82	125	1
82	126	0
82	127	1
82	128	0
82	129	0
82	130	1
83	84	1
83	85	1
83	86	1
83	87	0
83	88	1
83	89	1
83	90	0
83	91	1
83	92	0
83	93	0
83	94	0
83	95	1
83	96	0
83	97	0
83	98	0
83	99	1
83	100	0
83	101	1
83	102	0
83	103	0
83	104	0
83	105	0
83	106	0
83	107	1
83	108	0
83	109	1
83	110	0
83	111	1
83	112	0
83	113	1
83	114	0
83	115	0
83	116	1
83	117	1
83	118	0
83	119	0
83	120	0
83	121	1
83	122	1
83	123	1
83	124	1
83	125	0
83	126	0
83	127	1
83	128	0
83	129	1
83	130	1
84	85	1
84	86	1
84	87	0
84	88	0
84	89	0
84	90	0
84	91	1
84	92	0
84	93	0
84	94	1
84	95	0
84	96	0
84	97	0
84	98	1
84	99	0
84	100	1
84	101	0
84	102	1
84	103	0
84	104	0
84	105	1
84	106	0
84	107	0
84	108	1
84	109	0
84	110	0
84	111	0
84	112	1
84	113	1
84	114	0
84	115	1
84	116	0
84	117	0
84	118	1
84	119	0
84	120	0
84	121	1
84	122	0
84	123	0
84	124	1
84	125	0
84	126	1
84	127	0
84	128	1
84	129	0
84	130	1
85	86	0
85	87	0
85	88	0
85	89	1
85	90	0
85	91	0
85	92	0
85	93	0
85	94	0
85	95	1
85	96	1
85	97	1
85	98	1
85	99	0
85	100	1
85	101	0
85	102	1
85	103	1
85	104	1
85	105	0
85	106	0
85	107	1
85	108	0
85	109	1
85	110	0
85	111	1
85	112	0
85	113	0
85	114	1
85	115	0
85	116	0
85	117	0
85	118	0
85	119	1
85	120	0
85	121	0
85	122	1
85	123	0
85	124	0
85	125	0
85	126	1
85	127	0
85	128	0
85	129	0
85	130	0
86	87	0
86	88	1
86	89	1
86	90	0
86	91	1
86	92	0
86	93	1
86	94	1
86	95	0
86	96	1
86	97	1
86	98	0
86	99	0
86	100	0
86	101	0
86	102	0
86	103	1
86	104	0
86	105	0
86	106	0
86	107	0
86	108	1
86	109	0
86	110	0
86	111	1
86	112	1
86	113	1
86	114	0
86	115	1
86	116	0
86	117	1
86	118	0
86	119	0
86	120	0
86	121	1
86	122	1
86	123	0
86	124	1
86	125	0
86	126	0
86	127	0
86	128	0
86	129	0
86	130	1
87	88	1
87	89	0
87	90	0
87	91	0
87	92	1
87	93	1
87	94	0
87	95	1
87	96	1
87	97	1
87	98	1
87	99	0
87	100	1
87	101	0
87	102	0
87	103	0
87	104	1
87	105	1
87	106	0
87	107	0
87	108	1
87	109	1
87	110	1
87	111	0
87	112	0
87	113	0
87	114	0
87	115	1
87	116	0
87	117	1
87	118	0
87	119	1
87	120	1
87	121	0
87	122	0
87	123	1
87	124	1
87	125	0
87	126	1
87	127	0
87	128	1
87	129	1
87	130	1
88	89	1
88	90	1
88	91	0
88	92	0
88	93	1
88	94	1
88	95	0
88	96	0
88	97	0
88	98	1
88	99	1
88	100	0
88	101	0
88	102	0
88	103	1
88	104	0
88	105	0
88	106	0
88	107	1
88	108	1
88	109	1
88	110	1
88	111	0
88	112	1
88	113	0
88	114	0
88	115	0
88	116	1
88	117	0
88	118	0
88	119	1
88	120	1
88	121	1
88	122	1
88	123	0
88	124	1
88	125	1
88	126	0
88	127	1
88	128	1
88	129	0
88	130	0
89	90	1
89	91	1
89	92	1
89	93	1
89	94	1
89	95	1
89	96	1
89	97	1
89	98	1
89	99	0
89	100	1
89	101	0
89	102	0
89	103	1
89	104	1
89	105	0
89	106	1
89	107	1
89	108	0
89	109	0
89	110	1
89	111	1
89	112	1
89	113	0
89	114	0
89	115	1
89	116	1
89	117	0
89	118	0
89	119	0
89	120	1
89	121	1
89	122	1
89	123	1
89	124	1
89	125	0
89	126	0
89	127	0
89	128	1
89	129	1
89	130	1
90	91	0
90	92	0
90	93	0
90	94	0
90	95	1
90	96	1
90	97	1
90	98	0
90	99	1
90	100	1
90	101	1
90	102	0
90	103	0
90	104	0
90	105	1
90	106	1
90	107	1
90	108	1
90	109	1
90	110	0
90	111	0
90	112	1
90	113	1
90	114	1
90	115	0
90	116	1
90	117	1
90	118	0
90	119	1
90	120	1
90	121	0
90	122	0
90	123	1
90	124	0
90	125	0
90	126	1
90	127	0
90	128	0
90	129	0
90	130	1
91	92	0
91	93	0
91	94	1
91	95	1
91	96	0
91	97	0
91	98	0
91	99	1
91	100	1
91	101	0
91	102	1
91	103	0
91	104	0
91	105	1
91	106	1
91	107	0
91	108	0
91	109	1
91	110	0
91	111	1
91	112	0
91	113	0
91	114	0
91	115	1
91	116	1
91	117	0
91	118	1
91	119	0
91	120	0
91	121	0
91	122	0
91	123	0
91	124	0
91	125	0
91	126	0
91	127	1
91	128	0
91	129	0
91	130	1
92	93	0
92	94	0
92	95	0
92	96	0
92	97	0
92	98	1
92	99	0
92	100	0
92	101	0
92	102	0
92	103	1
92	104	0
92	105	0
92	106	1
92	107	1
92	108	0
92	109	0
92	110	1
92	111	0
92	112	1
92	113	0
92	114	0
92	115	0
92	116	1
92	117	0
92	118	0
92	119	0
92	120	0
92	121	1
92	122	0
92	123	0
92	124	1
92	125	1
92	126	0
92	127	0
92	128	1
92	129	1
92	130	1
93	94	1
93	95	0
93	96	1
93	97	0
93	98	0
93	99	1
93	100	0
93	101	0
93	102	1
93	103	0
93	104	0
93	105	0
93	106	0
93	107	1
93	108	0
93	109	1
93	110	0
93	111	0
93	112	0
93	113	0
93	114	0
93	115	1
93	116	1
93	117	0
93	118	0
93	119	0
93	120	1
93	121	1
93	122	1
93	123	0
93	124	0
93	125	1
93	126	1
93	127	0
93	128	1
93	129	0
93	130	1
94	95	1
94	96	1
94	97	1
94	98	0
94	99	1
94	100	0
94	101	1
94	102	0
94	103	1
94	104	0
94	105	1
94	106	0
94	107	1
94	108	0
94	109	1
94	110	1
94	111	1
94	112	1
94	113	0
94	114	1
94	115	1
94	116	1
94	117	0
94	118	1
94	119	1
94	120	1
94	121	1
94	122	0
94	123	1
94	124	1
94	125	1
94	126	0
94	127	1
94	128	0
94	129	1
94	130	1
95	96	1
95	97	1
95	98	0
95	99	1
95	100	1
95	101	1
95	102	0
95	103	1
95	104	0
95	105	0
95	106	1
95	107	0
95	108	0
95	109	0
95	110	0
95	111	0
95	112	0
95	113	0
95	114	0
95	115	0
95	116	0
95	117	0
95	118	0
95	119	0
95	120	0
95	121	1
95	122	1
95	123	1
95	124	0
95	125	0
95	126	0
95	127	1
95	128	0
95	129	1
95	130	0
96	97	0
96	98	1
96	99	0
96	100	0
96	101	0
96	102	1
96	103	1
96	104	0
96	105	0
96	106	1
96	107	1
96	108	0
96	109	1
96	110	0
96	111	1
96	112	0
96	113	0
96	114	0
96	115	0
96	116	0
96	117	0
96	118	0
96	119	1
96	120	0
96	121	0
96	122	1
96	123	1
96	124	0
96	125	0
96	126	1
96	127	1
96	128	0
96	129	1
96	130	1
97	98	0
97	99	0
97	100	0
97	101	0
97	102	0
97	103	0
97	104	1
97	105	1
97	106	1
97	107	0
97	108	1
97	109	0
97	110	1
97	111	0
97	112	0
97	113	0
97	114	0
97	115	0
97	116	1
97	117	1
97	118	1
97	119	0
97	120	1
97	121	0
97	122	1
97	123	0
97	124	1
97	125	0
97	126	0
97	127	1
97	128	0
97	129	0
97	130	0
98	99	1
98	100	1
98	101	0
98	102	1
98	103	0
98	104	0
98	105	0
98	106	1
98	107	0
98	108	0
98	109	0
98	110	0
98	111	1
98	112	0
98	113	1
98	114	0
98	115	0
98	116	0
98	117	1
98	118	1
98	119	1
98	120	0
98	121	1
98	122	0
98	123	1
98	124	0
98	125	0
98	126	0
98	127	0
98	128	0
98	129	1
98	130	1
99	100	0
99	101	1
99	102	1
99	103	1
99	104	1
99	105	1
99	106	1
99	107	0
99	108	0
99	109	0
99	110	1
99	111	0
99	112	0
99	113	0
99	114	0
99	115	1
99	116	1
99	117	1
99	118	0
99	119	0
99	120	0
99	121	1
99	122	0
99	123	1
99	124	0
99	125	0
99	126	0
99	127	1
99	128	1
99	129	0
99	130	1
100	101	1
100	102	1
100	103	0
100	104	0
100	105	1
100	106	0
100	107	1
100	108	1
100	109	0
100	110	1
100	111	0
100	112	0
100	113	1
100	114	0
100	115	0
100	116	0
100	117	0
100	118	0
100	119	1
100	120	1
100	121	0
100	122	0
100	123	0
100	124	1
100	125	1
100	126	0
100	127	1
100	128	1
100	129	0
100	130	0
101	102	0
101	103	1
101	104	0
101	105	1
101	106	0
101	107	0
101	108	0
101	109	1
101	110	1
101	111	1
101	112	0
101	113	1
101	114	1
101	115	0
101	116	0
101	117	1
101	118	1
101	119	1
101	120	1
101	121	1
101	122	1
101	123	0
101	124	1
101	125	1
101	126	1
101	127	1
101	128	0
101	129	0
101	130	1
102	103	0
102	104	1
102	105	1
102	106	0
102	107	0
102	108	0
102	109	0
102	110	1
102	111	0
102	112	0
102	113	0
102	114	0
102	115	0
102	116	0
102	117	1
102	118	1
102	119	1
102	120	0
102	121	0
102	122	1
102	123	1
102	124	0
102	125	0
102	126	1
102	127	1
102	128	1
102	129	1
102	130	1
103	104	1
103	105	0
103	106	1
103	107	0
103	108	1
103	109	1
103	110	1
103	111	1
103	112	0
103	113	0
103	114	0
103	115	1
103	116	0
103	117	1
103	118	0
103	119	1
103	120	0
103	121	0
103	122	1
103	123	0
103	124	0
103	125	1
103	126	0
103	127	1
103	128	0
103	129	0
103	130	0
104	105	1
104	106	1
104	107	0
104	108	1
104	109	0
104	110	0
104	111	0
104	112	0
104	113	0
104	114	1
104	115	0
104	116	1
104	117	0
104	118	1
104	119	1
104	120	1
104	121	1
104	122	1
104	123	1
104	124	1
104	125	0
104	126	1
104	127	1
104	128	1
104	129	1
104	130	0
105	106	0
105	107	0
105	108	1
105	109	0
105	110	1
105	111	0
105	112	0
105	113	1
105	114	1
105	115	0
105	116	1
105	117	1
105	118	0
105	119	1
105	120	1
105	121	0
105	122	0
105	123	1
105	124	0
105	125	1
105	126	0
105	127	0
105	128	0
105	129	1
105	130	1
106	107	0
106	108	0
106	109	0
106	110	1
106	111	1
106	112	0
106	113	1
106	114	1
106	115	1
106	116	1
106	117	0
106	118	1
106	119	1
106	120	1
106	121	1
106	122	0
106	123	0
106	124	0
106	125	0
106	126	0
106	127	0
106	128	0
106	129	0
106	130	0
107	108	0
107	109	1
107	110	1
107	111	1
107	112	1
107	113	1
107	114	1
107	115	0
107	116	1
107	117	0
107	118	1
107	119	1
107	120	1
107	121	1
107	122	1
107	123	1
107	124	0
107	125	0
107	126	0
107	127	0
107	128	0
107	129	0
107	130	0
108	109	0
108	110	1
108	111	1
108	112	1
108	113	1
108	114	1
108	115	1
108	116	0
108	117	0
108	118	0
108	119	0
108	120	0
108	121	1
108	122	1
108	123	1
108	124	1
108	125	0
108	126	0
108	127	1
108	128	1
108	129	0
108	130	1
109	110	0
109	111	0
109	112	0
109	113	1
109	114	0
109	115	1
109	116	1
109	117	1
109	118	0
109	119	0
109	120	0
109	121	1
109	122	0
109	123	0
109	124	0
109	125	0
109	126	0
109	127	0
109	128	1
109	129	0
109	130	0
110	111	0
110	112	1
110	113	0
110	114	1
110	115	1
110	116	1
110	117	0
110	118	0
110	119	1
110	120	0
110	121	1
110	122	0
110	123	1
110	124	1
110	125	0
110	126	0
110	127	0
110	128	1
110	129	0
110	130	0
111	112	1
111	113	1
111	114	0
111	115	1
111	116	1
111	117	1
111	118	0
111	119	0
111	120	1
111	121	1
111	122	1
111	123	1
111	124	1
111	125	1
111	126	1
111	127	1
111	128	0
111	129	0
111	130	1
112	113	1
112	114	1
112	115	1
112	116	1
112	117	1
112	118	0
112	119	1
112	120	0
112	121	1
112	122	0
112	123	0
112	124	0
112	125	1
112	126	1
112	127	1
112	128	1
112	129	1
112	130	1
113	114	1
113	115	1
113	116	1
113	117	1
113	118	1
113	119	0
113	120	1
113	121	1
113	122	0
113	123	0
113	124	1
113	125	0
113	126	1
113	127	1
113	128	1
113	129	0
113	130	1
114	115	0
114	116	1
114	117	0
114	118	1
114	119	0
114	120	0
114	121	1
114	122	0
114	123	1
114	124	1
114	125	0
114	126	1
114	127	0
114	128	0
114	129	1
114	130	1
115	116	0
115	117	0
115	118	0
115	119	0
115	120	0
115	121	1
115	122	0
115	123	1
115	124	0
115	125	1
115	126	1
115	127	0
115	128	0
115	129	0
115	130	0
116	117	1
116	118	0
116	119	1
116	120	0
116	121	1
116	122	0
116	123	0
116	124	0
116	125	1
116	126	0
116	127	0
116	128	0
116	129	1
116	130	0
117	118	1
117	119	1
117	120	1
117	121	1
117	122	0
117	123	0
117	124	0
117	125	1
117	126	1
117	127	0
117	128	1
117	129	1
117	130	0
118	119	1
118	120	1
118	121	1
118	122	1
118	123	0
118	124	1
118	125	1
118	126	1
118	127	1
118	128	1
118	129	0
118	130	0
119	120	0
119	121	1
119	122	1
119	123	0
119	124	1
119	125	0
119	126	1
119	127	1
119	128	0
119	129	1
119	130	1
120	121	1
120	122	1
120	123	0
120	124	1
120	125	0
120	126	1
120	127	0
120	128	1
120	129	0
120	130	0
121	122	1
121	123	0
121	124	1
121	125	0
121	126	0
121	127	1
121	128	1
121	129	0
121	130	1
122	123	0
122	124	1
122	125	1
122	126	0
122	127	0
122	128	0
122	129	1
122	130	1
123	124	1
123	125	0
123	126	1
123	127	0
123	128	1
123	129	0
123	130	0
124	125	1
124	126	0
124	127	0
124	128	0
124	129	1
124	130	1
125	126	1
125	127	0
125	128	1
125	129	0
125	130	0
126	127	1
126	128	0
126	129	0
126	130	0
127	128	0
127	129	1
127	130	1
128	129	1
128	130	0
129	130	0
