130	8385	0
1	2	1
1	3	1
1	4	1
1	5	0
1	6	0
1	7	1
1	8	1
1	9	0
1	10	0
1	11	1
1	12	0
1	13	1
1	14	1
1	15	0
1	16	1
1	17	0
1	18	1
1	19	0
1	20	1
1	21	0
1	22	0
1	23	1
1	24	0
1	25	0
1	26	0
1	27	0
1	28	1
1	29	1
1	30	0
1	31	0
1	32	1
1	33	0
1	34	1
1	35	1
1	36	0
1	37	0
1	38	1
1	39	0
1	40	0
1	41	1
1	42	0
1	43	1
1	44	1
1	45	1
1	46	0
1	47	1
1	48	0
1	49	0
1	50	0
1	51	1
1	52	0
1	53	0
1	54	0
1	55	0
1	56	0
1	57	0
1	58	1
1	59	0
1	60	1
1	61	0
1	62	1
1	63	1
1	64	0
1	65	1
1	66	0
1	67	0
1	68	1
1	69	0
1	70	0
1	71	0
1	72	0
1	73	1
1	74	0
1	75	0
1	76	0
1	77	1
1	78	1
1	79	0
1	80	0
1	81	1
1	82	1
1	83	0
1	84	1
1	85	1
1	86	0
1	87	1
1	88	0
1	89	1
1	90	1
1	91	0
1	92	0
1	93	1
1	94	0
1	95	1
1	96	0
1	97	0
1	98	1
1	99	1
1	100	0
1	101	1
1	102	1
1	103	0
1	104	0
1	105	0
1	106	1
1	107	0
1	108	1
1	109	0
1	110	1
1	111	1
1	112	1
1	113	1
1	114	0
1	115	0
1	116	1
1	117	0
1	118	0
1	119	0
1	120	0
1	121	0
1	122	1
1	123	1
1	124	0
1	125	1
1	126	1
1	127	0
1	128	1
1	129	0
1	130	0
2	3	1
2	4	0
2	5	1
2	6	0
2	7	1
2	8	0
2	9	0
2	10	1
2	11	0
2	12	0
2	13	1
2	14	1
2	15	1
2	16	1
2	17	1
2	18	1
2	19	1
2	20	0
2	21	0
2	22	1
2	23	1
2	24	1
2	25	1
2	26	1
2	27	0
2	28	0
2	29	0
2	30	1
2	31	0
2	32	1
2	33	0
2	34	1
2	35	1
2	36	0
2	37	0
2	38	0
2	39	1
2	40	0
2	41	0
2	42	1
2	43	1
2	44	0
2	45	1
2	46	1
2	47	1
2	48	1
2	49	0
2	50	0
2	51	1
2	52	0
2	53	0
2	54	0
2	55	1
2	56	1
2	57	0
2	58	0
2	59	1
2	60	0
2	61	0
2	62	0
2	63	1
2	64	0
2	65	1
2	66	0
2	67	1
2	68	0
2	69	1
2	70	1
2	71	0
2	72	1
2	73	0
2	74	1
2	75	1
2	76	1
2	77	1
2	78	1
2	79	0
2	80	1
2	81	0
2	82	0
2	83	0
2	84	1
2	85	0
2	86	1
2	87	1
2	88	1
2	89	0
2	90	1
2	91	1
2	92	0
2	93	0
2	94	0
2	95	0
2	96	1
2	97	1
2	98	0
2	99	1
2	100	1
2	101	0
2	102	1
2	103	0
2	104	1
2	105	0
2	106	0
2	107	0
2	108	0
2	109	1
2	110	0
2	111	1
2	112	0
2	113	0
2	114	1
2	115	1
2	116	0
2	117	1
2	118	0
2	119	1
2	120	0
2	121	1
2	122	0
2	123	0
2	124	0
2	125	0
2	126	0
2	127	0
2	128	1
2	129	1
2	130	0
3	4	0
3	5	1
3	6	0
3	7	1
3	8	1
3	9	1
3	10	0
3	11	1
3	12	1
3	13	1
3	14	0
3	15	0
3	16	1
3	17	0
3	18	0
3	19	1
3	20	1
3	21	0
3	22	1
3	23	1
3	24	0
3	25	1
3	26	1
3	27	0
3	28	1
3	29	0
3	30	0
3	31	1
3	32	0
3	33	1
3	34	1
3	35	1
3	36	0
3	37	0
3	38	1
3	39	1
3	40	1
3	41	1
3	42	1
3	43	1
3	44	0
3	45	1
3	46	0
3	47	0
3	48	1
3	49	1
3	50	0
3	51	0
3	52	0
3	53	0
3	54	1
3	55	1
3	56	0
3	57	1
3	58	1
3	59	0
3	60	1
3	61	0
3	62	0
3	63	1
3	64	0
3	65	0
3	66	0
3	67	0
3	68	0
3	69	0
3	70	1
3	71	0
3	72	1
3	73	1
3	74	1
3	75	1
3	76	0
3	77	0
3	78	1
3	79	1
3	80	1
3	81	1
3	82	1
3	83	1
3	84	1
3	85	0
3	86	1
3	87	0
3	88	1
3	89	0
3	90	1
3	91	0
3	92	0
3	93	1
3	94	0
3	95	0
3	96	1
3	97	0
3	98	0
3	99	1
3	100	1
3	101	0
3	102	0
3	103	0
3	104	1
3	105	1
3	106	1
3	107	1
3	108	1
3	109	1
3	110	1
3	111	1
3	112	0
3	113	0
3	114	1
3	115	1
3	116	1
3	117	0
3	118	0
3	119	0
3	120	1
3	121	1
3	122	0
3	123	1
3	124	1
3	125	0
3	126	0
3	127	0
3	128	0
3	129	1
3	130	1
4	5	1
4	6	0
4	7	0
4	8	1
4	9	1
4	10	1
4	11	1
4	12	0
4	13	1
4	14	0
4	15	1
4	16	1
4	17	1
4	18	1
4	19	0
4	20	0
4	21	1
4	22	0
4	23	0
4	24	1
4	25	1
4	26	0
4	27	1
4	28	0
4	29	0
4	30	1
4	31	0
4	32	1
4	33	1
4	34	0
4	35	0
4	36	1
4	37	1
4	38	1
4	39	1
4	40	1
4	41	1
4	42	1
4	43	1
4	44	1
4	45	0
4	46	0
4	47	0
4	48	0
4	49	0
4	50	1
4	51	1
4	52	0
4	53	0
4	54	0
4	55	0
4	56	0
4	57	1
4	58	0
4	59	1
4	60	0
4	61	1
4	62	1
4	63	1
4	64	1
4	65	0
4	66	1
4	67	1
4	68	0
4	69	1
4	70	1
4	71	1
4	72	0
4	73	1
4	74	1
4	75	0
4	76	0
4	77	0
4	78	0
4	79	1
4	80	0
4	81	1
4	82	0
4	83	0
4	84	1
4	85	1
4	86	0
4	87	0
4	88	0
4	89	1
4	90	0
4	91	1
4	92	1
4	93	1
4	94	0
4	95	1
4	96	0
4	97	1
4	98	0
4	99	1
4	100	1
4	101	0
4	102	1
4	103	0
4	104	0
4	105	1
4	106	0
4	107	1
4	108	1
4	109	1
4	110	0
4	111	0
4	112	1
4	113	0
4	114	1
4	115	1
4	116	1
4	117	1
4	118	0
4	119	1
4	120	1
4	121	1
4	122	1
4	123	0
4	124	1
4	125	1
4	126	1
4	127	1
4	128	0
4	129	1
4	130	0
5	6	0
5	7	0
5	8	0
5	9	1
5	10	0
5	11	1
5	12	0
5	13	1
5	14	1
5	15	1
5	16	1
5	17	1
5	18	1
5	19	0
5	20	1
5	21	0
5	22	0
5	23	0
5	24	1
5	25	0
5	26	0
5	27	0
5	28	1
5	29	1
5	30	1
5	31	1
5	32	1
5	33	0
5	34	0
5	35	1
5	36	1
5	37	1
5	38	1
5	39	1
5	40	1
5	41	1
5	42	0
5	43	0
5	44	1
5	45	0
5	46	0
5	47	1
5	48	1
5	49	1
5	50	1
5	51	1
5	52	0
5	53	1
5	54	1
5	55	1
5	56	1
5	57	0
5	58	0
5	59	1
5	60	1
5	61	1
5	62	1
5	63	0
5	64	1
5	65	1
5	66	1
5	67	0
5	68	1
5	69	1
5	70	1
5	71	0
5	72	1
5	73	1
5	74	1
5	75	0
5	76	0
5	77	1
5	78	0
5	79	1
5	80	1
5	81	0
5	82	0
5	83	1
5	84	1
5	85	1
5	86	1
5	87	1
5	88	0
5	89	0
5	90	0
5	91	1
5	92	0
5	93	0
5	94	1
5	95	0
5	96	0
5	97	0
5	98	0
5	99	0
5	100	1
5	101	1
5	102	1
5	103	0
5	104	1
5	105	1
5	106	1
5	107	0
5	108	0
5	109	0
5	110	0
5	111	1
5	112	0
5	113	1
5	114	1
5	115	0
5	116	0
5	117	0
5	118	1
5	119	0
5	120	0
5	121	1
5	122	1
5	123	0
5	124	0
5	125	1
5	126	1
5	127	0
5	128	1
5	129	1
5	130	0
6	7	0
6	8	1
6	9	0
6	10	1
6	11	1
6	12	0
6	13	1
6	14	0
6	15	1
6	16	1
6	17	0
6	18	1
6	19	1
6	20	1
6	21	0
6	22	0
6	23	1
6	24	0
6	25	0
6	26	0
6	27	1
6	28	1
6	29	1
6	30	1
6	31	0
6	32	1
6	33	0
6	34	1
6	35	0
6	36	1
6	37	1
6	38	0
6	39	0
6	40	1
6	41	1
6	42	1
6	43	1
6	44	0
6	45	1
6	46	0
6	47	0
6	48	1
6	49	1
6	50	0
6	51	0
6	52	1
6	53	0
6	54	1
6	55	0
6	56	1
6	57	0
6	58	1
6	59	0
6	60	0
6	61	0
6	62	0
6	63	0
6	64	1
6	65	1
6	66	0
6	67	0
6	68	1
6	69	0
6	70	0
6	71	1
6	72	1
6	73	0
6	74	1
6	75	0
6	76	0
6	77	1
6	78	0
6	79	0
6	80	1
6	81	0
6	82	1
6	83	0
6	84	1
6	85	1
6	86	0
6	87	0
6	88	1
6	89	0
6	90	1
6	91	1
6	92	1
6	93	0
6	94	0
6	95	1
6	96	0
6	97	0
6	98	1
6	99	0
6	100	0
6	101	1
6	102	0
6	103	1
6	104	1
6	105	0
6	106	1
6	107	1
6	108	0
6	109	1
6	110	0
6	111	0
6	112	1
6	113	1
6	114	1
6	115	0
6	116	0
6	117	0
6	118	0
6	119	0
6	120	0
6	121	0
6	122	0
6	123	0
6	124	1
6	125	0
6	126	1
6	127	1
6	128	1
6	129	1
6	130	0
7	8	1
7	9	1
7	10	1
7	11	0
7	12	1
7	13	1
7	14	1
7	15	1
7	16	0
7	17	1
7	18	1
7	19	0
7	20	1
7	21	1
7	22	0
7	23	0
7	24	1
7	25	1
7	26	0
7	27	1
7	28	1
7	29	0
7	30	1
7	31	1
7	32	0
7	33	0
7	34	1
7	35	1
7	36	0
7	37	1
7	38	1
7	39	0
7	40	0
7	41	1
7	42	1
7	43	0
7	44	0
7	45	1
7	46	1
7	47	1
7	48	1
7	49	1
7	50	1
7	51	1
7	52	0
7	53	0
7	54	0
7	55	1
7	56	1
7	57	0
7	58	1
7	59	0
7	60	0
7	61	0
7	62	1
7	63	0
7	64	1
7	65	1
7	66	0
7	67	0
7	68	0
7	69	0
7	70	1
7	71	0
7	72	1
7	73	0
7	74	1
7	75	1
7	76	1
7	77	0
7	78	1
7	79	0
7	80	1
7	81	0
7	82	0
7	83	0
7	84	1
7	85	1
7	86	0
7	87	0
7	88	1
7	89	0
7	90	0
7	91	0
7	92	0
7	93	1
7	94	1
7	95	0
7	96	1
7	97	0
7	98	1
7	99	0
7	100	1
7	101	1
7	102	1
7	103	1
7	104	0
7	105	0
7	106	0
7	107	0
7	108	1
7	109	1
7	110	1
7	111	0
7	112	0
7	113	1
7	114	0
7	115	1
7	116	1
7	117	1
7	118	0
7	119	0
7	120	0
7	121	1
7	122	1
7	123	1
7	124	1
7	125	1
7	126	0
7	127	0
7	128	1
7	129	0
7	130	0
8	9	1
8	10	1
8	11	0
8	12	0
8	13	1
8	14	0
8	15	0
8	16	1
8	17	0
8	18	0
8	19	1
8	20	0
8	21	1
8	22	1
8	23	1
8	24	1
8	25	0
8	26	0
8	27	0
8	28	0
8	29	1
8	30	0
8	31	1
8	32	0
8	33	0
8	34	1
8	35	0
8	36	0
8	37	0
8	38	0
8	39	1
8	40	0
8	41	0
8	42	0
8	43	1
8	44	1
8	45	1
8	46	0
8	47	1
8	48	0
8	49	1
8	50	0
8	51	1
8	52	1
8	53	0
8	54	1
8	55	0
8	56	1
8	57	0
8	58	1
8	59	0
8	60	0
8	61	1
8	62	1
8	63	1
8	64	0
8	65	1
8	66	0
8	67	1
8	68	0
8	69	1
8	70	0
8	71	1
8	72	0
8	73	0
8	74	1
8	75	1
8	76	1
8	77	0
8	78	0
8	79	1
8	80	1
8	81	1
8	82	0
8	83	0
8	84	0
8	85	0
8	86	0
8	87	0
8	88	0
8	89	1
8	90	1
8	91	0
8	92	1
8	93	1
8	94	0
8	95	0
8	96	0
8	97	0
8	98	0
8	99	0
8	100	0
8	101	0
8	102	0
8	103	0
8	104	0
8	105	1
8	106	0
8	107	0
8	108	0
8	109	1
8	110	1
8	111	1
8	112	1
8	113	1
8	114	0
8	115	0
8	116	0
8	117	1
8	118	0
8	119	1
8	120	0
8	121	0
8	122	1
8	123	0
8	124	1
8	125	1
8	126	1
8	127	1
8	128	0
8	129	0
8	130	1
9	10	0
9	11	1
9	12	0
9	13	1
9	14	0
9	15	0
9	16	1
9	17	0
9	18	1
9	19	1
9	20	1
9	21	0
9	22	1
9	23	0
9	24	1
9	25	1
9	26	1
9	27	1
9	28	1
9	29	1
9	30	1
9	31	1
9	32	1
9	33	1
9	34	0
9	35	1
9	36	1
9	37	0
9	38	0
9	39	1
9	40	1
9	41	1
9	42	0
9	43	0
9	44	0
9	45	0
9	46	1
9	47	1
9	48	1
9	49	1
9	50	0
9	51	0
9	52	1
9	53	1
9	54	0
9	55	1
9	56	1
9	57	1
9	58	0
9	59	0
9	60	0
9	61	0
9	62	0
9	63	0
9	64	0
9	65	1
9	66	1
9	67	0
9	68	1
9	69	1
9	70	0
9	71	1
9	72	0
9	73	1
9	74	0
9	75	1
9	76	0
9	77	1
9	78	0
9	79	1
9	80	1
9	81	0
9	82	0
9	83	1
9	84	1
9	85	1
9	86	0
9	87	0
9	88	1
9	89	0
9	90	0
9	91	1
9	92	0
9	93	1
9	94	0
9	95	1
9	96	0
9	97	0
9	98	0
9	99	1
9	100	0
9	101	1
9	102	0
9	103	0
9	104	1
9	105	0
9	106	0
9	107	1
9	108	1
9	109	1
9	110	0
9	111	1
9	112	0
9	113	0
9	114	1
9	115	1
9	116	0
9	117	0
9	118	0
9	119	1
9	120	0
9	121	0
9	122	1
9	123	1
9	124	0
9	125	0
9	126	1
9	127	1
9	128	1
9	129	0
9	130	0
10	11	1
10	12	1
10	13	1
10	14	1
10	15	1
10	16	0
10	17	0
10	18	0
10	19	1
10	20	1
10	21	1
10	22	1
10	23	0
10	24	0
10	25	0
10	26	0
10	27	0
10	28	1
10	29	1
10	30	1
10	31	0
10	32	0
10	33	1
10	34	1
10	35	0
10	36	1
10	37	1
10	38	0
10	39	1
10	40	0
10	41	0
10	42	1
10	43	0
10	44	1
10	45	1
10	46	0
10	47	1
10	48	1
10	49	1
10	50	1
10	51	0
10	52	1
10	53	0
10	54	1
10	55	0
10	56	0
10	57	0
10	58	1
10	59	0
10	60	0
10	61	1
10	62	1
10	63	1
10	64	1
10	65	1
10	66	1
10	67	0
10	68	0
10	69	1
10	70	0
10	71	1
10	72	0
10	73	0
10	74	1
10	75	1
10	76	0
10	77	0
10	78	1
10	79	0
10	80	1
10	81	1
10	82	1
10	83	1
10	84	0
10	85	0
10	86	1
10	87	0
10	88	1
10	89	1
10	90	0
10	91	1
10	92	1
10	93	1
10	94	0
10	95	0
10	96	1
10	97	1
10	98	1
10	99	0
10	100	1
10	101	0
10	102	0
10	103	1
10	104	1
10	105	0
10	106	1
10	107	0
10	108	1
10	109	1
10	110	1
10	111	1
10	112	1
10	113	0
10	114	0
10	115	1
10	116	0
10	117	1
10	118	1
10	119	1
10	120	0
10	121	0
10	122	1
10	123	1
10	124	1
10	125	0
10	126	1
10	127	0
10	128	0
10	129	1
10	130	1
11	12	1
11	13	0
11	14	1
11	15	0
11	16	1
11	17	1
11	18	1
11	19	0
11	20	0
11	21	0
11	22	1
11	23	1
11	24	1
11	25	0
11	26	0
11	27	0
11	28	1
11	29	0
11	30	1
11	31	0
11	32	0
11	33	0
11	34	0
11	35	1
11	36	1
11	37	0
11	38	0
11	39	1
11	40	0
11	41	1
11	42	0
11	43	1
11	44	1
11	45	1
11	46	1
11	47	0
11	48	0
11	49	0
11	50	0
11	51	1
11	52	1
11	53	0
11	54	0
11	55	1
11	56	0
11	57	1
11	58	0
11	59	1
11	60	0
11	61	0
11	62	0
11	63	1
11	64	0
11	65	0
11	66	1
11	67	1
11	68	1
11	69	0
11	70	0
11	71	1
11	72	1
11	73	0
11	74	1
11	75	1
11	76	0
11	77	0
11	78	1
11	79	1
11	80	1
11	81	0
11	82	1
11	83	0
11	84	1
11	85	1
11	86	1
11	87	1
11	88	0
11	89	1
11	90	0
11	91	1
11	92	1
11	93	1
11	94	0
11	95	0
11	96	1
11	97	0
11	98	0
11	99	1
11	100	1
11	101	0
11	102	1
11	103	0
11	104	0
11	105	1
11	106	1
11	107	1
11	108	0
11	109	0
11	110	1
11	111	0
11	112	0
11	113	1
11	114	0
11	115	1
11	116	0
11	117	0
11	118	1
11	119	0
11	120	1
11	121	0
11	122	1
11	123	1
11	124	1
11	125	1
11	126	1
11	127	1
11	128	0
11	129	0
11	130	0
12	13	0
12	14	0
12	15	1
12	16	0
12	17	0
12	18	1
12	19	1
12	20	0
12	21	0
12	22	1
12	23	0
12	24	0
12	25	1
12	26	1
12	27	0
12	28	1
12	29	1
12	30	0
12	31	1
12	32	0
12	33	0
12	34	1
12	35	0
12	36	1
12	37	1
12	38	0
12	39	1
12	40	0
12	41	1
12	42	1
12	43	1
12	44	0
12	45	1
12	46	1
12	47	1
12	48	1
12	49	1
12	50	1
12	51	1
12	52	1
12	53	0
12	54	0
12	55	1
12	56	1
12	57	1
12	58	0
12	59	1
12	60	0
12	61	1
12	62	1
12	63	1
12	64	1
12	65	1
12	66	1
12	67	1
12	68	0
12	69	0
12	70	0
12	71	0
12	72	1
12	73	0
12	74	1
12	75	1
12	76	1
12	77	1
12	78	1
12	79	0
12	80	0
12	81	1
12	82	1
12	83	1
12	84	0
12	85	0
12	86	1
12	87	1
12	88	0
12	89	0
12	90	0
12	91	0
12	92	1
12	93	1
12	94	1
12	95	1
12	96	1
12	97	1
12	98	1
12	99	0
12	100	1
12	101	1
12	102	1
12	103	0
12	104	0
12	105	1
12	106	0
12	107	1
12	108	1
12	109	1
12	110	0
12	111	1
12	112	1
12	113	1
12	114	0
12	115	1
12	116	1
12	117	1
12	118	1
12	119	1
12	120	0
12	121	0
12	122	1
12	123	0
12	124	1
12	125	0
12	126	0
12	127	0
12	128	0
12	129	0
12	130	1
13	14	1
13	15	1
13	16	1
13	17	1
13	18	1
13	19	0
13	20	1
13	21	0
13	22	0
13	23	1
13	24	0
13	25	0
13	26	0
13	27	0
13	28	0
13	29	0
13	30	1
13	31	0
13	32	1
13	33	0
13	34	1
13	35	0
13	36	0
13	37	0
13	38	0
13	39	1
13	40	0
13	41	1
13	42	1
13	43	0
13	44	0
13	45	0
13	46	1
13	47	1
13	48	0
13	49	0
13	50	1
13	51	0
13	52	1
13	53	0
13	54	1
13	55	1
13	56	1
13	57	1
13	58	0
13	59	1
13	60	0
13	61	1
13	62	0
13	63	1
13	64	1
13	65	1
13	66	0
13	67	1
13	68	0
13	69	0
13	70	0
13	71	1
13	72	1
13	73	1
13	74	1
13	75	1
13	76	0
13	77	1
13	78	1
13	79	1
13	80	1
13	81	1
13	82	0
13	83	1
13	84	0
13	85	1
13	86	0
13	87	1
13	88	0
13	89	1
13	90	1
13	91	0
13	92	1
13	93	0
13	94	1
13	95	1
13	96	1
13	97	1
13	98	1
13	99	1
13	100	0
13	101	0
13	102	0
13	103	0
13	104	1
13	105	0
13	106	1
13	107	1
13	108	0
13	109	1
13	110	0
13	111	0
13	112	1
13	113	0
13	114	1
13	115	0
13	116	0
13	117	0
13	118	0
13	119	0
13	120	0
13	121	1
13	122	1
13	123	1
13	124	1
13	125	1
13	126	1
13	127	1
13	128	0
13	129	0
13	130	1
14	15	0
14	16	0
14	17	0
14	18	1
14	19	1
14	20	1
14	21	0
14	22	1
14	23	1
14	24	0
14	25	1
14	26	1
14	27	1
14	28	1
14	29	1
14	30	0
14	31	1
14	32	1
14	33	0
14	34	0
14	35	1
14	36	0
14	37	0
14	38	0
14	39	1
14	40	0
14	41	1
14	42	0
14	43	1
14	44	1
14	45	0
14	46	1
14	47	0
14	48	0
14	49	0
14	50	0
14	51	0
14	52	1
14	53	0
14	54	1
14	55	1
14	56	0
14	57	1
14	58	0
14	59	1
14	60	0
14	61	1
14	62	0
14	63	0
14	64	0
14	65	0
14	66	1
14	67	0
14	68	1
14	69	0
14	70	1
14	71	0
14	72	0
14	73	1
14	74	1
14	75	1
14	76	1
14	77	1
14	78	0
14	79	1
14	80	1
14	81	0
14	82	1
14	83	1
14	84	0
14	85	1
14	86	0
14	87	1
14	88	1
14	89	0
14	90	1
14	91	1
14	92	1
14	93	0
14	94	0
14	95	1
14	96	0
14	97	0
14	98	1
14	99	1
14	100	0
14	101	1
14	102	1
14	103	1
14	104	0
14	105	1
14	106	0
14	107	1
14	108	1
14	109	1
14	110	1
14	111	0
14	112	0
14	113	0
14	114	1
14	115	1
14	116	0
14	117	0
14	118	1
14	119	1
14	120	1
14	121	0
14	122	0
14	123	1
14	124	1
14	125	0
14	126	1
14	127	1
14	128	0
14	129	1
14	130	1
15	16	1
15	17	1
15	18	0
15	19	1
15	20	1
15	21	1
15	22	0
15	23	1
15	24	1
15	25	1
15	26	1
15	27	1
15	28	0
15	29	1
15	30	0
15	31	1
15	32	0
15	33	1
15	34	1
15	35	0
15	36	1
15	37	1
15	38	1
15	39	1
15	40	0
15	41	1
15	42	0
15	43	0
15	44	1
15	45	1
15	46	1
15	47	1
15	48	0
15	49	0
15	50	0
15	51	0
15	52	0
15	53	1
15	54	1
15	55	0
15	56	1
15	57	1
15	58	1
15	59	1
15	60	1
15	61	1
15	62	1
15	63	1
15	64	0
15	65	0
15	66	1
15	67	0
15	68	1
15	69	0
15	70	0
15	71	1
15	72	0
15	73	1
15	74	1
15	75	0
15	76	1
15	77	1
15	78	1
15	79	1
15	80	1
15	81	0
15	82	0
15	83	0
15	84	0
15	85	1
15	86	0
15	87	1
15	88	1
15	89	0
15	90	1
15	91	0
15	92	0
15	93	0
15	94	0
15	95	0
15	96	1
15	97	0
15	98	1
15	99	0
15	100	0
15	101	1
15	102	1
15	103	1
15	104	1
15	105	0
15	106	0
15	107	1
15	108	0
15	109	0
15	110	1
15	111	1
15	112	1
15	113	1
15	114	0
15	115	1
15	116	0
15	117	1
15	118	1
15	119	1
15	120	1
15	121	1
15	122	0
15	123	1
15	124	1
15	125	0
15	126	1
15	127	0
15	128	1
15	129	1
15	130	1
16	17	1
16	18	0
16	19	0
16	20	0
16	21	1
16	22	0
16	23	0
16	24	1
16	25	1
16	26	0
16	27	1
16	28	0
16	29	1
16	30	1
16	31	1
16	32	0
16	33	1
16	34	1
16	35	1
16	36	1
16	37	1
16	38	1
16	39	0
16	40	0
16	41	0
16	42	0
16	43	1
16	44	1
16	45	1
16	46	1
16	47	0
16	48	0
16	49	0
16	50	0
16	51	1
16	52	0
16	53	1
16	54	1
16	55	1
16	56	0
16	57	0
16	58	0
16	59	0
16	60	0
16	61	1
16	62	1
16	63	1
16	64	0
16	65	1
16	66	0
16	67	1
16	68	1
16	69	0
16	70	0
16	71	1
16	72	0
16	73	0
16	74	0
16	75	1
16	76	1
16	77	0
16	78	1
16	79	1
16	80	1
16	81	0
16	82	0
16	83	1
16	84	1
16	85	0
16	86	1
16	87	1
16	88	0
16	89	1
16	90	1
16	91	0
16	92	1
16	93	1
16	94	0
16	95	1
16	96	1
16	97	1
16	98	0
16	99	1
16	100	1
16	101	0
16	102	0
16	103	1
16	104	1
16	105	1
16	106	1
16	107	0
16	108	0
16	109	1
16	110	1
16	111	1
16	112	0
16	113	0
16	114	0
16	115	0
16	116	1
16	117	1
16	118	1
16	119	1
16	120	0
16	121	1
16	122	1
16	123	0
16	124	1
16	125	0
16	126	0
16	127	1
16	128	1
16	129	0
16	130	1
17	18	1
17	19	1
17	20	1
17	21	0
17	22	1
17	23	1
17	24	0
17	25	1
17	26	1
17	27	0
17	28	0
17	29	0
17	30	0
17	31	1
17	32	0
17	33	1
17	34	0
17	35	0
17	36	1
17	37	1
17	38	0
17	39	0
17	40	1
17	41	1
17	42	1
17	43	1
17	44	0
17	45	1
17	46	0
17	47	0
17	48	1
17	49	1
17	50	1
17	51	1
17	52	0
17	53	1
17	54	0
17	55	0
17	56	0
17	57	0
17	58	0
17	59	1
17	60	1
17	61	1
17	62	1
17	63	1
17	64	0
17	65	1
17	66	1
17	67	0
17	68	0
17	69	0
17	70	1
17	71	0
17	72	1
17	73	0
17	74	1
17	75	0
17	76	0
17	77	1
17	78	0
17	79	1
17	80	1
17	81	1
17	82	0
17	83	0
17	84	0
17	85	0
17	86	1
17	87	1
17	88	0
17	89	0
17	90	0
17	91	1
17	92	1
17	93	0
17	94	1
17	95	1
17	96	1
17	97	0
17	98	0
17	99	0
17	100	1
17	101	0
17	102	0
17	103	0
17	104	1
17	105	1
17	106	0
17	107	1
17	108	1
17	109	0
17	110	0
17	111	1
17	112	1
17	113	1
17	114	1
17	115	1
17	116	1
17	117	1
17	118	0
17	119	1
17	120	1
17	121	0
17	122	0
17	123	1
17	124	1
17	125	1
17	126	1
17	127	1
17	128	1
17	129	0
17	130	0
18	19	1
18	20	0
18	21	1
18	22	0
18	23	0
18	24	0
18	25	0
18	26	0
18	27	1
18	28	0
18	29	1
18	30	1
18	31	1
18	32	0
18	33	1
18	34	0
18	35	0
18	36	0
18	37	1
18	38	0
18	39	0
18	40	0
18	41	1
18	42	1
18	43	0
18	44	1
18	45	1
18	46	1
18	47	0
18	48	1
18	49	1
18	50	0
18	51	1
18	52	0
18	53	0
18	54	0
18	55	1
18	56	0
18	57	0
18	58	0
18	59	0
18	60	0
18	61	1
18	62	0
18	63	0
18	64	1
18	65	1
18	66	0
18	67	0
18	68	1
18	69	0
18	70	1
18	71	0
18	72	0
18	73	1
18	74	1
18	75	0
18	76	0
18	77	1
18	78	1
18	79	1
18	80	0
18	81	1
18	82	0
18	83	0
18	84	1
18	85	1
18	86	1
18	87	1
18	88	0
18	89	1
18	90	0
18	91	1
18	92	0
18	93	0
18	94	0
18	95	1
18	96	1
18	97	1
18	98	1
18	99	1
18	100	1
18	101	1
18	102	1
18	103	0
18	104	1
18	105	0
18	106	0
18	107	0
18	108	0
18	109	1
18	110	1
18	111	1
18	112	1
18	113	1
18	114	1
18	115	1
18	116	0
18	117	0
18	118	0
18	119	0
18	120	0
18	121	1
18	122	0
18	123	1
18	124	1
18	125	1
18	126	0
18	127	0
18	128	0
18	129	1
18	130	0
19	20	0
19	21	0
19	22	0
19	23	0
19	24	0
19	25	1
19	26	0
19	27	0
19	28	1
19	29	0
19	30	1
19	31	0
19	32	1
19	33	1
19	34	0
19	35	0
19	36	0
19	37	0
19	38	1
19	39	1
19	40	1
19	41	1
19	42	0
19	43	1
19	44	0
19	45	1
19	46	1
19	47	1
19	48	0
19	49	0
19	50	0
19	51	0
19	52	0
19	53	0
19	54	0
19	55	1
19	56	1
19	57	0
19	58	0
19	59	0
19	60	1
19	61	0
19	62	0
19	63	0
19	64	1
19	65	1
19	66	1
19	67	0
19	68	0
19	69	0
19	70	1
19	71	0
19	72	0
19	73	0
19	74	0
19	75	1
19	76	1
19	77	1
19	78	1
19	79	0
19	80	0
19	81	0
19	82	1
19	83	1
19	84	0
19	85	0
19	86	0
19	87	0
19	88	1
19	89	0
19	90	0
19	91	1
19	92	1
19	93	0
19	94	1
19	95	0
19	96	1
19	97	1
19	98	1
19	99	0
19	100	1
19	101	0
19	102	1
19	103	1
19	104	1
19	105	1
19	106	1
19	107	0
19	108	1
19	109	0
19	110	0
19	111	1
19	112	1
19	113	0
19	114	1
19	115	0
19	116	1
19	117	1
19	118	0
19	119	1
19	120	0
19	121	1
19	122	1
19	123	0
19	124	0
19	125	1
19	126	1
19	127	1
19	128	0
19	129	0
19	130	0
20	21	1
20	22	0
20	23	0
20	24	1
20	25	0
20	26	0
20	27	0
20	28	0
20	29	1
20	30	1
20	31	0
20	32	0
20	33	0
20	34	0
20	35	1
20	36	1
20	37	0
20	38	1
20	39	1
20	40	1
20	41	0
20	42	1
20	43	0
20	44	0
20	45	1
20	46	0
20	47	0
20	48	0
20	49	0
20	50	1
20	51	0
20	52	0
20	53	1
20	54	1
20	55	1
20	56	1
20	57	0
20	58	0
20	59	0
20	60	0
20	61	1
20	62	0
20	63	1
20	64	1
20	65	0
20	66	1
20	67	0
20	68	1
20	69	1
20	70	1
20	71	1
20	72	1
20	73	0
20	74	1
20	75	0
20	76	1
20	77	1
20	78	0
20	79	0
20	80	1
20	81	0
20	82	0
20	83	1
20	84	0
20	85	0
20	86	1
20	87	1
20	88	1
20	89	0
20	90	1
20	91	0
20	92	1
20	93	0
20	94	1
20	95	1
20	96	1
20	97	1
20	98	0
20	99	0
20	100	0
20	101	1
20	102	0
20	103	1
20	104	0
20	105	0
20	106	1
20	107	0
20	108	1
20	109	0
20	110	1
20	111	0
20	112	0
20	113	0
20	114	1
20	115	1
20	116	1
20	117	1
20	118	0
20	119	1
20	120	1
20	121	0
20	122	0
20	123	1
20	124	0
20	125	0
20	126	1
20	127	1
20	128	1
20	129	0
20	130	0
21	22	1
21	23	0
21	24	1
21	25	1
21	26	1
21	27	1
21	28	0
21	29	0
21	30	0
21	31	1
21	32	1
21	33	0
21	34	1
21	35	1
21	36	1
21	37	0
21	38	1
21	39	0
21	40	0
21	41	1
21	42	1
21	43	0
21	44	0
21	45	0
21	46	0
21	47	0
21	48	0
21	49	1
21	50	1
21	51	0
21	52	1
21	53	1
21	54	0
21	55	0
21	56	1
21	57	1
21	58	0
21	59	1
21	60	1
21	61	1
21	62	0
21	63	1
21	64	0
21	65	0
21	66	0
21	67	0
21	68	0
21	69	0
21	70	1
21	71	1
21	72	0
21	73	0
21	74	0
21	75	1
21	76	0
21	77	1
21	78	0
21	79	1
21	80	0
21	81	1
21	82	0
21	83	1
21	84	1
21	85	0
21	86	1
21	87	0
21	88	0
21	89	0
21	90	1
21	91	1
21	92	1
21	93	0
21	94	0
21	95	1
21	96	1
21	97	1
21	98	1
21	99	0
21	100	0
21	101	0
21	102	0
21	103	0
21	104	1
21	105	1
21	106	1
21	107	0
21	108	0
21	109	0
21	110	1
21	111	1
21	112	1
21	113	0
21	114	1
21	115	1
21	116	0
21	117	0
21	118	1
21	119	0
21	120	0
21	121	1
21	122	1
21	123	0
21	124	0
21	125	1
21	126	1
21	127	1
21	128	1
21	129	1
21	130	0
22	23	0
22	24	0
22	25	1
22	26	1
22	27	0
22	28	1
22	29	0
22	30	1
22	31	1
22	32	1
22	33	1
22	34	0
22	35	0
22	36	1
22	37	1
22	38	1
22	39	0
22	40	0
22	41	0
22	42	1
22	43	0
22	44	1
22	45	0
22	46	1
22	47	1
22	48	0
22	49	0
22	50	0
22	51	0
22	52	1
22	53	1
22	54	1
22	55	1
22	56	0
22	57	1
22	58	0
22	59	1
22	60	0
22	61	0
22	62	0
22	63	1
22	64	0
22	65	1
22	66	1
22	67	0
22	68	0
22	69	1
22	70	0
22	71	1
22	72	1
22	73	1
22	74	1
22	75	1
22	76	0
22	77	1
22	78	0
22	79	1
22	80	1
22	81	1
22	82	0
22	83	0
22	84	1
22	85	1
22	86	1
22	87	1
22	88	0
22	89	0
22	90	0
22	91	0
22	92	1
22	93	1
22	94	0
22	95	0
22	96	1
22	97	1
22	98	0
22	99	1
22	100	0
22	101	0
22	102	0
22	103	0
22	104	0
22	105	0
22	106	1
22	107	0
22	108	0
22	109	1
22	110	1
22	111	1
22	112	1
22	113	1
22	114	0
22	115	1
22	116	1
22	117	0
22	118	0
22	119	0
22	120	1
22	121	1
22	122	0
22	123	1
22	124	1
22	125	0
22	126	0
22	127	1
22	128	1
22	129	1
22	130	1
23	24	0
23	25	0
23	26	0
23	27	0
23	28	1
23	29	1
23	30	1
23	31	0
23	32	1
23	33	0
23	34	0
23	35	0
23	36	0
23	37	1
23	38	0
23	39	1
23	40	1
23	41	0
23	42	0
23	43	0
23	44	1
23	45	1
23	46	0
23	47	1
23	48	0
23	49	1
23	50	0
23	51	0
23	52	1
23	53	0
23	54	1
23	55	1
23	56	0
23	57	0
23	58	0
23	59	0
23	60	0
23	61	0
23	62	1
23	63	0
23	64	1
23	65	1
23	66	0
23	67	0
23	68	0
23	69	0
23	70	0
23	71	1
23	72	0
23	73	0
23	74	0
23	75	1
23	76	0
23	77	0
23	78	1
23	79	0
23	80	1
23	81	0
23	82	1
23	83	0
23	84	0
23	85	1
23	86	1
23	87	1
23	88	0
23	89	0
23	90	0
23	91	0
23	92	0
23	93	1
23	94	0
23	95	1
23	96	1
23	97	0
23	98	1
23	99	1
23	100	1
23	101	1
23	102	0
23	103	0
23	104	0
23	105	1
23	106	0
23	107	1
23	108	0
23	109	0
23	110	1
23	111	0
23	112	0
23	113	1
23	114	0
23	115	1
23	116	1
23	117	1
23	118	1
23	119	0
23	120	1
23	121	0
23	122	1
23	123	0
23	124	1
23	125	0
23	126	1
23	127	0
23	128	0
23	129	1
23	130	1
24	25	1
24	26	0
24	27	1
24	28	0
24	29	0
24	30	0
24	31	1
24	32	0
24	33	0
24	34	1
24	35	0
24	36	1
24	37	0
24	38	0
24	39	1
24	40	1
24	41	1
24	42	1
24	43	0
24	44	0
24	45	0
24	46	0
24	47	0
24	48	0
24	49	1
24	50	0
24	51	1
24	52	0
24	53	0
24	54	0
24	55	0
24	56	1
24	57	0
24	58	0
24	59	0
24	60	1
24	61	0
24	62	0
24	63	0
24	64	0
24	65	0
24	66	0
24	67	0
24	68	1
24	69	1
24	70	0
24	71	1
24	72	1
24	73	1
24	74	1
24	75	1
24	76	0
24	77	1
24	78	0
24	79	0
24	80	0
24	81	0
24	82	0
24	83	0
24	84	1
24	85	0
24	86	1
24	87	1
24	88	1
24	89	0
24	90	0
24	91	1
24	92	1
24	93	0
24	94	1
24	95	1
24	96	1
24	97	0
24	98	1
24	99	0
24	100	0
24	101	0
24	102	0
24	103	0
24	104	0
24	105	0
24	106	0
24	107	0
24	108	1
24	109	1
24	110	1
24	111	1
24	112	1
24	113	1
24	114	0
24	115	1
24	116	1
24	117	0
24	118	1
24	119	0
24	120	0
24	121	0
24	122	0
24	123	0
24	124	1
24	125	0
24	126	0
24	127	1
24	128	0
24	129	1
24	130	0
25	26	1
25	27	1
25	28	1
25	29	1
25	30	1
25	31	0
25	32	1
25	33	1
25	34	1
25	35	0
25	36	1
25	37	1
25	38	0
25	39	0
25	40	1
25	41	0
25	42	0
25	43	0
25	44	1
25	45	1
25	46	1
25	47	0
25	48	1
25	49	1
25	50	0
25	51	0
25	52	0
25	53	0
25	54	0
25	55	0
25	56	1
25	57	1
25	58	1
25	59	1
25	60	0
25	61	1
25	62	1
25	63	0
25	64	0
25	65	0
25	66	1
25	67	0
25	68	1
25	69	1
25	70	1
25	71	1
25	72	0
25	73	1
25	74	0
25	75	0
25	76	0
25	77	1
25	78	0
25	79	0
25	80	1
25	81	0
25	82	0
25	83	0
25	84	1
25	85	1
25	86	1
25	87	0
25	88	1
25	89	1
25	90	0
25	91	1
25	92	1
25	93	1
25	94	1
25	95	1
25	96	1
25	97	1
25	98	0
25	99	0
25	100	1
25	101	0
25	102	0
25	103	0
25	104	0
25	105	0
25	106	1
25	107	0
25	108	1
25	109	0
25	110	1
25	111	0
25	112	0
25	113	1
25	114	1
25	115	1
25	116	1
25	117	1
25	118	1
25	119	1
25	120	0
25	121	0
25	122	0
25	123	0
25	124	0
25	125	0
25	126	0
25	127	0
25	128	1
25	129	1
25	130	0
26	27	0
26	28	1
26	29	0
26	30	0
26	31	1
26	32	0
26	33	1
26	34	0
26	35	0
26	36	1
26	37	1
26	38	1
26	39	1
26	40	0
26	41	1
26	42	1
26	43	1
26	44	0
26	45	1
26	46	1
26	47	1
26	48	1
26	49	1
26	50	0
26	51	0
26	52	0
26	53	1
26	54	0
26	55	0
26	56	0
26	57	0
26	58	1
26	59	0
26	60	1
26	61	0
26	62	0
26	63	1
26	64	1
26	65	1
26	66	0
26	67	1
26	68	0
26	69	1
26	70	0
26	71	1
26	72	0
26	73	1
26	74	1
26	75	0
26	76	0
26	77	1
26	78	0
26	79	1
26	80	1
26	81	0
26	82	0
26	83	0
26	84	1
26	85	1
26	86	1
26	87	0
26	88	0
26	89	1
26	90	0
26	91	1
26	92	0
26	93	1
26	94	0
26	95	1
26	96	0
26	97	1
26	98	0
26	99	1
26	100	0
26	101	0
26	102	0
26	103	1
26	104	0
26	105	1
26	106	1
26	107	0
26	108	1
26	109	0
26	110	0
26	111	1
26	112	1
26	113	0
26	114	1
26	115	1
26	116	0
26	117	1
26	118	0
26	119	1
26	120	0
26	121	1
26	122	0
26	123	0
26	124	0
26	125	0
26	126	1
26	127	1
26	128	0
26	129	1
26	130	1
27	28	1
27	29	1
27	30	0
27	31	0
27	32	0
27	33	1
27	34	0
27	35	1
27	36	1
27	37	1
27	38	1
27	39	0
27	40	1
27	41	1
27	42	1
27	43	1
27	44	1
27	45	1
27	46	0
27	47	1
27	48	1
27	49	1
27	50	1
27	51	1
27	52	1
27	53	0
27	54	0
27	55	1
27	56	1
27	57	0
27	58	0
27	59	1
27	60	1
27	61	1
27	62	1
27	63	1
27	64	1
27	65	1
27	66	1
27	67	0
27	68	1
27	69	0
27	70	1
27	71	0
27	72	1
27	73	1
27	74	0
27	75	0
27	76	0
27	77	1
27	78	0
27	79	0
27	80	0
27	81	0
27	82	1
27	83	1
27	84	0
27	85	1
27	86	0
27	87	1
27	88	1
27	89	0
27	90	0
27	91	1
27	92	1
27	93	1
27	94	1
27	95	0
27	96	1
27	97	1
27	98	0
27	99	0
27	100	1
27	101	1
27	102	1
27	103	0
27	104	1
27	105	1
27	106	1
27	107	1
27	108	0
27	109	1
27	110	0
27	111	1
27	112	0
27	113	0
27	114	0
27	115	0
27	116	1
27	117	0
27	118	1
27	119	1
27	120	1
27	121	0
27	122	1
27	123	1
27	124	1
27	125	1
27	126	0
27	127	0
27	128	1
27	129	0
27	130	1
28	29	1
28	30	1
28	31	1
28	32	1
28	33	1
28	34	1
28	35	0
28	36	0
28	37	1
28	38	1
28	39	0
28	40	0
28	41	0
28	42	0
28	43	1
28	44	1
28	45	1
28	46	0
28	47	1
28	48	1
28	49	0
28	50	1
28	51	1
28	52	1
28	53	1
28	54	0
28	55	0
28	56	0
28	57	1
28	58	1
28	59	0
28	60	1
28	61	1
28	62	1
28	63	0
28	64	1
28	65	0
28	66	0
28	67	1
28	68	0
28	69	1
28	70	0
28	71	1
28	72	1
28	73	1
28	74	1
28	75	1
28	76	1
28	77	0
28	78	0
28	79	1
28	80	0
28	81	0
28	82	0
28	83	0
28	84	0
28	85	0
28	86	0
28	87	1
28	88	1
28	89	0
28	90	1
28	91	0
28	92	1
28	93	0
28	94	1
28	95	1
28	96	0
28	97	0
28	98	0
28	99	0
28	100	1
28	101	1
28	102	0
28	103	0
28	104	0
28	105	0
28	106	0
28	107	1
28	108	0
28	109	0
28	110	0
28	111	0
28	112	1
28	113	1
28	114	1
28	115	1
28	116	1
28	117	1
28	118	0
28	119	1
28	120	0
28	121	1
28	122	1
28	123	1
28	124	1
28	125	0
28	126	1
28	127	0
28	128	0
28	129	0
28	130	1
29	30	1
29	31	1
29	32	0
29	33	0
29	34	0
29	35	1
29	36	1
29	37	1
29	38	0
29	39	1
29	40	1
29	41	0
29	42	0
29	43	0
29	44	0
29	45	0
29	46	1
29	47	0
29	48	1
29	49	1
29	50	1
29	51	0
29	52	1
29	53	1
29	54	1
29	55	1
29	56	1
29	57	0
29	58	1
29	59	0
29	60	0
29	61	0
29	62	1
29	63	1
29	64	0
29	65	1
29	66	0
29	67	1
29	68	1
29	69	0
29	70	1
29	71	1
29	72	0
29	73	0
29	74	1
29	75	1
29	76	0
29	77	0
29	78	0
29	79	1
29	80	1
29	81	1
29	82	0
29	83	1
29	84	0
29	85	1
29	86	1
29	87	0
29	88	0
29	89	1
29	90	1
29	91	1
29	92	0
29	93	1
29	94	1
29	95	0
29	96	1
29	97	0
29	98	1
29	99	1
29	100	1
29	101	0
29	102	0
29	103	0
29	104	0
29	105	1
29	106	1
29	107	0
29	108	1
29	109	0
29	110	0
29	111	0
29	112	0
29	113	0
29	114	0
29	115	0
29	116	0
29	117	1
29	118	1
29	119	0
29	120	0
29	121	0
29	122	0
29	123	1
29	124	1
29	125	1
29	126	0
29	127	0
29	128	1
29	129	0
29	130	1
30	31	1
30	32	0
30	33	1
30	34	1
30	35	0
30	36	1
30	37	1
30	38	1
30	39	1
30	40	1
30	41	1
30	42	1
30	43	0
30	44	0
30	45	0
30	46	1
30	47	0
30	48	1
30	49	0
30	50	0
30	51	0
30	52	0
30	53	1
30	54	1
30	55	1
30	56	0
30	57	0
30	58	0
30	59	1
30	60	1
30	61	0
30	62	1
30	63	1
30	64	1
30	65	1
30	66	1
30	67	1
30	68	1
30	69	1
30	70	0
30	71	1
30	72	1
30	73	0
30	74	0
30	75	1
30	76	0
30	77	0
30	78	0
30	79	1
30	80	1
30	81	0
30	82	1
30	83	0
30	84	1
30	85	0
30	86	0
30	87	0
30	88	1
30	89	1
30	90	1
30	91	0
30	92	0
30	93	1
30	94	0
30	95	1
30	96	1
30	97	1
30	98	0
30	99	0
30	100	1
30	101	0
30	102	0
30	103	1
30	104	0
30	105	0
30	106	1
30	107	1
30	108	1
30	109	0
30	110	1
30	111	0
30	112	1
30	113	0
30	114	1
30	115	0
30	116	0
30	117	0
30	118	0
30	119	1
30	120	1
30	121	0
30	122	0
30	123	1
30	124	0
30	125	1
30	126	1
30	127	1
30	128	1
30	129	0
30	130	0
31	32	0
31	33	1
31	34	0
31	35	0
31	36	0
31	37	0
31	38	1
31	39	0
31	40	0
31	41	0
31	42	1
31	43	0
31	44	1
31	45	1
31	46	1
31	47	0
31	48	1
31	49	0
31	50	1
31	51	1
31	52	0
31	53	0
31	54	1
31	55	0
31	56	1
31	57	1
31	58	1
31	59	0
31	60	0
31	61	0
31	62	0
31	63	1
31	64	1
31	65	1
31	66	1
31	67	0
31	68	1
31	69	1
31	70	1
31	71	0
31	72	0
31	73	0
31	74	0
31	75	0
31	76	1
31	77	0
31	78	1
31	79	1
31	80	1
31	81	0
31	82	1
31	83	1
31	84	1
31	85	1
31	86	1
31	87	1
31	88	0
31	89	1
31	90	1
31	91	1
31	92	1
31	93	1
31	94	1
31	95	1
31	96	1
31	97	0
31	98	0
31	99	0
31	100	0
31	101	0
31	102	0
31	103	1
31	104	1
31	105	1
31	106	1
31	107	1
31	108	0
31	109	0
31	110	1
31	111	1
31	112	0
31	113	1
31	114	0
31	115	1
31	116	1
31	117	1
31	118	0
31	119	1
31	120	0
31	121	1
31	122	1
31	123	0
31	124	0
31	125	0
31	126	0
31	127	0
31	128	0
31	129	1
31	130	1
32	33	0
32	34	0
32	35	1
32	36	1
32	37	1
32	38	0
32	39	0
32	40	1
32	41	1
32	42	1
32	43	1
32	44	1
32	45	1
32	46	1
32	47	1
32	48	1
32	49	0
32	50	0
32	51	0
32	52	0
32	53	0
32	54	0
32	55	0
32	56	1
32	57	1
32	58	0
32	59	0
32	60	1
32	61	0
32	62	1
32	63	0
32	64	0
32	65	0
32	66	0
32	67	0
32	68	1
32	69	0
32	70	1
32	71	0
32	72	1
32	73	1
32	74	0
32	75	0
32	76	0
32	77	1
32	78	1
32	79	0
32	80	1
32	81	0
32	82	1
32	83	0
32	84	1
32	85	1
32	86	1
32	87	1
32	88	0
32	89	1
32	90	1
32	91	1
32	92	0
32	93	1
32	94	1
32	95	1
32	96	1
32	97	0
32	98	0
32	99	0
32	100	0
32	101	1
32	102	1
32	103	0
32	104	0
32	105	0
32	106	1
32	107	0
32	108	0
32	109	1
32	110	0
32	111	0
32	112	1
32	113	0
32	114	0
32	115	1
32	116	0
32	117	1
32	118	1
32	119	1
32	120	1
32	121	1
32	122	1
32	123	0
32	124	1
32	125	1
32	126	1
32	127	1
32	128	1
32	129	0
32	130	1
33	34	1
33	35	1
33	36	1
33	37	0
33	38	1
33	39	0
33	40	0
33	41	1
33	42	0
33	43	0
33	44	0
33	45	0
33	46	1
33	47	0
33	48	1
33	49	1
33	50	1
33	51	1
33	52	0
33	53	1
33	54	1
33	55	0
33	56	0
33	57	0
33	58	0
33	59	0
33	60	1
33	61	0
33	62	1
33	63	1
33	64	1
33	65	1
33	66	0
33	67	1
33	68	1
33	69	1
33	70	1
33	71	0
33	72	1
33	73	1
33	74	1
33	75	1
33	76	1
33	77	1
33	78	0
33	79	1
33	80	1
33	81	0
33	82	0
33	83	0
33	84	1
33	85	0
33	86	1
33	87	1
33	88	0
33	89	0
33	90	0
33	91	0
33	92	1
33	93	1
33	94	1
33	95	1
33	96	0
33	97	0
33	98	1
33	99	0
33	100	1
33	101	1
33	102	0
33	103	1
33	104	0
33	105	1
33	106	1
33	107	1
33	108	1
33	109	1
33	110	0
33	111	1
33	112	0
33	113	0
33	114	0
33	115	1
33	116	0
33	117	0
33	118	1
33	119	0
33	120	1
33	121	1
33	122	0
33	123	0
33	124	1
33	125	0
33	126	0
33	127	1
33	128	1
33	129	0
33	130	1
34	35	1
34	36	0
34	37	0
34	38	0
34	39	1
34	40	0
34	41	1
34	42	0
34	43	1
34	44	1
34	45	0
34	46	0
34	47	1
34	48	1
34	49	0
34	50	1
34	51	1
34	52	0
34	53	0
34	54	0
34	55	0
34	56	1
34	57	0
34	58	1
34	59	0
34	60	0
34	61	1
34	62	0
34	63	1
34	64	1
34	65	0
34	66	1
34	67	1
34	68	1
34	69	1
34	70	0
34	71	0
34	72	0
34	73	1
34	74	1
34	75	0
34	76	0
34	77	1
34	78	0
34	79	0
34	80	1
34	81	0
34	82	1
34	83	0
34	84	0
34	85	0
34	86	1
34	87	1
34	88	1
34	89	0
34	90	0
34	91	0
34	92	0
34	93	1
34	94	0
34	95	1
34	96	0
34	97	1
34	98	0
34	99	0
34	100	1
34	101	0
34	102	1
34	103	1
34	104	1
34	105	1
34	106	0
34	107	1
34	108	0
34	109	0
34	110	0
34	111	1
34	112	1
34	113	0
34	114	0
34	115	0
34	116	1
34	117	1
34	118	0
34	119	1
34	120	0
34	121	0
34	122	0
34	123	1
34	124	1
34	125	0
34	126	1
34	127	0
34	128	1
34	129	0
34	130	0
35	36	0
35	37	0
35	38	1
35	39	0
35	40	0
35	41	0
35	42	0
35	43	1
35	44	0
35	45	1
35	46	0
35	47	1
35	48	0
35	49	1
35	50	1
35	51	1
35	52	1
35	53	1
35	54	1
35	55	1
35	56	0
35	57	1
35	58	1
35	59	0
35	60	0
35	61	1
35	62	1
35	63	1
35	64	0
35	65	1
35	66	1
35	67	1
35	68	1
35	69	1
35	70	0
35	71	0
35	72	0
35	73	1
35	74	1
35	75	0
35	76	1
35	77	1
35	78	1
35	79	1
35	80	1
35	81	1
35	82	1
35	83	1
35	84	0
35	85	0
35	86	0
35	87	1
35	88	0
35	89	0
35	90	0
35	91	0
35	92	0
35	93	0
35	94	0
35	95	0
35	96	0
35	97	1
35	98	1
35	99	0
35	100	1
35	101	0
35	102	1
35	103	0
35	104	1
35	105	1
35	106	1
35	107	1
35	108	1
35	109	1
35	110	1
35	111	1
35	112	0
35	113	0
35	114	0
35	115	1
35	116	0
35	117	0
35	118	0
35	119	0
35	120	0
35	121	0
35	122	1
35	123	1
35	124	0
35	125	0
35	126	1
35	127	0
35	128	1
35	129	0
35	130	1
36	37	0
36	38	0
36	39	1
36	40	1
36	41	1
36	42	1
36	43	1
36	44	1
36	45	0
36	46	0
36	47	1
36	48	0
36	49	1
36	50	1
36	51	0
36	52	0
36	53	1
36	54	1
36	55	1
36	56	0
36	57	1
36	58	1
36	59	1
36	60	1
36	61	1
36	62	0
36	63	1
36	64	0
36	65	0
36	66	0
36	67	1
36	68	0
36	69	0
36	70	1
36	71	0
36	72	0
36	73	1
36	74	0
36	75	0
36	76	0
36	77	0
36	78	0
36	79	1
36	80	1
36	81	0
36	82	1
36	83	0
36	84	1
36	85	0
36	86	0
36	87	1
36	88	0
36	89	0
36	90	0
36	91	0
36	92	0
36	93	0
36	94	0
36	95	0
36	96	0
36	97	1
36	98	0
36	99	1
36	100	0
36	101	1
36	102	0
36	103	0
36	104	1
36	105	0
36	106	0
36	107	1
36	108	0
36	109	1
36	110	0
36	111	0
36	112	0
36	113	0
36	114	1
36	115	0
36	116	0
36	117	1
36	118	1
36	119	1
36	120	0
36	121	0
36	122	1
36	123	1
36	124	0
36	125	1
36	126	0
36	127	1
36	128	1
36	129	1
36	130	1
37	38	1
37	39	0
37	40	1
37	41	0
37	42	1
37	43	1
37	44	1
37	45	0
37	46	1
37	47	0
37	48	1
37	49	0
37	50	1
37	51	0
37	52	1
37	53	0
37	54	0
37	55	1
37	56	1
37	57	0
37	58	1
37	59	1
37	60	0
37	61	1
37	62	1
37	63	0
37	64	1
37	65	1
37	66	1
37	67	0
37	68	1
37	69	0
37	70	0
37	71	1
37	72	1
37	73	0
37	74	0
37	75	0
37	76	1
37	77	1
37	78	0
37	79	1
37	80	1
37	81	1
37	82	0
37	83	1
37	84	1
37	85	1
37	86	1
37	87	0
37	88	0
37	89	0
37	90	1
37	91	0
37	92	0
37	93	0
37	94	0
37	95	1
37	96	0
37	97	0
37	98	0
37	99	1
37	100	0
37	101	1
37	102	0
37	103	1
37	104	0
37	105	1
37	106	1
37	107	1
37	108	0
37	109	1
37	110	1
37	111	1
37	112	0
37	113	0
37	114	1
37	115	0
37	116	0
37	117	0
37	118	0
37	119	1
37	120	1
37	121	1
37	122	0
37	123	0
37	124	1
37	125	0
37	126	0
37	127	0
37	128	0
37	129	0
37	130	1
38	39	0
38	40	1
38	41	0
38	42	0
38	43	0
38	44	0
38	45	1
38	46	1
38	47	0
38	48	1
38	49	1
38	50	0
38	51	1
38	52	1
38	53	1
38	54	0
38	55	0
38	56	1
38	57	1
38	58	1
38	59	1
38	60	1
38	61	0
38	62	1
38	63	0
38	64	1
38	65	0
38	66	0
38	67	0
38	68	1
38	69	0
38	70	1
38	71	0
38	72	0
38	73	1
38	74	0
38	75	1
38	76	0
38	77	1
38	78	0
38	79	0
38	80	0
38	81	1
38	82	1
38	83	0
38	84	1
38	85	0
38	86	1
38	87	1
38	88	0
38	89	0
38	90	1
38	91	1
38	92	0
38	93	0
38	94	0
38	95	1
38	96	0
38	97	1
38	98	0
38	99	0
38	100	1
38	101	1
38	102	0
38	103	0
38	104	1
38	105	0
38	106	1
38	107	1
38	108	0
38	109	0
38	110	1
38	111	1
38	112	1
38	113	0
38	114	1
38	115	1
38	116	1
38	117	1
38	118	1
38	119	0
38	120	0
38	121	1
38	122	1
38	123	1
38	124	0
38	125	0
38	126	0
38	127	0
38	128	1
38	129	1
38	130	0
39	40	0
39	41	0
39	42	0
39	43	1
39	44	1
39	45	1
39	46	0
39	47	0
39	48	1
39	49	1
39	50	1
39	51	0
39	52	1
39	53	1
39	54	0
39	55	0
39	56	0
39	57	0
39	58	1
39	59	1
39	60	0
39	61	1
39	62	0
39	63	1
39	64	0
39	65	1
39	66	0
39	67	1
39	68	1
39	69	0
39	70	1
39	71	0
39	72	0
39	73	0
39	74	1
39	75	0
39	76	0
39	77	0
39	78	1
39	79	0
39	80	1
39	81	1
39	82	1
39	83	1
39	84	1
39	85	0
39	86	0
39	87	1
39	88	1
39	89	1
39	90	1
39	91	0
39	92	0
39	93	1
39	94	0
39	95	0
39	96	1
39	97	0
39	98	0
39	99	1
39	100	1
39	101	1
39	102	0
39	103	0
39	104	1
39	105	1
39	106	1
39	107	0
39	108	0
39	109	1
39	110	1
39	111	0
39	112	1
39	113	0
39	114	0
39	115	0
39	116	0
39	117	1
39	118	1
39	119	0
39	120	1
39	121	1
39	122	0
39	123	0
39	124	1
39	125	1
39	126	0
39	127	0
39	128	1
39	129	0
39	130	0
40	41	0
40	42	1
40	43	1
40	44	0
40	45	1
40	46	1
40	47	0
40	48	1
40	49	1
40	50	0
40	51	1
40	52	0
40	53	1
40	54	0
40	55	0
40	56	1
40	57	0
40	58	1
40	59	0
40	60	1
40	61	1
40	62	0
40	63	0
40	64	0
40	65	1
40	66	1
40	67	1
40	68	1
40	69	1
40	70	1
40	71	1
40	72	0
40	73	1
40	74	1
40	75	1
40	76	1
40	77	0
40	78	0
40	79	1
40	80	0
40	81	0
40	82	0
40	83	0
40	84	1
40	85	0
40	86	1
40	87	1
40	88	0
40	89	0
40	90	1
40	91	0
40	92	1
40	93	1
40	94	0
40	95	1
40	96	1
40	97	1
40	98	0
40	99	0
40	100	0
40	101	1
40	102	1
40	103	0
40	104	1
40	105	0
40	106	1
40	107	1
40	108	0
40	109	1
40	110	1
40	111	0
40	112	1
40	113	1
40	114	1
40	115	0
40	116	1
40	117	1
40	118	1
40	119	0
40	120	0
40	121	0
40	122	1
40	123	1
40	124	1
40	125	1
40	126	0
40	127	1
40	128	1
40	129	1
40	130	0
41	42	1
41	43	0
41	44	1
41	45	0
41	46	1
41	47	0
41	48	1
41	49	0
41	50	0
41	51	0
41	52	1
41	53	1
41	54	1
41	55	1
41	56	1
41	57	0
41	58	1
41	59	0
41	60	1
41	61	0
41	62	1
41	63	1
41	64	1
41	65	1
41	66	1
41	67	0
41	68	1
41	69	0
41	70	0
41	71	1
41	72	1
41	73	0
41	74	1
41	75	0
41	76	0
41	77	0
41	78	0
41	79	0
41	80	0
41	81	1
41	82	0
41	83	0
41	84	1
41	85	1
41	86	0
41	87	1
41	88	1
41	89	0
41	90	1
41	91	1
41	92	0
41	93	0
41	94	1
41	95	0
41	96	1
41	97	0
41	98	1
41	99	1
41	100	1
41	101	1
41	102	1
41	103	0
41	104	0
41	105	0
41	106	1
41	107	0
41	108	1
41	109	1
41	110	1
41	111	0
41	112	0
41	113	1
41	114	1
41	115	1
41	116	0
41	117	0
41	118	1
41	119	0
41	120	0
41	121	0
41	122	1
41	123	1
41	124	1
41	125	0
41	126	0
41	127	0
41	128	1
41	129	1
41	130	0
42	43	1
42	44	0
42	45	0
42	46	1
42	47	0
42	48	0
42	49	1
42	50	1
42	51	1
42	52	0
42	53	1
42	54	1
42	55	0
42	56	0
42	57	1
42	58	1
42	59	1
42	60	0
42	61	1
42	62	0
42	63	1
42	64	0
42	65	0
42	66	0
42	67	0
42	68	0
42	69	1
42	70	1
42	71	1
42	72	0
42	73	0
42	74	1
42	75	1
42	76	0
42	77	0
42	78	1
42	79	0
42	80	0
42	81	1
42	82	0
42	83	1
42	84	1
42	85	0
42	86	0
42	87	0
42	88	1
42	89	0
42	90	0
42	91	1
42	92	1
42	93	0
42	94	0
42	95	1
42	96	0
42	97	0
42	98	0
42	99	0
42	100	0
42	101	1
42	102	0
42	103	1
42	104	0
42	105	0
42	106	0
42	107	1
42	108	0
42	109	0
42	110	1
42	111	0
42	112	1
42	113	0
42	114	0
42	115	0
42	116	1
42	117	1
42	118	0
42	119	1
42	120	1
42	121	0
42	122	1
42	123	0
42	124	0
42	125	0
42	126	1
42	127	0
42	128	1
42	129	0
42	130	0
43	44	0
43	45	1
43	46	0
43	47	1
43	48	0
43	49	0
43	50	0
43	51	1
43	52	1
43	53	1
43	54	0
43	55	0
43	56	0
43	57	0
43	58	0
43	59	1
43	60	1
43	61	1
43	62	1
43	63	1
43	64	0
43	65	0
43	66	1
43	67	1
43	68	0
43	69	0
43	70	1
43	71	1
43	72	0
43	73	1
43	74	1
43	75	0
43	76	0
43	77	0
43	78	0
43	79	0
43	80	1
43	81	0
43	82	1
43	83	1
43	84	0
43	85	1
43	86	0
43	87	0
43	88	1
43	89	0
43	90	0
43	91	0
43	92	0
43	93	1
43	94	1
43	95	1
43	96	0
43	97	1
43	98	1
43	99	1
43	100	1
43	101	1
43	102	0
43	103	0
43	104	0
43	105	0
43	106	0
43	107	0
43	108	0
43	109	1
43	110	0
43	111	0
43	112	1
43	113	1
43	114	0
43	115	1
43	116	0
43	117	0
43	118	0
43	119	0
43	120	0
43	121	0
43	122	1
43	123	0
43	124	1
43	125	1
43	126	1
43	127	0
43	128	0
43	129	1
43	130	0
44	45	1
44	46	1
44	47	1
44	48	1
44	49	0
44	50	1
44	51	0
44	52	0
44	53	0
44	54	1
44	55	0
44	56	0
44	57	0
44	58	0
44	59	0
44	60	1
44	61	0
44	62	0
44	63	0
44	64	0
44	65	1
44	66	1
44	67	1
44	68	0
44	69	0
44	70	1
44	71	0
44	72	0
44	73	1
44	74	0
44	75	1
44	76	1
44	77	1
44	78	1
44	79	0
44	80	1
44	81	0
44	82	0
44	83	1
44	84	0
44	85	0
44	86	0
44	87	1
44	88	0
44	89	0
44	90	0
44	91	0
44	92	0
44	93	1
44	94	1
44	95	0
44	96	1
44	97	1
44	98	1
44	99	1
44	100	1
44	101	0
44	102	0
44	103	0
44	104	0
44	105	0
44	106	0
44	107	0
44	108	1
44	109	1
44	110	1
44	111	0
44	112	0
44	113	1
44	114	0
44	115	1
44	116	0
44	117	1
44	118	1
44	119	1
44	120	0
44	121	1
44	122	1
44	123	0
44	124	0
44	125	1
44	126	1
44	127	0
44	128	0
44	129	1
44	130	0
45	46	0
45	47	1
45	48	0
45	49	1
45	50	1
45	51	0
45	52	1
45	53	0
45	54	0
45	55	0
45	56	0
45	57	1
45	58	0
45	59	0
45	60	0
45	61	0
45	62	1
45	63	0
45	64	0
45	65	1
45	66	0
45	67	1
45	68	0
45	69	1
45	70	1
45	71	0
45	72	1
45	73	1
45	74	0
45	75	0
45	76	0
45	77	1
45	78	1
45	79	0
45	80	0
45	81	1
45	82	0
45	83	1
45	84	0
45	85	1
45	86	1
45	87	0
45	88	1
45	89	1
45	90	0
45	91	1
45	92	1
45	93	1
45	94	0
45	95	0
45	96	1
45	97	1
45	98	0
45	99	1
45	100	1
45	101	0
45	102	1
45	103	0
45	104	1
45	105	0
45	106	0
45	107	1
45	108	1
45	109	0
45	110	0
45	111	1
45	112	1
45	113	1
45	114	1
45	115	1
45	116	0
45	117	0
45	118	1
45	119	0
45	120	0
45	121	0
45	122	1
45	123	1
45	124	0
45	125	1
45	126	0
45	127	0
45	128	0
45	129	0
45	130	0
46	47	0
46	48	1
46	49	1
46	50	0
46	51	0
46	52	1
46	53	0
46	54	1
46	55	0
46	56	1
46	57	1
46	58	1
46	59	0
46	60	1
46	61	0
46	62	1
46	63	0
46	64	1
46	65	0
46	66	1
46	67	1
46	68	0
46	69	1
46	70	1
46	71	0
46	72	0
46	73	1
46	74	0
46	75	0
46	76	1
46	77	1
46	78	0
46	79	0
46	80	1
46	81	0
46	82	1
46	83	0
46	84	1
46	85	0
46	86	0
46	87	0
46	88	0
46	89	1
46	90	0
46	91	0
46	92	1
46	93	1
46	94	1
46	95	1
46	96	1
46	97	0
46	98	1
46	99	1
46	100	0
46	101	1
46	102	0
46	103	1
46	104	0
46	105	1
46	106	1
46	107	1
46	108	0
46	109	0
46	110	1
46	111	1
46	112	0
46	113	0
46	114	1
46	115	0
46	116	1
46	117	1
46	118	1
46	119	0
46	120	1
46	121	0
46	122	0
46	123	1
46	124	0
46	125	0
46	126	1
46	127	1
46	128	1
46	129	0
46	130	0
47	48	1
47	49	0
47	50	1
47	51	1
47	52	0
47	53	1
47	54	1
47	55	0
47	56	0
47	57	0
47	58	0
47	59	1
47	60	1
47	61	1
47	62	0
47	63	0
47	64	0
47	65	0
47	66	0
47	67	1
47	68	0
47	69	1
47	70	1
47	71	1
47	72	1
47	73	1
47	74	1
47	75	0
47	76	0
47	77	0
47	78	0
47	79	0
47	80	0
47	81	0
47	82	1
47	83	1
47	84	0
47	85	1
47	86	1
47	87	1
47	88	0
47	89	0
47	90	0
47	91	1
47	92	1
47	93	1
47	94	0
47	95	0
47	96	0
47	97	0
47	98	1
47	99	0
47	100	1
47	101	1
47	102	0
47	103	0
47	104	1
47	105	0
47	106	0
47	107	0
47	108	1
47	109	1
47	110	0
47	111	1
47	112	0
47	113	1
47	114	0
47	115	0
47	116	0
47	117	1
47	118	1
47	119	0
47	120	1
47	121	1
47	122	0
47	123	1
47	124	0
47	125	0
47	126	1
47	127	1
47	128	0
47	129	0
47	130	0
48	49	0
48	50	0
48	51	0
48	52	0
48	53	0
48	54	0
48	55	1
48	56	0
48	57	0
48	58	1
48	59	0
48	60	1
48	61	1
48	62	1
48	63	1
48	64	1
48	65	0
48	66	0
48	67	1
48	68	0
48	69	1
48	70	0
48	71	0
48	72	0
48	73	1
48	74	1
48	75	1
48	76	0
48	77	0
48	78	0
48	79	0
48	80	1
48	81	1
48	82	1
48	83	0
48	84	0
48	85	0
48	86	0
48	87	1
48	88	0
48	89	0
48	90	1
48	91	0
48	92	1
48	93	0
48	94	0
48	95	0
48	96	0
48	97	0
48	98	1
48	99	1
48	100	1
48	101	1
48	102	0
48	103	0
48	104	0
48	105	0
48	106	0
48	107	0
48	108	1
48	109	1
48	110	1
48	111	1
48	112	0
48	113	1
48	114	0
48	115	1
48	116	0
48	117	0
48	118	0
48	119	0
48	120	0
48	121	0
48	122	0
48	123	0
48	124	0
48	125	1
48	126	1
48	127	1
48	128	1
48	129	1
48	130	0
49	50	0
49	51	0
49	52	1
49	53	0
49	54	0
49	55	1
49	56	0
49	57	1
49	58	0
49	59	1
49	60	1
49	61	0
49	62	1
49	63	1
49	64	0
49	65	0
49	66	1
49	67	1
49	68	1
49	69	0
49	70	0
49	71	1
49	72	0
49	73	1
49	74	1
49	75	1
49	76	0
49	77	0
49	78	0
49	79	1
49	80	0
49	81	1
49	82	1
49	83	1
49	84	0
49	85	1
49	86	0
49	87	1
49	88	0
49	89	1
49	90	1
49	91	1
49	92	1
49	93	0
49	94	1
49	95	1
49	96	1
49	97	0
49	98	1
49	99	1
49	100	1
49	101	1
49	102	1
49	103	0
49	104	1
49	105	1
49	106	1
49	107	1
49	108	1
49	109	0
49	110	1
49	111	1
49	112	0
49	113	0
49	114	1
49	115	0
49	116	1
49	117	0
49	118	0
49	119	1
49	120	0
49	121	0
49	122	0
49	123	1
49	124	0
49	125	1
49	126	1
49	127	0
49	128	1
49	129	1
49	130	0
50	51	1
50	52	0
50	53	1
50	54	1
50	55	1
50	56	1
50	57	1
50	58	0
50	59	0
50	60	0
50	61	1
50	62	1
50	63	1
50	64	0
50	65	0
50	66	1
50	67	0
50	68	1
50	69	0
50	70	1
50	71	1
50	72	1
50	73	1
50	74	1
50	75	0
50	76	1
50	77	1
50	78	1
50	79	0
50	80	1
50	81	1
50	82	1
50	83	0
50	84	1
50	85	0
50	86	0
50	87	0
50	88	1
50	89	1
50	90	0
50	91	1
50	92	0
50	93	1
50	94	1
50	95	0
50	96	0
50	97	0
50	98	1
50	99	1
50	100	1
50	101	0
50	102	1
50	103	0
50	104	1
50	105	1
50	106	0
50	107	0
50	108	1
50	109	1
50	110	0
50	111	0
50	112	1
50	113	0
50	114	0
50	115	0
50	116	1
50	117	1
50	118	1
50	119	1
50	120	0
50	121	1
50	122	0
50	123	1
50	124	0
50	125	0
50	126	0
50	127	0
50	128	0
50	129	0
50	130	1
51	52	1
51	53	0
51	54	0
51	55	0
51	56	1
51	57	1
51	58	0
51	59	1
51	60	1
51	61	1
51	62	1
51	63	0
51	64	0
51	65	0
51	66	1
51	67	1
51	68	0
51	69	0
51	70	1
51	71	1
51	72	0
51	73	0
51	74	0
51	75	0
51	76	1
51	77	1
51	78	0
51	79	0
51	80	0
51	81	0
51	82	1
51	83	0
51	84	0
51	85	0
51	86	0
51	87	0
51	88	1
51	89	1
51	90	0
51	91	0
51	92	1
51	93	0
51	94	0
51	95	1
51	96	1
51	97	0
51	98	1
51	99	1
51	100	1
51	101	0
51	102	0
51	103	1
51	104	1
51	105	0
51	106	1
51	107	0
51	108	0
51	109	1
51	110	1
51	111	1
51	112	0
51	113	1
51	114	0
51	115	1
51	116	1
51	117	0
51	118	0
51	119	1
51	120	0
51	121	1
51	122	0
51	123	1
51	124	0
51	125	1
51	126	1
51	127	0
51	128	1
51	129	1
51	130	1
52	53	0
52	54	1
52	55	0
52	56	0
52	57	0
52	58	1
52	59	0
52	60	1
52	61	1
52	62	1
52	63	0
52	64	0
52	65	1
52	66	1
52	67	1
52	68	1
52	69	0
52	70	1
52	71	0
52	72	0
52	73	0
52	74	0
52	75	0
52	76	1
52	77	0
52	78	0
52	79	1
52	80	0
52	81	1
52	82	1
52	83	0
52	84	1
52	85	0
52	86	1
52	87	1
52	88	0
52	89	0
52	90	1
52	91	1
52	92	0
52	93	1
52	94	0
52	95	0
52	96	1
52	97	0
52	98	1
52	99	0
52	100	1
52	101	0
52	102	0
52	103	1
52	104	0
52	105	1
52	106	1
52	107	1
52	108	0
52	109	1
52	110	1
52	111	1
52	112	0
52	113	0
52	114	0
52	115	1
52	116	0
52	117	0
52	118	1
52	119	0
52	120	1
52	121	0
52	122	0
52	123	0
52	124	0
52	125	0
52	126	0
52	127	1
52	128	1
52	129	1
52	130	1
53	54	0
53	55	0
53	56	1
53	57	0
53	58	1
53	59	1
53	60	0
53	61	1
53	62	1
53	63	1
53	64	0
53	65	0
53	66	0
53	67	0
53	68	0
53	69	1
53	70	0
53	71	1
53	72	0
53	73	0
53	74	1
53	75	1
53	76	0
53	77	0
53	78	1
53	79	0
53	80	1
53	81	0
53	82	0
53	83	0
53	84	1
53	85	0
53	86	0
53	87	1
53	88	1
53	89	1
53	90	1
53	91	0
53	92	1
53	93	1
53	94	1
53	95	0
53	96	0
53	97	0
53	98	0
53	99	1
53	100	1
53	101	0
53	102	0
53	103	0
53	104	1
53	105	1
53	106	0
53	107	1
53	108	0
53	109	1
53	110	1
53	111	1
53	112	1
53	113	0
53	114	1
53	115	0
53	116	1
53	117	1
53	118	1
53	119	0
53	120	1
53	121	1
53	122	1
53	123	0
53	124	0
53	125	1
53	126	1
53	127	0
53	128	1
53	129	1
53	130	1
54	55	1
54	56	1
54	57	0
54	58	0
54	59	1
54	60	0
54	61	0
54	62	1
54	63	1
54	64	1
54	65	0
54	66	0
54	67	0
54	68	0
54	69	0
54	70	1
54	71	1
54	72	1
54	73	0
54	74	1
54	75	0
54	76	0
54	77	0
54	78	1
54	79	0
54	80	0
54	81	1
54	82	1
54	83	1
54	84	0
54	85	0
54	86	0
54	87	1
54	88	0
54	89	1
54	90	0
54	91	1
54	92	1
54	93	1
54	94	1
54	95	1
54	96	1
54	97	0
54	98	1
54	99	1
54	100	0
54	101	0
54	102	0
54	103	0
54	104	1
54	105	1
54	106	1
54	107	1
54	108	1
54	109	0
54	110	1
54	111	1
54	112	0
54	113	0
54	114	0
54	115	1
54	116	0
54	117	0
54	118	0
54	119	0
54	120	1
54	121	1
54	122	0
54	123	1
54	124	1
54	125	1
54	126	1
54	127	1
54	128	0
54	129	0
54	130	1
55	56	0
55	57	0
55	58	1
55	59	0
55	60	0
55	61	1
55	62	0
55	63	1
55	64	1
55	65	1
55	66	0
55	67	1
55	68	1
55	69	1
55	70	0
55	71	0
55	72	0
55	73	1
55	74	1
55	75	0
55	76	1
55	77	1
55	78	0
55	79	1
55	80	0
55	81	0
55	82	0
55	83	1
55	84	1
55	85	1
55	86	1
55	87	0
55	88	1
55	89	0
55	90	0
55	91	0
55	92	0
55	93	1
55	94	0
55	95	1
55	96	0
55	97	0
55	98	1
55	99	1
55	100	1
55	101	0
55	102	0
55	103	0
55	104	0
55	105	1
55	106	1
55	107	1
55	108	0
55	109	0
55	110	0
55	111	1
55	112	0
55	113	1
55	114	1
55	115	1
55	116	1
55	117	0
55	118	0
55	119	1
55	120	1
55	121	1
55	122	1
55	123	1
55	124	0
55	125	0
55	126	0
55	127	1
55	128	1
55	129	0
55	130	1
56	57	1
56	58	1
56	59	0
56	60	1
56	61	1
56	62	0
56	63	1
56	64	1
56	65	1
56	66	0
56	67	0
56	68	0
56	69	1
56	70	1
56	71	0
56	72	1
56	73	0
56	74	1
56	75	1
56	76	1
56	77	0
56	78	1
56	79	0
56	80	1
56	81	1
56	82	0
56	83	1
56	84	0
56	85	0
56	86	0
56	87	0
56	88	1
56	89	1
56	90	0
56	91	1
56	92	0
56	93	0
56	94	0
56	95	0
56	96	0
56	97	0
56	98	0
56	99	0
56	100	0
56	101	0
56	102	1
56	103	1
56	104	1
56	105	1
56	106	1
56	107	0
56	108	0
56	109	1
56	110	1
56	111	0
56	112	0
56	113	1
56	114	1
56	115	1
56	116	0
56	117	1
56	118	1
56	119	1
56	120	1
56	121	1
56	122	0
56	123	1
56	124	1
56	125	0
56	126	0
56	127	1
56	128	0
56	129	1
56	130	0
57	58	1
57	59	0
57	60	1
57	61	1
57	62	0
57	63	1
57	64	0
57	65	0
57	66	1
57	67	1
57	68	1
57	69	0
57	70	1
57	71	1
57	72	1
57	73	1
57	74	0
57	75	0
57	76	0
57	77	0
57	78	1
57	79	1
57	80	0
57	81	0
57	82	0
57	83	0
57	84	0
57	85	0
57	86	1
57	87	1
57	88	0
57	89	0
57	90	1
57	91	0
57	92	0
57	93	1
57	94	0
57	95	0
57	96	1
57	97	0
57	98	0
57	99	1
57	100	1
57	101	0
57	102	0
57	103	0
57	104	1
57	105	1
57	106	1
57	107	1
57	108	1
57	109	1
57	110	0
57	111	0
57	112	1
57	113	0
57	114	0
57	115	1
57	116	0
57	117	1
57	118	1
57	119	1
57	120	0
57	121	0
57	122	1
57	123	0
57	124	0
57	125	0
57	126	0
57	127	1
57	128	0
57	129	1
57	130	0
58	59	0
58	60	0
58	61	1
58	62	1
58	63	0
58	64	1
58	65	0
58	66	0
58	67	0
58	68	0
58	69	0
58	70	0
58	71	1
58	72	1
58	73	1
58	74	0
58	75	0
58	76	0
58	77	0
58	78	0
58	79	1
58	80	0
58	81	1
58	82	1
58	83	1
58	84	0
58	85	1
58	86	0
58	87	0
58	88	1
58	89	0
58	90	0
58	91	0
58	92	0
58	93	0
58	94	1
58	95	1
58	96	0
58	97	0
58	98	1
58	99	1
58	100	1
58	101	1
58	102	0
58	103	0
58	104	0
58	105	1
58	106	0
58	107	0
58	108	1
58	109	0
58	110	0
58	111	1
58	112	1
58	113	1
58	114	0
58	115	0
58	116	1
58	117	1
58	118	0
58	119	0
58	120	1
58	121	1
58	122	0
58	123	1
58	124	1
58	125	1
58	126	1
58	127	1
58	128	0
58	129	1
58	130	1
59	60	0
59	61	0
59	62	1
59	63	1
59	64	1
59	65	1
59	66	0
59	67	0
59	68	1
59	69	0
59	70	0
59	71	1
59	72	0
59	73	0
59	74	1
59	75	0
59	76	0
59	77	1
59	78	1
59	79	1
59	80	0
59	81	0
59	82	1
59	83	1
59	84	0
59	85	0
59	86	0
59	87	1
59	88	1
59	89	0
59	90	1
59	91	0
59	92	1
59	93	1
59	94	1
59	95	0
59	96	0
59	97	0
59	98	0
59	99	1
59	100	0
59	101	0
59	102	1
59	103	1
59	104	1
59	105	1
59	106	1
59	107	0
59	108	0
59	109	1
59	110	0
59	111	0
59	112	0
59	113	0
59	114	0
59	115	0
59	116	1
59	117	0
59	118	1
59	119	0
59	120	1
59	121	0
59	122	1
59	123	0
59	124	1
59	125	1
59	126	1
59	127	0
59	128	1
59	129	1
59	130	1
60	61	0
60	62	0
60	63	0
60	64	0
60	65	0
60	66	1
60	67	1
60	68	0
60	69	0
60	70	1
60	71	0
60	72	1
60	73	1
60	74	1
60	75	1
60	76	0
60	77	1
60	78	0
60	79	0
60	80	1
60	81	1
60	82	1
60	83	0
60	84	1
60	85	1
60	86	0
60	87	1
60	88	1
60	89	1
60	90	0
60	91	1
60	92	1
60	93	1
60	94	0
60	95	0
60	96	0
60	97	0
60	98	1
60	99	0
60	100	0
60	101	1
60	102	0
60	103	1
60	104	1
60	105	1
60	106	1
60	107	1
60	108	0
60	109	1
60	110	1
60	111	0
60	112	1
60	113	1
60	114	1
60	115	1
60	116	1
60	117	0
60	118	0
60	119	1
60	120	0
60	121	0
60	122	1
60	123	1
60	124	1
60	125	0
60	126	1
60	127	1
60	128	1
60	129	1
60	130	1
61	62	0
61	63	0
61	64	1
61	65	1
61	66	1
61	67	0
61	68	0
61	69	1
61	70	1
61	71	1
61	72	1
61	73	1
61	74	1
61	75	0
61	76	0
61	77	0
61	78	0
61	79	1
61	80	0
61	81	0
61	82	0
61	83	0
61	84	0
61	85	0
61	86	1
61	87	1
61	88	1
61	89	0
61	90	1
61	91	0
61	92	0
61	93	0
61	94	1
61	95	1
61	96	0
61	97	1
61	98	0
61	99	0
61	100	0
61	101	1
61	102	0
61	103	1
61	104	0
61	105	0
61	106	1
61	107	1
61	108	1
61	109	0
61	110	0
61	111	0
61	112	0
61	113	0
61	114	1
61	115	1
61	116	1
61	117	0
61	118	1
61	119	0
61	120	0
61	121	0
61	122	0
61	123	0
61	124	0
61	125	1
61	126	0
61	127	0
61	128	1
61	129	0
61	130	0
62	63	0
62	64	1
62	65	0
62	66	0
62	67	1
62	68	1
62	69	1
62	70	1
62	71	1
62	72	0
62	73	0
62	74	0
62	75	1
62	76	1
62	77	1
62	78	0
62	79	0
62	80	0
62	81	0
62	82	1
62	83	1
62	84	1
62	85	1
62	86	1
62	87	1
62	88	0
62	89	0
62	90	1
62	91	1
62	92	0
62	93	1
62	94	1
62	95	1
62	96	0
62	97	0
62	98	1
62	99	1
62	100	1
62	101	1
62	102	0
62	103	0
62	104	1
62	105	0
62	106	0
62	107	1
62	108	0
62	109	1
62	110	0
62	111	0
62	112	0
62	113	1
62	114	1
62	115	1
62	116	0
62	117	0
62	118	1
62	119	1
62	120	1
62	121	0
62	122	0
62	123	0
62	124	1
62	125	1
62	126	1
62	127	0
62	128	1
62	129	1
62	130	1
63	64	0
63	65	1
63	66	0
63	67	0
63	68	1
63	69	1
63	70	0
63	71	0
63	72	1
63	73	1
63	74	0
63	75	1
63	76	0
63	77	0
63	78	1
63	79	1
63	80	1
63	81	0
63	82	0
63	83	1
63	84	1
63	85	1
63	86	1
63	87	1
63	88	1
63	89	1
63	90	0
63	91	1
63	92	1
63	93	0
63	94	1
63	95	1
63	96	0
63	97	0
63	98	1
63	99	0
63	100	1
63	101	0
63	102	1
63	103	1
63	104	0
63	105	1
63	106	1
63	107	1
63	108	1
63	109	0
63	110	0
63	111	1
63	112	0
63	113	1
63	114	0
63	115	1
63	116	0
63	117	0
63	118	0
63	119	1
63	120	0
63	121	1
63	122	0
63	123	1
63	124	0
63	125	0
63	126	1
63	127	1
63	128	1
63	129	1
63	130	0
64	65	0
64	66	0
64	67	0
64	68	0
64	69	0
64	70	0
64	71	1
64	72	0
64	73	1
64	74	1
64	75	0
64	76	1
64	77	1
64	78	0
64	79	0
64	80	1
64	81	0
64	82	1
64	83	1
64	84	1
64	85	0
64	86	1
64	87	1
64	88	0
64	89	0
64	90	1
64	91	0
64	92	1
64	93	0
64	94	0
64	95	0
64	96	0
64	97	0
64	98	0
64	99	1
64	100	1
64	101	1
64	102	1
64	103	1
64	104	0
64	105	0
64	106	1
64	107	0
64	108	0
64	109	1
64	110	1
64	111	1
64	112	0
64	113	0
64	114	1
64	115	1
64	116	0
64	117	0
64	118	0
64	119	1
64	120	1
64	121	1
64	122	0
64	123	1
64	124	1
64	125	0
64	126	1
64	127	0
64	128	0
64	129	0
64	130	0
65	66	1
65	67	1
65	68	1
65	69	0
65	70	0
65	71	0
65	72	1
65	73	0
65	74	0
65	75	1
65	76	1
65	77	0
65	78	0
65	79	1
65	80	0
65	81	0
65	82	0
65	83	0
65	84	1
65	85	0
65	86	1
65	87	0
65	88	0
65	89	0
65	90	1
65	91	1
65	92	1
65	93	1
65	94	1
65	95	0
65	96	1
65	97	0
65	98	0
65	99	1
65	100	0
65	101	1
65	102	0
65	103	1
65	104	0
65	105	1
65	106	0
65	107	1
65	108	1
65	109	1
65	110	0
65	111	0
65	112	0
65	113	0
65	114	1
65	115	1
65	116	1
65	117	0
65	118	0
65	119	1
65	120	0
65	121	0
65	122	0
65	123	1
65	124	0
65	125	0
65	126	1
65	127	0
65	128	1
65	129	0
65	130	1
66	67	1
66	68	0
66	69	1
66	70	0
66	71	1
66	72	0
66	73	1
66	74	0
66	75	1
66	76	1
66	77	0
66	78	0
66	79	0
66	80	1
66	81	0
66	82	0
66	83	0
66	84	1
66	85	1
66	86	0
66	87	0
66	88	1
66	89	0
66	90	1
66	91	0
66	92	0
66	93	1
66	94	1
66	95	0
66	96	0
66	97	1
66	98	0
66	99	0
66	100	0
66	101	0
66	102	0
66	103	1
66	104	1
66	105	0
66	106	1
66	107	0
66	108	0
66	109	1
66	110	1
66	111	1
66	112	1
66	113	1
66	114	1
66	115	1
66	116	0
66	117	1
66	118	1
66	119	1
66	120	0
66	121	1
66	122	0
66	123	1
66	124	1
66	125	1
66	126	1
66	127	1
66	128	0
66	129	0
66	130	0
67	68	0
67	69	0
67	70	1
67	71	0
67	72	0
67	73	1
67	74	1
67	75	0
67	76	1
67	77	0
67	78	1
67	79	0
67	80	1
67	81	0
67	82	1
67	83	1
67	84	1
67	85	1
67	86	1
67	87	1
67	88	1
67	89	1
67	90	0
67	91	0
67	92	1
67	93	1
67	94	1
67	95	1
67	96	1
67	97	1
67	98	0
67	99	0
67	100	0
67	101	0
67	102	0
67	103	1
67	104	0
67	105	0
67	106	0
67	107	0
67	108	1
67	109	0
67	110	1
67	111	0
67	112	0
67	113	1
67	114	1
67	115	0
67	116	1
67	117	0
67	118	1
67	119	0
67	120	0
67	121	1
67	122	0
67	123	0
67	124	0
67	125	0
67	126	1
67	127	1
67	128	0
67	129	0
67	130	0
68	69	1
68	70	0
68	71	0
68	72	1
68	73	0
68	74	1
68	75	0
68	76	0
68	77	0
68	78	1
68	79	0
68	80	1
68	81	0
68	82	1
68	83	0
68	84	1
68	85	0
68	86	1
68	87	1
68	88	1
68	89	0
68	90	1
68	91	1
68	92	0
68	93	1
68	94	0
68	95	1
68	96	1
68	97	0
68	98	1
68	99	1
68	100	0
68	101	1
68	102	1
68	103	1
68	104	1
68	105	0
68	106	1
68	107	1
68	108	1
68	109	1
68	110	0
68	111	1
68	112	1
68	113	1
68	114	1
68	115	0
68	116	1
68	117	0
68	118	1
68	119	0
68	120	0
68	121	1
68	122	1
68	123	0
68	124	1
68	125	1
68	126	1
68	127	1
68	128	1
68	129	0
68	130	1
69	70	0
69	71	1
69	72	1
69	73	1
69	74	0
69	75	0
69	76	1
69	77	1
69	78	0
69	79	1
69	80	1
69	81	1
69	82	1
69	83	1
69	84	1
69	85	1
69	86	0
69	87	0
69	88	0
69	89	1
69	90	0
69	91	1
69	92	1
69	93	0
69	94	0
69	95	0
69	96	1
69	97	1
69	98	0
69	99	1
69	100	1
69	101	0
69	102	0
69	103	0
69	104	0
69	105	0
69	106	1
69	107	1
69	108	0
69	109	1
69	110	1
69	111	1
69	112	0
69	113	0
69	114	1
69	115	1
69	116	1
69	117	1
69	118	0
69	119	1
69	120	1
69	121	0
69	122	1
69	123	0
69	124	0
69	125	1
69	126	0
69	127	1
69	128	1
69	129	0
69	130	0
70	71	1
70	72	0
70	73	1
70	74	1
70	75	0
70	76	0
70	77	1
70	78	0
70	79	1
70	80	0
70	81	1
70	82	0
70	83	1
70	84	1
70	85	1
70	86	1
70	87	0
70	88	1
70	89	1
70	90	0
70	91	0
70	92	1
70	93	1
70	94	1
70	95	0
70	96	1
70	97	1
70	98	0
70	99	0
70	100	1
70	101	1
70	102	1
70	103	1
70	104	1
70	105	0
70	106	1
70	107	1
70	108	0
70	109	1
70	110	0
70	111	1
70	112	1
70	113	1
70	114	0
70	115	1
70	116	0
70	117	0
70	118	0
70	119	1
70	120	1
70	121	0
70	122	1
70	123	1
70	124	1
70	125	1
70	126	0
70	127	0
70	128	1
70	129	0
70	130	0
71	72	1
71	73	0
71	74	1
71	75	1
71	76	0
71	77	0
71	78	1
71	79	1
71	80	1
71	81	0
71	82	1
71	83	0
71	84	0
71	85	1
71	86	1
71	87	0
71	88	0
71	89	0
71	90	1
71	91	0
71	92	1
71	93	1
71	94	0
71	95	1
71	96	0
71	97	0
71	98	1
71	99	1
71	100	1
71	101	1
71	102	1
71	103	0
71	104	1
71	105	1
71	106	1
71	107	1
71	108	1
71	109	1
71	110	0
71	111	1
71	112	1
71	113	1
71	114	1
71	115	1
71	116	0
71	117	1
71	118	0
71	119	1
71	120	0
71	121	1
71	122	1
71	123	1
71	124	1
71	125	1
71	126	1
71	127	0
71	128	0
71	129	0
71	130	0
72	73	0
72	74	1
72	75	0
72	76	0
72	77	0
72	78	0
72	79	1
72	80	1
72	81	1
72	82	0
72	83	0
72	84	0
72	85	1
72	86	1
72	87	1
72	88	0
72	89	1
72	90	1
72	91	0
72	92	0
72	93	0
72	94	1
72	95	0
72	96	0
72	97	0
72	98	1
72	99	1
72	100	0
72	101	1
72	102	1
72	103	0
72	104	0
72	105	0
72	106	1
72	107	0
72	108	1
72	109	1
72	110	0
72	111	1
72	112	0
72	113	1
72	114	0
72	115	1
72	116	1
72	117	0
72	118	0
72	119	1
72	120	1
72	121	0
72	122	0
72	123	1
72	124	1
72	125	0
72	126	1
72	127	0
72	128	0
72	129	1
72	130	0
73	74	1
73	75	1
73	76	0
73	77	1
73	78	0
73	79	1
73	80	0
73	81	1
73	82	1
73	83	0
73	84	1
73	85	1
73	86	1
73	87	0
73	88	0
73	89	1
73	90	0
73	91	0
73	92	0
73	93	1
73	94	1
73	95	1
73	96	0
73	97	0
73	98	1
73	99	1
73	100	1
73	101	0
73	102	0
73	103	1
73	104	0
73	105	1
73	106	0
73	107	1
73	108	1
73	109	0
73	110	0
73	111	0
73	112	0
73	113	0
73	114	1
73	115	0
73	116	0
73	117	0
73	118	1
73	119	1
73	120	0
73	121	0
73	122	1
73	123	1
73	124	1
73	125	0
73	126	0
73	127	1
73	128	1
73	129	1
73	130	0
74	75	1
74	76	1
74	77	0
74	78	1
74	79	1
74	80	1
74	81	0
74	82	0
74	83	0
74	84	1
74	85	0
74	86	0
74	87	1
74	88	0
74	89	0
74	90	0
74	91	1
74	92	0
74	93	1
74	94	0
74	95	1
74	96	1
74	97	0
74	98	1
74	99	0
74	100	1
74	101	0
74	102	0
74	103	0
74	104	1
74	105	0
74	106	0
74	107	0
74	108	0
74	109	1
74	110	1
74	111	0
74	112	0
74	113	1
74	114	1
74	115	1
74	116	1
74	117	1
74	118	0
74	119	0
74	120	0
74	121	1
74	122	1
74	123	1
74	124	1
74	125	1
74	126	1
74	127	1
74	128	0
74	129	1
74	130	1
75	76	0
75	77	1
75	78	1
75	79	0
75	80	1
75	81	0
75	82	0
75	83	0
75	84	1
75	85	0
75	86	1
75	87	1
75	88	1
75	89	1
75	90	1
75	91	1
75	92	0
75	93	0
75	94	1
75	95	0
75	96	0
75	97	0
75	98	0
75	99	0
75	100	0
75	101	0
75	102	0
75	103	1
75	104	1
75	105	0
75	106	1
75	107	0
75	108	1
75	109	0
75	110	0
75	111	1
75	112	1
75	113	1
75	114	0
75	115	1
75	116	0
75	117	0
75	118	1
75	119	0
75	120	0
75	121	0
75	122	1
75	123	0
75	124	0
75	125	1
75	126	0
75	127	1
75	128	1
75	129	1
75	130	1
76	77	1
76	78	1
76	79	0
76	80	1
76	81	1
76	82	1
76	83	1
76	84	1
76	85	1
76	86	0
76	87	0
76	88	1
76	89	0
76	90	1
76	91	0
76	92	1
76	93	1
76	94	0
76	95	1
76	96	0
76	97	0
76	98	0
76	99	1
76	100	0
76	101	1
76	102	0
76	103	0
76	104	0
76	105	1
76	106	0
76	107	0
76	108	0
76	109	0
76	110	0
76	111	0
76	112	1
76	113	1
76	114	0
76	115	0
76	116	0
76	117	0
76	118	0
76	119	1
76	120	1
76	121	1
76	122	1
76	123	1
76	124	0
76	125	1
76	126	0
76	127	1
76	128	0
76	129	1
76	130	0
77	78	0
77	79	1
77	80	1
77	81	0
77	82	1
77	83	1
77	84	1
77	85	1
77	86	0
77	87	0
77	88	0
77	89	0
77	90	0
77	91	0
77	92	1
77	93	1
77	94	1
77	95	0
77	96	0
77	97	1
77	98	0
77	99	1
77	100	0
77	101	1
77	102	0
77	103	1
77	104	1
77	105	1
77	106	0
77	107	1
77	108	0
77	109	1
77	110	1
77	111	1
77	112	0
77	113	0
77	114	1
77	115	1
77	116	0
77	117	0
77	118	1
77	119	0
77	120	0
77	121	1
77	122	0
77	123	0
77	124	1
77	125	0
77	126	1
77	127	1
77	128	1
77	129	0
77	130	1
78	79	0
78	80	1
78	81	1
78	82	0
78	83	1
78	84	1
78	85	1
78	86	1
78	87	0
78	88	0
78	89	1
78	90	1
78	91	0
78	92	1
78	93	1
78	94	1
78	95	1
78	96	1
78	97	1
78	98	1
78	99	1
78	100	0
78	101	0
78	102	0
78	103	1
78	104	0
78	105	0
78	106	0
78	107	0
78	108	0
78	109	0
78	110	0
78	111	1
78	112	1
78	113	0
78	114	1
78	115	1
78	116	0
78	117	0
78	118	1
78	119	1
78	120	1
78	121	0
78	122	0
78	123	0
78	124	1
78	125	0
78	126	0
78	127	0
78	128	1
78	129	1
78	130	0
79	80	0
79	81	0
79	82	0
79	83	0
79	84	1
79	85	0
79	86	0
79	87	0
79	88	1
79	89	1
79	90	0
79	91	0
79	92	1
79	93	1
79	94	0
79	95	0
79	96	1
79	97	0
79	98	0
79	99	1
79	100	0
79	101	1
79	102	1
79	103	0
79	104	0
79	105	1
79	106	0
79	107	0
79	108	0
79	109	0
79	110	0
79	111	0
79	112	1
79	113	1
79	114	1
79	115	1
79	116	1
79	117	0
79	118	1
79	119	1
79	120	0
79	121	1
79	122	1
79	123	0
79	124	1
79	125	1
79	126	1
79	127	0
79	128	0
79	129	0
79	130	0
80	81	0
80	82	1
80	83	1
80	84	0
80	85	0
80	86	0
80	87	0
80	88	0
80	89	0
80	90	0
80	91	1
80	92	0
80	93	1
80	94	1
80	95	0
80	96	1
80	97	0
80	98	0
80	99	0
80	100	1
80	101	1
80	102	0
80	103	0
80	104	1
80	105	1
80	106	1
80	107	1
80	108	1
80	109	0
80	110	0
80	111	0
80	112	1
80	113	1
80	114	1
80	115	0
80	116	0
80	117	0
80	118	0
80	119	1
80	120	1
80	121	1
80	122	1
80	123	0
80	124	0
80	125	1
80	126	0
80	127	0
80	128	1
80	129	1
80	130	0
81	82	1
81	83	1
81	84	0
81	85	0
81	86	1
81	87	0
81	88	1
81	89	0
81	90	1
81	91	1
81	92	1
81	93	0
81	94	0
81	95	0
81	96	1
81	97	1
81	98	0
81	99	1
81	100	0
81	101	1
81	102	1
81	103	1
81	104	1
81	105	1
81	106	1
81	107	1
81	108	0
81	109	1
81	110	1
81	111	1
81	112	0
81	113	1
81	114	0
81	115	1
81	116	1
81	117	0
81	118	1
81	119	1
81	120	1
81	121	0
81	122	0
81	123	0
81	124	1
81	125	0
81	126	0
81	127	0
81	128	0
81	129	0
81	130	1
82	83	1
82	84	1
82	85	1
82	86	1
82	87	0
82	88	0
82	89	1
82	90	0
82	91	1
82	92	1
82	93	0
82	94	0
82	95	0
82	96	0
82	97	1
82	98	1
82	99	1
82	100	0
82	101	0
82	102	0
82	103	1
82	104	1
82	105	0
82	106	1
82	107	1
82	108	0
82	109	0
82	110	0
82	111	1
82	112	0
82	113	0
82	114	0
82	115	0
82	116	1
82	117	0
82	118	0
82	119	0
82	120	1
82	121	0
82	122	0
82	123	0
82	124	1
82	125	0
82	126	0
82	127	0
82	128	1
82	129	0
82	130	0
83	84	0
83	85	1
83	86	0
83	87	0
83	88	1
83	89	1
83	90	0
83	91	0
83	92	0
83	93	0
83	94	0
83	95	0
83	96	1
83	97	0
83	98	1
83	99	1
83	100	1
83	101	0
83	102	1
83	103	1
83	104	0
83	105	0
83	106	0
83	107	0
83	108	1
83	109	0
83	110	1
83	111	1
83	112	0
83	113	0
83	114	1
83	115	0
83	116	1
83	117	1
83	118	1
83	119	1
83	120	1
83	121	0
83	122	0
83	123	1
83	124	1
83	125	0
83	126	1
83	127	1
83	128	1
83	129	1
83	130	1
84	85	0
84	86	0
84	87	1
84	88	0
84	89	1
84	90	1
84	91	0
84	92	0
84	93	0
84	94	0
84	95	1
84	96	0
84	97	1
84	98	1
84	99	0
84	100	1
84	101	1
84	102	0
84	103	0
84	104	1
84	105	0
84	106	1
84	107	0
84	108	1
84	109	1
84	110	0
84	111	0
84	112	0
84	113	0
84	114	1
84	115	0
84	116	0
84	117	1
84	118	0
84	119	1
84	120	0
84	121	1
84	122	1
84	123	1
84	124	1
84	125	1
84	126	1
84	127	0
84	128	1
84	129	1
84	130	1
85	86	0
85	87	0
85	88	0
85	89	1
85	90	0
85	91	0
85	92	1
85	93	1
85	94	1
85	95	1
85	96	0
85	97	0
85	98	0
85	99	0
85	100	0
85	101	1
85	102	0
85	103	1
85	104	1
85	105	0
85	106	0
85	107	1
85	108	1
85	109	1
85	110	0
85	111	0
85	112	1
85	113	1
85	114	1
85	115	1
85	116	1
85	117	0
85	118	0
85	119	1
85	120	1
85	121	1
85	122	0
85	123	1
85	124	1
85	125	0
85	126	1
85	127	0
85	128	0
85	129	0
85	130	1
86	87	1
86	88	1
86	89	1
86	90	1
86	91	0
86	92	1
86	93	0
86	94	1
86	95	1
86	96	0
86	97	1
86	98	1
86	99	1
86	100	1
86	101	1
86	102	0
86	103	0
86	104	1
86	105	0
86	106	0
86	107	0
86	108	1
86	109	0
86	110	1
86	111	1
86	112	0
86	113	1
86	114	0
86	115	0
86	116	1
86	117	1
86	118	0
86	119	0
86	120	1
86	121	0
86	122	1
86	123	0
86	124	1
86	125	0
86	126	1
86	127	1
86	128	1
86	129	0
86	130	1
87	88	1
87	89	0
87	90	1
87	91	0
87	92	0
87	93	0
87	94	1
87	95	0
87	96	1
87	97	0
87	98	0
87	99	0
87	100	1
87	101	0
87	102	0
87	103	1
87	104	1
87	105	1
87	106	0
87	107	1
87	108	1
87	109	0
87	110	1
87	111	0
87	112	1
87	113	0
87	114	1
87	115	1
87	116	0
87	117	0
87	118	1
87	119	0
87	120	1
87	121	0
87	122	1
87	123	1
87	124	0
87	125	0
87	126	1
87	127	1
87	128	1
87	129	1
87	130	0
88	89	1
88	90	0
88	91	0
88	92	0
88	93	1
88	94	0
88	95	0
88	96	1
88	97	1
88	98	1
88	99	1
88	100	1
88	101	1
88	102	0
88	103	1
88	104	1
88	105	0
88	106	1
88	107	0
88	108	1
88	109	1
88	110	1
88	111	1
88	112	0
88	113	1
88	114	0
88	115	0
88	116	0
88	117	0
88	118	0
88	119	0
88	120	1
88	121	1
88	122	1
88	123	1
88	124	0
88	125	0
88	126	0
88	127	1
88	128	0
88	129	0
88	130	1
89	90	0
89	91	1
89	92	1
89	93	1
89	94	0
89	95	1
89	96	1
89	97	1
89	98	1
89	99	0
89	100	0
89	101	0
89	102	1
89	103	1
89	104	1
89	105	0
89	106	1
89	107	0
89	108	0
89	109	0
89	110	1
89	111	1
89	112	1
89	113	0
89	114	1
89	115	0
89	116	1
89	117	1
89	118	1
89	119	1
89	120	0
89	121	1
89	122	0
89	123	0
89	124	1
89	125	1
89	126	1
89	127	0
89	128	1
89	129	0
89	130	1
90	91	1
90	92	1
90	93	1
90	94	0
90	95	1
90	96	0
90	97	1
90	98	1
90	99	1
90	100	0
90	101	0
90	102	1
90	103	1
90	104	1
90	105	0
90	106	0
90	107	0
90	108	1
90	109	0
90	110	1
90	111	1
90	112	0
90	113	1
90	114	0
90	115	0
90	116	0
90	117	1
90	118	0
90	119	1
90	120	1
90	121	1
90	122	0
90	123	1
90	124	1
90	125	0
90	126	1
90	127	1
90	128	0
90	129	1
90	130	1
91	92	1
91	93	1
91	94	1
91	95	0
91	96	0
91	97	1
91	98	1
91	99	0
91	100	0
91	101	0
91	102	1
91	103	1
91	104	0
91	105	1
91	106	1
91	107	1
91	108	0
91	109	0
91	110	1
91	111	1
91	112	1
91	113	1
91	114	1
91	115	0
91	116	1
91	117	0
91	118	0
91	119	0
91	120	0
91	121	0
91	122	1
91	123	0
91	124	0
91	125	1
91	126	1
91	127	0
91	128	0
91	129	0
91	130	0
92	93	1
92	94	1
92	95	1
92	96	0
92	97	0
92	98	1
92	99	0
92	100	1
92	101	1
92	102	1
92	103	0
92	104	0
92	105	0
92	106	0
92	107	1
92	108	0
92	109	1
92	110	1
92	111	1
92	112	0
92	113	1
92	114	0
92	115	1
92	116	0
92	117	0
92	118	1
92	119	0
92	120	0
92	121	1
92	122	0
92	123	0
92	124	1
92	125	0
92	126	1
92	127	1
92	128	0
92	129	1
92	130	0
93	94	1
93	95	0
93	96	1
93	97	0
93	98	0
93	99	0
93	100	0
93	101	0
93	102	0
93	103	0
93	104	0
93	105	0
93	106	1
93	107	1
93	108	1
93	109	1
93	110	1
93	111	0
93	112	1
93	113	0
93	114	1
93	115	1
93	116	0
93	117	0
93	118	0
93	119	1
93	120	0
93	121	1
93	122	1
93	123	1
93	124	0
93	125	0
93	126	1
93	127	0
93	128	0
93	129	0
93	130	1
94	95	1
94	96	1
94	97	1
94	98	1
94	99	1
94	100	1
94	101	1
94	102	0
94	103	1
94	104	1
94	105	0
94	106	1
94	107	1
94	108	0
94	109	0
94	110	1
94	111	0
94	112	1
94	113	1
94	114	1
94	115	1
94	116	0
94	117	1
94	118	0
94	119	0
94	120	1
94	121	1
94	122	1
94	123	1
94	124	0
94	125	1
94	126	0
94	127	1
94	128	0
94	129	1
94	130	1
95	96	1
95	97	1
95	98	0
95	99	1
95	100	0
95	101	0
95	102	0
95	103	0
95	104	1
95	105	1
95	106	1
95	107	1
95	108	1
95	109	1
95	110	1
95	111	0
95	112	1
95	113	1
95	114	0
95	115	0
95	116	1
95	117	0
95	118	0
95	119	1
95	120	1
95	121	1
95	122	0
95	123	0
95	124	0
95	125	1
95	126	0
95	127	1
95	128	0
95	129	0
95	130	0
96	97	0
96	98	0
96	99	1
96	100	1
96	101	0
96	102	0
96	103	0
96	104	0
96	105	0
96	106	1
96	107	0
96	108	0
96	109	0
96	110	0
96	111	1
96	112	0
96	113	0
96	114	1
96	115	0
96	116	0
96	117	0
96	118	0
96	119	1
96	120	0
96	121	0
96	122	1
96	123	0
96	124	0
96	125	0
96	126	0
96	127	1
96	128	1
96	129	0
96	130	1
97	98	0
97	99	0
97	100	1
97	101	1
97	102	0
97	103	0
97	104	1
97	105	1
97	106	1
97	107	0
97	108	1
97	109	0
97	110	0
97	111	0
97	112	0
97	113	0
97	114	0
97	115	1
97	116	1
97	117	0
97	118	0
97	119	0
97	120	1
97	121	1
97	122	0
97	123	0
97	124	0
97	125	1
97	126	1
97	127	0
97	128	0
97	129	0
97	130	1
98	99	0
98	100	1
98	101	1
98	102	1
98	103	0
98	104	0
98	105	0
98	106	1
98	107	1
98	108	0
98	109	0
98	110	1
98	111	0
98	112	0
98	113	0
98	114	1
98	115	0
98	116	0
98	117	0
98	118	1
98	119	0
98	120	0
98	121	0
98	122	0
98	123	0
98	124	0
98	125	1
98	126	0
98	127	0
98	128	0
98	129	0
98	130	1
99	100	1
99	101	0
99	102	1
99	103	0
99	104	1
99	105	0
99	106	0
99	107	1
99	108	1
99	109	0
99	110	0
99	111	1
99	112	0
99	113	1
99	114	1
99	115	1
99	116	1
99	117	0
99	118	1
99	119	0
99	120	0
99	121	1
99	122	1
99	123	1
99	124	0
99	125	0
99	126	0
99	127	1
99	128	0
99	129	1
99	130	0
100	101	0
100	102	1
100	103	0
100	104	0
100	105	0
100	106	1
100	107	0
100	108	1
100	109	0
100	110	1
100	111	1
100	112	0
100	113	0
100	114	0
100	115	0
100	116	0
100	117	0
100	118	0
100	119	1
100	120	0
100	121	1
100	122	1
100	123	0
100	124	0
100	125	1
100	126	0
100	127	1
100	128	0
100	129	0
100	130	0
101	102	0
101	103	1
101	104	0
101	105	1
101	106	0
101	107	1
101	108	1
101	109	1
101	110	0
101	111	1
101	112	0
101	113	0
101	114	1
101	115	1
101	116	0
101	117	0
101	118	0
101	119	0
101	120	0
101	121	1
101	122	0
101	123	1
101	124	1
101	125	1
101	126	0
101	127	0
101	128	1
101	129	1
101	130	1
102	103	1
102	104	1
102	105	0
102	106	0
102	107	0
102	108	1
102	109	1
102	110	0
102	111	0
102	112	0
102	113	1
102	114	0
102	115	1
102	116	0
102	117	0
102	118	0
102	119	1
102	120	1
102	121	0
102	122	0
102	123	1
102	124	0
102	125	1
102	126	0
102	127	1
102	128	0
102	129	0
102	130	1
103	104	1
103	105	1
103	106	0
103	107	1
103	108	1
103	109	1
103	110	1
103	111	0
103	112	1
103	113	0
103	114	1
103	115	1
103	116	0
103	117	0
103	118	0
103	119	1
103	120	1
103	121	1
103	122	0
103	123	0
103	124	0
103	125	0
103	126	1
103	127	1
103	128	0
103	129	1
103	130	0
104	105	1
104	106	1
104	107	1
104	108	0
104	109	0
104	110	1
104	111	0
104	112	0
104	113	1
104	114	1
104	115	1
104	116	1
104	117	1
104	118	1
104	119	1
104	120	1
104	121	1
104	122	0
104	123	1
104	124	1
104	125	1
104	126	1
104	127	1
104	128	0
104	129	0
104	130	0
105	106	1
105	107	1
105	108	1
105	109	1
105	110	0
105	111	1
105	112	1
105	113	1
105	114	1
105	115	1
105	116	1
105	117	0
105	118	0
105	119	0
105	120	0
105	121	1
105	122	0
105	123	0
105	124	0
105	125	0
105	126	0
105	127	0
105	128	0
105	129	0
105	130	0
106	107	0
106	108	0
106	109	0
106	110	0
106	111	1
106	112	0
106	113	0
106	114	1
106	115	1
106	116	0
106	117	1
106	118	0
106	119	1
106	120	0
106	121	0
106	122	1
106	123	0
106	124	0
106	125	0
106	126	0
106	127	0
106	128	0
106	129	0
106	130	0
107	108	0
107	109	0
107	110	1
107	111	0
107	112	0
107	113	0
107	114	0
107	115	0
107	116	1
107	117	0
107	118	0
107	119	1
107	120	1
107	121	0
107	122	1
107	123	0
107	124	0
107	125	0
107	126	0
107	127	1
107	128	1
107	129	1
107	130	0
108	109	0
108	110	1
108	111	1
108	112	1
108	113	1
108	114	1
108	115	1
108	116	1
108	117	0
108	118	1
108	119	0
108	120	0
108	121	1
108	122	0
108	123	1
108	124	0
108	125	1
108	126	0
108	127	1
108	128	1
108	129	0
108	130	0
109	110	1
109	111	1
109	112	1
109	113	1
109	114	1
109	115	1
109	116	1
109	117	0
109	118	1
109	119	0
109	120	0
109	121	0
109	122	0
109	123	0
109	124	0
109	125	1
109	126	0
109	127	0
109	128	1
109	129	0
109	130	0
110	111	0
110	112	0
110	113	0
110	114	1
110	115	1
110	116	0
110	117	0
110	118	0
110	119	0
110	120	1
110	121	0
110	122	1
110	123	1
110	124	1
110	125	0
110	126	1
110	127	0
110	128	0
110	129	1
110	130	0
111	112	1
111	113	0
111	114	1
111	115	1
111	116	1
111	117	0
111	118	0
111	119	0
111	120	0
111	121	0
111	122	1
111	123	0
111	124	0
111	125	0
111	126	0
111	127	1
111	128	0
111	129	1
111	130	1
112	113	1
112	114	0
112	115	1
112	116	0
112	117	0
112	118	1
112	119	0
112	120	0
112	121	0
112	122	1
112	123	0
112	124	1
112	125	0
112	126	1
112	127	1
112	128	0
112	129	1
112	130	1
113	114	1
113	115	0
113	116	1
113	117	1
113	118	1
113	119	1
113	120	0
113	121	1
113	122	1
113	123	1
113	124	1
113	125	1
113	126	0
113	127	0
113	128	1
113	129	0
113	130	0
114	115	1
114	116	0
114	117	0
114	118	1
114	119	1
114	120	0
114	121	1
114	122	1
114	123	1
114	124	1
114	125	0
114	126	0
114	127	0
114	128	0
114	129	1
114	130	0
115	116	1
115	117	1
115	118	1
115	119	1
115	120	1
115	121	1
115	122	0
115	123	1
115	124	1
115	125	0
115	126	1
115	127	0
115	128	0
115	129	0
115	130	1
116	117	1
116	118	1
116	119	1
116	120	1
116	121	1
116	122	0
116	123	1
116	124	0
116	125	0
116	126	0
116	127	1
116	128	0
116	129	1
116	130	1
117	118	0
117	119	0
117	120	0
117	121	0
117	122	0
117	123	1
117	124	1
117	125	1
117	126	1
117	127	1
117	128	1
117	129	1
117	130	1
118	119	0
118	120	1
118	121	1
118	122	1
118	123	0
118	124	0
118	125	0
118	126	0
118	127	1
118	128	1
118	129	1
118	130	0
119	120	1
119	121	1
119	122	0
119	123	1
119	124	1
119	125	1
119	126	0
119	127	1
119	128	0
119	129	0
119	130	1
120	121	0
120	122	1
120	123	0
120	124	1
120	125	0
120	126	1
120	127	0
120	128	1
120	129	0
120	130	1
121	122	1
121	123	0
121	124	0
121	125	0
121	126	0
121	127	0
121	128	1
121	129	1
121	130	1
122	123	0
122	124	0
122	125	0
122	126	1
122	127	1
122	128	0
122	129	0
122	130	0
123	124	0
123	125	0
123	126	0
123	127	0
123	128	1
123	129	0
123	130	1
124	125	1
124	126	1
124	127	0
124	128	1
124	129	0
124	130	0
125	126	0
125	127	1
125	128	1
125	129	1
125	130	0
126	127	0
126	128	1
126	129	0
126	130	1
127	128	0
127	129	0
127	130	0
128	129	1
128	130	1
129	130	1
