130	8385	0
1	2	1
1	3	1
1	4	0
1	5	0
1	6	0
1	7	1
1	8	0
1	9	1
1	10	0
1	11	0
1	12	0
1	13	1
1	14	1
1	15	0
1	16	1
1	17	0
1	18	1
1	19	0
1	20	1
1	21	0
1	22	1
1	23	0
1	24	1
1	25	1
1	26	0
1	27	0
1	28	1
1	29	0
1	30	1
1	31	0
1	32	1
1	33	1
1	34	1
1	35	1
1	36	1
1	37	1
1	38	0
1	39	1
1	40	0
1	41	0
1	42	0
1	43	1
1	44	1
1	45	1
1	46	1
1	47	0
1	48	1
1	49	0
1	50	1
1	51	0
1	52	1
1	53	1
1	54	0
1	55	0
1	56	1
1	57	0
1	58	0
1	59	0
1	60	1
1	61	1
1	62	0
1	63	0
1	64	1
1	65	1
1	66	1
1	67	1
1	68	1
1	69	1
1	70	1
1	71	1
1	72	0
1	73	1
1	74	0
1	75	0
1	76	0
1	77	0
1	78	0
1	79	0
1	80	0
1	81	0
1	82	0
1	83	0
1	84	1
1	85	1
1	86	1
1	87	0
1	88	1
1	89	1
1	90	0
1	91	0
1	92	0
1	93	1
1	94	1
1	95	0
1	96	0
1	97	0
1	98	0
1	99	1
1	100	1
1	101	0
1	102	0
1	103	0
1	104	0
1	105	1
1	106	0
1	107	0
1	108	0
1	109	0
1	110	1
1	111	1
1	112	1
1	113	1
1	114	1
1	115	0
1	116	0
1	117	0
1	118	1
1	119	0
1	120	0
1	121	0
1	122	0
1	123	0
1	124	1
1	125	0
1	126	1
1	127	1
1	128	0
1	129	1
1	130	1
2	3	1
2	4	0
2	5	1
2	6	1
2	7	1
2	8	1
2	9	0
2	10	1
2	11	0
2	12	1
2	13	0
2	14	1
2	15	0
2	16	0
2	17	1
2	18	1
2	19	0
2	20	1
2	21	0
2	22	1
2	23	1
2	24	1
2	25	0
2	26	1
2	27	1
2	28	0
2	29	1
2	30	1
2	31	0
2	32	1
2	33	0
2	34	0
2	35	1
2	36	1
2	37	0
2	38	1
2	39	1
2	40	0
2	41	1
2	42	1
2	43	0
2	44	1
2	45	0
2	46	1
2	47	0
2	48	1
2	49	0
2	50	0
2	51	0
2	52	1
2	53	1
2	54	0
2	55	0
2	56	1
2	57	1
2	58	1
2	59	1
2	60	1
2	61	1
2	62	0
2	63	0
2	64	0
2	65	0
2	66	1
2	67	0
2	68	0
2	69	0
2	70	0
2	71	0
2	72	1
2	73	0
2	74	1
2	75	1
2	76	0
2	77	0
2	78	1
2	79	1
2	80	1
2	81	1
2	82	0
2	83	1
2	84	0
2	85	0
2	86	1
2	87	0
2	88	1
2	89	1
2	90	1
2	91	0
2	92	0
2	93	1
2	94	0
2	95	1
2	96	1
2	97	0
2	98	1
2	99	0
2	100	1
2	101	0
2	102	0
2	103	0
2	104	1
2	105	0
2	106	1
2	107	0
2	108	0
2	109	1
2	110	1
2	111	1
2	112	1
2	113	1
2	114	1
2	115	0
2	116	0
2	117	0
2	118	0
2	119	0
2	120	0
2	121	0
2	122	1
2	123	1
2	124	1
2	125	0
2	126	0
2	127	1
2	128	0
2	129	1
2	130	0
3	4	1
3	5	0
3	6	1
3	7	0
3	8	0
3	9	0
3	10	0
3	11	0
3	12	1
3	13	1
3	14	1
3	15	1
3	16	0
3	17	0
3	18	1
3	19	1
3	20	1
3	21	1
3	22	0
3	23	0
3	24	1
3	25	1
3	26	1
3	27	1
3	28	0
3	29	0
3	30	0
3	31	1
3	32	0
3	33	1
3	34	1
3	35	0
3	36	0
3	37	0
3	38	0
3	39	1
3	40	1
3	41	1
3	42	1
3	43	0
3	44	0
3	45	1
3	46	1
3	47	1
3	48	1
3	49	1
3	50	0
3	51	0
3	52	0
3	53	0
3	54	1
3	55	0
3	56	0
3	57	1
3	58	0
3	59	0
3	60	1
3	61	0
3	62	0
3	63	1
3	64	0
3	65	0
3	66	1
3	67	1
3	68	0
3	69	1
3	70	0
3	71	0
3	72	0
3	73	1
3	74	0
3	75	0
3	76	0
3	77	0
3	78	0
3	79	1
3	80	1
3	81	1
3	82	0
3	83	0
3	84	1
3	85	1
3	86	1
3	87	1
3	88	0
3	89	0
3	90	1
3	91	0
3	92	1
3	93	0
3	94	0
3	95	1
3	96	0
3	97	0
3	98	0
3	99	0
3	100	0
3	101	0
3	102	1
3	103	0
3	104	0
3	105	1
3	106	0
3	107	1
3	108	0
3	109	0
3	110	0
3	111	0
3	112	0
3	113	1
3	114	0
3	115	0
3	116	0
3	117	1
3	118	1
3	119	1
3	120	0
3	121	0
3	122	0
3	123	0
3	124	0
3	125	1
3	126	1
3	127	1
3	128	1
3	129	1
3	130	0
4	5	1
4	6	1
4	7	1
4	8	0
4	9	1
4	10	1
4	11	1
4	12	0
4	13	1
4	14	0
4	15	0
4	16	1
4	17	0
4	18	0
4	19	0
4	20	1
4	21	0
4	22	1
4	23	0
4	24	0
4	25	1
4	26	0
4	27	1
4	28	0
4	29	1
4	30	1
4	31	0
4	32	0
4	33	1
4	34	0
4	35	0
4	36	0
4	37	0
4	38	0
4	39	1
4	40	0
4	41	1
4	42	1
4	43	1
4	44	1
4	45	0
4	46	0
4	47	1
4	48	0
4	49	0
4	50	0
4	51	1
4	52	0
4	53	1
4	54	0
4	55	0
4	56	0
4	57	0
4	58	0
4	59	0
4	60	0
4	61	1
4	62	1
4	63	1
4	64	1
4	65	0
4	66	1
4	67	0
4	68	0
4	69	0
4	70	0
4	71	1
4	72	1
4	73	0
4	74	0
4	75	1
4	76	0
4	77	1
4	78	1
4	79	1
4	80	1
4	81	1
4	82	0
4	83	0
4	84	1
4	85	0
4	86	0
4	87	0
4	88	0
4	89	1
4	90	0
4	91	0
4	92	1
4	93	1
4	94	0
4	95	1
4	96	0
4	97	0
4	98	0
4	99	1
4	100	0
4	101	0
4	102	0
4	103	0
4	104	0
4	105	0
4	106	1
4	107	0
4	108	1
4	109	0
4	110	0
4	111	0
4	112	1
4	113	0
4	114	1
4	115	0
4	116	0
4	117	0
4	118	1
4	119	0
4	120	0
4	121	0
4	122	0
4	123	0
4	124	0
4	125	0
4	126	1
4	127	1
4	128	0
4	129	0
4	130	0
5	6	0
5	7	0
5	8	1
5	9	1
5	10	1
5	11	0
5	12	1
5	13	1
5	14	1
5	15	1
5	16	1
5	17	0
5	18	1
5	19	1
5	20	0
5	21	0
5	22	0
5	23	1
5	24	1
5	25	1
5	26	1
5	27	1
5	28	0
5	29	1
5	30	0
5	31	1
5	32	1
5	33	0
5	34	1
5	35	0
5	36	0
5	37	0
5	38	1
5	39	0
5	40	0
5	41	1
5	42	0
5	43	0
5	44	0
5	45	0
5	46	1
5	47	1
5	48	1
5	49	1
5	50	1
5	51	0
5	52	1
5	53	0
5	54	1
5	55	1
5	56	1
5	57	1
5	58	1
5	59	0
5	60	1
5	61	1
5	62	1
5	63	1
5	64	0
5	65	1
5	66	0
5	67	1
5	68	1
5	69	1
5	70	1
5	71	0
5	72	0
5	73	1
5	74	0
5	75	1
5	76	1
5	77	1
5	78	0
5	79	0
5	80	0
5	81	1
5	82	0
5	83	0
5	84	1
5	85	0
5	86	1
5	87	1
5	88	0
5	89	1
5	90	0
5	91	0
5	92	0
5	93	1
5	94	1
5	95	1
5	96	1
5	97	1
5	98	1
5	99	0
5	100	0
5	101	1
5	102	1
5	103	1
5	104	0
5	105	1
5	106	0
5	107	0
5	108	0
5	109	0
5	110	1
5	111	0
5	112	1
5	113	0
5	114	0
5	115	1
5	116	1
5	117	1
5	118	0
5	119	1
5	120	0
5	121	0
5	122	1
5	123	1
5	124	0
5	125	1
5	126	0
5	127	1
5	128	0
5	129	1
5	130	1
6	7	1
6	8	1
6	9	0
6	10	1
6	11	1
6	12	0
6	13	1
6	14	0
6	15	0
6	16	0
6	17	0
6	18	0
6	19	1
6	20	1
6	21	0
6	22	0
6	23	0
6	24	1
6	25	0
6	26	0
6	27	1
6	28	0
6	29	1
6	30	1
6	31	1
6	32	0
6	33	0
6	34	0
6	35	1
6	36	1
6	37	0
6	38	1
6	39	1
6	40	1
6	41	0
6	42	0
6	43	1
6	44	0
6	45	0
6	46	0
6	47	0
6	48	0
6	49	1
6	50	1
6	51	1
6	52	0
6	53	0
6	54	1
6	55	0
6	56	0
6	57	1
6	58	0
6	59	0
6	60	0
6	61	0
6	62	0
6	63	0
6	64	0
6	65	1
6	66	0
6	67	0
6	68	1
6	69	1
6	70	0
6	71	0
6	72	0
6	73	0
6	74	1
6	75	0
6	76	1
6	77	0
6	78	0
6	79	0
6	80	1
6	81	1
6	82	0
6	83	1
6	84	0
6	85	1
6	86	0
6	87	1
6	88	0
6	89	0
6	90	1
6	91	1
6	92	0
6	93	0
6	94	1
6	95	0
6	96	0
6	97	1
6	98	0
6	99	1
6	100	1
6	101	1
6	102	1
6	103	1
6	104	1
6	105	0
6	106	1
6	107	0
6	108	0
6	109	1
6	110	0
6	111	1
6	112	0
6	113	1
6	114	0
6	115	1
6	116	0
6	117	0
6	118	0
6	119	0
6	120	1
6	121	1
6	122	0
6	123	1
6	124	0
6	125	0
6	126	0
6	127	1
6	128	0
6	129	0
6	130	0
7	8	1
7	9	0
7	10	1
7	11	0
7	12	1
7	13	1
7	14	0
7	15	0
7	16	0
7	17	0
7	18	1
7	19	0
7	20	0
7	21	0
7	22	1
7	23	0
7	24	0
7	25	1
7	26	0
7	27	0
7	28	0
7	29	1
7	30	1
7	31	1
7	32	0
7	33	1
7	34	0
7	35	0
7	36	1
7	37	1
7	38	0
7	39	1
7	40	1
7	41	1
7	42	1
7	43	1
7	44	1
7	45	1
7	46	0
7	47	0
7	48	1
7	49	0
7	50	1
7	51	0
7	52	1
7	53	1
7	54	0
7	55	1
7	56	0
7	57	1
7	58	0
7	59	0
7	60	1
7	61	0
7	62	0
7	63	0
7	64	0
7	65	0
7	66	1
7	67	1
7	68	1
7	69	1
7	70	1
7	71	0
7	72	0
7	73	0
7	74	0
7	75	0
7	76	1
7	77	1
7	78	0
7	79	0
7	80	1
7	81	1
7	82	0
7	83	0
7	84	1
7	85	1
7	86	0
7	87	0
7	88	1
7	89	1
7	90	1
7	91	1
7	92	0
7	93	1
7	94	1
7	95	1
7	96	0
7	97	0
7	98	1
7	99	0
7	100	1
7	101	0
7	102	0
7	103	0
7	104	1
7	105	1
7	106	0
7	107	0
7	108	1
7	109	1
7	110	1
7	111	1
7	112	1
7	113	0
7	114	1
7	115	0
7	116	1
7	117	0
7	118	0
7	119	1
7	120	0
7	121	1
7	122	0
7	123	0
7	124	1
7	125	1
7	126	0
7	127	0
7	128	0
7	129	0
7	130	0
8	9	1
8	10	1
8	11	0
8	12	1
8	13	0
8	14	0
8	15	0
8	16	0
8	17	1
8	18	1
8	19	0
8	20	1
8	21	1
8	22	1
8	23	0
8	24	0
8	25	0
8	26	0
8	27	0
8	28	0
8	29	0
8	30	1
8	31	0
8	32	0
8	33	1
8	34	0
8	35	1
8	36	0
8	37	1
8	38	0
8	39	0
8	40	0
8	41	0
8	42	0
8	43	1
8	44	0
8	45	1
8	46	0
8	47	1
8	48	0
8	49	0
8	50	1
8	51	0
8	52	1
8	53	1
8	54	1
8	55	1
8	56	1
8	57	0
8	58	0
8	59	1
8	60	0
8	61	1
8	62	0
8	63	0
8	64	1
8	65	0
8	66	1
8	67	1
8	68	0
8	69	1
8	70	0
8	71	1
8	72	0
8	73	0
8	74	1
8	75	0
8	76	1
8	77	1
8	78	1
8	79	1
8	80	0
8	81	1
8	82	1
8	83	0
8	84	0
8	85	1
8	86	0
8	87	0
8	88	1
8	89	1
8	90	1
8	91	0
8	92	0
8	93	0
8	94	1
8	95	0
8	96	0
8	97	0
8	98	1
8	99	1
8	100	0
8	101	0
8	102	1
8	103	1
8	104	1
8	105	0
8	106	0
8	107	1
8	108	0
8	109	1
8	110	0
8	111	1
8	112	0
8	113	0
8	114	1
8	115	1
8	116	1
8	117	1
8	118	0
8	119	1
8	120	0
8	121	0
8	122	0
8	123	0
8	124	0
8	125	1
8	126	0
8	127	1
8	128	1
8	129	0
8	130	0
9	10	0
9	11	1
9	12	1
9	13	1
9	14	1
9	15	1
9	16	1
9	17	1
9	18	1
9	19	0
9	20	0
9	21	1
9	22	0
9	23	0
9	24	0
9	25	1
9	26	1
9	27	0
9	28	0
9	29	0
9	30	1
9	31	1
9	32	0
9	33	0
9	34	1
9	35	1
9	36	0
9	37	0
9	38	0
9	39	0
9	40	1
9	41	1
9	42	0
9	43	0
9	44	1
9	45	0
9	46	1
9	47	1
9	48	0
9	49	0
9	50	1
9	51	1
9	52	1
9	53	0
9	54	1
9	55	1
9	56	1
9	57	0
9	58	1
9	59	1
9	60	1
9	61	0
9	62	0
9	63	0
9	64	1
9	65	1
9	66	0
9	67	1
9	68	1
9	69	0
9	70	1
9	71	1
9	72	1
9	73	1
9	74	1
9	75	0
9	76	0
9	77	1
9	78	1
9	79	1
9	80	1
9	81	0
9	82	0
9	83	0
9	84	0
9	85	0
9	86	0
9	87	1
9	88	0
9	89	0
9	90	1
9	91	1
9	92	1
9	93	0
9	94	0
9	95	1
9	96	0
9	97	1
9	98	1
9	99	0
9	100	0
9	101	1
9	102	0
9	103	0
9	104	0
9	105	0
9	106	0
9	107	0
9	108	1
9	109	0
9	110	1
9	111	0
9	112	0
9	113	0
9	114	0
9	115	0
9	116	1
9	117	0
9	118	0
9	119	0
9	120	0
9	121	1
9	122	0
9	123	0
9	124	0
9	125	1
9	126	1
9	127	1
9	128	0
9	129	1
9	130	0
10	11	0
10	12	0
10	13	1
10	14	0
10	15	1
10	16	0
10	17	0
10	18	1
10	19	0
10	20	1
10	21	0
10	22	0
10	23	1
10	24	1
10	25	0
10	26	0
10	27	1
10	28	0
10	29	1
10	30	1
10	31	1
10	32	0
10	33	0
10	34	0
10	35	1
10	36	0
10	37	0
10	38	0
10	39	1
10	40	1
10	41	1
10	42	0
10	43	1
10	44	0
10	45	1
10	46	1
10	47	1
10	48	0
10	49	1
10	50	1
10	51	0
10	52	0
10	53	0
10	54	1
10	55	0
10	56	1
10	57	0
10	58	0
10	59	0
10	60	0
10	61	0
10	62	0
10	63	1
10	64	0
10	65	1
10	66	1
10	67	1
10	68	1
10	69	0
10	70	0
10	71	0
10	72	0
10	73	1
10	74	0
10	75	0
10	76	1
10	77	0
10	78	0
10	79	0
10	80	0
10	81	1
10	82	0
10	83	0
10	84	1
10	85	1
10	86	0
10	87	1
10	88	1
10	89	1
10	90	1
10	91	0
10	92	0
10	93	1
10	94	1
10	95	1
10	96	0
10	97	1
10	98	0
10	99	0
10	100	1
10	101	0
10	102	1
10	103	1
10	104	1
10	105	0
10	106	0
10	107	1
10	108	1
10	109	0
10	110	1
10	111	1
10	112	1
10	113	0
10	114	0
10	115	0
10	116	1
10	117	0
10	118	0
10	119	0
10	120	1
10	121	0
10	122	1
10	123	1
10	124	0
10	125	0
10	126	0
10	127	0
10	128	1
10	129	0
10	130	1
11	12	0
11	13	0
11	14	0
11	15	1
11	16	1
11	17	0
11	18	1
11	19	0
11	20	1
11	21	0
11	22	1
11	23	1
11	24	0
11	25	1
11	26	1
11	27	0
11	28	1
11	29	0
11	30	0
11	31	1
11	32	0
11	33	0
11	34	1
11	35	0
11	36	0
11	37	0
11	38	1
11	39	1
11	40	1
11	41	0
11	42	1
11	43	0
11	44	0
11	45	1
11	46	0
11	47	1
11	48	1
11	49	0
11	50	0
11	51	0
11	52	1
11	53	1
11	54	1
11	55	0
11	56	1
11	57	1
11	58	0
11	59	1
11	60	0
11	61	0
11	62	0
11	63	1
11	64	1
11	65	1
11	66	0
11	67	1
11	68	0
11	69	0
11	70	1
11	71	1
11	72	0
11	73	1
11	74	0
11	75	1
11	76	0
11	77	0
11	78	1
11	79	0
11	80	0
11	81	0
11	82	0
11	83	1
11	84	0
11	85	1
11	86	0
11	87	0
11	88	1
11	89	1
11	90	0
11	91	1
11	92	0
11	93	0
11	94	0
11	95	0
11	96	1
11	97	1
11	98	1
11	99	1
11	100	1
11	101	0
11	102	1
11	103	1
11	104	0
11	105	0
11	106	1
11	107	0
11	108	0
11	109	0
11	110	0
11	111	1
11	112	0
11	113	0
11	114	0
11	115	1
11	116	1
11	117	0
11	118	1
11	119	1
11	120	1
11	121	1
11	122	1
11	123	1
11	124	1
11	125	1
11	126	0
11	127	0
11	128	0
11	129	0
11	130	0
12	13	0
12	14	1
12	15	0
12	16	0
12	17	1
12	18	1
12	19	0
12	20	1
12	21	0
12	22	0
12	23	0
12	24	1
12	25	1
12	26	0
12	27	0
12	28	0
12	29	1
12	30	1
12	31	1
12	32	1
12	33	0
12	34	1
12	35	0
12	36	0
12	37	0
12	38	1
12	39	0
12	40	1
12	41	0
12	42	0
12	43	1
12	44	0
12	45	1
12	46	0
12	47	1
12	48	0
12	49	0
12	50	1
12	51	1
12	52	1
12	53	1
12	54	0
12	55	0
12	56	1
12	57	0
12	58	0
12	59	1
12	60	0
12	61	1
12	62	0
12	63	1
12	64	0
12	65	0
12	66	1
12	67	0
12	68	1
12	69	0
12	70	0
12	71	0
12	72	1
12	73	1
12	74	0
12	75	0
12	76	1
12	77	1
12	78	0
12	79	1
12	80	0
12	81	1
12	82	0
12	83	1
12	84	0
12	85	0
12	86	1
12	87	1
12	88	0
12	89	0
12	90	1
12	91	0
12	92	1
12	93	0
12	94	1
12	95	1
12	96	0
12	97	0
12	98	1
12	99	1
12	100	0
12	101	0
12	102	1
12	103	1
12	104	1
12	105	0
12	106	0
12	107	1
12	108	1
12	109	0
12	110	1
12	111	0
12	112	1
12	113	0
12	114	0
12	115	1
12	116	0
12	117	0
12	118	1
12	119	1
12	120	0
12	121	0
12	122	1
12	123	1
12	124	1
12	125	0
12	126	1
12	127	0
12	128	1
12	129	1
12	130	0
13	14	1
13	15	1
13	16	0
13	17	1
13	18	1
13	19	0
13	20	1
13	21	0
13	22	1
13	23	1
13	24	1
13	25	0
13	26	0
13	27	1
13	28	1
13	29	0
13	30	1
13	31	0
13	32	1
13	33	1
13	34	0
13	35	1
13	36	0
13	37	1
13	38	0
13	39	1
13	40	1
13	41	1
13	42	1
13	43	1
13	44	0
13	45	1
13	46	0
13	47	0
13	48	0
13	49	1
13	50	0
13	51	1
13	52	1
13	53	0
13	54	1
13	55	1
13	56	1
13	57	0
13	58	0
13	59	1
13	60	0
13	61	1
13	62	1
13	63	0
13	64	0
13	65	1
13	66	1
13	67	1
13	68	1
13	69	0
13	70	1
13	71	1
13	72	1
13	73	0
13	74	1
13	75	0
13	76	0
13	77	0
13	78	0
13	79	0
13	80	1
13	81	1
13	82	0
13	83	0
13	84	1
13	85	0
13	86	1
13	87	0
13	88	1
13	89	1
13	90	0
13	91	1
13	92	0
13	93	1
13	94	1
13	95	0
13	96	0
13	97	0
13	98	1
13	99	1
13	100	0
13	101	1
13	102	1
13	103	0
13	104	1
13	105	0
13	106	1
13	107	0
13	108	1
13	109	0
13	110	0
13	111	0
13	112	0
13	113	0
13	114	1
13	115	1
13	116	0
13	117	0
13	118	1
13	119	1
13	120	0
13	121	0
13	122	0
13	123	0
13	124	0
13	125	1
13	126	0
13	127	1
13	128	0
13	129	0
13	130	0
14	15	0
14	16	1
14	17	0
14	18	0
14	19	0
14	20	0
14	21	1
14	22	0
14	23	0
14	24	1
14	25	0
14	26	0
14	27	1
14	28	1
14	29	0
14	30	1
14	31	1
14	32	0
14	33	1
14	34	0
14	35	1
14	36	1
14	37	1
14	38	0
14	39	0
14	40	0
14	41	0
14	42	0
14	43	1
14	44	1
14	45	1
14	46	0
14	47	0
14	48	0
14	49	1
14	50	0
14	51	1
14	52	1
14	53	0
14	54	1
14	55	0
14	56	1
14	57	1
14	58	0
14	59	0
14	60	1
14	61	1
14	62	0
14	63	1
14	64	1
14	65	0
14	66	0
14	67	1
14	68	1
14	69	0
14	70	1
14	71	1
14	72	0
14	73	1
14	74	0
14	75	1
14	76	0
14	77	1
14	78	0
14	79	1
14	80	0
14	81	1
14	82	0
14	83	0
14	84	1
14	85	1
14	86	1
14	87	0
14	88	1
14	89	0
14	90	1
14	91	1
14	92	1
14	93	1
14	94	0
14	95	1
14	96	0
14	97	1
14	98	0
14	99	1
14	100	0
14	101	1
14	102	0
14	103	1
14	104	1
14	105	1
14	106	0
14	107	0
14	108	1
14	109	0
14	110	0
14	111	1
14	112	1
14	113	0
14	114	1
14	115	0
14	116	0
14	117	0
14	118	0
14	119	0
14	120	0
14	121	0
14	122	1
14	123	0
14	124	0
14	125	1
14	126	0
14	127	1
14	128	0
14	129	0
14	130	1
15	16	1
15	17	0
15	18	0
15	19	0
15	20	1
15	21	1
15	22	1
15	23	1
15	24	1
15	25	1
15	26	1
15	27	0
15	28	1
15	29	1
15	30	0
15	31	0
15	32	0
15	33	0
15	34	1
15	35	0
15	36	1
15	37	0
15	38	0
15	39	1
15	40	1
15	41	1
15	42	0
15	43	0
15	44	1
15	45	0
15	46	1
15	47	0
15	48	1
15	49	0
15	50	0
15	51	1
15	52	1
15	53	1
15	54	0
15	55	0
15	56	1
15	57	0
15	58	0
15	59	0
15	60	1
15	61	1
15	62	1
15	63	0
15	64	1
15	65	1
15	66	0
15	67	0
15	68	0
15	69	0
15	70	0
15	71	1
15	72	1
15	73	1
15	74	1
15	75	0
15	76	0
15	77	1
15	78	0
15	79	1
15	80	1
15	81	0
15	82	1
15	83	1
15	84	1
15	85	1
15	86	0
15	87	1
15	88	1
15	89	1
15	90	1
15	91	1
15	92	1
15	93	1
15	94	0
15	95	0
15	96	1
15	97	1
15	98	0
15	99	0
15	100	0
15	101	0
15	102	0
15	103	1
15	104	1
15	105	1
15	106	1
15	107	0
15	108	0
15	109	1
15	110	0
15	111	0
15	112	0
15	113	1
15	114	0
15	115	1
15	116	1
15	117	1
15	118	1
15	119	1
15	120	0
15	121	1
15	122	1
15	123	1
15	124	0
15	125	1
15	126	1
15	127	0
15	128	1
15	129	0
15	130	0
16	17	1
16	18	1
16	19	1
16	20	1
16	21	1
16	22	1
16	23	1
16	24	1
16	25	0
16	26	1
16	27	0
16	28	1
16	29	1
16	30	1
16	31	0
16	32	1
16	33	0
16	34	0
16	35	0
16	36	0
16	37	0
16	38	0
16	39	1
16	40	0
16	41	1
16	42	0
16	43	0
16	44	1
16	45	0
16	46	0
16	47	1
16	48	1
16	49	0
16	50	1
16	51	1
16	52	0
16	53	0
16	54	0
16	55	1
16	56	0
16	57	0
16	58	1
16	59	1
16	60	1
16	61	1
16	62	0
16	63	0
16	64	0
16	65	1
16	66	0
16	67	1
16	68	0
16	69	1
16	70	1
16	71	1
16	72	1
16	73	0
16	74	1
16	75	1
16	76	0
16	77	0
16	78	1
16	79	1
16	80	0
16	81	1
16	82	0
16	83	0
16	84	1
16	85	0
16	86	1
16	87	0
16	88	1
16	89	0
16	90	1
16	91	0
16	92	1
16	93	1
16	94	1
16	95	1
16	96	0
16	97	0
16	98	0
16	99	1
16	100	1
16	101	0
16	102	0
16	103	0
16	104	1
16	105	1
16	106	1
16	107	0
16	108	1
16	109	1
16	110	1
16	111	0
16	112	1
16	113	0
16	114	0
16	115	1
16	116	1
16	117	0
16	118	1
16	119	0
16	120	1
16	121	0
16	122	0
16	123	0
16	124	1
16	125	1
16	126	0
16	127	0
16	128	1
16	129	0
16	130	0
17	18	0
17	19	0
17	20	1
17	21	0
17	22	0
17	23	0
17	24	0
17	25	1
17	26	0
17	27	0
17	28	1
17	29	0
17	30	0
17	31	1
17	32	0
17	33	1
17	34	0
17	35	1
17	36	1
17	37	0
17	38	1
17	39	1
17	40	1
17	41	1
17	42	0
17	43	1
17	44	0
17	45	1
17	46	1
17	47	1
17	48	1
17	49	1
17	50	0
17	51	0
17	52	1
17	53	0
17	54	1
17	55	0
17	56	0
17	57	1
17	58	1
17	59	0
17	60	0
17	61	1
17	62	1
17	63	0
17	64	0
17	65	0
17	66	0
17	67	0
17	68	1
17	69	0
17	70	1
17	71	1
17	72	0
17	73	0
17	74	0
17	75	0
17	76	0
17	77	1
17	78	0
17	79	1
17	80	0
17	81	1
17	82	1
17	83	0
17	84	1
17	85	0
17	86	0
17	87	1
17	88	0
17	89	1
17	90	1
17	91	1
17	92	1
17	93	0
17	94	1
17	95	1
17	96	0
17	97	0
17	98	1
17	99	0
17	100	0
17	101	1
17	102	0
17	103	0
17	104	1
17	105	0
17	106	1
17	107	1
17	108	0
17	109	1
17	110	1
17	111	1
17	112	0
17	113	0
17	114	1
17	115	0
17	116	0
17	117	1
17	118	1
17	119	1
17	120	0
17	121	1
17	122	1
17	123	0
17	124	0
17	125	0
17	126	1
17	127	0
17	128	1
17	129	1
17	130	1
18	19	0
18	20	1
18	21	0
18	22	1
18	23	1
18	24	0
18	25	1
18	26	0
18	27	1
18	28	1
18	29	0
18	30	0
18	31	0
18	32	1
18	33	1
18	34	0
18	35	1
18	36	1
18	37	1
18	38	1
18	39	1
18	40	1
18	41	1
18	42	0
18	43	1
18	44	0
18	45	1
18	46	1
18	47	1
18	48	1
18	49	1
18	50	0
18	51	0
18	52	0
18	53	0
18	54	1
18	55	1
18	56	1
18	57	0
18	58	0
18	59	1
18	60	1
18	61	0
18	62	0
18	63	1
18	64	0
18	65	0
18	66	0
18	67	0
18	68	0
18	69	0
18	70	0
18	71	1
18	72	0
18	73	0
18	74	1
18	75	0
18	76	0
18	77	0
18	78	1
18	79	1
18	80	1
18	81	1
18	82	0
18	83	0
18	84	1
18	85	0
18	86	1
18	87	0
18	88	0
18	89	1
18	90	0
18	91	0
18	92	1
18	93	1
18	94	0
18	95	1
18	96	1
18	97	0
18	98	1
18	99	0
18	100	1
18	101	0
18	102	1
18	103	0
18	104	0
18	105	0
18	106	1
18	107	0
18	108	1
18	109	1
18	110	0
18	111	0
18	112	0
18	113	0
18	114	1
18	115	1
18	116	0
18	117	1
18	118	0
18	119	0
18	120	0
18	121	0
18	122	1
18	123	1
18	124	1
18	125	0
18	126	0
18	127	0
18	128	0
18	129	1
18	130	1
19	20	1
19	21	1
19	22	0
19	23	1
19	24	1
19	25	0
19	26	0
19	27	1
19	28	1
19	29	0
19	30	0
19	31	0
19	32	0
19	33	0
19	34	0
19	35	1
19	36	1
19	37	1
19	38	0
19	39	1
19	40	1
19	41	1
19	42	0
19	43	1
19	44	1
19	45	1
19	46	0
19	47	1
19	48	1
19	49	1
19	50	0
19	51	0
19	52	0
19	53	0
19	54	1
19	55	1
19	56	0
19	57	1
19	58	0
19	59	1
19	60	1
19	61	0
19	62	1
19	63	1
19	64	0
19	65	0
19	66	1
19	67	0
19	68	1
19	69	1
19	70	1
19	71	1
19	72	0
19	73	1
19	74	1
19	75	1
19	76	1
19	77	0
19	78	0
19	79	1
19	80	1
19	81	1
19	82	0
19	83	1
19	84	1
19	85	1
19	86	1
19	87	0
19	88	0
19	89	0
19	90	1
19	91	1
19	92	1
19	93	1
19	94	1
19	95	0
19	96	0
19	97	1
19	98	0
19	99	1
19	100	1
19	101	1
19	102	1
19	103	1
19	104	1
19	105	1
19	106	1
19	107	1
19	108	1
19	109	0
19	110	0
19	111	1
19	112	0
19	113	0
19	114	1
19	115	0
19	116	0
19	117	1
19	118	1
19	119	0
19	120	0
19	121	1
19	122	0
19	123	0
19	124	1
19	125	0
19	126	0
19	127	1
19	128	1
19	129	1
19	130	1
20	21	1
20	22	1
20	23	1
20	24	0
20	25	0
20	26	1
20	27	1
20	28	1
20	29	1
20	30	0
20	31	1
20	32	0
20	33	1
20	34	0
20	35	1
20	36	0
20	37	1
20	38	1
20	39	0
20	40	1
20	41	1
20	42	0
20	43	0
20	44	1
20	45	0
20	46	1
20	47	1
20	48	1
20	49	0
20	50	1
20	51	0
20	52	0
20	53	1
20	54	0
20	55	1
20	56	0
20	57	0
20	58	0
20	59	0
20	60	1
20	61	1
20	62	0
20	63	0
20	64	1
20	65	0
20	66	1
20	67	1
20	68	0
20	69	1
20	70	1
20	71	1
20	72	0
20	73	0
20	74	1
20	75	0
20	76	1
20	77	1
20	78	1
20	79	0
20	80	0
20	81	1
20	82	1
20	83	1
20	84	1
20	85	1
20	86	0
20	87	0
20	88	0
20	89	1
20	90	1
20	91	0
20	92	0
20	93	0
20	94	1
20	95	0
20	96	1
20	97	1
20	98	1
20	99	0
20	100	1
20	101	1
20	102	0
20	103	0
20	104	0
20	105	0
20	106	1
20	107	1
20	108	0
20	109	1
20	110	0
20	111	0
20	112	0
20	113	0
20	114	0
20	115	1
20	116	1
20	117	0
20	118	0
20	119	0
20	120	0
20	121	0
20	122	0
20	123	0
20	124	1
20	125	0
20	126	1
20	127	0
20	128	1
20	129	1
20	130	1
21	22	1
21	23	0
21	24	0
21	25	1
21	26	1
21	27	0
21	28	0
21	29	1
21	30	0
21	31	0
21	32	1
21	33	0
21	34	0
21	35	0
21	36	1
21	37	1
21	38	0
21	39	0
21	40	0
21	41	1
21	42	0
21	43	0
21	44	1
21	45	0
21	46	0
21	47	0
21	48	0
21	49	0
21	50	0
21	51	0
21	52	1
21	53	0
21	54	0
21	55	1
21	56	0
21	57	0
21	58	0
21	59	0
21	60	1
21	61	1
21	62	0
21	63	1
21	64	0
21	65	0
21	66	1
21	67	1
21	68	1
21	69	1
21	70	1
21	71	0
21	72	1
21	73	1
21	74	1
21	75	1
21	76	0
21	77	1
21	78	1
21	79	0
21	80	1
21	81	1
21	82	1
21	83	0
21	84	0
21	85	0
21	86	1
21	87	1
21	88	0
21	89	0
21	90	0
21	91	0
21	92	0
21	93	1
21	94	1
21	95	0
21	96	1
21	97	0
21	98	1
21	99	0
21	100	0
21	101	0
21	102	1
21	103	0
21	104	1
21	105	1
21	106	0
21	107	0
21	108	0
21	109	1
21	110	1
21	111	1
21	112	0
21	113	0
21	114	1
21	115	0
21	116	1
21	117	0
21	118	0
21	119	1
21	120	0
21	121	1
21	122	0
21	123	0
21	124	0
21	125	0
21	126	1
21	127	0
21	128	0
21	129	0
21	130	0
22	23	0
22	24	0
22	25	1
22	26	0
22	27	1
22	28	1
22	29	1
22	30	1
22	31	0
22	32	0
22	33	0
22	34	1
22	35	1
22	36	1
22	37	1
22	38	0
22	39	1
22	40	0
22	41	0
22	42	0
22	43	0
22	44	1
22	45	1
22	46	0
22	47	0
22	48	0
22	49	1
22	50	0
22	51	1
22	52	1
22	53	0
22	54	1
22	55	0
22	56	0
22	57	0
22	58	0
22	59	1
22	60	1
22	61	1
22	62	1
22	63	0
22	64	0
22	65	0
22	66	1
22	67	1
22	68	1
22	69	1
22	70	1
22	71	0
22	72	0
22	73	1
22	74	1
22	75	1
22	76	0
22	77	0
22	78	0
22	79	1
22	80	1
22	81	1
22	82	0
22	83	1
22	84	1
22	85	0
22	86	0
22	87	1
22	88	1
22	89	1
22	90	0
22	91	1
22	92	0
22	93	0
22	94	1
22	95	1
22	96	0
22	97	0
22	98	1
22	99	0
22	100	0
22	101	1
22	102	0
22	103	0
22	104	1
22	105	0
22	106	1
22	107	0
22	108	0
22	109	0
22	110	1
22	111	1
22	112	0
22	113	0
22	114	1
22	115	1
22	116	1
22	117	0
22	118	1
22	119	0
22	120	0
22	121	0
22	122	0
22	123	0
22	124	0
22	125	1
22	126	0
22	127	0
22	128	1
22	129	1
22	130	0
23	24	0
23	25	1
23	26	0
23	27	1
23	28	0
23	29	1
23	30	1
23	31	1
23	32	0
23	33	1
23	34	0
23	35	1
23	36	0
23	37	0
23	38	1
23	39	1
23	40	1
23	41	0
23	42	1
23	43	0
23	44	0
23	45	0
23	46	0
23	47	1
23	48	1
23	49	1
23	50	0
23	51	0
23	52	1
23	53	0
23	54	1
23	55	1
23	56	0
23	57	1
23	58	0
23	59	1
23	60	0
23	61	0
23	62	0
23	63	0
23	64	1
23	65	1
23	66	0
23	67	1
23	68	0
23	69	1
23	70	1
23	71	1
23	72	1
23	73	0
23	74	1
23	75	1
23	76	0
23	77	0
23	78	0
23	79	0
23	80	0
23	81	1
23	82	0
23	83	1
23	84	0
23	85	0
23	86	0
23	87	1
23	88	0
23	89	0
23	90	1
23	91	1
23	92	0
23	93	1
23	94	1
23	95	1
23	96	1
23	97	0
23	98	1
23	99	0
23	100	0
23	101	0
23	102	1
23	103	0
23	104	1
23	105	1
23	106	1
23	107	1
23	108	0
23	109	1
23	110	1
23	111	1
23	112	1
23	113	0
23	114	0
23	115	1
23	116	0
23	117	1
23	118	1
23	119	0
23	120	1
23	121	1
23	122	0
23	123	1
23	124	1
23	125	0
23	126	0
23	127	0
23	128	1
23	129	1
23	130	0
24	25	0
24	26	1
24	27	1
24	28	1
24	29	0
24	30	1
24	31	1
24	32	0
24	33	0
24	34	1
24	35	1
24	36	0
24	37	0
24	38	1
24	39	0
24	40	1
24	41	1
24	42	0
24	43	1
24	44	0
24	45	0
24	46	0
24	47	1
24	48	0
24	49	1
24	50	1
24	51	0
24	52	1
24	53	1
24	54	1
24	55	1
24	56	1
24	57	0
24	58	0
24	59	0
24	60	1
24	61	1
24	62	0
24	63	0
24	64	0
24	65	0
24	66	0
24	67	0
24	68	0
24	69	1
24	70	1
24	71	1
24	72	1
24	73	0
24	74	1
24	75	1
24	76	1
24	77	0
24	78	0
24	79	0
24	80	1
24	81	1
24	82	0
24	83	0
24	84	0
24	85	0
24	86	1
24	87	1
24	88	1
24	89	1
24	90	1
24	91	0
24	92	1
24	93	1
24	94	0
24	95	1
24	96	1
24	97	0
24	98	0
24	99	0
24	100	0
24	101	0
24	102	0
24	103	0
24	104	0
24	105	1
24	106	0
24	107	0
24	108	0
24	109	1
24	110	0
24	111	1
24	112	1
24	113	1
24	114	0
24	115	1
24	116	0
24	117	1
24	118	0
24	119	1
24	120	0
24	121	0
24	122	1
24	123	0
24	124	1
24	125	0
24	126	0
24	127	1
24	128	1
24	129	0
24	130	0
25	26	1
25	27	0
25	28	1
25	29	0
25	30	1
25	31	1
25	32	0
25	33	0
25	34	1
25	35	0
25	36	1
25	37	1
25	38	1
25	39	1
25	40	1
25	41	0
25	42	1
25	43	0
25	44	1
25	45	1
25	46	0
25	47	1
25	48	0
25	49	0
25	50	0
25	51	0
25	52	1
25	53	0
25	54	1
25	55	1
25	56	0
25	57	0
25	58	1
25	59	0
25	60	0
25	61	0
25	62	1
25	63	1
25	64	0
25	65	0
25	66	0
25	67	0
25	68	0
25	69	1
25	70	0
25	71	0
25	72	1
25	73	1
25	74	0
25	75	1
25	76	1
25	77	1
25	78	1
25	79	0
25	80	1
25	81	1
25	82	1
25	83	1
25	84	1
25	85	1
25	86	0
25	87	0
25	88	1
25	89	1
25	90	0
25	91	1
25	92	0
25	93	0
25	94	0
25	95	0
25	96	1
25	97	0
25	98	0
25	99	1
25	100	0
25	101	1
25	102	1
25	103	0
25	104	1
25	105	1
25	106	1
25	107	1
25	108	0
25	109	1
25	110	0
25	111	0
25	112	1
25	113	0
25	114	1
25	115	1
25	116	0
25	117	1
25	118	0
25	119	0
25	120	0
25	121	0
25	122	1
25	123	1
25	124	0
25	125	1
25	126	1
25	127	0
25	128	0
25	129	0
25	130	0
26	27	1
26	28	1
26	29	0
26	30	0
26	31	0
26	32	1
26	33	1
26	34	0
26	35	0
26	36	0
26	37	1
26	38	1
26	39	1
26	40	0
26	41	0
26	42	1
26	43	0
26	44	0
26	45	1
26	46	1
26	47	1
26	48	0
26	49	0
26	50	1
26	51	0
26	52	0
26	53	1
26	54	0
26	55	1
26	56	0
26	57	1
26	58	1
26	59	1
26	60	0
26	61	1
26	62	0
26	63	0
26	64	1
26	65	1
26	66	1
26	67	0
26	68	1
26	69	1
26	70	1
26	71	1
26	72	1
26	73	1
26	74	1
26	75	0
26	76	1
26	77	1
26	78	1
26	79	1
26	80	1
26	81	0
26	82	0
26	83	1
26	84	1
26	85	1
26	86	1
26	87	1
26	88	0
26	89	0
26	90	0
26	91	1
26	92	1
26	93	1
26	94	0
26	95	0
26	96	0
26	97	0
26	98	0
26	99	0
26	100	0
26	101	1
26	102	0
26	103	0
26	104	0
26	105	1
26	106	0
26	107	1
26	108	0
26	109	0
26	110	0
26	111	0
26	112	0
26	113	0
26	114	1
26	115	0
26	116	0
26	117	1
26	118	1
26	119	1
26	120	0
26	121	1
26	122	1
26	123	1
26	124	0
26	125	1
26	126	1
26	127	0
26	128	0
26	129	0
26	130	1
27	28	0
27	29	1
27	30	0
27	31	0
27	32	1
27	33	1
27	34	1
27	35	0
27	36	0
27	37	0
27	38	0
27	39	1
27	40	1
27	41	1
27	42	1
27	43	0
27	44	0
27	45	0
27	46	1
27	47	0
27	48	1
27	49	1
27	50	1
27	51	0
27	52	1
27	53	0
27	54	0
27	55	0
27	56	0
27	57	1
27	58	1
27	59	0
27	60	0
27	61	1
27	62	0
27	63	0
27	64	0
27	65	0
27	66	1
27	67	0
27	68	1
27	69	1
27	70	1
27	71	0
27	72	1
27	73	1
27	74	1
27	75	0
27	76	0
27	77	1
27	78	0
27	79	0
27	80	0
27	81	0
27	82	0
27	83	0
27	84	1
27	85	1
27	86	1
27	87	0
27	88	1
27	89	0
27	90	0
27	91	1
27	92	1
27	93	1
27	94	0
27	95	1
27	96	0
27	97	1
27	98	1
27	99	1
27	100	0
27	101	1
27	102	1
27	103	1
27	104	0
27	105	1
27	106	1
27	107	0
27	108	0
27	109	1
27	110	1
27	111	0
27	112	0
27	113	0
27	114	1
27	115	0
27	116	0
27	117	1
27	118	1
27	119	1
27	120	1
27	121	1
27	122	0
27	123	1
27	124	0
27	125	0
27	126	1
27	127	0
27	128	0
27	129	0
27	130	0
28	29	0
28	30	0
28	31	0
28	32	1
28	33	1
28	34	1
28	35	0
28	36	0
28	37	1
28	38	0
28	39	1
28	40	0
28	41	1
28	42	0
28	43	0
28	44	1
28	45	0
28	46	0
28	47	0
28	48	0
28	49	1
28	50	1
28	51	0
28	52	0
28	53	1
28	54	0
28	55	1
28	56	1
28	57	1
28	58	1
28	59	0
28	60	1
28	61	1
28	62	1
28	63	0
28	64	1
28	65	1
28	66	1
28	67	0
28	68	0
28	69	0
28	70	0
28	71	0
28	72	0
28	73	1
28	74	1
28	75	1
28	76	0
28	77	1
28	78	0
28	79	0
28	80	1
28	81	1
28	82	0
28	83	1
28	84	1
28	85	1
28	86	1
28	87	1
28	88	0
28	89	0
28	90	0
28	91	0
28	92	0
28	93	0
28	94	0
28	95	0
28	96	1
28	97	1
28	98	0
28	99	0
28	100	0
28	101	1
28	102	0
28	103	0
28	104	0
28	105	1
28	106	0
28	107	0
28	108	0
28	109	1
28	110	0
28	111	0
28	112	0
28	113	0
28	114	0
28	115	0
28	116	0
28	117	0
28	118	0
28	119	1
28	120	0
28	121	0
28	122	0
28	123	1
28	124	1
28	125	0
28	126	1
28	127	1
28	128	1
28	129	1
28	130	0
29	30	0
29	31	0
29	32	0
29	33	1
29	34	1
29	35	0
29	36	0
29	37	0
29	38	0
29	39	0
29	40	0
29	41	0
29	42	1
29	43	1
29	44	0
29	45	0
29	46	0
29	47	0
29	48	0
29	49	0
29	50	0
29	51	1
29	52	1
29	53	0
29	54	0
29	55	0
29	56	1
29	57	1
29	58	0
29	59	0
29	60	0
29	61	1
29	62	1
29	63	1
29	64	1
29	65	1
29	66	0
29	67	0
29	68	1
29	69	0
29	70	1
29	71	1
29	72	0
29	73	1
29	74	1
29	75	1
29	76	0
29	77	0
29	78	0
29	79	1
29	80	0
29	81	1
29	82	0
29	83	0
29	84	1
29	85	0
29	86	0
29	87	1
29	88	1
29	89	1
29	90	0
29	91	1
29	92	1
29	93	0
29	94	1
29	95	0
29	96	0
29	97	1
29	98	1
29	99	1
29	100	0
29	101	0
29	102	0
29	103	0
29	104	1
29	105	0
29	106	0
29	107	0
29	108	1
29	109	0
29	110	0
29	111	0
29	112	0
29	113	0
29	114	1
29	115	0
29	116	0
29	117	0
29	118	1
29	119	1
29	120	0
29	121	0
29	122	0
29	123	0
29	124	0
29	125	0
29	126	0
29	127	0
29	128	1
29	129	1
29	130	1
30	31	0
30	32	0
30	33	1
30	34	1
30	35	1
30	36	1
30	37	0
30	38	0
30	39	0
30	40	1
30	41	1
30	42	1
30	43	0
30	44	0
30	45	1
30	46	0
30	47	0
30	48	1
30	49	0
30	50	1
30	51	0
30	52	0
30	53	0
30	54	0
30	55	1
30	56	0
30	57	0
30	58	1
30	59	0
30	60	0
30	61	1
30	62	1
30	63	1
30	64	1
30	65	0
30	66	1
30	67	1
30	68	0
30	69	0
30	70	1
30	71	1
30	72	1
30	73	0
30	74	1
30	75	1
30	76	0
30	77	1
30	78	0
30	79	0
30	80	0
30	81	0
30	82	0
30	83	1
30	84	0
30	85	1
30	86	0
30	87	1
30	88	1
30	89	0
30	90	0
30	91	0
30	92	1
30	93	1
30	94	1
30	95	0
30	96	1
30	97	1
30	98	1
30	99	0
30	100	0
30	101	1
30	102	0
30	103	0
30	104	0
30	105	0
30	106	0
30	107	0
30	108	1
30	109	1
30	110	0
30	111	0
30	112	0
30	113	0
30	114	0
30	115	1
30	116	0
30	117	0
30	118	1
30	119	0
30	120	0
30	121	1
30	122	0
30	123	0
30	124	0
30	125	1
30	126	1
30	127	0
30	128	1
30	129	0
30	130	1
31	32	1
31	33	1
31	34	1
31	35	1
31	36	1
31	37	1
31	38	1
31	39	0
31	40	1
31	41	0
31	42	1
31	43	0
31	44	0
31	45	0
31	46	0
31	47	0
31	48	1
31	49	0
31	50	0
31	51	1
31	52	0
31	53	1
31	54	1
31	55	1
31	56	1
31	57	0
31	58	1
31	59	0
31	60	0
31	61	0
31	62	0
31	63	1
31	64	1
31	65	1
31	66	1
31	67	0
31	68	0
31	69	0
31	70	0
31	71	0
31	72	1
31	73	1
31	74	1
31	75	0
31	76	1
31	77	0
31	78	0
31	79	0
31	80	0
31	81	1
31	82	0
31	83	1
31	84	0
31	85	1
31	86	1
31	87	0
31	88	0
31	89	1
31	90	1
31	91	0
31	92	0
31	93	0
31	94	0
31	95	0
31	96	1
31	97	1
31	98	1
31	99	0
31	100	0
31	101	0
31	102	0
31	103	0
31	104	0
31	105	0
31	106	1
31	107	1
31	108	0
31	109	1
31	110	1
31	111	0
31	112	0
31	113	0
31	114	1
31	115	0
31	116	0
31	117	1
31	118	1
31	119	0
31	120	0
31	121	1
31	122	0
31	123	1
31	124	1
31	125	1
31	126	1
31	127	0
31	128	0
31	129	0
31	130	1
32	33	1
32	34	0
32	35	1
32	36	0
32	37	0
32	38	0
32	39	0
32	40	0
32	41	0
32	42	1
32	43	1
32	44	0
32	45	0
32	46	1
32	47	0
32	48	0
32	49	0
32	50	1
32	51	0
32	52	1
32	53	0
32	54	0
32	55	0
32	56	0
32	57	1
32	58	1
32	59	1
32	60	1
32	61	0
32	62	1
32	63	0
32	64	0
32	65	0
32	66	0
32	67	0
32	68	1
32	69	0
32	70	0
32	71	0
32	72	1
32	73	1
32	74	1
32	75	0
32	76	1
32	77	1
32	78	1
32	79	1
32	80	1
32	81	0
32	82	0
32	83	1
32	84	0
32	85	0
32	86	0
32	87	0
32	88	0
32	89	0
32	90	1
32	91	0
32	92	1
32	93	1
32	94	1
32	95	0
32	96	1
32	97	1
32	98	0
32	99	0
32	100	1
32	101	0
32	102	1
32	103	1
32	104	1
32	105	1
32	106	0
32	107	1
32	108	1
32	109	0
32	110	0
32	111	1
32	112	0
32	113	1
32	114	0
32	115	0
32	116	0
32	117	1
32	118	0
32	119	1
32	120	1
32	121	1
32	122	0
32	123	1
32	124	1
32	125	1
32	126	0
32	127	1
32	128	0
32	129	1
32	130	0
33	34	1
33	35	1
33	36	1
33	37	1
33	38	0
33	39	1
33	40	1
33	41	1
33	42	1
33	43	0
33	44	1
33	45	0
33	46	0
33	47	1
33	48	0
33	49	0
33	50	1
33	51	1
33	52	1
33	53	0
33	54	0
33	55	0
33	56	0
33	57	0
33	58	1
33	59	0
33	60	1
33	61	1
33	62	0
33	63	0
33	64	0
33	65	1
33	66	0
33	67	0
33	68	0
33	69	1
33	70	1
33	71	1
33	72	1
33	73	1
33	74	0
33	75	0
33	76	1
33	77	1
33	78	1
33	79	0
33	80	1
33	81	0
33	82	0
33	83	0
33	84	0
33	85	0
33	86	0
33	87	0
33	88	1
33	89	0
33	90	0
33	91	1
33	92	1
33	93	0
33	94	1
33	95	1
33	96	0
33	97	0
33	98	0
33	99	0
33	100	1
33	101	0
33	102	1
33	103	0
33	104	1
33	105	0
33	106	0
33	107	0
33	108	0
33	109	0
33	110	1
33	111	0
33	112	0
33	113	0
33	114	0
33	115	0
33	116	1
33	117	1
33	118	0
33	119	1
33	120	1
33	121	0
33	122	0
33	123	0
33	124	1
33	125	1
33	126	1
33	127	0
33	128	1
33	129	0
33	130	1
34	35	0
34	36	1
34	37	0
34	38	1
34	39	0
34	40	1
34	41	0
34	42	0
34	43	0
34	44	0
34	45	0
34	46	1
34	47	0
34	48	1
34	49	1
34	50	0
34	51	0
34	52	0
34	53	1
34	54	0
34	55	1
34	56	0
34	57	1
34	58	1
34	59	0
34	60	1
34	61	1
34	62	0
34	63	0
34	64	1
34	65	1
34	66	0
34	67	0
34	68	1
34	69	0
34	70	1
34	71	0
34	72	0
34	73	0
34	74	1
34	75	0
34	76	1
34	77	1
34	78	0
34	79	1
34	80	0
34	81	0
34	82	0
34	83	0
34	84	0
34	85	0
34	86	0
34	87	0
34	88	0
34	89	0
34	90	0
34	91	1
34	92	0
34	93	0
34	94	0
34	95	0
34	96	0
34	97	0
34	98	0
34	99	1
34	100	1
34	101	1
34	102	0
34	103	1
34	104	0
34	105	0
34	106	1
34	107	0
34	108	0
34	109	0
34	110	0
34	111	0
34	112	1
34	113	1
34	114	0
34	115	0
34	116	1
34	117	0
34	118	0
34	119	0
34	120	0
34	121	1
34	122	1
34	123	0
34	124	1
34	125	1
34	126	0
34	127	1
34	128	1
34	129	0
34	130	1
35	36	0
35	37	1
35	38	1
35	39	0
35	40	0
35	41	0
35	42	1
35	43	0
35	44	1
35	45	1
35	46	0
35	47	1
35	48	1
35	49	1
35	50	1
35	51	1
35	52	0
35	53	0
35	54	0
35	55	0
35	56	1
35	57	0
35	58	1
35	59	1
35	60	1
35	61	1
35	62	0
35	63	1
35	64	1
35	65	1
35	66	0
35	67	1
35	68	1
35	69	0
35	70	0
35	71	1
35	72	0
35	73	0
35	74	0
35	75	0
35	76	1
35	77	0
35	78	0
35	79	0
35	80	1
35	81	0
35	82	1
35	83	0
35	84	1
35	85	1
35	86	0
35	87	1
35	88	0
35	89	1
35	90	1
35	91	1
35	92	0
35	93	1
35	94	0
35	95	1
35	96	0
35	97	1
35	98	1
35	99	0
35	100	0
35	101	0
35	102	1
35	103	0
35	104	0
35	105	1
35	106	0
35	107	1
35	108	1
35	109	1
35	110	1
35	111	0
35	112	1
35	113	1
35	114	0
35	115	1
35	116	1
35	117	0
35	118	1
35	119	0
35	120	1
35	121	1
35	122	1
35	123	1
35	124	0
35	125	0
35	126	0
35	127	1
35	128	1
35	129	0
35	130	1
36	37	1
36	38	1
36	39	1
36	40	0
36	41	0
36	42	0
36	43	0
36	44	0
36	45	1
36	46	1
36	47	1
36	48	1
36	49	1
36	50	1
36	51	1
36	52	0
36	53	1
36	54	1
36	55	0
36	56	1
36	57	1
36	58	0
36	59	0
36	60	0
36	61	0
36	62	1
36	63	0
36	64	0
36	65	1
36	66	1
36	67	0
36	68	0
36	69	0
36	70	1
36	71	1
36	72	0
36	73	0
36	74	1
36	75	0
36	76	1
36	77	0
36	78	0
36	79	0
36	80	0
36	81	0
36	82	1
36	83	0
36	84	0
36	85	0
36	86	0
36	87	0
36	88	0
36	89	1
36	90	0
36	91	1
36	92	1
36	93	0
36	94	0
36	95	0
36	96	1
36	97	1
36	98	1
36	99	0
36	100	1
36	101	0
36	102	1
36	103	0
36	104	1
36	105	0
36	106	0
36	107	0
36	108	0
36	109	1
36	110	0
36	111	0
36	112	0
36	113	1
36	114	0
36	115	1
36	116	1
36	117	1
36	118	0
36	119	1
36	120	0
36	121	0
36	122	1
36	123	1
36	124	0
36	125	1
36	126	1
36	127	1
36	128	1
36	129	0
36	130	1
37	38	0
37	39	1
37	40	1
37	41	0
37	42	1
37	43	0
37	44	1
37	45	1
37	46	0
37	47	0
37	48	0
37	49	1
37	50	0
37	51	0
37	52	0
37	53	1
37	54	1
37	55	0
37	56	0
37	57	0
37	58	1
37	59	0
37	60	1
37	61	0
37	62	1
37	63	1
37	64	1
37	65	1
37	66	1
37	67	0
37	68	0
37	69	0
37	70	1
37	71	1
37	72	1
37	73	0
37	74	1
37	75	0
37	76	0
37	77	0
37	78	1
37	79	1
37	80	0
37	81	0
37	82	0
37	83	0
37	84	0
37	85	0
37	86	0
37	87	0
37	88	0
37	89	0
37	90	0
37	91	0
37	92	1
37	93	1
37	94	1
37	95	1
37	96	0
37	97	1
37	98	0
37	99	0
37	100	1
37	101	0
37	102	0
37	103	1
37	104	0
37	105	0
37	106	1
37	107	1
37	108	0
37	109	1
37	110	0
37	111	1
37	112	1
37	113	0
37	114	1
37	115	0
37	116	1
37	117	0
37	118	0
37	119	0
37	120	0
37	121	0
37	122	0
37	123	1
37	124	0
37	125	1
37	126	1
37	127	1
37	128	1
37	129	0
37	130	0
38	39	0
38	40	1
38	41	0
38	42	1
38	43	0
38	44	1
38	45	0
38	46	1
38	47	1
38	48	1
38	49	1
38	50	1
38	51	1
38	52	0
38	53	0
38	54	0
38	55	0
38	56	0
38	57	1
38	58	1
38	59	0
38	60	1
38	61	1
38	62	1
38	63	1
38	64	1
38	65	0
38	66	0
38	67	1
38	68	1
38	69	1
38	70	0
38	71	1
38	72	0
38	73	1
38	74	0
38	75	1
38	76	1
38	77	0
38	78	0
38	79	0
38	80	0
38	81	0
38	82	1
38	83	0
38	84	0
38	85	1
38	86	1
38	87	1
38	88	0
38	89	0
38	90	0
38	91	0
38	92	0
38	93	1
38	94	1
38	95	0
38	96	1
38	97	0
38	98	0
38	99	1
38	100	1
38	101	0
38	102	1
38	103	1
38	104	0
38	105	0
38	106	1
38	107	0
38	108	1
38	109	0
38	110	1
38	111	0
38	112	0
38	113	1
38	114	1
38	115	1
38	116	1
38	117	1
38	118	0
38	119	0
38	120	0
38	121	0
38	122	1
38	123	1
38	124	0
38	125	0
38	126	0
38	127	1
38	128	0
38	129	1
38	130	0
39	40	1
39	41	0
39	42	1
39	43	0
39	44	0
39	45	0
39	46	1
39	47	0
39	48	0
39	49	1
39	50	0
39	51	1
39	52	0
39	53	0
39	54	0
39	55	1
39	56	1
39	57	1
39	58	1
39	59	1
39	60	0
39	61	1
39	62	0
39	63	1
39	64	0
39	65	0
39	66	1
39	67	1
39	68	1
39	69	0
39	70	1
39	71	1
39	72	0
39	73	0
39	74	0
39	75	0
39	76	1
39	77	1
39	78	1
39	79	0
39	80	0
39	81	1
39	82	1
39	83	1
39	84	1
39	85	0
39	86	1
39	87	1
39	88	0
39	89	0
39	90	0
39	91	0
39	92	0
39	93	0
39	94	0
39	95	0
39	96	0
39	97	0
39	98	0
39	99	0
39	100	0
39	101	1
39	102	0
39	103	0
39	104	0
39	105	0
39	106	1
39	107	1
39	108	0
39	109	1
39	110	1
39	111	0
39	112	1
39	113	1
39	114	0
39	115	1
39	116	0
39	117	1
39	118	0
39	119	0
39	120	0
39	121	0
39	122	0
39	123	0
39	124	0
39	125	1
39	126	1
39	127	1
39	128	1
39	129	0
39	130	0
40	41	1
40	42	1
40	43	1
40	44	1
40	45	1
40	46	0
40	47	0
40	48	0
40	49	0
40	50	1
40	51	1
40	52	1
40	53	1
40	54	1
40	55	0
40	56	1
40	57	0
40	58	0
40	59	0
40	60	1
40	61	0
40	62	0
40	63	1
40	64	0
40	65	1
40	66	1
40	67	0
40	68	1
40	69	0
40	70	0
40	71	1
40	72	0
40	73	0
40	74	1
40	75	1
40	76	0
40	77	0
40	78	0
40	79	1
40	80	1
40	81	1
40	82	1
40	83	0
40	84	0
40	85	0
40	86	1
40	87	0
40	88	0
40	89	1
40	90	1
40	91	1
40	92	0
40	93	0
40	94	1
40	95	0
40	96	0
40	97	1
40	98	0
40	99	1
40	100	0
40	101	1
40	102	0
40	103	0
40	104	1
40	105	1
40	106	1
40	107	1
40	108	0
40	109	1
40	110	0
40	111	0
40	112	0
40	113	1
40	114	0
40	115	1
40	116	1
40	117	1
40	118	0
40	119	0
40	120	0
40	121	0
40	122	1
40	123	0
40	124	1
40	125	1
40	126	0
40	127	1
40	128	1
40	129	0
40	130	1
41	42	0
41	43	0
41	44	0
41	45	1
41	46	1
41	47	1
41	48	0
41	49	0
41	50	0
41	51	1
41	52	1
41	53	1
41	54	0
41	55	1
41	56	0
41	57	1
41	58	1
41	59	0
41	60	1
41	61	1
41	62	0
41	63	0
41	64	0
41	65	1
41	66	1
41	67	1
41	68	0
41	69	0
41	70	0
41	71	0
41	72	1
41	73	1
41	74	1
41	75	1
41	76	0
41	77	1
41	78	0
41	79	0
41	80	0
41	81	0
41	82	0
41	83	1
41	84	0
41	85	1
41	86	1
41	87	1
41	88	1
41	89	1
41	90	0
41	91	1
41	92	0
41	93	0
41	94	0
41	95	1
41	96	0
41	97	0
41	98	0
41	99	1
41	100	0
41	101	0
41	102	0
41	103	0
41	104	1
41	105	0
41	106	0
41	107	0
41	108	1
41	109	0
41	110	1
41	111	1
41	112	1
41	113	1
41	114	1
41	115	1
41	116	0
41	117	1
41	118	1
41	119	1
41	120	0
41	121	0
41	122	0
41	123	1
41	124	1
41	125	0
41	126	0
41	127	0
41	128	0
41	129	1
41	130	0
42	43	1
42	44	0
42	45	0
42	46	0
42	47	0
42	48	1
42	49	1
42	50	1
42	51	0
42	52	0
42	53	1
42	54	0
42	55	1
42	56	1
42	57	1
42	58	1
42	59	0
42	60	1
42	61	0
42	62	1
42	63	0
42	64	1
42	65	0
42	66	1
42	67	0
42	68	1
42	69	0
42	70	0
42	71	0
42	72	0
42	73	1
42	74	1
42	75	0
42	76	0
42	77	1
42	78	0
42	79	0
42	80	1
42	81	1
42	82	1
42	83	1
42	84	0
42	85	0
42	86	1
42	87	0
42	88	1
42	89	1
42	90	0
42	91	1
42	92	1
42	93	1
42	94	0
42	95	1
42	96	1
42	97	1
42	98	1
42	99	1
42	100	1
42	101	0
42	102	0
42	103	0
42	104	0
42	105	0
42	106	0
42	107	0
42	108	0
42	109	1
42	110	1
42	111	0
42	112	1
42	113	0
42	114	0
42	115	1
42	116	1
42	117	1
42	118	1
42	119	1
42	120	0
42	121	1
42	122	1
42	123	1
42	124	1
42	125	1
42	126	1
42	127	0
42	128	0
42	129	1
42	130	1
43	44	0
43	45	1
43	46	1
43	47	1
43	48	1
43	49	1
43	50	1
43	51	0
43	52	0
43	53	1
43	54	1
43	55	0
43	56	1
43	57	1
43	58	1
43	59	0
43	60	1
43	61	0
43	62	0
43	63	0
43	64	0
43	65	0
43	66	1
43	67	0
43	68	0
43	69	0
43	70	0
43	71	0
43	72	1
43	73	0
43	74	1
43	75	0
43	76	0
43	77	1
43	78	0
43	79	0
43	80	1
43	81	0
43	82	0
43	83	0
43	84	0
43	85	1
43	86	0
43	87	1
43	88	1
43	89	0
43	90	1
43	91	1
43	92	1
43	93	0
43	94	0
43	95	1
43	96	0
43	97	0
43	98	0
43	99	1
43	100	1
43	101	0
43	102	0
43	103	0
43	104	0
43	105	1
43	106	1
43	107	1
43	108	1
43	109	0
43	110	0
43	111	0
43	112	0
43	113	1
43	114	0
43	115	1
43	116	1
43	117	0
43	118	1
43	119	1
43	120	0
43	121	0
43	122	1
43	123	0
43	124	0
43	125	1
43	126	0
43	127	0
43	128	1
43	129	1
43	130	1
44	45	1
44	46	0
44	47	0
44	48	1
44	49	1
44	50	1
44	51	0
44	52	0
44	53	0
44	54	0
44	55	1
44	56	0
44	57	1
44	58	0
44	59	1
44	60	0
44	61	1
44	62	1
44	63	1
44	64	1
44	65	1
44	66	0
44	67	1
44	68	1
44	69	1
44	70	0
44	71	0
44	72	1
44	73	1
44	74	0
44	75	0
44	76	0
44	77	0
44	78	0
44	79	1
44	80	1
44	81	1
44	82	0
44	83	1
44	84	0
44	85	0
44	86	1
44	87	1
44	88	1
44	89	1
44	90	1
44	91	1
44	92	0
44	93	0
44	94	0
44	95	1
44	96	0
44	97	1
44	98	0
44	99	1
44	100	0
44	101	1
44	102	1
44	103	1
44	104	0
44	105	0
44	106	1
44	107	1
44	108	0
44	109	1
44	110	0
44	111	1
44	112	1
44	113	1
44	114	0
44	115	1
44	116	1
44	117	0
44	118	1
44	119	1
44	120	0
44	121	1
44	122	1
44	123	1
44	124	1
44	125	0
44	126	0
44	127	1
44	128	0
44	129	0
44	130	0
45	46	1
45	47	1
45	48	1
45	49	0
45	50	1
45	51	0
45	52	0
45	53	1
45	54	1
45	55	1
45	56	0
45	57	0
45	58	0
45	59	0
45	60	0
45	61	0
45	62	1
45	63	0
45	64	0
45	65	1
45	66	1
45	67	1
45	68	0
45	69	1
45	70	1
45	71	1
45	72	0
45	73	1
45	74	1
45	75	1
45	76	0
45	77	1
45	78	1
45	79	0
45	80	0
45	81	0
45	82	0
45	83	1
45	84	0
45	85	0
45	86	0
45	87	1
45	88	0
45	89	1
45	90	1
45	91	1
45	92	1
45	93	1
45	94	0
45	95	0
45	96	1
45	97	0
45	98	1
45	99	0
45	100	0
45	101	1
45	102	1
45	103	1
45	104	0
45	105	0
45	106	0
45	107	0
45	108	0
45	109	1
45	110	0
45	111	0
45	112	0
45	113	0
45	114	0
45	115	0
45	116	1
45	117	0
45	118	0
45	119	0
45	120	1
45	121	0
45	122	1
45	123	1
45	124	1
45	125	1
45	126	0
45	127	0
45	128	1
45	129	1
45	130	1
46	47	1
46	48	0
46	49	0
46	50	0
46	51	1
46	52	1
46	53	0
46	54	1
46	55	0
46	56	0
46	57	1
46	58	0
46	59	1
46	60	0
46	61	1
46	62	0
46	63	0
46	64	0
46	65	0
46	66	1
46	67	0
46	68	0
46	69	1
46	70	0
46	71	1
46	72	0
46	73	0
46	74	0
46	75	1
46	76	1
46	77	1
46	78	1
46	79	0
46	80	1
46	81	1
46	82	0
46	83	0
46	84	1
46	85	1
46	86	0
46	87	1
46	88	0
46	89	1
46	90	1
46	91	0
46	92	1
46	93	0
46	94	0
46	95	1
46	96	1
46	97	0
46	98	0
46	99	1
46	100	0
46	101	1
46	102	1
46	103	1
46	104	1
46	105	0
46	106	1
46	107	0
46	108	0
46	109	1
46	110	0
46	111	1
46	112	1
46	113	1
46	114	0
46	115	0
46	116	1
46	117	1
46	118	0
46	119	1
46	120	1
46	121	0
46	122	1
46	123	0
46	124	0
46	125	1
46	126	0
46	127	0
46	128	0
46	129	0
46	130	0
47	48	0
47	49	1
47	50	0
47	51	1
47	52	0
47	53	0
47	54	1
47	55	1
47	56	0
47	57	0
47	58	1
47	59	0
47	60	1
47	61	1
47	62	0
47	63	0
47	64	1
47	65	0
47	66	1
47	67	0
47	68	0
47	69	0
47	70	0
47	71	0
47	72	0
47	73	0
47	74	1
47	75	0
47	76	0
47	77	0
47	78	0
47	79	1
47	80	1
47	81	0
47	82	0
47	83	0
47	84	0
47	85	0
47	86	0
47	87	1
47	88	1
47	89	1
47	90	0
47	91	0
47	92	0
47	93	1
47	94	1
47	95	1
47	96	0
47	97	1
47	98	0
47	99	1
47	100	0
47	101	0
47	102	0
47	103	1
47	104	1
47	105	1
47	106	0
47	107	1
47	108	1
47	109	1
47	110	1
47	111	1
47	112	0
47	113	1
47	114	0
47	115	0
47	116	0
47	117	1
47	118	0
47	119	1
47	120	0
47	121	0
47	122	0
47	123	0
47	124	0
47	125	1
47	126	1
47	127	0
47	128	1
47	129	1
47	130	0
48	49	0
48	50	1
48	51	1
48	52	0
48	53	0
48	54	0
48	55	0
48	56	0
48	57	0
48	58	0
48	59	0
48	60	1
48	61	1
48	62	1
48	63	0
48	64	0
48	65	0
48	66	1
48	67	1
48	68	0
48	69	1
48	70	0
48	71	0
48	72	0
48	73	1
48	74	1
48	75	0
48	76	1
48	77	0
48	78	0
48	79	0
48	80	1
48	81	0
48	82	0
48	83	1
48	84	1
48	85	1
48	86	1
48	87	1
48	88	1
48	89	1
48	90	0
48	91	1
48	92	1
48	93	0
48	94	1
48	95	0
48	96	0
48	97	0
48	98	0
48	99	0
48	100	1
48	101	0
48	102	1
48	103	0
48	104	1
48	105	1
48	106	1
48	107	1
48	108	1
48	109	0
48	110	0
48	111	0
48	112	0
48	113	0
48	114	1
48	115	0
48	116	0
48	117	1
48	118	0
48	119	0
48	120	0
48	121	1
48	122	0
48	123	0
48	124	0
48	125	0
48	126	0
48	127	1
48	128	1
48	129	0
48	130	0
49	50	1
49	51	1
49	52	1
49	53	0
49	54	1
49	55	0
49	56	1
49	57	0
49	58	0
49	59	0
49	60	0
49	61	1
49	62	0
49	63	0
49	64	0
49	65	0
49	66	1
49	67	0
49	68	1
49	69	0
49	70	0
49	71	1
49	72	1
49	73	1
49	74	0
49	75	0
49	76	0
49	77	1
49	78	1
49	79	0
49	80	1
49	81	1
49	82	0
49	83	1
49	84	1
49	85	0
49	86	0
49	87	0
49	88	1
49	89	0
49	90	0
49	91	1
49	92	1
49	93	0
49	94	1
49	95	1
49	96	0
49	97	1
49	98	1
49	99	0
49	100	0
49	101	1
49	102	1
49	103	1
49	104	0
49	105	0
49	106	1
49	107	1
49	108	0
49	109	1
49	110	0
49	111	1
49	112	1
49	113	1
49	114	1
49	115	1
49	116	1
49	117	0
49	118	1
49	119	0
49	120	0
49	121	1
49	122	0
49	123	1
49	124	1
49	125	1
49	126	1
49	127	0
49	128	0
49	129	1
49	130	1
50	51	0
50	52	1
50	53	1
50	54	1
50	55	1
50	56	1
50	57	1
50	58	0
50	59	1
50	60	0
50	61	0
50	62	0
50	63	1
50	64	1
50	65	1
50	66	0
50	67	0
50	68	0
50	69	1
50	70	0
50	71	0
50	72	1
50	73	0
50	74	1
50	75	0
50	76	0
50	77	1
50	78	1
50	79	1
50	80	0
50	81	0
50	82	0
50	83	0
50	84	0
50	85	0
50	86	1
50	87	0
50	88	0
50	89	1
50	90	0
50	91	1
50	92	0
50	93	1
50	94	0
50	95	0
50	96	1
50	97	1
50	98	1
50	99	0
50	100	0
50	101	1
50	102	1
50	103	0
50	104	0
50	105	0
50	106	0
50	107	1
50	108	1
50	109	0
50	110	1
50	111	0
50	112	0
50	113	0
50	114	1
50	115	0
50	116	0
50	117	0
50	118	1
50	119	0
50	120	0
50	121	0
50	122	1
50	123	0
50	124	1
50	125	0
50	126	1
50	127	0
50	128	0
50	129	1
50	130	1
51	52	0
51	53	0
51	54	0
51	55	0
51	56	1
51	57	1
51	58	0
51	59	1
51	60	0
51	61	0
51	62	0
51	63	0
51	64	0
51	65	0
51	66	1
51	67	1
51	68	1
51	69	1
51	70	1
51	71	1
51	72	1
51	73	1
51	74	0
51	75	1
51	76	1
51	77	1
51	78	1
51	79	1
51	80	0
51	81	0
51	82	1
51	83	1
51	84	1
51	85	0
51	86	1
51	87	1
51	88	0
51	89	1
51	90	1
51	91	1
51	92	0
51	93	1
51	94	0
51	95	1
51	96	1
51	97	0
51	98	0
51	99	1
51	100	1
51	101	0
51	102	1
51	103	0
51	104	1
51	105	0
51	106	1
51	107	1
51	108	1
51	109	0
51	110	0
51	111	0
51	112	1
51	113	1
51	114	1
51	115	1
51	116	1
51	117	1
51	118	0
51	119	1
51	120	1
51	121	1
51	122	0
51	123	0
51	124	0
51	125	0
51	126	1
51	127	0
51	128	0
51	129	1
51	130	1
52	53	1
52	54	1
52	55	1
52	56	1
52	57	0
52	58	0
52	59	0
52	60	1
52	61	1
52	62	0
52	63	0
52	64	1
52	65	0
52	66	1
52	67	0
52	68	0
52	69	0
52	70	1
52	71	0
52	72	0
52	73	1
52	74	0
52	75	0
52	76	1
52	77	0
52	78	1
52	79	1
52	80	1
52	81	1
52	82	0
52	83	0
52	84	1
52	85	1
52	86	1
52	87	0
52	88	0
52	89	1
52	90	0
52	91	1
52	92	0
52	93	0
52	94	0
52	95	0
52	96	1
52	97	1
52	98	0
52	99	0
52	100	1
52	101	0
52	102	0
52	103	1
52	104	0
52	105	1
52	106	0
52	107	0
52	108	0
52	109	1
52	110	1
52	111	0
52	112	1
52	113	0
52	114	0
52	115	1
52	116	1
52	117	1
52	118	0
52	119	1
52	120	1
52	121	0
52	122	1
52	123	1
52	124	1
52	125	1
52	126	0
52	127	0
52	128	0
52	129	0
52	130	0
53	54	0
53	55	1
53	56	1
53	57	1
53	58	1
53	59	0
53	60	1
53	61	0
53	62	0
53	63	0
53	64	0
53	65	1
53	66	0
53	67	0
53	68	0
53	69	1
53	70	0
53	71	0
53	72	1
53	73	0
53	74	0
53	75	0
53	76	0
53	77	1
53	78	1
53	79	1
53	80	1
53	81	0
53	82	1
53	83	1
53	84	0
53	85	0
53	86	0
53	87	0
53	88	1
53	89	0
53	90	0
53	91	1
53	92	1
53	93	0
53	94	0
53	95	0
53	96	0
53	97	1
53	98	0
53	99	0
53	100	1
53	101	0
53	102	1
53	103	1
53	104	1
53	105	1
53	106	0
53	107	0
53	108	0
53	109	0
53	110	0
53	111	0
53	112	1
53	113	0
53	114	0
53	115	1
53	116	1
53	117	0
53	118	1
53	119	0
53	120	1
53	121	0
53	122	1
53	123	0
53	124	1
53	125	0
53	126	0
53	127	0
53	128	1
53	129	1
53	130	0
54	55	1
54	56	0
54	57	0
54	58	1
54	59	1
54	60	1
54	61	1
54	62	0
54	63	0
54	64	1
54	65	0
54	66	1
54	67	0
54	68	1
54	69	0
54	70	0
54	71	0
54	72	1
54	73	1
54	74	0
54	75	1
54	76	0
54	77	1
54	78	0
54	79	0
54	80	1
54	81	0
54	82	0
54	83	1
54	84	0
54	85	0
54	86	1
54	87	1
54	88	0
54	89	1
54	90	1
54	91	0
54	92	1
54	93	1
54	94	0
54	95	1
54	96	1
54	97	1
54	98	0
54	99	0
54	100	1
54	101	1
54	102	0
54	103	1
54	104	1
54	105	0
54	106	1
54	107	1
54	108	0
54	109	0
54	110	0
54	111	1
54	112	0
54	113	1
54	114	1
54	115	0
54	116	1
54	117	0
54	118	1
54	119	0
54	120	0
54	121	1
54	122	0
54	123	0
54	124	1
54	125	1
54	126	1
54	127	1
54	128	0
54	129	1
54	130	0
55	56	1
55	57	0
55	58	0
55	59	1
55	60	1
55	61	0
55	62	0
55	63	0
55	64	1
55	65	1
55	66	0
55	67	0
55	68	0
55	69	0
55	70	0
55	71	0
55	72	0
55	73	0
55	74	0
55	75	0
55	76	0
55	77	1
55	78	1
55	79	1
55	80	1
55	81	1
55	82	1
55	83	1
55	84	1
55	85	1
55	86	0
55	87	0
55	88	1
55	89	0
55	90	1
55	91	0
55	92	0
55	93	0
55	94	1
55	95	0
55	96	0
55	97	1
55	98	1
55	99	0
55	100	1
55	101	0
55	102	0
55	103	0
55	104	0
55	105	1
55	106	0
55	107	0
55	108	1
55	109	1
55	110	1
55	111	0
55	112	1
55	113	1
55	114	1
55	115	0
55	116	0
55	117	1
55	118	0
55	119	1
55	120	1
55	121	0
55	122	0
55	123	0
55	124	1
55	125	0
55	126	0
55	127	0
55	128	1
55	129	1
55	130	0
56	57	1
56	58	1
56	59	1
56	60	1
56	61	0
56	62	0
56	63	0
56	64	1
56	65	0
56	66	0
56	67	1
56	68	1
56	69	1
56	70	0
56	71	1
56	72	1
56	73	0
56	74	0
56	75	0
56	76	0
56	77	1
56	78	0
56	79	0
56	80	0
56	81	1
56	82	1
56	83	0
56	84	0
56	85	1
56	86	1
56	87	0
56	88	0
56	89	1
56	90	1
56	91	1
56	92	0
56	93	0
56	94	1
56	95	1
56	96	0
56	97	1
56	98	1
56	99	1
56	100	1
56	101	1
56	102	1
56	103	1
56	104	1
56	105	0
56	106	1
56	107	1
56	108	0
56	109	0
56	110	1
56	111	0
56	112	1
56	113	0
56	114	1
56	115	1
56	116	0
56	117	1
56	118	1
56	119	0
56	120	1
56	121	1
56	122	0
56	123	1
56	124	1
56	125	0
56	126	0
56	127	1
56	128	1
56	129	1
56	130	1
57	58	0
57	59	0
57	60	1
57	61	0
57	62	0
57	63	0
57	64	1
57	65	0
57	66	0
57	67	0
57	68	1
57	69	1
57	70	0
57	71	1
57	72	1
57	73	0
57	74	1
57	75	1
57	76	0
57	77	1
57	78	0
57	79	1
57	80	0
57	81	0
57	82	0
57	83	1
57	84	1
57	85	1
57	86	0
57	87	1
57	88	0
57	89	0
57	90	1
57	91	1
57	92	0
57	93	0
57	94	1
57	95	0
57	96	0
57	97	0
57	98	1
57	99	0
57	100	0
57	101	0
57	102	0
57	103	1
57	104	0
57	105	0
57	106	1
57	107	0
57	108	1
57	109	0
57	110	0
57	111	0
57	112	0
57	113	0
57	114	1
57	115	1
57	116	0
57	117	1
57	118	0
57	119	1
57	120	0
57	121	1
57	122	0
57	123	0
57	124	0
57	125	0
57	126	1
57	127	1
57	128	0
57	129	0
57	130	0
58	59	0
58	60	1
58	61	1
58	62	0
58	63	0
58	64	1
58	65	0
58	66	1
58	67	0
58	68	0
58	69	0
58	70	0
58	71	0
58	72	0
58	73	0
58	74	0
58	75	1
58	76	1
58	77	1
58	78	0
58	79	0
58	80	1
58	81	1
58	82	0
58	83	0
58	84	0
58	85	1
58	86	1
58	87	1
58	88	1
58	89	1
58	90	0
58	91	0
58	92	1
58	93	1
58	94	1
58	95	1
58	96	1
58	97	1
58	98	1
58	99	0
58	100	1
58	101	1
58	102	0
58	103	0
58	104	1
58	105	0
58	106	0
58	107	1
58	108	1
58	109	0
58	110	1
58	111	0
58	112	1
58	113	1
58	114	1
58	115	0
58	116	0
58	117	0
58	118	1
58	119	0
58	120	0
58	121	0
58	122	1
58	123	0
58	124	1
58	125	1
58	126	0
58	127	1
58	128	0
58	129	0
58	130	1
59	60	1
59	61	1
59	62	1
59	63	1
59	64	0
59	65	0
59	66	0
59	67	1
59	68	0
59	69	1
59	70	0
59	71	1
59	72	0
59	73	0
59	74	1
59	75	1
59	76	0
59	77	1
59	78	1
59	79	1
59	80	1
59	81	0
59	82	1
59	83	0
59	84	1
59	85	1
59	86	0
59	87	1
59	88	0
59	89	1
59	90	1
59	91	1
59	92	1
59	93	1
59	94	0
59	95	1
59	96	0
59	97	0
59	98	0
59	99	0
59	100	0
59	101	0
59	102	1
59	103	1
59	104	0
59	105	1
59	106	0
59	107	1
59	108	0
59	109	0
59	110	1
59	111	1
59	112	1
59	113	0
59	114	0
59	115	0
59	116	0
59	117	1
59	118	0
59	119	1
59	120	1
59	121	0
59	122	0
59	123	0
59	124	1
59	125	1
59	126	1
59	127	0
59	128	1
59	129	1
59	130	0
60	61	0
60	62	0
60	63	0
60	64	1
60	65	1
60	66	0
60	67	0
60	68	0
60	69	1
60	70	1
60	71	1
60	72	0
60	73	0
60	74	0
60	75	0
60	76	1
60	77	1
60	78	0
60	79	0
60	80	0
60	81	0
60	82	0
60	83	0
60	84	1
60	85	0
60	86	0
60	87	1
60	88	0
60	89	0
60	90	1
60	91	0
60	92	1
60	93	0
60	94	0
60	95	0
60	96	1
60	97	0
60	98	1
60	99	1
60	100	0
60	101	0
60	102	1
60	103	1
60	104	1
60	105	0
60	106	1
60	107	0
60	108	1
60	109	1
60	110	0
60	111	1
60	112	0
60	113	0
60	114	1
60	115	0
60	116	0
60	117	0
60	118	0
60	119	1
60	120	0
60	121	0
60	122	1
60	123	1
60	124	1
60	125	1
60	126	1
60	127	0
60	128	0
60	129	0
60	130	0
61	62	0
61	63	1
61	64	0
61	65	0
61	66	0
61	67	1
61	68	0
61	69	1
61	70	0
61	71	1
61	72	0
61	73	0
61	74	0
61	75	0
61	76	0
61	77	0
61	78	1
61	79	0
61	80	0
61	81	0
61	82	1
61	83	0
61	84	0
61	85	1
61	86	1
61	87	0
61	88	1
61	89	1
61	90	0
61	91	1
61	92	1
61	93	1
61	94	1
61	95	1
61	96	1
61	97	0
61	98	1
61	99	1
61	100	1
61	101	0
61	102	0
61	103	1
61	104	1
61	105	0
61	106	1
61	107	1
61	108	0
61	109	1
61	110	0
61	111	0
61	112	0
61	113	1
61	114	0
61	115	0
61	116	0
61	117	0
61	118	0
61	119	0
61	120	1
61	121	0
61	122	0
61	123	0
61	124	0
61	125	1
61	126	1
61	127	0
61	128	1
61	129	1
61	130	1
62	63	0
62	64	0
62	65	1
62	66	1
62	67	0
62	68	1
62	69	1
62	70	0
62	71	1
62	72	1
62	73	0
62	74	1
62	75	1
62	76	1
62	77	1
62	78	0
62	79	1
62	80	1
62	81	1
62	82	1
62	83	1
62	84	0
62	85	0
62	86	1
62	87	1
62	88	1
62	89	0
62	90	1
62	91	0
62	92	0
62	93	1
62	94	1
62	95	1
62	96	0
62	97	0
62	98	1
62	99	0
62	100	0
62	101	1
62	102	1
62	103	0
62	104	1
62	105	0
62	106	1
62	107	0
62	108	0
62	109	0
62	110	1
62	111	0
62	112	0
62	113	1
62	114	0
62	115	0
62	116	0
62	117	1
62	118	0
62	119	0
62	120	0
62	121	0
62	122	0
62	123	1
62	124	0
62	125	1
62	126	0
62	127	1
62	128	1
62	129	1
62	130	1
63	64	0
63	65	0
63	66	1
63	67	1
63	68	1
63	69	1
63	70	0
63	71	1
63	72	0
63	73	1
63	74	0
63	75	0
63	76	1
63	77	0
63	78	0
63	79	0
63	80	1
63	81	1
63	82	0
63	83	1
63	84	1
63	85	1
63	86	1
63	87	0
63	88	0
63	89	1
63	90	0
63	91	0
63	92	1
63	93	0
63	94	0
63	95	0
63	96	0
63	97	1
63	98	0
63	99	0
63	100	1
63	101	1
63	102	1
63	103	1
63	104	1
63	105	0
63	106	0
63	107	1
63	108	1
63	109	1
63	110	1
63	111	1
63	112	0
63	113	0
63	114	1
63	115	0
63	116	0
63	117	1
63	118	1
63	119	0
63	120	1
63	121	0
63	122	1
63	123	0
63	124	0
63	125	1
63	126	1
63	127	1
63	128	1
63	129	1
63	130	0
64	65	1
64	66	0
64	67	0
64	68	0
64	69	0
64	70	0
64	71	0
64	72	1
64	73	0
64	74	1
64	75	1
64	76	0
64	77	1
64	78	0
64	79	0
64	80	0
64	81	1
64	82	0
64	83	0
64	84	1
64	85	0
64	86	0
64	87	1
64	88	0
64	89	1
64	90	1
64	91	0
64	92	0
64	93	1
64	94	1
64	95	1
64	96	1
64	97	1
64	98	1
64	99	0
64	100	1
64	101	1
64	102	1
64	103	0
64	104	1
64	105	0
64	106	0
64	107	1
64	108	0
64	109	1
64	110	0
64	111	1
64	112	0
64	113	1
64	114	0
64	115	1
64	116	0
64	117	0
64	118	0
64	119	1
64	120	0
64	121	0
64	122	0
64	123	1
64	124	0
64	125	0
64	126	0
64	127	0
64	128	0
64	129	0
64	130	1
65	66	0
65	67	0
65	68	0
65	69	1
65	70	1
65	71	1
65	72	1
65	73	1
65	74	1
65	75	0
65	76	0
65	77	1
65	78	0
65	79	1
65	80	0
65	81	0
65	82	0
65	83	1
65	84	0
65	85	1
65	86	1
65	87	0
65	88	0
65	89	1
65	90	1
65	91	1
65	92	1
65	93	1
65	94	1
65	95	0
65	96	0
65	97	0
65	98	0
65	99	0
65	100	1
65	101	0
65	102	0
65	103	1
65	104	0
65	105	0
65	106	0
65	107	1
65	108	1
65	109	1
65	110	0
65	111	0
65	112	1
65	113	0
65	114	0
65	115	1
65	116	0
65	117	0
65	118	0
65	119	0
65	120	0
65	121	1
65	122	0
65	123	0
65	124	0
65	125	1
65	126	0
65	127	0
65	128	0
65	129	0
65	130	1
66	67	1
66	68	1
66	69	0
66	70	0
66	71	1
66	72	1
66	73	0
66	74	1
66	75	1
66	76	0
66	77	1
66	78	0
66	79	0
66	80	0
66	81	0
66	82	1
66	83	0
66	84	1
66	85	0
66	86	0
66	87	1
66	88	0
66	89	1
66	90	0
66	91	0
66	92	1
66	93	1
66	94	1
66	95	0
66	96	1
66	97	1
66	98	1
66	99	0
66	100	0
66	101	0
66	102	1
66	103	0
66	104	1
66	105	0
66	106	1
66	107	1
66	108	0
66	109	1
66	110	1
66	111	0
66	112	0
66	113	1
66	114	0
66	115	0
66	116	0
66	117	0
66	118	0
66	119	0
66	120	1
66	121	1
66	122	1
66	123	1
66	124	1
66	125	1
66	126	1
66	127	1
66	128	0
66	129	1
66	130	0
67	68	0
67	69	1
67	70	0
67	71	0
67	72	0
67	73	0
67	74	1
67	75	0
67	76	0
67	77	0
67	78	0
67	79	0
67	80	1
67	81	0
67	82	0
67	83	0
67	84	1
67	85	1
67	86	0
67	87	0
67	88	0
67	89	0
67	90	1
67	91	1
67	92	0
67	93	0
67	94	0
67	95	1
67	96	1
67	97	1
67	98	1
67	99	0
67	100	0
67	101	0
67	102	1
67	103	1
67	104	1
67	105	0
67	106	0
67	107	1
67	108	0
67	109	0
67	110	1
67	111	0
67	112	0
67	113	1
67	114	0
67	115	0
67	116	0
67	117	1
67	118	0
67	119	0
67	120	0
67	121	1
67	122	1
67	123	0
67	124	1
67	125	1
67	126	1
67	127	1
67	128	1
67	129	1
67	130	1
68	69	1
68	70	1
68	71	0
68	72	0
68	73	1
68	74	0
68	75	0
68	76	0
68	77	1
68	78	1
68	79	0
68	80	1
68	81	1
68	82	1
68	83	1
68	84	1
68	85	1
68	86	1
68	87	0
68	88	1
68	89	1
68	90	1
68	91	1
68	92	0
68	93	0
68	94	0
68	95	1
68	96	1
68	97	1
68	98	1
68	99	1
68	100	0
68	101	1
68	102	0
68	103	0
68	104	1
68	105	0
68	106	1
68	107	1
68	108	1
68	109	0
68	110	0
68	111	1
68	112	0
68	113	0
68	114	0
68	115	0
68	116	0
68	117	1
68	118	0
68	119	0
68	120	1
68	121	0
68	122	0
68	123	0
68	124	1
68	125	1
68	126	0
68	127	0
68	128	1
68	129	0
68	130	1
69	70	0
69	71	1
69	72	0
69	73	0
69	74	1
69	75	0
69	76	1
69	77	1
69	78	0
69	79	0
69	80	1
69	81	1
69	82	0
69	83	1
69	84	0
69	85	1
69	86	1
69	87	1
69	88	1
69	89	1
69	90	0
69	91	1
69	92	1
69	93	1
69	94	1
69	95	0
69	96	1
69	97	0
69	98	1
69	99	1
69	100	1
69	101	0
69	102	0
69	103	0
69	104	1
69	105	0
69	106	0
69	107	1
69	108	0
69	109	1
69	110	0
69	111	0
69	112	0
69	113	0
69	114	0
69	115	0
69	116	1
69	117	1
69	118	0
69	119	0
69	120	1
69	121	0
69	122	0
69	123	0
69	124	0
69	125	1
69	126	0
69	127	1
69	128	1
69	129	0
69	130	0
70	71	0
70	72	1
70	73	0
70	74	1
70	75	0
70	76	0
70	77	1
70	78	0
70	79	1
70	80	1
70	81	1
70	82	1
70	83	0
70	84	0
70	85	0
70	86	0
70	87	0
70	88	0
70	89	1
70	90	1
70	91	0
70	92	1
70	93	1
70	94	1
70	95	1
70	96	1
70	97	0
70	98	1
70	99	0
70	100	1
70	101	1
70	102	1
70	103	1
70	104	0
70	105	0
70	106	1
70	107	0
70	108	1
70	109	0
70	110	1
70	111	1
70	112	0
70	113	0
70	114	0
70	115	1
70	116	1
70	117	1
70	118	0
70	119	1
70	120	0
70	121	0
70	122	1
70	123	1
70	124	0
70	125	1
70	126	1
70	127	1
70	128	0
70	129	1
70	130	0
71	72	0
71	73	1
71	74	1
71	75	0
71	76	0
71	77	0
71	78	1
71	79	0
71	80	0
71	81	1
71	82	1
71	83	1
71	84	1
71	85	0
71	86	0
71	87	1
71	88	0
71	89	0
71	90	0
71	91	0
71	92	1
71	93	0
71	94	0
71	95	1
71	96	1
71	97	1
71	98	1
71	99	0
71	100	0
71	101	1
71	102	0
71	103	0
71	104	0
71	105	1
71	106	0
71	107	1
71	108	0
71	109	1
71	110	1
71	111	0
71	112	1
71	113	0
71	114	0
71	115	1
71	116	0
71	117	0
71	118	1
71	119	0
71	120	0
71	121	0
71	122	0
71	123	1
71	124	1
71	125	1
71	126	0
71	127	1
71	128	1
71	129	0
71	130	0
72	73	1
72	74	1
72	75	0
72	76	0
72	77	1
72	78	0
72	79	0
72	80	1
72	81	1
72	82	1
72	83	0
72	84	1
72	85	1
72	86	1
72	87	1
72	88	1
72	89	1
72	90	1
72	91	1
72	92	1
72	93	1
72	94	1
72	95	1
72	96	1
72	97	1
72	98	1
72	99	1
72	100	1
72	101	0
72	102	1
72	103	0
72	104	1
72	105	0
72	106	0
72	107	0
72	108	1
72	109	1
72	110	1
72	111	0
72	112	1
72	113	1
72	114	1
72	115	0
72	116	1
72	117	1
72	118	0
72	119	1
72	120	1
72	121	1
72	122	0
72	123	1
72	124	0
72	125	1
72	126	1
72	127	0
72	128	1
72	129	0
72	130	1
73	74	1
73	75	0
73	76	0
73	77	1
73	78	1
73	79	0
73	80	0
73	81	0
73	82	1
73	83	0
73	84	1
73	85	1
73	86	0
73	87	1
73	88	1
73	89	0
73	90	1
73	91	1
73	92	1
73	93	1
73	94	1
73	95	0
73	96	1
73	97	0
73	98	1
73	99	1
73	100	0
73	101	0
73	102	0
73	103	0
73	104	0
73	105	1
73	106	1
73	107	0
73	108	0
73	109	1
73	110	0
73	111	1
73	112	0
73	113	0
73	114	0
73	115	1
73	116	0
73	117	0
73	118	0
73	119	0
73	120	1
73	121	1
73	122	1
73	123	0
73	124	0
73	125	0
73	126	0
73	127	1
73	128	0
73	129	1
73	130	1
74	75	1
74	76	1
74	77	1
74	78	1
74	79	0
74	80	1
74	81	0
74	82	1
74	83	0
74	84	0
74	85	0
74	86	1
74	87	0
74	88	0
74	89	1
74	90	0
74	91	1
74	92	0
74	93	0
74	94	1
74	95	1
74	96	1
74	97	1
74	98	1
74	99	1
74	100	1
74	101	0
74	102	0
74	103	1
74	104	1
74	105	1
74	106	1
74	107	0
74	108	0
74	109	0
74	110	0
74	111	0
74	112	0
74	113	0
74	114	0
74	115	0
74	116	1
74	117	0
74	118	1
74	119	0
74	120	0
74	121	0
74	122	1
74	123	0
74	124	0
74	125	0
74	126	0
74	127	1
74	128	1
74	129	0
74	130	0
75	76	0
75	77	0
75	78	0
75	79	1
75	80	1
75	81	0
75	82	0
75	83	1
75	84	0
75	85	1
75	86	0
75	87	0
75	88	1
75	89	1
75	90	0
75	91	0
75	92	0
75	93	1
75	94	1
75	95	1
75	96	1
75	97	0
75	98	1
75	99	0
75	100	1
75	101	1
75	102	1
75	103	1
75	104	0
75	105	1
75	106	1
75	107	1
75	108	1
75	109	1
75	110	0
75	111	0
75	112	0
75	113	0
75	114	0
75	115	1
75	116	1
75	117	0
75	118	1
75	119	0
75	120	0
75	121	0
75	122	1
75	123	1
75	124	1
75	125	1
75	126	1
75	127	1
75	128	0
75	129	0
75	130	0
76	77	0
76	78	0
76	79	0
76	80	0
76	81	0
76	82	0
76	83	0
76	84	0
76	85	1
76	86	1
76	87	0
76	88	1
76	89	1
76	90	1
76	91	1
76	92	0
76	93	0
76	94	1
76	95	0
76	96	0
76	97	0
76	98	0
76	99	0
76	100	0
76	101	0
76	102	0
76	103	1
76	104	1
76	105	1
76	106	1
76	107	1
76	108	0
76	109	0
76	110	0
76	111	1
76	112	0
76	113	0
76	114	0
76	115	0
76	116	0
76	117	0
76	118	1
76	119	1
76	120	1
76	121	0
76	122	1
76	123	0
76	124	0
76	125	1
76	126	0
76	127	1
76	128	0
76	129	0
76	130	0
77	78	0
77	79	0
77	80	0
77	81	1
77	82	1
77	83	0
77	84	0
77	85	1
77	86	0
77	87	1
77	88	0
77	89	0
77	90	0
77	91	1
77	92	0
77	93	1
77	94	0
77	95	1
77	96	1
77	97	0
77	98	1
77	99	1
77	100	1
77	101	0
77	102	0
77	103	0
77	104	1
77	105	1
77	106	1
77	107	1
77	108	1
77	109	0
77	110	1
77	111	1
77	112	0
77	113	1
77	114	0
77	115	1
77	116	0
77	117	0
77	118	1
77	119	1
77	120	1
77	121	1
77	122	1
77	123	0
77	124	1
77	125	1
77	126	0
77	127	0
77	128	0
77	129	1
77	130	1
78	79	1
78	80	0
78	81	1
78	82	0
78	83	0
78	84	1
78	85	0
78	86	1
78	87	1
78	88	0
78	89	0
78	90	0
78	91	1
78	92	1
78	93	0
78	94	0
78	95	0
78	96	1
78	97	0
78	98	1
78	99	1
78	100	0
78	101	1
78	102	0
78	103	1
78	104	0
78	105	1
78	106	1
78	107	0
78	108	0
78	109	1
78	110	1
78	111	0
78	112	1
78	113	0
78	114	0
78	115	0
78	116	0
78	117	0
78	118	0
78	119	1
78	120	0
78	121	1
78	122	1
78	123	0
78	124	1
78	125	1
78	126	0
78	127	0
78	128	1
78	129	0
78	130	1
79	80	1
79	81	1
79	82	0
79	83	0
79	84	0
79	85	1
79	86	0
79	87	1
79	88	0
79	89	1
79	90	0
79	91	1
79	92	0
79	93	0
79	94	0
79	95	0
79	96	0
79	97	1
79	98	1
79	99	0
79	100	0
79	101	0
79	102	0
79	103	1
79	104	0
79	105	1
79	106	0
79	107	0
79	108	0
79	109	1
79	110	0
79	111	1
79	112	0
79	113	0
79	114	0
79	115	1
79	116	1
79	117	0
79	118	1
79	119	1
79	120	0
79	121	1
79	122	0
79	123	1
79	124	1
79	125	0
79	126	1
79	127	0
79	128	0
79	129	1
79	130	0
80	81	0
80	82	0
80	83	1
80	84	1
80	85	1
80	86	1
80	87	0
80	88	0
80	89	1
80	90	0
80	91	0
80	92	0
80	93	1
80	94	0
80	95	1
80	96	0
80	97	0
80	98	0
80	99	1
80	100	0
80	101	0
80	102	1
80	103	0
80	104	1
80	105	1
80	106	0
80	107	0
80	108	0
80	109	0
80	110	1
80	111	0
80	112	0
80	113	1
80	114	1
80	115	1
80	116	0
80	117	0
80	118	1
80	119	0
80	120	0
80	121	1
80	122	0
80	123	0
80	124	0
80	125	1
80	126	0
80	127	0
80	128	0
80	129	1
80	130	1
81	82	0
81	83	1
81	84	1
81	85	1
81	86	0
81	87	0
81	88	1
81	89	1
81	90	1
81	91	1
81	92	0
81	93	0
81	94	0
81	95	0
81	96	0
81	97	0
81	98	1
81	99	0
81	100	1
81	101	1
81	102	1
81	103	1
81	104	1
81	105	1
81	106	0
81	107	0
81	108	0
81	109	1
81	110	1
81	111	0
81	112	1
81	113	1
81	114	0
81	115	1
81	116	1
81	117	0
81	118	1
81	119	0
81	120	0
81	121	0
81	122	1
81	123	0
81	124	1
81	125	0
81	126	0
81	127	0
81	128	1
81	129	0
81	130	1
82	83	1
82	84	1
82	85	1
82	86	1
82	87	0
82	88	1
82	89	1
82	90	1
82	91	0
82	92	0
82	93	0
82	94	1
82	95	0
82	96	0
82	97	0
82	98	1
82	99	1
82	100	0
82	101	1
82	102	1
82	103	0
82	104	1
82	105	0
82	106	1
82	107	0
82	108	0
82	109	0
82	110	1
82	111	1
82	112	0
82	113	1
82	114	1
82	115	0
82	116	1
82	117	1
82	118	1
82	119	0
82	120	0
82	121	0
82	122	0
82	123	1
82	124	0
82	125	0
82	126	1
82	127	0
82	128	0
82	129	1
82	130	1
83	84	1
83	85	0
83	86	1
83	87	0
83	88	0
83	89	1
83	90	1
83	91	0
83	92	0
83	93	0
83	94	1
83	95	0
83	96	1
83	97	0
83	98	1
83	99	0
83	100	0
83	101	1
83	102	1
83	103	1
83	104	1
83	105	1
83	106	1
83	107	1
83	108	1
83	109	1
83	110	1
83	111	1
83	112	1
83	113	0
83	114	0
83	115	1
83	116	0
83	117	0
83	118	1
83	119	0
83	120	1
83	121	1
83	122	0
83	123	1
83	124	0
83	125	1
83	126	1
83	127	0
83	128	0
83	129	1
83	130	1
84	85	0
84	86	0
84	87	0
84	88	0
84	89	1
84	90	1
84	91	1
84	92	0
84	93	1
84	94	0
84	95	0
84	96	0
84	97	0
84	98	0
84	99	1
84	100	1
84	101	0
84	102	0
84	103	0
84	104	0
84	105	1
84	106	0
84	107	1
84	108	1
84	109	1
84	110	1
84	111	1
84	112	1
84	113	1
84	114	1
84	115	1
84	116	1
84	117	1
84	118	0
84	119	0
84	120	0
84	121	1
84	122	1
84	123	1
84	124	0
84	125	1
84	126	1
84	127	1
84	128	1
84	129	0
84	130	0
85	86	0
85	87	1
85	88	0
85	89	1
85	90	0
85	91	1
85	92	0
85	93	1
85	94	1
85	95	1
85	96	0
85	97	1
85	98	1
85	99	1
85	100	1
85	101	0
85	102	1
85	103	0
85	104	1
85	105	1
85	106	0
85	107	0
85	108	0
85	109	0
85	110	0
85	111	0
85	112	0
85	113	0
85	114	0
85	115	1
85	116	0
85	117	0
85	118	1
85	119	0
85	120	1
85	121	0
85	122	1
85	123	1
85	124	1
85	125	1
85	126	1
85	127	0
85	128	1
85	129	1
85	130	0
86	87	0
86	88	0
86	89	0
86	90	1
86	91	1
86	92	1
86	93	0
86	94	0
86	95	0
86	96	1
86	97	0
86	98	1
86	99	1
86	100	0
86	101	1
86	102	1
86	103	0
86	104	0
86	105	1
86	106	1
86	107	0
86	108	0
86	109	0
86	110	0
86	111	1
86	112	0
86	113	0
86	114	0
86	115	1
86	116	1
86	117	0
86	118	1
86	119	1
86	120	0
86	121	0
86	122	1
86	123	1
86	124	1
86	125	1
86	126	1
86	127	1
86	128	0
86	129	0
86	130	0
87	88	1
87	89	1
87	90	1
87	91	0
87	92	1
87	93	0
87	94	0
87	95	0
87	96	0
87	97	0
87	98	1
87	99	1
87	100	0
87	101	0
87	102	0
87	103	0
87	104	1
87	105	0
87	106	0
87	107	0
87	108	0
87	109	0
87	110	0
87	111	1
87	112	1
87	113	0
87	114	1
87	115	1
87	116	1
87	117	1
87	118	0
87	119	0
87	120	0
87	121	0
87	122	0
87	123	1
87	124	0
87	125	1
87	126	1
87	127	0
87	128	0
87	129	1
87	130	1
88	89	0
88	90	0
88	91	0
88	92	0
88	93	0
88	94	0
88	95	0
88	96	0
88	97	0
88	98	0
88	99	0
88	100	1
88	101	1
88	102	0
88	103	1
88	104	1
88	105	1
88	106	1
88	107	1
88	108	1
88	109	1
88	110	0
88	111	0
88	112	1
88	113	1
88	114	0
88	115	0
88	116	1
88	117	0
88	118	1
88	119	1
88	120	0
88	121	0
88	122	0
88	123	0
88	124	0
88	125	0
88	126	1
88	127	0
88	128	0
88	129	1
88	130	1
89	90	0
89	91	1
89	92	1
89	93	1
89	94	0
89	95	0
89	96	0
89	97	1
89	98	0
89	99	1
89	100	1
89	101	1
89	102	0
89	103	0
89	104	0
89	105	0
89	106	0
89	107	0
89	108	0
89	109	1
89	110	0
89	111	0
89	112	1
89	113	1
89	114	0
89	115	1
89	116	1
89	117	0
89	118	1
89	119	0
89	120	0
89	121	1
89	122	0
89	123	0
89	124	0
89	125	0
89	126	1
89	127	0
89	128	1
89	129	0
89	130	1
90	91	0
90	92	1
90	93	0
90	94	0
90	95	0
90	96	0
90	97	1
90	98	0
90	99	1
90	100	1
90	101	1
90	102	1
90	103	1
90	104	0
90	105	0
90	106	0
90	107	1
90	108	1
90	109	0
90	110	1
90	111	0
90	112	0
90	113	0
90	114	0
90	115	0
90	116	1
90	117	0
90	118	0
90	119	0
90	120	0
90	121	0
90	122	1
90	123	0
90	124	1
90	125	0
90	126	1
90	127	0
90	128	1
90	129	0
90	130	0
91	92	0
91	93	1
91	94	0
91	95	1
91	96	1
91	97	0
91	98	1
91	99	1
91	100	1
91	101	0
91	102	0
91	103	0
91	104	0
91	105	1
91	106	1
91	107	1
91	108	0
91	109	0
91	110	0
91	111	0
91	112	0
91	113	0
91	114	1
91	115	1
91	116	0
91	117	1
91	118	1
91	119	1
91	120	1
91	121	1
91	122	0
91	123	0
91	124	1
91	125	1
91	126	0
91	127	0
91	128	1
91	129	0
91	130	0
92	93	1
92	94	1
92	95	1
92	96	1
92	97	0
92	98	0
92	99	1
92	100	1
92	101	0
92	102	0
92	103	1
92	104	1
92	105	0
92	106	0
92	107	1
92	108	0
92	109	0
92	110	1
92	111	0
92	112	0
92	113	1
92	114	0
92	115	1
92	116	1
92	117	1
92	118	0
92	119	1
92	120	1
92	121	0
92	122	1
92	123	1
92	124	0
92	125	0
92	126	0
92	127	0
92	128	0
92	129	0
92	130	1
93	94	1
93	95	0
93	96	0
93	97	0
93	98	0
93	99	0
93	100	1
93	101	1
93	102	1
93	103	0
93	104	1
93	105	0
93	106	0
93	107	0
93	108	0
93	109	0
93	110	0
93	111	0
93	112	0
93	113	0
93	114	1
93	115	0
93	116	1
93	117	1
93	118	0
93	119	0
93	120	0
93	121	0
93	122	0
93	123	1
93	124	1
93	125	1
93	126	0
93	127	1
93	128	1
93	129	0
93	130	1
94	95	1
94	96	1
94	97	0
94	98	1
94	99	0
94	100	1
94	101	0
94	102	1
94	103	0
94	104	0
94	105	0
94	106	1
94	107	0
94	108	0
94	109	1
94	110	0
94	111	0
94	112	1
94	113	1
94	114	1
94	115	0
94	116	1
94	117	0
94	118	0
94	119	0
94	120	1
94	121	1
94	122	1
94	123	0
94	124	1
94	125	0
94	126	0
94	127	1
94	128	0
94	129	1
94	130	1
95	96	0
95	97	1
95	98	1
95	99	0
95	100	0
95	101	0
95	102	0
95	103	1
95	104	0
95	105	1
95	106	1
95	107	0
95	108	0
95	109	1
95	110	0
95	111	1
95	112	1
95	113	0
95	114	0
95	115	1
95	116	0
95	117	1
95	118	0
95	119	1
95	120	1
95	121	0
95	122	1
95	123	0
95	124	1
95	125	0
95	126	0
95	127	0
95	128	0
95	129	1
95	130	0
96	97	0
96	98	1
96	99	0
96	100	1
96	101	0
96	102	0
96	103	1
96	104	1
96	105	0
96	106	0
96	107	1
96	108	1
96	109	0
96	110	0
96	111	0
96	112	1
96	113	0
96	114	1
96	115	0
96	116	1
96	117	1
96	118	0
96	119	1
96	120	1
96	121	1
96	122	0
96	123	0
96	124	1
96	125	1
96	126	0
96	127	0
96	128	0
96	129	1
96	130	0
97	98	1
97	99	1
97	100	0
97	101	1
97	102	0
97	103	0
97	104	1
97	105	1
97	106	0
97	107	1
97	108	1
97	109	0
97	110	1
97	111	1
97	112	0
97	113	0
97	114	0
97	115	1
97	116	0
97	117	1
97	118	0
97	119	0
97	120	1
97	121	0
97	122	1
97	123	1
97	124	1
97	125	0
97	126	1
97	127	1
97	128	0
97	129	1
97	130	1
98	99	0
98	100	1
98	101	0
98	102	0
98	103	0
98	104	0
98	105	1
98	106	0
98	107	1
98	108	0
98	109	0
98	110	1
98	111	1
98	112	1
98	113	1
98	114	0
98	115	1
98	116	1
98	117	0
98	118	1
98	119	1
98	120	0
98	121	1
98	122	0
98	123	0
98	124	1
98	125	1
98	126	1
98	127	1
98	128	0
98	129	1
98	130	1
99	100	0
99	101	1
99	102	1
99	103	1
99	104	1
99	105	0
99	106	1
99	107	0
99	108	0
99	109	1
99	110	1
99	111	0
99	112	0
99	113	1
99	114	1
99	115	1
99	116	1
99	117	0
99	118	1
99	119	1
99	120	0
99	121	0
99	122	1
99	123	0
99	124	0
99	125	1
99	126	0
99	127	1
99	128	0
99	129	0
99	130	1
100	101	1
100	102	1
100	103	1
100	104	0
100	105	0
100	106	0
100	107	0
100	108	0
100	109	1
100	110	1
100	111	0
100	112	1
100	113	1
100	114	0
100	115	0
100	116	1
100	117	0
100	118	0
100	119	0
100	120	0
100	121	0
100	122	0
100	123	0
100	124	0
100	125	0
100	126	1
100	127	0
100	128	0
100	129	0
100	130	0
101	102	0
101	103	0
101	104	1
101	105	1
101	106	1
101	107	1
101	108	0
101	109	0
101	110	0
101	111	0
101	112	1
101	113	1
101	114	1
101	115	0
101	116	0
101	117	1
101	118	1
101	119	1
101	120	0
101	121	1
101	122	0
101	123	0
101	124	1
101	125	1
101	126	1
101	127	0
101	128	0
101	129	0
101	130	0
102	103	1
102	104	1
102	105	1
102	106	0
102	107	0
102	108	0
102	109	0
102	110	0
102	111	1
102	112	0
102	113	1
102	114	1
102	115	1
102	116	0
102	117	1
102	118	1
102	119	0
102	120	1
102	121	1
102	122	0
102	123	0
102	124	1
102	125	0
102	126	1
102	127	0
102	128	0
102	129	1
102	130	0
103	104	1
103	105	1
103	106	0
103	107	0
103	108	0
103	109	1
103	110	0
103	111	1
103	112	1
103	113	0
103	114	1
103	115	0
103	116	0
103	117	0
103	118	1
103	119	1
103	120	0
103	121	0
103	122	0
103	123	1
103	124	0
103	125	0
103	126	0
103	127	0
103	128	0
103	129	1
103	130	1
104	105	1
104	106	0
104	107	1
104	108	1
104	109	0
104	110	1
104	111	0
104	112	0
104	113	1
104	114	0
104	115	0
104	116	0
104	117	0
104	118	0
104	119	0
104	120	0
104	121	1
104	122	1
104	123	1
104	124	0
104	125	0
104	126	1
104	127	0
104	128	0
104	129	0
104	130	1
105	106	1
105	107	0
105	108	0
105	109	1
105	110	0
105	111	0
105	112	0
105	113	1
105	114	0
105	115	0
105	116	0
105	117	1
105	118	1
105	119	1
105	120	1
105	121	0
105	122	1
105	123	1
105	124	1
105	125	0
105	126	1
105	127	1
105	128	1
105	129	1
105	130	0
106	107	1
106	108	1
106	109	1
106	110	0
106	111	0
106	112	0
106	113	0
106	114	0
106	115	1
106	116	1
106	117	0
106	118	0
106	119	0
106	120	0
106	121	0
106	122	1
106	123	1
106	124	0
106	125	0
106	126	1
106	127	0
106	128	0
106	129	0
106	130	0
107	108	1
107	109	1
107	110	1
107	111	0
107	112	1
107	113	1
107	114	0
107	115	0
107	116	1
107	117	0
107	118	0
107	119	0
107	120	1
107	121	1
107	122	1
107	123	1
107	124	1
107	125	1
107	126	0
107	127	1
107	128	0
107	129	0
107	130	1
108	109	1
108	110	1
108	111	1
108	112	1
108	113	1
108	114	0
108	115	0
108	116	0
108	117	0
108	118	1
108	119	1
108	120	0
108	121	1
108	122	1
108	123	1
108	124	0
108	125	0
108	126	1
108	127	0
108	128	0
108	129	0
108	130	0
109	110	1
109	111	1
109	112	0
109	113	1
109	114	0
109	115	1
109	116	1
109	117	1
109	118	1
109	119	0
109	120	0
109	121	0
109	122	1
109	123	0
109	124	1
109	125	1
109	126	0
109	127	1
109	128	1
109	129	1
109	130	0
110	111	0
110	112	0
110	113	1
110	114	0
110	115	0
110	116	0
110	117	0
110	118	0
110	119	0
110	120	1
110	121	0
110	122	0
110	123	1
110	124	1
110	125	1
110	126	1
110	127	1
110	128	1
110	129	1
110	130	0
111	112	1
111	113	0
111	114	1
111	115	1
111	116	0
111	117	1
111	118	1
111	119	0
111	120	0
111	121	0
111	122	1
111	123	0
111	124	0
111	125	1
111	126	1
111	127	0
111	128	1
111	129	1
111	130	1
112	113	1
112	114	1
112	115	0
112	116	1
112	117	0
112	118	1
112	119	1
112	120	1
112	121	1
112	122	1
112	123	0
112	124	1
112	125	0
112	126	1
112	127	1
112	128	0
112	129	0
112	130	0
113	114	0
113	115	1
113	116	0
113	117	1
113	118	0
113	119	0
113	120	1
113	121	1
113	122	1
113	123	0
113	124	0
113	125	1
113	126	0
113	127	0
113	128	0
113	129	1
113	130	1
114	115	1
114	116	0
114	117	0
114	118	0
114	119	0
114	120	1
114	121	1
114	122	0
114	123	0
114	124	1
114	125	0
114	126	0
114	127	1
114	128	1
114	129	1
114	130	0
115	116	0
115	117	0
115	118	0
115	119	0
115	120	0
115	121	1
115	122	1
115	123	0
115	124	1
115	125	1
115	126	1
115	127	0
115	128	1
115	129	0
115	130	0
116	117	1
116	118	1
116	119	1
116	120	0
116	121	1
116	122	1
116	123	0
116	124	1
116	125	1
116	126	1
116	127	1
116	128	1
116	129	0
116	130	1
117	118	1
117	119	0
117	120	0
117	121	0
117	122	1
117	123	1
117	124	0
117	125	0
117	126	1
117	127	1
117	128	1
117	129	0
117	130	1
118	119	0
118	120	1
118	121	0
118	122	1
118	123	0
118	124	1
118	125	1
118	126	1
118	127	1
118	128	0
118	129	0
118	130	1
119	120	1
119	121	1
119	122	0
119	123	1
119	124	0
119	125	1
119	126	1
119	127	0
119	128	1
119	129	0
119	130	0
120	121	1
120	122	0
120	123	0
120	124	1
120	125	1
120	126	1
120	127	0
120	128	1
120	129	0
120	130	0
121	122	0
121	123	1
121	124	1
121	125	1
121	126	1
121	127	0
121	128	1
121	129	0
121	130	0
122	123	0
122	124	0
122	125	0
122	126	1
122	127	1
122	128	1
122	129	0
122	130	1
123	124	0
123	125	1
123	126	0
123	127	1
123	128	1
123	129	1
123	130	0
124	125	1
124	126	0
124	127	1
124	128	0
124	129	0
124	130	1
125	126	0
125	127	1
125	128	1
125	129	0
125	130	1
126	127	0
126	128	0
126	129	1
126	130	0
127	128	1
127	129	0
127	130	1
128	129	0
128	130	1
129	130	0
