130	8385	0
1	2	0
1	3	0
1	4	0
1	5	1
1	6	0
1	7	1
1	8	0
1	9	1
1	10	0
1	11	0
1	12	1
1	13	0
1	14	1
1	15	1
1	16	1
1	17	1
1	18	0
1	19	1
1	20	0
1	21	1
1	22	1
1	23	0
1	24	1
1	25	0
1	26	1
1	27	1
1	28	0
1	29	1
1	30	1
1	31	0
1	32	0
1	33	0
1	34	1
1	35	1
1	36	0
1	37	1
1	38	1
1	39	0
1	40	0
1	41	1
1	42	1
1	43	0
1	44	0
1	45	0
1	46	0
1	47	0
1	48	0
1	49	0
1	50	1
1	51	0
1	52	0
1	53	1
1	54	1
1	55	1
1	56	0
1	57	0
1	58	1
1	59	1
1	60	0
1	61	0
1	62	0
1	63	1
1	64	0
1	65	0
1	66	1
1	67	0
1	68	0
1	69	1
1	70	0
1	71	1
1	72	1
1	73	0
1	74	0
1	75	1
1	76	1
1	77	1
1	78	0
1	79	0
1	80	1
1	81	0
1	82	0
1	83	1
1	84	1
1	85	0
1	86	1
1	87	0
1	88	0
1	89	0
1	90	0
1	91	1
1	92	1
1	93	0
1	94	1
1	95	0
1	96	1
1	97	0
1	98	1
1	99	0
1	100	1
1	101	0
1	102	1
1	103	0
1	104	1
1	105	0
1	106	0
1	107	0
1	108	1
1	109	0
1	110	1
1	111	0
1	112	0
1	113	1
1	114	0
1	115	0
1	116	0
1	117	1
1	118	1
1	119	1
1	120	0
1	121	1
1	122	0
1	123	0
1	124	1
1	125	1
1	126	0
1	127	0
1	128	0
1	129	0
1	130	1
2	3	1
2	4	1
2	5	1
2	6	0
2	7	1
2	8	0
2	9	1
2	10	1
2	11	0
2	12	1
2	13	1
2	14	1
2	15	1
2	16	1
2	17	1
2	18	1
2	19	1
2	20	0
2	21	1
2	22	1
2	23	1
2	24	0
2	25	1
2	26	1
2	27	0
2	28	1
2	29	1
2	30	0
2	31	1
2	32	1
2	33	0
2	34	0
2	35	0
2	36	1
2	37	1
2	38	0
2	39	0
2	40	0
2	41	1
2	42	1
2	43	1
2	44	0
2	45	1
2	46	0
2	47	1
2	48	1
2	49	1
2	50	1
2	51	0
2	52	0
2	53	0
2	54	0
2	55	1
2	56	0
2	57	0
2	58	1
2	59	1
2	60	1
2	61	0
2	62	0
2	63	1
2	64	0
2	65	1
2	66	0
2	67	0
2	68	1
2	69	0
2	70	0
2	71	1
2	72	1
2	73	0
2	74	0
2	75	1
2	76	1
2	77	0
2	78	0
2	79	0
2	80	0
2	81	0
2	82	1
2	83	0
2	84	1
2	85	0
2	86	0
2	87	0
2	88	0
2	89	1
2	90	0
2	91	0
2	92	1
2	93	1
2	94	1
2	95	0
2	96	0
2	97	0
2	98	1
2	99	1
2	100	0
2	101	0
2	102	1
2	103	0
2	104	1
2	105	0
2	106	1
2	107	0
2	108	1
2	109	1
2	110	1
2	111	1
2	112	1
2	113	1
2	114	1
2	115	1
2	116	0
2	117	1
2	118	1
2	119	0
2	120	0
2	121	1
2	122	0
2	123	0
2	124	1
2	125	0
2	126	0
2	127	1
2	128	0
2	129	0
2	130	0
3	4	1
3	5	0
3	6	1
3	7	1
3	8	1
3	9	1
3	10	1
3	11	0
3	12	0
3	13	0
3	14	0
3	15	1
3	16	1
3	17	1
3	18	1
3	19	0
3	20	0
3	21	1
3	22	1
3	23	0
3	24	0
3	25	1
3	26	1
3	27	0
3	28	0
3	29	1
3	30	0
3	31	1
3	32	1
3	33	0
3	34	0
3	35	1
3	36	1
3	37	0
3	38	0
3	39	0
3	40	0
3	41	1
3	42	0
3	43	0
3	44	1
3	45	1
3	46	1
3	47	0
3	48	0
3	49	1
3	50	1
3	51	1
3	52	0
3	53	1
3	54	0
3	55	0
3	56	1
3	57	1
3	58	1
3	59	0
3	60	0
3	61	1
3	62	0
3	63	0
3	64	0
3	65	1
3	66	1
3	67	1
3	68	0
3	69	0
3	70	1
3	71	0
3	72	1
3	73	0
3	74	0
3	75	1
3	76	1
3	77	0
3	78	0
3	79	1
3	80	0
3	81	0
3	82	0
3	83	1
3	84	1
3	85	0
3	86	0
3	87	0
3	88	1
3	89	1
3	90	0
3	91	1
3	92	0
3	93	1
3	94	1
3	95	1
3	96	1
3	97	1
3	98	0
3	99	1
3	100	1
3	101	1
3	102	1
3	103	0
3	104	1
3	105	1
3	106	1
3	107	1
3	108	0
3	109	1
3	110	1
3	111	1
3	112	1
3	113	1
3	114	0
3	115	0
3	116	1
3	117	0
3	118	0
3	119	0
3	120	1
3	121	1
3	122	1
3	123	1
3	124	1
3	125	1
3	126	0
3	127	0
3	128	1
3	129	0
3	130	1
4	5	1
4	6	0
4	7	0
4	8	0
4	9	0
4	10	0
4	11	1
4	12	0
4	13	0
4	14	1
4	15	0
4	16	1
4	17	1
4	18	0
4	19	1
4	20	0
4	21	0
4	22	0
4	23	1
4	24	1
4	25	1
4	26	0
4	27	0
4	28	0
4	29	1
4	30	0
4	31	0
4	32	1
4	33	0
4	34	0
4	35	1
4	36	0
4	37	0
4	38	0
4	39	0
4	40	0
4	41	1
4	42	0
4	43	1
4	44	1
4	45	0
4	46	1
4	47	1
4	48	0
4	49	1
4	50	0
4	51	1
4	52	1
4	53	1
4	54	0
4	55	0
4	56	0
4	57	1
4	58	0
4	59	0
4	60	0
4	61	0
4	62	1
4	63	1
4	64	0
4	65	0
4	66	1
4	67	1
4	68	1
4	69	1
4	70	0
4	71	0
4	72	1
4	73	0
4	74	0
4	75	1
4	76	0
4	77	1
4	78	1
4	79	1
4	80	1
4	81	1
4	82	0
4	83	1
4	84	1
4	85	1
4	86	0
4	87	1
4	88	0
4	89	1
4	90	1
4	91	1
4	92	0
4	93	1
4	94	0
4	95	1
4	96	1
4	97	1
4	98	1
4	99	0
4	100	0
4	101	1
4	102	1
4	103	0
4	104	1
4	105	1
4	106	1
4	107	0
4	108	1
4	109	1
4	110	0
4	111	1
4	112	1
4	113	1
4	114	0
4	115	0
4	116	0
4	117	1
4	118	1
4	119	0
4	120	0
4	121	0
4	122	1
4	123	0
4	124	1
4	125	0
4	126	1
4	127	1
4	128	1
4	129	0
4	130	1
5	6	0
5	7	0
5	8	1
5	9	1
5	10	0
5	11	0
5	12	0
5	13	1
5	14	1
5	15	1
5	16	0
5	17	1
5	18	0
5	19	0
5	20	0
5	21	0
5	22	0
5	23	0
5	24	0
5	25	1
5	26	1
5	27	0
5	28	0
5	29	1
5	30	1
5	31	0
5	32	0
5	33	1
5	34	0
5	35	0
5	36	1
5	37	1
5	38	1
5	39	1
5	40	1
5	41	1
5	42	1
5	43	1
5	44	1
5	45	1
5	46	0
5	47	0
5	48	0
5	49	1
5	50	0
5	51	1
5	52	0
5	53	1
5	54	1
5	55	1
5	56	1
5	57	1
5	58	1
5	59	1
5	60	1
5	61	1
5	62	0
5	63	0
5	64	1
5	65	0
5	66	1
5	67	1
5	68	0
5	69	0
5	70	0
5	71	1
5	72	0
5	73	1
5	74	0
5	75	0
5	76	0
5	77	0
5	78	1
5	79	1
5	80	1
5	81	1
5	82	0
5	83	0
5	84	1
5	85	0
5	86	0
5	87	0
5	88	1
5	89	0
5	90	0
5	91	1
5	92	1
5	93	0
5	94	0
5	95	1
5	96	1
5	97	0
5	98	1
5	99	0
5	100	1
5	101	0
5	102	0
5	103	0
5	104	0
5	105	1
5	106	1
5	107	0
5	108	0
5	109	1
5	110	0
5	111	1
5	112	0
5	113	0
5	114	1
5	115	1
5	116	1
5	117	0
5	118	0
5	119	0
5	120	1
5	121	1
5	122	0
5	123	0
5	124	0
5	125	0
5	126	1
5	127	0
5	128	1
5	129	0
5	130	1
6	7	0
6	8	1
6	9	0
6	10	1
6	11	1
6	12	0
6	13	0
6	14	1
6	15	0
6	16	1
6	17	0
6	18	1
6	19	1
6	20	0
6	21	0
6	22	0
6	23	0
6	24	1
6	25	1
6	26	0
6	27	1
6	28	1
6	29	1
6	30	0
6	31	0
6	32	1
6	33	0
6	34	0
6	35	0
6	36	1
6	37	0
6	38	1
6	39	0
6	40	0
6	41	0
6	42	0
6	43	1
6	44	0
6	45	1
6	46	1
6	47	0
6	48	0
6	49	1
6	50	1
6	51	0
6	52	0
6	53	0
6	54	1
6	55	1
6	56	0
6	57	1
6	58	0
6	59	1
6	60	1
6	61	0
6	62	0
6	63	0
6	64	0
6	65	1
6	66	0
6	67	0
6	68	0
6	69	0
6	70	1
6	71	0
6	72	1
6	73	0
6	74	0
6	75	0
6	76	1
6	77	1
6	78	0
6	79	1
6	80	0
6	81	1
6	82	1
6	83	0
6	84	1
6	85	1
6	86	0
6	87	1
6	88	0
6	89	0
6	90	0
6	91	0
6	92	0
6	93	1
6	94	0
6	95	1
6	96	1
6	97	0
6	98	0
6	99	1
6	100	1
6	101	1
6	102	1
6	103	0
6	104	1
6	105	0
6	106	0
6	107	1
6	108	0
6	109	1
6	110	1
6	111	0
6	112	0
6	113	1
6	114	0
6	115	1
6	116	1
6	117	0
6	118	0
6	119	0
6	120	0
6	121	0
6	122	1
6	123	1
6	124	0
6	125	1
6	126	0
6	127	0
6	128	0
6	129	1
6	130	1
7	8	1
7	9	1
7	10	0
7	11	1
7	12	0
7	13	1
7	14	1
7	15	0
7	16	1
7	17	0
7	18	0
7	19	0
7	20	0
7	21	1
7	22	1
7	23	0
7	24	0
7	25	1
7	26	0
7	27	1
7	28	1
7	29	0
7	30	1
7	31	0
7	32	0
7	33	0
7	34	1
7	35	1
7	36	1
7	37	0
7	38	0
7	39	1
7	40	0
7	41	1
7	42	0
7	43	1
7	44	0
7	45	0
7	46	0
7	47	0
7	48	1
7	49	0
7	50	0
7	51	0
7	52	0
7	53	0
7	54	1
7	55	1
7	56	0
7	57	0
7	58	1
7	59	0
7	60	0
7	61	0
7	62	0
7	63	0
7	64	1
7	65	1
7	66	0
7	67	1
7	68	0
7	69	0
7	70	1
7	71	1
7	72	0
7	73	0
7	74	1
7	75	0
7	76	0
7	77	1
7	78	0
7	79	1
7	80	0
7	81	1
7	82	1
7	83	1
7	84	1
7	85	0
7	86	1
7	87	1
7	88	1
7	89	0
7	90	0
7	91	0
7	92	1
7	93	0
7	94	0
7	95	1
7	96	1
7	97	1
7	98	0
7	99	0
7	100	0
7	101	0
7	102	1
7	103	0
7	104	0
7	105	1
7	106	0
7	107	1
7	108	1
7	109	0
7	110	1
7	111	1
7	112	1
7	113	1
7	114	0
7	115	0
7	116	0
7	117	0
7	118	1
7	119	0
7	120	1
7	121	1
7	122	1
7	123	0
7	124	0
7	125	1
7	126	0
7	127	0
7	128	0
7	129	0
7	130	0
8	9	0
8	10	0
8	11	0
8	12	0
8	13	0
8	14	0
8	15	1
8	16	1
8	17	0
8	18	0
8	19	1
8	20	1
8	21	0
8	22	1
8	23	0
8	24	1
8	25	0
8	26	1
8	27	0
8	28	0
8	29	1
8	30	1
8	31	0
8	32	1
8	33	0
8	34	1
8	35	1
8	36	0
8	37	1
8	38	1
8	39	1
8	40	1
8	41	0
8	42	1
8	43	0
8	44	1
8	45	1
8	46	0
8	47	0
8	48	0
8	49	1
8	50	0
8	51	0
8	52	0
8	53	1
8	54	1
8	55	0
8	56	0
8	57	0
8	58	1
8	59	1
8	60	1
8	61	1
8	62	0
8	63	0
8	64	1
8	65	1
8	66	0
8	67	0
8	68	0
8	69	1
8	70	1
8	71	1
8	72	1
8	73	1
8	74	1
8	75	1
8	76	1
8	77	0
8	78	0
8	79	1
8	80	0
8	81	0
8	82	0
8	83	0
8	84	1
8	85	1
8	86	0
8	87	1
8	88	0
8	89	1
8	90	0
8	91	0
8	92	1
8	93	0
8	94	0
8	95	1
8	96	0
8	97	0
8	98	1
8	99	1
8	100	1
8	101	1
8	102	0
8	103	0
8	104	1
8	105	0
8	106	1
8	107	1
8	108	0
8	109	1
8	110	1
8	111	0
8	112	0
8	113	0
8	114	1
8	115	0
8	116	1
8	117	1
8	118	0
8	119	0
8	120	0
8	121	0
8	122	1
8	123	0
8	124	1
8	125	1
8	126	0
8	127	0
8	128	0
8	129	1
8	130	1
9	10	0
9	11	0
9	12	1
9	13	0
9	14	0
9	15	0
9	16	1
9	17	0
9	18	1
9	19	1
9	20	0
9	21	0
9	22	1
9	23	0
9	24	0
9	25	0
9	26	0
9	27	0
9	28	1
9	29	0
9	30	0
9	31	0
9	32	0
9	33	0
9	34	1
9	35	1
9	36	1
9	37	0
9	38	0
9	39	1
9	40	0
9	41	1
9	42	1
9	43	1
9	44	1
9	45	1
9	46	0
9	47	0
9	48	0
9	49	0
9	50	0
9	51	1
9	52	1
9	53	0
9	54	0
9	55	0
9	56	0
9	57	1
9	58	1
9	59	0
9	60	1
9	61	1
9	62	0
9	63	1
9	64	0
9	65	0
9	66	0
9	67	1
9	68	1
9	69	1
9	70	0
9	71	0
9	72	1
9	73	1
9	74	0
9	75	1
9	76	1
9	77	0
9	78	1
9	79	0
9	80	0
9	81	1
9	82	1
9	83	0
9	84	1
9	85	1
9	86	0
9	87	0
9	88	1
9	89	0
9	90	0
9	91	1
9	92	1
9	93	1
9	94	1
9	95	0
9	96	1
9	97	0
9	98	0
9	99	0
9	100	0
9	101	0
9	102	0
9	103	1
9	104	1
9	105	0
9	106	1
9	107	1
9	108	0
9	109	0
9	110	0
9	111	0
9	112	1
9	113	0
9	114	0
9	115	1
9	116	1
9	117	0
9	118	1
9	119	0
9	120	0
9	121	1
9	122	1
9	123	0
9	124	0
9	125	1
9	126	0
9	127	0
9	128	0
9	129	0
9	130	0
10	11	0
10	12	0
10	13	1
10	14	0
10	15	1
10	16	0
10	17	0
10	18	1
10	19	0
10	20	1
10	21	1
10	22	1
10	23	0
10	24	0
10	25	0
10	26	0
10	27	0
10	28	1
10	29	1
10	30	0
10	31	1
10	32	1
10	33	1
10	34	1
10	35	1
10	36	1
10	37	1
10	38	0
10	39	0
10	40	0
10	41	0
10	42	1
10	43	1
10	44	1
10	45	1
10	46	1
10	47	0
10	48	1
10	49	1
10	50	1
10	51	0
10	52	1
10	53	1
10	54	1
10	55	1
10	56	1
10	57	1
10	58	0
10	59	1
10	60	1
10	61	0
10	62	0
10	63	0
10	64	1
10	65	1
10	66	1
10	67	1
10	68	1
10	69	1
10	70	1
10	71	0
10	72	0
10	73	0
10	74	0
10	75	1
10	76	0
10	77	0
10	78	0
10	79	1
10	80	1
10	81	1
10	82	0
10	83	1
10	84	0
10	85	1
10	86	1
10	87	1
10	88	1
10	89	0
10	90	0
10	91	0
10	92	0
10	93	1
10	94	0
10	95	0
10	96	0
10	97	1
10	98	1
10	99	0
10	100	1
10	101	0
10	102	0
10	103	1
10	104	0
10	105	0
10	106	0
10	107	1
10	108	0
10	109	1
10	110	0
10	111	1
10	112	0
10	113	0
10	114	0
10	115	0
10	116	1
10	117	0
10	118	0
10	119	0
10	120	1
10	121	1
10	122	0
10	123	1
10	124	0
10	125	1
10	126	1
10	127	1
10	128	1
10	129	0
10	130	0
11	12	0
11	13	0
11	14	0
11	15	0
11	16	0
11	17	0
11	18	1
11	19	1
11	20	0
11	21	1
11	22	1
11	23	1
11	24	0
11	25	0
11	26	0
11	27	0
11	28	1
11	29	0
11	30	1
11	31	0
11	32	0
11	33	1
11	34	0
11	35	1
11	36	1
11	37	0
11	38	1
11	39	1
11	40	0
11	41	1
11	42	1
11	43	1
11	44	0
11	45	1
11	46	1
11	47	1
11	48	0
11	49	1
11	50	0
11	51	1
11	52	0
11	53	0
11	54	1
11	55	0
11	56	0
11	57	1
11	58	0
11	59	1
11	60	0
11	61	1
11	62	1
11	63	1
11	64	0
11	65	0
11	66	0
11	67	0
11	68	1
11	69	1
11	70	0
11	71	1
11	72	0
11	73	0
11	74	1
11	75	1
11	76	0
11	77	1
11	78	0
11	79	0
11	80	0
11	81	0
11	82	1
11	83	1
11	84	0
11	85	0
11	86	1
11	87	0
11	88	0
11	89	1
11	90	0
11	91	0
11	92	1
11	93	0
11	94	1
11	95	1
11	96	1
11	97	0
11	98	1
11	99	1
11	100	0
11	101	1
11	102	1
11	103	1
11	104	0
11	105	1
11	106	0
11	107	1
11	108	0
11	109	0
11	110	1
11	111	0
11	112	1
11	113	0
11	114	1
11	115	0
11	116	1
11	117	1
11	118	1
11	119	1
11	120	0
11	121	1
11	122	1
11	123	0
11	124	0
11	125	1
11	126	0
11	127	1
11	128	1
11	129	0
11	130	0
12	13	1
12	14	1
12	15	1
12	16	1
12	17	1
12	18	1
12	19	1
12	20	1
12	21	1
12	22	0
12	23	0
12	24	1
12	25	1
12	26	1
12	27	1
12	28	1
12	29	1
12	30	1
12	31	1
12	32	1
12	33	0
12	34	0
12	35	0
12	36	1
12	37	1
12	38	1
12	39	0
12	40	1
12	41	0
12	42	1
12	43	0
12	44	1
12	45	1
12	46	0
12	47	0
12	48	0
12	49	0
12	50	0
12	51	1
12	52	1
12	53	1
12	54	0
12	55	1
12	56	1
12	57	0
12	58	0
12	59	1
12	60	0
12	61	0
12	62	1
12	63	0
12	64	0
12	65	0
12	66	0
12	67	0
12	68	0
12	69	0
12	70	1
12	71	0
12	72	1
12	73	0
12	74	0
12	75	0
12	76	0
12	77	0
12	78	1
12	79	0
12	80	1
12	81	0
12	82	1
12	83	0
12	84	0
12	85	0
12	86	1
12	87	1
12	88	1
12	89	0
12	90	1
12	91	0
12	92	0
12	93	0
12	94	1
12	95	1
12	96	0
12	97	0
12	98	1
12	99	1
12	100	0
12	101	0
12	102	1
12	103	1
12	104	1
12	105	0
12	106	0
12	107	0
12	108	1
12	109	1
12	110	1
12	111	0
12	112	1
12	113	1
12	114	0
12	115	1
12	116	0
12	117	1
12	118	0
12	119	0
12	120	1
12	121	0
12	122	1
12	123	1
12	124	0
12	125	1
12	126	0
12	127	0
12	128	1
12	129	0
12	130	0
13	14	0
13	15	0
13	16	1
13	17	0
13	18	1
13	19	1
13	20	1
13	21	1
13	22	1
13	23	0
13	24	0
13	25	0
13	26	1
13	27	1
13	28	0
13	29	1
13	30	0
13	31	0
13	32	1
13	33	1
13	34	1
13	35	0
13	36	1
13	37	1
13	38	0
13	39	1
13	40	0
13	41	0
13	42	1
13	43	0
13	44	1
13	45	1
13	46	1
13	47	0
13	48	1
13	49	1
13	50	0
13	51	1
13	52	0
13	53	1
13	54	1
13	55	0
13	56	0
13	57	0
13	58	1
13	59	1
13	60	1
13	61	1
13	62	1
13	63	1
13	64	1
13	65	1
13	66	0
13	67	0
13	68	0
13	69	0
13	70	1
13	71	0
13	72	1
13	73	1
13	74	0
13	75	1
13	76	0
13	77	1
13	78	0
13	79	0
13	80	0
13	81	0
13	82	0
13	83	0
13	84	0
13	85	1
13	86	0
13	87	0
13	88	1
13	89	0
13	90	0
13	91	1
13	92	0
13	93	1
13	94	0
13	95	0
13	96	0
13	97	1
13	98	0
13	99	0
13	100	1
13	101	0
13	102	0
13	103	0
13	104	0
13	105	1
13	106	0
13	107	1
13	108	1
13	109	0
13	110	1
13	111	0
13	112	0
13	113	0
13	114	1
13	115	0
13	116	1
13	117	1
13	118	1
13	119	1
13	120	1
13	121	1
13	122	0
13	123	0
13	124	1
13	125	0
13	126	1
13	127	0
13	128	0
13	129	1
13	130	1
14	15	1
14	16	0
14	17	1
14	18	1
14	19	0
14	20	0
14	21	1
14	22	0
14	23	0
14	24	1
14	25	1
14	26	1
14	27	0
14	28	0
14	29	0
14	30	1
14	31	0
14	32	1
14	33	0
14	34	1
14	35	1
14	36	0
14	37	1
14	38	0
14	39	1
14	40	0
14	41	0
14	42	0
14	43	1
14	44	0
14	45	1
14	46	1
14	47	1
14	48	1
14	49	1
14	50	1
14	51	0
14	52	1
14	53	0
14	54	1
14	55	0
14	56	1
14	57	1
14	58	0
14	59	0
14	60	0
14	61	0
14	62	1
14	63	1
14	64	1
14	65	1
14	66	1
14	67	1
14	68	1
14	69	1
14	70	0
14	71	1
14	72	0
14	73	1
14	74	0
14	75	1
14	76	1
14	77	0
14	78	0
14	79	1
14	80	1
14	81	0
14	82	1
14	83	0
14	84	0
14	85	0
14	86	0
14	87	1
14	88	1
14	89	1
14	90	1
14	91	0
14	92	0
14	93	0
14	94	1
14	95	0
14	96	1
14	97	1
14	98	1
14	99	1
14	100	1
14	101	0
14	102	1
14	103	1
14	104	1
14	105	0
14	106	1
14	107	0
14	108	0
14	109	1
14	110	0
14	111	1
14	112	1
14	113	1
14	114	0
14	115	1
14	116	1
14	117	0
14	118	0
14	119	0
14	120	1
14	121	0
14	122	1
14	123	0
14	124	1
14	125	0
14	126	1
14	127	1
14	128	1
14	129	1
14	130	1
15	16	0
15	17	0
15	18	0
15	19	1
15	20	1
15	21	1
15	22	1
15	23	0
15	24	0
15	25	0
15	26	0
15	27	0
15	28	0
15	29	0
15	30	0
15	31	1
15	32	0
15	33	0
15	34	0
15	35	1
15	36	0
15	37	1
15	38	1
15	39	0
15	40	0
15	41	0
15	42	1
15	43	0
15	44	0
15	45	1
15	46	0
15	47	0
15	48	1
15	49	1
15	50	1
15	51	1
15	52	1
15	53	1
15	54	0
15	55	1
15	56	0
15	57	1
15	58	1
15	59	1
15	60	0
15	61	0
15	62	1
15	63	1
15	64	0
15	65	1
15	66	0
15	67	1
15	68	1
15	69	1
15	70	1
15	71	0
15	72	0
15	73	1
15	74	0
15	75	1
15	76	1
15	77	1
15	78	1
15	79	1
15	80	1
15	81	1
15	82	1
15	83	0
15	84	0
15	85	1
15	86	1
15	87	1
15	88	0
15	89	1
15	90	1
15	91	1
15	92	0
15	93	0
15	94	0
15	95	0
15	96	1
15	97	1
15	98	1
15	99	0
15	100	0
15	101	1
15	102	1
15	103	0
15	104	1
15	105	0
15	106	0
15	107	1
15	108	1
15	109	1
15	110	0
15	111	1
15	112	0
15	113	0
15	114	1
15	115	1
15	116	1
15	117	0
15	118	0
15	119	0
15	120	0
15	121	0
15	122	0
15	123	0
15	124	0
15	125	0
15	126	1
15	127	1
15	128	1
15	129	0
15	130	0
16	17	1
16	18	1
16	19	1
16	20	1
16	21	0
16	22	1
16	23	1
16	24	0
16	25	1
16	26	1
16	27	1
16	28	1
16	29	0
16	30	1
16	31	0
16	32	0
16	33	1
16	34	0
16	35	1
16	36	0
16	37	1
16	38	1
16	39	1
16	40	1
16	41	0
16	42	0
16	43	0
16	44	1
16	45	0
16	46	1
16	47	0
16	48	0
16	49	1
16	50	1
16	51	0
16	52	1
16	53	1
16	54	1
16	55	1
16	56	0
16	57	1
16	58	1
16	59	1
16	60	0
16	61	0
16	62	0
16	63	1
16	64	1
16	65	0
16	66	1
16	67	1
16	68	1
16	69	0
16	70	1
16	71	0
16	72	0
16	73	0
16	74	0
16	75	0
16	76	1
16	77	1
16	78	0
16	79	1
16	80	1
16	81	0
16	82	0
16	83	0
16	84	1
16	85	0
16	86	0
16	87	0
16	88	0
16	89	0
16	90	0
16	91	0
16	92	1
16	93	0
16	94	0
16	95	1
16	96	0
16	97	1
16	98	1
16	99	0
16	100	1
16	101	1
16	102	1
16	103	0
16	104	1
16	105	0
16	106	1
16	107	1
16	108	1
16	109	0
16	110	0
16	111	0
16	112	1
16	113	1
16	114	1
16	115	0
16	116	1
16	117	1
16	118	0
16	119	0
16	120	1
16	121	1
16	122	1
16	123	0
16	124	1
16	125	1
16	126	0
16	127	1
16	128	1
16	129	1
16	130	1
17	18	0
17	19	0
17	20	1
17	21	0
17	22	1
17	23	0
17	24	1
17	25	1
17	26	0
17	27	1
17	28	1
17	29	1
17	30	0
17	31	1
17	32	0
17	33	1
17	34	0
17	35	0
17	36	0
17	37	0
17	38	1
17	39	1
17	40	1
17	41	1
17	42	0
17	43	0
17	44	1
17	45	0
17	46	0
17	47	1
17	48	1
17	49	0
17	50	0
17	51	0
17	52	1
17	53	1
17	54	1
17	55	0
17	56	1
17	57	1
17	58	0
17	59	0
17	60	0
17	61	1
17	62	1
17	63	0
17	64	0
17	65	1
17	66	0
17	67	0
17	68	1
17	69	1
17	70	1
17	71	0
17	72	1
17	73	0
17	74	1
17	75	0
17	76	0
17	77	1
17	78	0
17	79	1
17	80	1
17	81	1
17	82	1
17	83	0
17	84	0
17	85	1
17	86	1
17	87	0
17	88	0
17	89	0
17	90	1
17	91	1
17	92	1
17	93	0
17	94	1
17	95	1
17	96	1
17	97	0
17	98	1
17	99	1
17	100	1
17	101	0
17	102	1
17	103	1
17	104	1
17	105	0
17	106	1
17	107	0
17	108	1
17	109	1
17	110	0
17	111	0
17	112	0
17	113	1
17	114	1
17	115	0
17	116	1
17	117	1
17	118	1
17	119	1
17	120	1
17	121	0
17	122	0
17	123	1
17	124	0
17	125	0
17	126	1
17	127	0
17	128	0
17	129	1
17	130	1
18	19	1
18	20	1
18	21	1
18	22	1
18	23	1
18	24	0
18	25	1
18	26	0
18	27	1
18	28	0
18	29	0
18	30	1
18	31	1
18	32	0
18	33	1
18	34	0
18	35	1
18	36	1
18	37	0
18	38	0
18	39	0
18	40	1
18	41	1
18	42	1
18	43	0
18	44	1
18	45	0
18	46	1
18	47	1
18	48	1
18	49	1
18	50	1
18	51	1
18	52	0
18	53	1
18	54	0
18	55	1
18	56	0
18	57	1
18	58	1
18	59	1
18	60	0
18	61	0
18	62	0
18	63	0
18	64	1
18	65	0
18	66	1
18	67	1
18	68	1
18	69	1
18	70	0
18	71	0
18	72	1
18	73	0
18	74	0
18	75	1
18	76	1
18	77	0
18	78	0
18	79	0
18	80	1
18	81	0
18	82	0
18	83	1
18	84	0
18	85	0
18	86	1
18	87	1
18	88	0
18	89	1
18	90	1
18	91	1
18	92	1
18	93	0
18	94	1
18	95	1
18	96	1
18	97	0
18	98	1
18	99	1
18	100	1
18	101	0
18	102	1
18	103	0
18	104	1
18	105	1
18	106	0
18	107	1
18	108	1
18	109	1
18	110	0
18	111	1
18	112	0
18	113	1
18	114	0
18	115	1
18	116	0
18	117	0
18	118	1
18	119	1
18	120	1
18	121	1
18	122	0
18	123	1
18	124	1
18	125	0
18	126	0
18	127	0
18	128	1
18	129	0
18	130	0
19	20	1
19	21	0
19	22	1
19	23	0
19	24	1
19	25	0
19	26	1
19	27	0
19	28	0
19	29	0
19	30	0
19	31	1
19	32	1
19	33	0
19	34	0
19	35	1
19	36	1
19	37	0
19	38	0
19	39	1
19	40	0
19	41	0
19	42	1
19	43	1
19	44	1
19	45	0
19	46	0
19	47	1
19	48	0
19	49	0
19	50	1
19	51	1
19	52	0
19	53	0
19	54	1
19	55	1
19	56	0
19	57	1
19	58	1
19	59	0
19	60	0
19	61	0
19	62	1
19	63	1
19	64	0
19	65	1
19	66	0
19	67	1
19	68	1
19	69	1
19	70	1
19	71	0
19	72	0
19	73	1
19	74	1
19	75	0
19	76	1
19	77	0
19	78	0
19	79	1
19	80	1
19	81	0
19	82	0
19	83	1
19	84	1
19	85	0
19	86	1
19	87	1
19	88	1
19	89	1
19	90	0
19	91	0
19	92	1
19	93	0
19	94	0
19	95	1
19	96	1
19	97	1
19	98	1
19	99	1
19	100	0
19	101	0
19	102	1
19	103	1
19	104	1
19	105	0
19	106	0
19	107	1
19	108	1
19	109	0
19	110	1
19	111	1
19	112	0
19	113	0
19	114	1
19	115	0
19	116	1
19	117	1
19	118	0
19	119	0
19	120	0
19	121	1
19	122	0
19	123	0
19	124	1
19	125	0
19	126	1
19	127	0
19	128	1
19	129	1
19	130	0
20	21	1
20	22	0
20	23	1
20	24	1
20	25	1
20	26	0
20	27	0
20	28	0
20	29	0
20	30	0
20	31	1
20	32	1
20	33	1
20	34	1
20	35	0
20	36	1
20	37	1
20	38	0
20	39	0
20	40	0
20	41	1
20	42	1
20	43	0
20	44	0
20	45	1
20	46	1
20	47	0
20	48	0
20	49	1
20	50	0
20	51	0
20	52	0
20	53	1
20	54	0
20	55	1
20	56	0
20	57	0
20	58	1
20	59	0
20	60	0
20	61	1
20	62	0
20	63	0
20	64	1
20	65	1
20	66	0
20	67	0
20	68	1
20	69	0
20	70	1
20	71	0
20	72	0
20	73	1
20	74	1
20	75	1
20	76	1
20	77	1
20	78	0
20	79	0
20	80	0
20	81	1
20	82	0
20	83	1
20	84	0
20	85	1
20	86	1
20	87	0
20	88	1
20	89	0
20	90	0
20	91	1
20	92	0
20	93	1
20	94	1
20	95	1
20	96	0
20	97	1
20	98	0
20	99	1
20	100	0
20	101	0
20	102	0
20	103	1
20	104	1
20	105	1
20	106	1
20	107	1
20	108	0
20	109	1
20	110	0
20	111	1
20	112	0
20	113	1
20	114	0
20	115	0
20	116	1
20	117	1
20	118	0
20	119	1
20	120	1
20	121	0
20	122	0
20	123	0
20	124	0
20	125	0
20	126	1
20	127	1
20	128	1
20	129	0
20	130	1
21	22	0
21	23	0
21	24	0
21	25	1
21	26	0
21	27	1
21	28	1
21	29	0
21	30	0
21	31	0
21	32	0
21	33	1
21	34	0
21	35	0
21	36	1
21	37	1
21	38	0
21	39	1
21	40	1
21	41	1
21	42	0
21	43	0
21	44	0
21	45	1
21	46	0
21	47	0
21	48	1
21	49	0
21	50	0
21	51	1
21	52	1
21	53	0
21	54	1
21	55	1
21	56	0
21	57	0
21	58	1
21	59	0
21	60	1
21	61	0
21	62	0
21	63	1
21	64	1
21	65	0
21	66	0
21	67	1
21	68	0
21	69	0
21	70	1
21	71	0
21	72	0
21	73	1
21	74	0
21	75	1
21	76	1
21	77	0
21	78	1
21	79	0
21	80	0
21	81	1
21	82	1
21	83	0
21	84	0
21	85	1
21	86	1
21	87	0
21	88	0
21	89	1
21	90	0
21	91	1
21	92	0
21	93	1
21	94	1
21	95	0
21	96	0
21	97	1
21	98	0
21	99	0
21	100	1
21	101	1
21	102	1
21	103	0
21	104	0
21	105	0
21	106	0
21	107	0
21	108	1
21	109	0
21	110	0
21	111	1
21	112	0
21	113	0
21	114	1
21	115	0
21	116	0
21	117	1
21	118	1
21	119	0
21	120	1
21	121	1
21	122	0
21	123	0
21	124	0
21	125	1
21	126	1
21	127	1
21	128	1
21	129	1
21	130	1
22	23	0
22	24	1
22	25	0
22	26	0
22	27	1
22	28	0
22	29	0
22	30	1
22	31	0
22	32	0
22	33	0
22	34	1
22	35	0
22	36	1
22	37	1
22	38	1
22	39	0
22	40	1
22	41	0
22	42	1
22	43	0
22	44	1
22	45	1
22	46	0
22	47	0
22	48	1
22	49	0
22	50	1
22	51	1
22	52	0
22	53	1
22	54	1
22	55	1
22	56	0
22	57	1
22	58	1
22	59	1
22	60	1
22	61	1
22	62	1
22	63	1
22	64	0
22	65	1
22	66	1
22	67	1
22	68	0
22	69	1
22	70	0
22	71	0
22	72	0
22	73	0
22	74	1
22	75	0
22	76	0
22	77	1
22	78	1
22	79	0
22	80	0
22	81	1
22	82	1
22	83	0
22	84	0
22	85	1
22	86	1
22	87	0
22	88	0
22	89	0
22	90	1
22	91	0
22	92	1
22	93	0
22	94	0
22	95	1
22	96	1
22	97	0
22	98	0
22	99	1
22	100	0
22	101	1
22	102	0
22	103	0
22	104	0
22	105	1
22	106	1
22	107	0
22	108	1
22	109	0
22	110	0
22	111	1
22	112	1
22	113	0
22	114	0
22	115	1
22	116	0
22	117	1
22	118	0
22	119	1
22	120	0
22	121	1
22	122	1
22	123	0
22	124	0
22	125	0
22	126	1
22	127	0
22	128	0
22	129	1
22	130	1
23	24	0
23	25	0
23	26	1
23	27	0
23	28	1
23	29	1
23	30	0
23	31	1
23	32	0
23	33	0
23	34	1
23	35	1
23	36	1
23	37	1
23	38	1
23	39	1
23	40	1
23	41	1
23	42	1
23	43	1
23	44	0
23	45	0
23	46	0
23	47	1
23	48	1
23	49	1
23	50	1
23	51	1
23	52	0
23	53	0
23	54	1
23	55	1
23	56	1
23	57	0
23	58	1
23	59	1
23	60	0
23	61	1
23	62	0
23	63	1
23	64	0
23	65	0
23	66	1
23	67	1
23	68	0
23	69	0
23	70	0
23	71	0
23	72	0
23	73	1
23	74	1
23	75	1
23	76	0
23	77	1
23	78	0
23	79	0
23	80	0
23	81	1
23	82	0
23	83	1
23	84	0
23	85	1
23	86	1
23	87	0
23	88	1
23	89	0
23	90	1
23	91	0
23	92	1
23	93	1
23	94	0
23	95	1
23	96	1
23	97	1
23	98	1
23	99	1
23	100	0
23	101	1
23	102	0
23	103	1
23	104	0
23	105	1
23	106	1
23	107	1
23	108	0
23	109	1
23	110	0
23	111	0
23	112	1
23	113	0
23	114	0
23	115	1
23	116	1
23	117	1
23	118	1
23	119	1
23	120	1
23	121	1
23	122	1
23	123	0
23	124	1
23	125	0
23	126	0
23	127	1
23	128	0
23	129	1
23	130	1
24	25	0
24	26	1
24	27	0
24	28	0
24	29	0
24	30	1
24	31	0
24	32	0
24	33	1
24	34	1
24	35	0
24	36	1
24	37	0
24	38	1
24	39	1
24	40	1
24	41	0
24	42	0
24	43	1
24	44	1
24	45	1
24	46	1
24	47	1
24	48	1
24	49	1
24	50	0
24	51	1
24	52	0
24	53	1
24	54	0
24	55	1
24	56	0
24	57	1
24	58	1
24	59	1
24	60	0
24	61	0
24	62	1
24	63	0
24	64	0
24	65	1
24	66	1
24	67	1
24	68	0
24	69	1
24	70	0
24	71	1
24	72	0
24	73	1
24	74	0
24	75	1
24	76	1
24	77	1
24	78	1
24	79	1
24	80	0
24	81	1
24	82	0
24	83	0
24	84	0
24	85	1
24	86	1
24	87	0
24	88	0
24	89	1
24	90	1
24	91	0
24	92	1
24	93	0
24	94	1
24	95	1
24	96	1
24	97	1
24	98	0
24	99	1
24	100	0
24	101	1
24	102	1
24	103	1
24	104	0
24	105	0
24	106	1
24	107	1
24	108	0
24	109	0
24	110	0
24	111	0
24	112	0
24	113	0
24	114	0
24	115	1
24	116	1
24	117	1
24	118	1
24	119	0
24	120	0
24	121	0
24	122	1
24	123	1
24	124	0
24	125	0
24	126	1
24	127	0
24	128	1
24	129	0
24	130	1
25	26	0
25	27	1
25	28	0
25	29	0
25	30	1
25	31	1
25	32	1
25	33	0
25	34	0
25	35	0
25	36	0
25	37	1
25	38	0
25	39	1
25	40	1
25	41	1
25	42	0
25	43	0
25	44	0
25	45	0
25	46	1
25	47	0
25	48	0
25	49	0
25	50	1
25	51	0
25	52	0
25	53	0
25	54	0
25	55	0
25	56	0
25	57	0
25	58	1
25	59	0
25	60	0
25	61	0
25	62	1
25	63	0
25	64	0
25	65	1
25	66	0
25	67	0
25	68	0
25	69	0
25	70	1
25	71	0
25	72	1
25	73	0
25	74	0
25	75	1
25	76	1
25	77	0
25	78	1
25	79	1
25	80	1
25	81	1
25	82	0
25	83	0
25	84	0
25	85	0
25	86	1
25	87	1
25	88	1
25	89	1
25	90	0
25	91	0
25	92	1
25	93	0
25	94	0
25	95	1
25	96	1
25	97	0
25	98	0
25	99	1
25	100	0
25	101	1
25	102	0
25	103	0
25	104	0
25	105	0
25	106	0
25	107	1
25	108	0
25	109	1
25	110	1
25	111	0
25	112	1
25	113	1
25	114	0
25	115	0
25	116	1
25	117	0
25	118	1
25	119	1
25	120	1
25	121	0
25	122	0
25	123	1
25	124	1
25	125	1
25	126	0
25	127	1
25	128	0
25	129	1
25	130	1
26	27	0
26	28	0
26	29	0
26	30	0
26	31	1
26	32	1
26	33	0
26	34	0
26	35	1
26	36	1
26	37	1
26	38	0
26	39	1
26	40	0
26	41	1
26	42	0
26	43	1
26	44	1
26	45	0
26	46	0
26	47	1
26	48	1
26	49	1
26	50	1
26	51	0
26	52	1
26	53	0
26	54	1
26	55	1
26	56	0
26	57	0
26	58	0
26	59	0
26	60	0
26	61	0
26	62	1
26	63	0
26	64	1
26	65	1
26	66	0
26	67	1
26	68	0
26	69	0
26	70	0
26	71	0
26	72	1
26	73	0
26	74	1
26	75	1
26	76	1
26	77	1
26	78	0
26	79	0
26	80	0
26	81	1
26	82	1
26	83	0
26	84	0
26	85	1
26	86	1
26	87	0
26	88	0
26	89	1
26	90	1
26	91	0
26	92	1
26	93	1
26	94	1
26	95	1
26	96	0
26	97	0
26	98	0
26	99	1
26	100	1
26	101	1
26	102	0
26	103	0
26	104	1
26	105	0
26	106	0
26	107	0
26	108	1
26	109	1
26	110	1
26	111	1
26	112	0
26	113	0
26	114	0
26	115	0
26	116	0
26	117	1
26	118	1
26	119	0
26	120	1
26	121	1
26	122	0
26	123	1
26	124	1
26	125	1
26	126	0
26	127	1
26	128	1
26	129	1
26	130	1
27	28	1
27	29	0
27	30	0
27	31	0
27	32	1
27	33	1
27	34	1
27	35	0
27	36	1
27	37	0
27	38	0
27	39	1
27	40	0
27	41	1
27	42	0
27	43	1
27	44	0
27	45	0
27	46	0
27	47	0
27	48	0
27	49	0
27	50	0
27	51	0
27	52	0
27	53	0
27	54	0
27	55	1
27	56	0
27	57	0
27	58	0
27	59	1
27	60	1
27	61	0
27	62	1
27	63	0
27	64	0
27	65	0
27	66	1
27	67	0
27	68	0
27	69	0
27	70	1
27	71	1
27	72	0
27	73	0
27	74	1
27	75	1
27	76	0
27	77	1
27	78	0
27	79	0
27	80	1
27	81	0
27	82	0
27	83	1
27	84	0
27	85	0
27	86	0
27	87	0
27	88	0
27	89	0
27	90	0
27	91	0
27	92	1
27	93	1
27	94	1
27	95	0
27	96	1
27	97	0
27	98	1
27	99	1
27	100	1
27	101	0
27	102	1
27	103	0
27	104	1
27	105	1
27	106	1
27	107	0
27	108	1
27	109	0
27	110	0
27	111	0
27	112	1
27	113	0
27	114	0
27	115	1
27	116	0
27	117	0
27	118	0
27	119	0
27	120	0
27	121	1
27	122	1
27	123	0
27	124	1
27	125	0
27	126	0
27	127	1
27	128	1
27	129	1
27	130	1
28	29	0
28	30	1
28	31	0
28	32	1
28	33	1
28	34	1
28	35	1
28	36	0
28	37	1
28	38	0
28	39	1
28	40	1
28	41	1
28	42	1
28	43	0
28	44	0
28	45	0
28	46	0
28	47	1
28	48	1
28	49	0
28	50	1
28	51	1
28	52	1
28	53	0
28	54	1
28	55	1
28	56	0
28	57	0
28	58	1
28	59	1
28	60	0
28	61	0
28	62	1
28	63	1
28	64	1
28	65	1
28	66	0
28	67	1
28	68	1
28	69	0
28	70	1
28	71	1
28	72	0
28	73	1
28	74	0
28	75	0
28	76	0
28	77	0
28	78	1
28	79	0
28	80	1
28	81	1
28	82	1
28	83	0
28	84	1
28	85	1
28	86	0
28	87	1
28	88	1
28	89	0
28	90	0
28	91	1
28	92	1
28	93	0
28	94	1
28	95	1
28	96	1
28	97	1
28	98	1
28	99	0
28	100	0
28	101	1
28	102	0
28	103	1
28	104	1
28	105	1
28	106	0
28	107	0
28	108	1
28	109	1
28	110	1
28	111	1
28	112	1
28	113	1
28	114	0
28	115	1
28	116	1
28	117	0
28	118	1
28	119	0
28	120	0
28	121	1
28	122	1
28	123	0
28	124	0
28	125	1
28	126	1
28	127	1
28	128	1
28	129	1
28	130	1
29	30	0
29	31	1
29	32	0
29	33	1
29	34	1
29	35	1
29	36	1
29	37	0
29	38	0
29	39	1
29	40	1
29	41	1
29	42	0
29	43	1
29	44	0
29	45	1
29	46	0
29	47	1
29	48	1
29	49	0
29	50	1
29	51	0
29	52	1
29	53	1
29	54	1
29	55	0
29	56	1
29	57	0
29	58	1
29	59	1
29	60	1
29	61	0
29	62	0
29	63	0
29	64	0
29	65	0
29	66	0
29	67	1
29	68	0
29	69	1
29	70	1
29	71	1
29	72	0
29	73	0
29	74	0
29	75	0
29	76	1
29	77	1
29	78	0
29	79	0
29	80	0
29	81	1
29	82	0
29	83	1
29	84	0
29	85	1
29	86	1
29	87	0
29	88	1
29	89	0
29	90	0
29	91	1
29	92	1
29	93	1
29	94	1
29	95	0
29	96	1
29	97	1
29	98	1
29	99	1
29	100	0
29	101	0
29	102	1
29	103	1
29	104	1
29	105	1
29	106	0
29	107	1
29	108	0
29	109	1
29	110	0
29	111	1
29	112	0
29	113	0
29	114	0
29	115	1
29	116	1
29	117	1
29	118	0
29	119	1
29	120	1
29	121	1
29	122	0
29	123	1
29	124	0
29	125	1
29	126	0
29	127	1
29	128	1
29	129	1
29	130	0
30	31	1
30	32	1
30	33	1
30	34	0
30	35	0
30	36	0
30	37	0
30	38	0
30	39	1
30	40	0
30	41	1
30	42	0
30	43	0
30	44	1
30	45	0
30	46	1
30	47	1
30	48	0
30	49	1
30	50	1
30	51	0
30	52	1
30	53	1
30	54	1
30	55	0
30	56	1
30	57	1
30	58	0
30	59	0
30	60	0
30	61	0
30	62	1
30	63	1
30	64	1
30	65	0
30	66	0
30	67	0
30	68	1
30	69	0
30	70	0
30	71	0
30	72	1
30	73	1
30	74	1
30	75	1
30	76	1
30	77	1
30	78	1
30	79	0
30	80	0
30	81	0
30	82	1
30	83	1
30	84	1
30	85	1
30	86	0
30	87	0
30	88	0
30	89	1
30	90	0
30	91	0
30	92	1
30	93	1
30	94	1
30	95	0
30	96	0
30	97	0
30	98	0
30	99	1
30	100	0
30	101	0
30	102	1
30	103	1
30	104	0
30	105	1
30	106	0
30	107	0
30	108	1
30	109	0
30	110	0
30	111	0
30	112	1
30	113	0
30	114	1
30	115	1
30	116	1
30	117	0
30	118	0
30	119	1
30	120	1
30	121	0
30	122	0
30	123	1
30	124	0
30	125	0
30	126	1
30	127	0
30	128	0
30	129	0
30	130	1
31	32	0
31	33	1
31	34	1
31	35	0
31	36	1
31	37	0
31	38	1
31	39	0
31	40	1
31	41	1
31	42	1
31	43	1
31	44	0
31	45	0
31	46	1
31	47	0
31	48	1
31	49	0
31	50	1
31	51	1
31	52	0
31	53	0
31	54	1
31	55	1
31	56	0
31	57	0
31	58	1
31	59	0
31	60	0
31	61	1
31	62	0
31	63	0
31	64	1
31	65	1
31	66	1
31	67	0
31	68	1
31	69	1
31	70	1
31	71	0
31	72	1
31	73	1
31	74	1
31	75	1
31	76	0
31	77	1
31	78	1
31	79	0
31	80	0
31	81	0
31	82	0
31	83	0
31	84	0
31	85	1
31	86	0
31	87	0
31	88	1
31	89	1
31	90	1
31	91	1
31	92	0
31	93	1
31	94	0
31	95	1
31	96	0
31	97	0
31	98	1
31	99	0
31	100	0
31	101	0
31	102	0
31	103	1
31	104	0
31	105	0
31	106	1
31	107	0
31	108	1
31	109	0
31	110	0
31	111	1
31	112	0
31	113	1
31	114	0
31	115	0
31	116	1
31	117	1
31	118	1
31	119	0
31	120	1
31	121	0
31	122	1
31	123	0
31	124	0
31	125	0
31	126	1
31	127	0
31	128	1
31	129	1
31	130	0
32	33	0
32	34	0
32	35	1
32	36	0
32	37	0
32	38	0
32	39	1
32	40	1
32	41	1
32	42	1
32	43	0
32	44	0
32	45	0
32	46	0
32	47	1
32	48	1
32	49	1
32	50	1
32	51	1
32	52	1
32	53	1
32	54	0
32	55	1
32	56	0
32	57	1
32	58	1
32	59	0
32	60	1
32	61	1
32	62	1
32	63	1
32	64	1
32	65	1
32	66	0
32	67	0
32	68	0
32	69	0
32	70	1
32	71	0
32	72	1
32	73	0
32	74	0
32	75	0
32	76	1
32	77	0
32	78	0
32	79	0
32	80	0
32	81	1
32	82	1
32	83	0
32	84	0
32	85	0
32	86	0
32	87	1
32	88	1
32	89	0
32	90	1
32	91	1
32	92	1
32	93	0
32	94	0
32	95	0
32	96	1
32	97	1
32	98	1
32	99	0
32	100	0
32	101	0
32	102	0
32	103	0
32	104	1
32	105	1
32	106	1
32	107	1
32	108	0
32	109	0
32	110	1
32	111	1
32	112	1
32	113	1
32	114	0
32	115	1
32	116	1
32	117	0
32	118	0
32	119	1
32	120	1
32	121	1
32	122	1
32	123	1
32	124	1
32	125	1
32	126	0
32	127	0
32	128	1
32	129	1
32	130	1
33	34	1
33	35	1
33	36	1
33	37	0
33	38	0
33	39	0
33	40	0
33	41	1
33	42	0
33	43	0
33	44	0
33	45	1
33	46	0
33	47	0
33	48	1
33	49	1
33	50	1
33	51	1
33	52	0
33	53	1
33	54	0
33	55	0
33	56	0
33	57	1
33	58	1
33	59	0
33	60	1
33	61	0
33	62	0
33	63	1
33	64	0
33	65	0
33	66	1
33	67	0
33	68	0
33	69	0
33	70	1
33	71	0
33	72	1
33	73	1
33	74	0
33	75	1
33	76	1
33	77	0
33	78	1
33	79	1
33	80	1
33	81	1
33	82	0
33	83	0
33	84	1
33	85	1
33	86	1
33	87	0
33	88	0
33	89	1
33	90	0
33	91	0
33	92	1
33	93	0
33	94	0
33	95	1
33	96	1
33	97	0
33	98	0
33	99	1
33	100	1
33	101	0
33	102	0
33	103	0
33	104	1
33	105	1
33	106	0
33	107	1
33	108	0
33	109	0
33	110	0
33	111	1
33	112	1
33	113	1
33	114	0
33	115	0
33	116	0
33	117	0
33	118	0
33	119	0
33	120	1
33	121	1
33	122	1
33	123	1
33	124	0
33	125	0
33	126	0
33	127	0
33	128	1
33	129	1
33	130	1
34	35	0
34	36	1
34	37	1
34	38	0
34	39	1
34	40	1
34	41	0
34	42	0
34	43	0
34	44	0
34	45	1
34	46	1
34	47	0
34	48	1
34	49	1
34	50	0
34	51	0
34	52	1
34	53	1
34	54	1
34	55	0
34	56	0
34	57	0
34	58	0
34	59	0
34	60	1
34	61	1
34	62	0
34	63	0
34	64	0
34	65	0
34	66	0
34	67	1
34	68	1
34	69	1
34	70	0
34	71	0
34	72	1
34	73	1
34	74	0
34	75	1
34	76	1
34	77	1
34	78	0
34	79	1
34	80	0
34	81	0
34	82	0
34	83	1
34	84	1
34	85	1
34	86	1
34	87	0
34	88	1
34	89	1
34	90	0
34	91	0
34	92	0
34	93	1
34	94	0
34	95	1
34	96	1
34	97	1
34	98	0
34	99	1
34	100	1
34	101	1
34	102	0
34	103	1
34	104	1
34	105	1
34	106	1
34	107	0
34	108	0
34	109	1
34	110	0
34	111	0
34	112	0
34	113	1
34	114	0
34	115	0
34	116	0
34	117	0
34	118	0
34	119	1
34	120	1
34	121	1
34	122	1
34	123	1
34	124	1
34	125	0
34	126	1
34	127	1
34	128	0
34	129	1
34	130	1
35	36	0
35	37	1
35	38	0
35	39	0
35	40	1
35	41	0
35	42	1
35	43	1
35	44	1
35	45	1
35	46	1
35	47	0
35	48	0
35	49	1
35	50	1
35	51	0
35	52	1
35	53	0
35	54	1
35	55	0
35	56	1
35	57	0
35	58	1
35	59	1
35	60	0
35	61	0
35	62	0
35	63	0
35	64	0
35	65	1
35	66	0
35	67	0
35	68	0
35	69	1
35	70	0
35	71	0
35	72	1
35	73	1
35	74	0
35	75	1
35	76	0
35	77	0
35	78	0
35	79	1
35	80	0
35	81	1
35	82	0
35	83	1
35	84	1
35	85	0
35	86	1
35	87	0
35	88	1
35	89	1
35	90	0
35	91	1
35	92	0
35	93	1
35	94	1
35	95	0
35	96	1
35	97	0
35	98	1
35	99	0
35	100	1
35	101	1
35	102	0
35	103	0
35	104	1
35	105	0
35	106	0
35	107	1
35	108	1
35	109	1
35	110	1
35	111	1
35	112	1
35	113	1
35	114	0
35	115	1
35	116	1
35	117	0
35	118	0
35	119	1
35	120	1
35	121	1
35	122	1
35	123	0
35	124	0
35	125	0
35	126	1
35	127	1
35	128	0
35	129	0
35	130	1
36	37	0
36	38	1
36	39	1
36	40	0
36	41	0
36	42	0
36	43	1
36	44	0
36	45	0
36	46	0
36	47	0
36	48	1
36	49	1
36	50	0
36	51	1
36	52	0
36	53	1
36	54	0
36	55	0
36	56	1
36	57	1
36	58	0
36	59	0
36	60	0
36	61	1
36	62	1
36	63	0
36	64	1
36	65	1
36	66	1
36	67	1
36	68	1
36	69	0
36	70	1
36	71	0
36	72	1
36	73	0
36	74	0
36	75	0
36	76	1
36	77	1
36	78	1
36	79	1
36	80	1
36	81	0
36	82	1
36	83	1
36	84	0
36	85	1
36	86	1
36	87	0
36	88	0
36	89	0
36	90	0
36	91	0
36	92	0
36	93	0
36	94	1
36	95	0
36	96	0
36	97	1
36	98	1
36	99	0
36	100	0
36	101	0
36	102	1
36	103	0
36	104	0
36	105	0
36	106	0
36	107	1
36	108	0
36	109	0
36	110	1
36	111	0
36	112	1
36	113	0
36	114	1
36	115	1
36	116	1
36	117	1
36	118	0
36	119	0
36	120	0
36	121	1
36	122	1
36	123	0
36	124	1
36	125	1
36	126	0
36	127	1
36	128	1
36	129	0
36	130	0
37	38	1
37	39	0
37	40	1
37	41	1
37	42	0
37	43	1
37	44	0
37	45	0
37	46	1
37	47	1
37	48	0
37	49	1
37	50	1
37	51	1
37	52	0
37	53	1
37	54	0
37	55	0
37	56	1
37	57	1
37	58	1
37	59	0
37	60	1
37	61	0
37	62	1
37	63	0
37	64	0
37	65	1
37	66	0
37	67	1
37	68	0
37	69	0
37	70	1
37	71	0
37	72	0
37	73	1
37	74	0
37	75	1
37	76	0
37	77	0
37	78	1
37	79	1
37	80	0
37	81	0
37	82	0
37	83	1
37	84	0
37	85	1
37	86	1
37	87	0
37	88	1
37	89	0
37	90	0
37	91	1
37	92	1
37	93	1
37	94	0
37	95	1
37	96	0
37	97	1
37	98	1
37	99	1
37	100	0
37	101	0
37	102	0
37	103	0
37	104	0
37	105	0
37	106	1
37	107	0
37	108	1
37	109	1
37	110	1
37	111	1
37	112	0
37	113	1
37	114	0
37	115	0
37	116	1
37	117	0
37	118	1
37	119	0
37	120	1
37	121	0
37	122	1
37	123	1
37	124	0
37	125	1
37	126	0
37	127	0
37	128	1
37	129	1
37	130	0
38	39	1
38	40	1
38	41	1
38	42	0
38	43	0
38	44	0
38	45	1
38	46	1
38	47	1
38	48	0
38	49	0
38	50	1
38	51	1
38	52	1
38	53	0
38	54	0
38	55	1
38	56	1
38	57	0
38	58	1
38	59	0
38	60	0
38	61	1
38	62	1
38	63	1
38	64	1
38	65	0
38	66	0
38	67	0
38	68	1
38	69	0
38	70	0
38	71	0
38	72	0
38	73	0
38	74	1
38	75	0
38	76	0
38	77	0
38	78	1
38	79	0
38	80	0
38	81	0
38	82	0
38	83	1
38	84	1
38	85	1
38	86	0
38	87	0
38	88	1
38	89	0
38	90	0
38	91	0
38	92	1
38	93	1
38	94	0
38	95	1
38	96	0
38	97	0
38	98	0
38	99	0
38	100	0
38	101	1
38	102	1
38	103	0
38	104	1
38	105	1
38	106	0
38	107	1
38	108	0
38	109	1
38	110	1
38	111	0
38	112	0
38	113	1
38	114	1
38	115	1
38	116	0
38	117	0
38	118	1
38	119	0
38	120	0
38	121	1
38	122	1
38	123	0
38	124	1
38	125	0
38	126	0
38	127	1
38	128	1
38	129	1
38	130	1
39	40	1
39	41	1
39	42	0
39	43	1
39	44	0
39	45	1
39	46	1
39	47	1
39	48	1
39	49	0
39	50	0
39	51	0
39	52	1
39	53	0
39	54	1
39	55	1
39	56	1
39	57	0
39	58	1
39	59	0
39	60	1
39	61	1
39	62	0
39	63	1
39	64	0
39	65	1
39	66	0
39	67	1
39	68	1
39	69	0
39	70	0
39	71	1
39	72	0
39	73	0
39	74	0
39	75	0
39	76	0
39	77	1
39	78	0
39	79	0
39	80	1
39	81	0
39	82	0
39	83	0
39	84	0
39	85	0
39	86	0
39	87	1
39	88	0
39	89	1
39	90	1
39	91	1
39	92	0
39	93	1
39	94	0
39	95	0
39	96	0
39	97	0
39	98	1
39	99	1
39	100	0
39	101	1
39	102	1
39	103	1
39	104	1
39	105	1
39	106	1
39	107	0
39	108	1
39	109	1
39	110	0
39	111	1
39	112	0
39	113	0
39	114	0
39	115	1
39	116	1
39	117	1
39	118	0
39	119	0
39	120	0
39	121	1
39	122	0
39	123	1
39	124	1
39	125	0
39	126	0
39	127	0
39	128	0
39	129	1
39	130	1
40	41	1
40	42	0
40	43	1
40	44	1
40	45	1
40	46	1
40	47	1
40	48	0
40	49	1
40	50	0
40	51	1
40	52	0
40	53	1
40	54	0
40	55	1
40	56	0
40	57	1
40	58	1
40	59	0
40	60	1
40	61	0
40	62	0
40	63	1
40	64	0
40	65	1
40	66	1
40	67	1
40	68	1
40	69	1
40	70	1
40	71	1
40	72	0
40	73	1
40	74	0
40	75	0
40	76	1
40	77	1
40	78	0
40	79	0
40	80	1
40	81	1
40	82	1
40	83	1
40	84	1
40	85	0
40	86	0
40	87	0
40	88	1
40	89	0
40	90	1
40	91	0
40	92	1
40	93	1
40	94	0
40	95	1
40	96	0
40	97	1
40	98	0
40	99	0
40	100	0
40	101	1
40	102	0
40	103	0
40	104	1
40	105	0
40	106	0
40	107	1
40	108	1
40	109	0
40	110	0
40	111	0
40	112	0
40	113	0
40	114	1
40	115	0
40	116	0
40	117	0
40	118	0
40	119	0
40	120	0
40	121	1
40	122	0
40	123	0
40	124	0
40	125	1
40	126	0
40	127	1
40	128	1
40	129	0
40	130	1
41	42	0
41	43	0
41	44	0
41	45	0
41	46	1
41	47	1
41	48	0
41	49	1
41	50	1
41	51	1
41	52	0
41	53	1
41	54	1
41	55	0
41	56	1
41	57	1
41	58	0
41	59	1
41	60	1
41	61	0
41	62	0
41	63	0
41	64	0
41	65	1
41	66	0
41	67	0
41	68	0
41	69	1
41	70	1
41	71	1
41	72	1
41	73	0
41	74	0
41	75	0
41	76	1
41	77	1
41	78	1
41	79	0
41	80	0
41	81	0
41	82	0
41	83	1
41	84	1
41	85	1
41	86	0
41	87	1
41	88	1
41	89	0
41	90	1
41	91	0
41	92	0
41	93	0
41	94	1
41	95	0
41	96	0
41	97	1
41	98	0
41	99	0
41	100	0
41	101	1
41	102	0
41	103	0
41	104	0
41	105	1
41	106	1
41	107	1
41	108	0
41	109	1
41	110	1
41	111	0
41	112	1
41	113	1
41	114	1
41	115	0
41	116	0
41	117	0
41	118	0
41	119	0
41	120	1
41	121	0
41	122	1
41	123	1
41	124	0
41	125	0
41	126	0
41	127	0
41	128	1
41	129	1
41	130	0
42	43	0
42	44	0
42	45	1
42	46	1
42	47	0
42	48	0
42	49	1
42	50	1
42	51	0
42	52	0
42	53	0
42	54	0
42	55	1
42	56	1
42	57	0
42	58	1
42	59	1
42	60	1
42	61	0
42	62	0
42	63	1
42	64	1
42	65	1
42	66	0
42	67	0
42	68	0
42	69	1
42	70	0
42	71	1
42	72	0
42	73	1
42	74	0
42	75	1
42	76	0
42	77	1
42	78	1
42	79	1
42	80	0
42	81	1
42	82	0
42	83	1
42	84	0
42	85	1
42	86	0
42	87	1
42	88	1
42	89	0
42	90	0
42	91	0
42	92	0
42	93	1
42	94	1
42	95	0
42	96	1
42	97	1
42	98	0
42	99	0
42	100	1
42	101	0
42	102	1
42	103	1
42	104	1
42	105	0
42	106	0
42	107	1
42	108	0
42	109	0
42	110	0
42	111	1
42	112	0
42	113	0
42	114	1
42	115	1
42	116	1
42	117	1
42	118	1
42	119	1
42	120	0
42	121	0
42	122	1
42	123	1
42	124	1
42	125	1
42	126	1
42	127	1
42	128	1
42	129	0
42	130	1
43	44	0
43	45	1
43	46	0
43	47	1
43	48	0
43	49	1
43	50	0
43	51	0
43	52	0
43	53	1
43	54	0
43	55	1
43	56	0
43	57	1
43	58	1
43	59	0
43	60	0
43	61	0
43	62	1
43	63	1
43	64	0
43	65	1
43	66	1
43	67	0
43	68	0
43	69	1
43	70	0
43	71	1
43	72	1
43	73	0
43	74	0
43	75	0
43	76	1
43	77	0
43	78	1
43	79	1
43	80	1
43	81	1
43	82	0
43	83	0
43	84	0
43	85	0
43	86	0
43	87	1
43	88	0
43	89	1
43	90	1
43	91	0
43	92	0
43	93	0
43	94	1
43	95	0
43	96	1
43	97	0
43	98	1
43	99	0
43	100	1
43	101	0
43	102	0
43	103	1
43	104	0
43	105	0
43	106	1
43	107	1
43	108	0
43	109	1
43	110	0
43	111	1
43	112	1
43	113	1
43	114	0
43	115	1
43	116	1
43	117	0
43	118	1
43	119	1
43	120	1
43	121	1
43	122	1
43	123	1
43	124	1
43	125	0
43	126	1
43	127	0
43	128	0
43	129	0
43	130	0
44	45	1
44	46	0
44	47	0
44	48	1
44	49	1
44	50	0
44	51	1
44	52	1
44	53	0
44	54	1
44	55	0
44	56	0
44	57	1
44	58	0
44	59	0
44	60	1
44	61	1
44	62	0
44	63	0
44	64	1
44	65	1
44	66	0
44	67	0
44	68	1
44	69	1
44	70	0
44	71	1
44	72	1
44	73	1
44	74	1
44	75	1
44	76	1
44	77	1
44	78	0
44	79	1
44	80	0
44	81	0
44	82	0
44	83	0
44	84	1
44	85	0
44	86	0
44	87	1
44	88	1
44	89	1
44	90	0
44	91	1
44	92	1
44	93	1
44	94	1
44	95	0
44	96	1
44	97	0
44	98	1
44	99	0
44	100	0
44	101	1
44	102	0
44	103	1
44	104	0
44	105	1
44	106	0
44	107	0
44	108	1
44	109	1
44	110	1
44	111	0
44	112	0
44	113	0
44	114	1
44	115	1
44	116	1
44	117	1
44	118	1
44	119	0
44	120	1
44	121	1
44	122	0
44	123	1
44	124	0
44	125	1
44	126	0
44	127	1
44	128	1
44	129	0
44	130	1
45	46	1
45	47	0
45	48	1
45	49	1
45	50	0
45	51	1
45	52	1
45	53	1
45	54	1
45	55	0
45	56	1
45	57	0
45	58	1
45	59	0
45	60	1
45	61	0
45	62	1
45	63	0
45	64	0
45	65	0
45	66	0
45	67	1
45	68	1
45	69	1
45	70	0
45	71	1
45	72	0
45	73	0
45	74	0
45	75	1
45	76	1
45	77	1
45	78	1
45	79	0
45	80	0
45	81	0
45	82	1
45	83	1
45	84	0
45	85	0
45	86	1
45	87	1
45	88	1
45	89	0
45	90	1
45	91	0
45	92	1
45	93	1
45	94	1
45	95	1
45	96	0
45	97	0
45	98	1
45	99	1
45	100	1
45	101	1
45	102	0
45	103	1
45	104	1
45	105	1
45	106	0
45	107	0
45	108	0
45	109	1
45	110	1
45	111	1
45	112	1
45	113	0
45	114	0
45	115	0
45	116	1
45	117	0
45	118	1
45	119	1
45	120	1
45	121	0
45	122	1
45	123	1
45	124	0
45	125	1
45	126	1
45	127	0
45	128	0
45	129	1
45	130	1
46	47	0
46	48	0
46	49	0
46	50	0
46	51	1
46	52	1
46	53	1
46	54	1
46	55	0
46	56	1
46	57	0
46	58	1
46	59	0
46	60	0
46	61	1
46	62	0
46	63	0
46	64	1
46	65	0
46	66	0
46	67	1
46	68	1
46	69	0
46	70	1
46	71	0
46	72	1
46	73	1
46	74	0
46	75	0
46	76	0
46	77	1
46	78	1
46	79	0
46	80	1
46	81	1
46	82	0
46	83	0
46	84	1
46	85	1
46	86	1
46	87	0
46	88	1
46	89	0
46	90	0
46	91	1
46	92	1
46	93	1
46	94	1
46	95	1
46	96	0
46	97	1
46	98	1
46	99	1
46	100	0
46	101	0
46	102	1
46	103	1
46	104	0
46	105	0
46	106	0
46	107	0
46	108	1
46	109	1
46	110	1
46	111	0
46	112	1
46	113	1
46	114	1
46	115	1
46	116	1
46	117	0
46	118	1
46	119	1
46	120	0
46	121	0
46	122	1
46	123	0
46	124	0
46	125	0
46	126	0
46	127	0
46	128	1
46	129	0
46	130	0
47	48	0
47	49	1
47	50	1
47	51	0
47	52	0
47	53	1
47	54	1
47	55	0
47	56	1
47	57	0
47	58	0
47	59	1
47	60	0
47	61	0
47	62	1
47	63	0
47	64	0
47	65	1
47	66	1
47	67	1
47	68	0
47	69	1
47	70	1
47	71	1
47	72	0
47	73	0
47	74	1
47	75	0
47	76	1
47	77	1
47	78	0
47	79	0
47	80	1
47	81	1
47	82	1
47	83	0
47	84	0
47	85	0
47	86	0
47	87	1
47	88	1
47	89	1
47	90	0
47	91	0
47	92	0
47	93	1
47	94	1
47	95	0
47	96	0
47	97	1
47	98	1
47	99	0
47	100	1
47	101	1
47	102	0
47	103	1
47	104	0
47	105	0
47	106	1
47	107	0
47	108	1
47	109	0
47	110	1
47	111	1
47	112	1
47	113	1
47	114	1
47	115	1
47	116	0
47	117	1
47	118	0
47	119	1
47	120	1
47	121	1
47	122	1
47	123	0
47	124	1
47	125	1
47	126	1
47	127	0
47	128	0
47	129	1
47	130	1
48	49	0
48	50	0
48	51	0
48	52	1
48	53	0
48	54	1
48	55	0
48	56	1
48	57	0
48	58	0
48	59	0
48	60	1
48	61	0
48	62	1
48	63	1
48	64	0
48	65	0
48	66	1
48	67	0
48	68	0
48	69	1
48	70	1
48	71	0
48	72	0
48	73	1
48	74	0
48	75	1
48	76	0
48	77	0
48	78	1
48	79	1
48	80	0
48	81	1
48	82	1
48	83	0
48	84	0
48	85	0
48	86	0
48	87	1
48	88	0
48	89	0
48	90	1
48	91	0
48	92	0
48	93	0
48	94	0
48	95	1
48	96	1
48	97	0
48	98	0
48	99	1
48	100	1
48	101	1
48	102	0
48	103	1
48	104	0
48	105	1
48	106	0
48	107	1
48	108	1
48	109	0
48	110	0
48	111	1
48	112	0
48	113	1
48	114	1
48	115	0
48	116	0
48	117	0
48	118	0
48	119	0
48	120	1
48	121	0
48	122	1
48	123	0
48	124	0
48	125	1
48	126	1
48	127	0
48	128	1
48	129	1
48	130	0
49	50	0
49	51	1
49	52	1
49	53	1
49	54	0
49	55	1
49	56	0
49	57	1
49	58	0
49	59	0
49	60	1
49	61	1
49	62	0
49	63	1
49	64	1
49	65	0
49	66	0
49	67	1
49	68	0
49	69	0
49	70	1
49	71	0
49	72	0
49	73	0
49	74	1
49	75	1
49	76	0
49	77	0
49	78	0
49	79	0
49	80	1
49	81	0
49	82	1
49	83	0
49	84	1
49	85	0
49	86	0
49	87	0
49	88	1
49	89	0
49	90	0
49	91	0
49	92	1
49	93	0
49	94	1
49	95	0
49	96	0
49	97	1
49	98	0
49	99	0
49	100	0
49	101	0
49	102	1
49	103	1
49	104	1
49	105	1
49	106	0
49	107	0
49	108	1
49	109	1
49	110	1
49	111	0
49	112	0
49	113	0
49	114	0
49	115	0
49	116	1
49	117	1
49	118	1
49	119	0
49	120	0
49	121	1
49	122	0
49	123	0
49	124	1
49	125	1
49	126	0
49	127	0
49	128	0
49	129	1
49	130	1
50	51	0
50	52	0
50	53	0
50	54	1
50	55	1
50	56	1
50	57	0
50	58	0
50	59	1
50	60	0
50	61	1
50	62	0
50	63	1
50	64	0
50	65	1
50	66	0
50	67	1
50	68	1
50	69	1
50	70	1
50	71	1
50	72	0
50	73	1
50	74	1
50	75	1
50	76	1
50	77	1
50	78	0
50	79	1
50	80	1
50	81	0
50	82	0
50	83	0
50	84	0
50	85	0
50	86	0
50	87	1
50	88	0
50	89	0
50	90	1
50	91	0
50	92	0
50	93	0
50	94	0
50	95	1
50	96	0
50	97	1
50	98	1
50	99	1
50	100	1
50	101	1
50	102	0
50	103	1
50	104	1
50	105	1
50	106	1
50	107	1
50	108	0
50	109	1
50	110	1
50	111	0
50	112	1
50	113	1
50	114	0
50	115	0
50	116	1
50	117	1
50	118	0
50	119	0
50	120	0
50	121	1
50	122	1
50	123	0
50	124	0
50	125	0
50	126	1
50	127	0
50	128	0
50	129	1
50	130	1
51	52	1
51	53	1
51	54	1
51	55	1
51	56	1
51	57	1
51	58	1
51	59	0
51	60	1
51	61	1
51	62	1
51	63	1
51	64	0
51	65	1
51	66	1
51	67	0
51	68	1
51	69	0
51	70	0
51	71	1
51	72	0
51	73	1
51	74	0
51	75	0
51	76	1
51	77	0
51	78	1
51	79	1
51	80	1
51	81	1
51	82	0
51	83	1
51	84	0
51	85	0
51	86	0
51	87	0
51	88	0
51	89	0
51	90	1
51	91	0
51	92	1
51	93	0
51	94	1
51	95	0
51	96	1
51	97	0
51	98	0
51	99	0
51	100	1
51	101	0
51	102	0
51	103	0
51	104	0
51	105	1
51	106	0
51	107	1
51	108	0
51	109	1
51	110	1
51	111	1
51	112	0
51	113	0
51	114	1
51	115	1
51	116	0
51	117	1
51	118	1
51	119	1
51	120	1
51	121	1
51	122	1
51	123	0
51	124	1
51	125	0
51	126	1
51	127	0
51	128	0
51	129	1
51	130	1
52	53	1
52	54	1
52	55	1
52	56	0
52	57	0
52	58	1
52	59	0
52	60	0
52	61	1
52	62	0
52	63	0
52	64	1
52	65	0
52	66	1
52	67	1
52	68	1
52	69	0
52	70	0
52	71	0
52	72	0
52	73	1
52	74	0
52	75	0
52	76	1
52	77	1
52	78	1
52	79	0
52	80	1
52	81	1
52	82	1
52	83	0
52	84	0
52	85	1
52	86	1
52	87	1
52	88	0
52	89	0
52	90	1
52	91	1
52	92	1
52	93	1
52	94	0
52	95	0
52	96	1
52	97	0
52	98	0
52	99	1
52	100	1
52	101	0
52	102	0
52	103	0
52	104	1
52	105	0
52	106	1
52	107	0
52	108	1
52	109	0
52	110	0
52	111	1
52	112	0
52	113	1
52	114	1
52	115	1
52	116	0
52	117	0
52	118	0
52	119	1
52	120	1
52	121	1
52	122	1
52	123	1
52	124	1
52	125	1
52	126	0
52	127	1
52	128	1
52	129	1
52	130	0
53	54	1
53	55	1
53	56	0
53	57	0
53	58	1
53	59	1
53	60	0
53	61	0
53	62	0
53	63	1
53	64	1
53	65	0
53	66	0
53	67	1
53	68	0
53	69	1
53	70	1
53	71	1
53	72	1
53	73	0
53	74	1
53	75	1
53	76	1
53	77	0
53	78	0
53	79	0
53	80	0
53	81	0
53	82	0
53	83	0
53	84	0
53	85	0
53	86	0
53	87	1
53	88	1
53	89	0
53	90	1
53	91	0
53	92	1
53	93	0
53	94	0
53	95	1
53	96	1
53	97	0
53	98	1
53	99	1
53	100	1
53	101	0
53	102	1
53	103	0
53	104	1
53	105	0
53	106	1
53	107	1
53	108	1
53	109	1
53	110	0
53	111	0
53	112	0
53	113	0
53	114	1
53	115	1
53	116	0
53	117	0
53	118	0
53	119	1
53	120	1
53	121	0
53	122	1
53	123	0
53	124	0
53	125	0
53	126	0
53	127	0
53	128	1
53	129	1
53	130	1
54	55	1
54	56	1
54	57	0
54	58	0
54	59	1
54	60	0
54	61	1
54	62	1
54	63	1
54	64	1
54	65	1
54	66	1
54	67	0
54	68	0
54	69	1
54	70	0
54	71	1
54	72	0
54	73	1
54	74	0
54	75	0
54	76	1
54	77	0
54	78	1
54	79	0
54	80	0
54	81	0
54	82	0
54	83	0
54	84	1
54	85	0
54	86	1
54	87	0
54	88	0
54	89	0
54	90	1
54	91	1
54	92	1
54	93	1
54	94	1
54	95	0
54	96	0
54	97	0
54	98	1
54	99	1
54	100	1
54	101	1
54	102	1
54	103	1
54	104	1
54	105	1
54	106	0
54	107	0
54	108	0
54	109	0
54	110	0
54	111	0
54	112	0
54	113	0
54	114	1
54	115	0
54	116	0
54	117	0
54	118	0
54	119	1
54	120	0
54	121	1
54	122	1
54	123	0
54	124	1
54	125	0
54	126	0
54	127	1
54	128	1
54	129	1
54	130	1
55	56	0
55	57	0
55	58	1
55	59	0
55	60	1
55	61	1
55	62	1
55	63	0
55	64	1
55	65	0
55	66	1
55	67	1
55	68	0
55	69	0
55	70	0
55	71	1
55	72	1
55	73	0
55	74	0
55	75	0
55	76	1
55	77	0
55	78	0
55	79	0
55	80	1
55	81	1
55	82	0
55	83	1
55	84	1
55	85	1
55	86	1
55	87	0
55	88	1
55	89	0
55	90	0
55	91	0
55	92	0
55	93	0
55	94	1
55	95	1
55	96	0
55	97	1
55	98	1
55	99	1
55	100	1
55	101	1
55	102	0
55	103	0
55	104	1
55	105	1
55	106	0
55	107	0
55	108	0
55	109	0
55	110	1
55	111	0
55	112	0
55	113	1
55	114	1
55	115	1
55	116	1
55	117	0
55	118	0
55	119	1
55	120	1
55	121	1
55	122	0
55	123	1
55	124	1
55	125	0
55	126	1
55	127	0
55	128	0
55	129	0
55	130	1
56	57	1
56	58	0
56	59	1
56	60	0
56	61	1
56	62	0
56	63	0
56	64	0
56	65	0
56	66	0
56	67	0
56	68	1
56	69	0
56	70	0
56	71	1
56	72	0
56	73	1
56	74	0
56	75	1
56	76	0
56	77	0
56	78	1
56	79	1
56	80	1
56	81	0
56	82	1
56	83	0
56	84	0
56	85	0
56	86	1
56	87	0
56	88	1
56	89	0
56	90	1
56	91	1
56	92	0
56	93	0
56	94	1
56	95	1
56	96	1
56	97	1
56	98	0
56	99	0
56	100	1
56	101	0
56	102	0
56	103	0
56	104	1
56	105	0
56	106	0
56	107	1
56	108	1
56	109	1
56	110	1
56	111	1
56	112	1
56	113	1
56	114	0
56	115	1
56	116	1
56	117	1
56	118	1
56	119	1
56	120	1
56	121	0
56	122	0
56	123	1
56	124	1
56	125	1
56	126	1
56	127	0
56	128	1
56	129	1
56	130	0
57	58	1
57	59	1
57	60	1
57	61	1
57	62	0
57	63	0
57	64	0
57	65	0
57	66	0
57	67	1
57	68	0
57	69	1
57	70	0
57	71	0
57	72	1
57	73	1
57	74	0
57	75	0
57	76	1
57	77	1
57	78	1
57	79	1
57	80	1
57	81	0
57	82	1
57	83	1
57	84	1
57	85	1
57	86	0
57	87	0
57	88	1
57	89	1
57	90	0
57	91	1
57	92	1
57	93	0
57	94	0
57	95	1
57	96	0
57	97	0
57	98	0
57	99	0
57	100	0
57	101	0
57	102	1
57	103	1
57	104	1
57	105	1
57	106	0
57	107	0
57	108	1
57	109	0
57	110	1
57	111	1
57	112	1
57	113	1
57	114	1
57	115	0
57	116	1
57	117	1
57	118	0
57	119	1
57	120	0
57	121	0
57	122	1
57	123	1
57	124	1
57	125	0
57	126	0
57	127	1
57	128	1
57	129	0
57	130	0
58	59	0
58	60	0
58	61	1
58	62	0
58	63	1
58	64	0
58	65	1
58	66	0
58	67	1
58	68	1
58	69	1
58	70	0
58	71	1
58	72	0
58	73	0
58	74	0
58	75	0
58	76	0
58	77	1
58	78	0
58	79	1
58	80	0
58	81	0
58	82	0
58	83	1
58	84	1
58	85	0
58	86	0
58	87	0
58	88	0
58	89	0
58	90	0
58	91	0
58	92	1
58	93	0
58	94	1
58	95	0
58	96	1
58	97	0
58	98	1
58	99	1
58	100	1
58	101	1
58	102	1
58	103	1
58	104	1
58	105	0
58	106	1
58	107	0
58	108	0
58	109	1
58	110	1
58	111	0
58	112	1
58	113	0
58	114	0
58	115	1
58	116	1
58	117	0
58	118	1
58	119	1
58	120	1
58	121	1
58	122	1
58	123	1
58	124	0
58	125	1
58	126	1
58	127	0
58	128	0
58	129	1
58	130	0
59	60	1
59	61	0
59	62	1
59	63	1
59	64	0
59	65	0
59	66	0
59	67	0
59	68	1
59	69	0
59	70	1
59	71	1
59	72	0
59	73	0
59	74	1
59	75	1
59	76	0
59	77	1
59	78	1
59	79	1
59	80	0
59	81	0
59	82	1
59	83	0
59	84	0
59	85	0
59	86	1
59	87	0
59	88	0
59	89	0
59	90	0
59	91	0
59	92	1
59	93	1
59	94	0
59	95	1
59	96	1
59	97	1
59	98	1
59	99	0
59	100	1
59	101	1
59	102	1
59	103	1
59	104	0
59	105	1
59	106	1
59	107	0
59	108	1
59	109	0
59	110	1
59	111	0
59	112	1
59	113	1
59	114	0
59	115	1
59	116	0
59	117	0
59	118	0
59	119	0
59	120	0
59	121	0
59	122	1
59	123	1
59	124	1
59	125	0
59	126	0
59	127	0
59	128	0
59	129	0
59	130	0
60	61	1
60	62	0
60	63	1
60	64	0
60	65	0
60	66	0
60	67	1
60	68	1
60	69	0
60	70	1
60	71	0
60	72	0
60	73	0
60	74	0
60	75	1
60	76	1
60	77	0
60	78	1
60	79	0
60	80	1
60	81	1
60	82	0
60	83	1
60	84	1
60	85	1
60	86	0
60	87	0
60	88	0
60	89	0
60	90	1
60	91	1
60	92	0
60	93	0
60	94	0
60	95	1
60	96	1
60	97	0
60	98	1
60	99	0
60	100	0
60	101	1
60	102	0
60	103	0
60	104	0
60	105	1
60	106	0
60	107	1
60	108	1
60	109	1
60	110	1
60	111	1
60	112	0
60	113	0
60	114	1
60	115	1
60	116	1
60	117	0
60	118	0
60	119	1
60	120	1
60	121	1
60	122	0
60	123	0
60	124	0
60	125	1
60	126	1
60	127	0
60	128	1
60	129	0
60	130	0
61	62	1
61	63	1
61	64	0
61	65	0
61	66	0
61	67	0
61	68	0
61	69	0
61	70	0
61	71	1
61	72	0
61	73	1
61	74	0
61	75	1
61	76	1
61	77	0
61	78	0
61	79	0
61	80	1
61	81	0
61	82	1
61	83	0
61	84	1
61	85	1
61	86	1
61	87	0
61	88	0
61	89	0
61	90	1
61	91	1
61	92	1
61	93	0
61	94	1
61	95	0
61	96	0
61	97	0
61	98	0
61	99	0
61	100	0
61	101	0
61	102	1
61	103	0
61	104	1
61	105	0
61	106	1
61	107	0
61	108	0
61	109	1
61	110	0
61	111	1
61	112	0
61	113	1
61	114	1
61	115	1
61	116	0
61	117	1
61	118	1
61	119	1
61	120	0
61	121	1
61	122	1
61	123	1
61	124	0
61	125	1
61	126	0
61	127	1
61	128	1
61	129	1
61	130	1
62	63	0
62	64	1
62	65	0
62	66	1
62	67	0
62	68	0
62	69	0
62	70	1
62	71	0
62	72	1
62	73	1
62	74	1
62	75	0
62	76	1
62	77	0
62	78	1
62	79	0
62	80	1
62	81	0
62	82	1
62	83	0
62	84	0
62	85	0
62	86	0
62	87	0
62	88	1
62	89	0
62	90	0
62	91	1
62	92	0
62	93	1
62	94	1
62	95	1
62	96	0
62	97	1
62	98	1
62	99	0
62	100	0
62	101	0
62	102	1
62	103	1
62	104	0
62	105	0
62	106	1
62	107	0
62	108	1
62	109	1
62	110	1
62	111	1
62	112	1
62	113	1
62	114	1
62	115	0
62	116	1
62	117	0
62	118	0
62	119	1
62	120	0
62	121	0
62	122	1
62	123	1
62	124	1
62	125	1
62	126	0
62	127	1
62	128	1
62	129	0
62	130	1
63	64	0
63	65	0
63	66	1
63	67	0
63	68	1
63	69	1
63	70	0
63	71	1
63	72	1
63	73	1
63	74	1
63	75	1
63	76	1
63	77	1
63	78	1
63	79	1
63	80	1
63	81	0
63	82	0
63	83	0
63	84	0
63	85	1
63	86	1
63	87	1
63	88	1
63	89	1
63	90	1
63	91	1
63	92	1
63	93	1
63	94	1
63	95	0
63	96	0
63	97	1
63	98	1
63	99	0
63	100	0
63	101	1
63	102	0
63	103	1
63	104	1
63	105	0
63	106	1
63	107	1
63	108	0
63	109	1
63	110	0
63	111	0
63	112	1
63	113	0
63	114	1
63	115	0
63	116	1
63	117	1
63	118	0
63	119	1
63	120	1
63	121	1
63	122	0
63	123	1
63	124	0
63	125	1
63	126	1
63	127	1
63	128	1
63	129	1
63	130	1
64	65	0
64	66	1
64	67	1
64	68	1
64	69	0
64	70	0
64	71	0
64	72	1
64	73	0
64	74	1
64	75	1
64	76	1
64	77	0
64	78	0
64	79	0
64	80	0
64	81	0
64	82	1
64	83	0
64	84	1
64	85	1
64	86	0
64	87	1
64	88	1
64	89	0
64	90	0
64	91	1
64	92	0
64	93	1
64	94	0
64	95	0
64	96	1
64	97	0
64	98	0
64	99	1
64	100	0
64	101	0
64	102	1
64	103	1
64	104	0
64	105	0
64	106	1
64	107	0
64	108	1
64	109	0
64	110	1
64	111	1
64	112	1
64	113	0
64	114	1
64	115	1
64	116	0
64	117	1
64	118	1
64	119	0
64	120	1
64	121	1
64	122	0
64	123	1
64	124	0
64	125	1
64	126	0
64	127	0
64	128	0
64	129	1
64	130	0
65	66	0
65	67	1
65	68	1
65	69	1
65	70	1
65	71	1
65	72	0
65	73	0
65	74	0
65	75	1
65	76	0
65	77	0
65	78	1
65	79	1
65	80	0
65	81	1
65	82	0
65	83	1
65	84	1
65	85	1
65	86	0
65	87	0
65	88	0
65	89	1
65	90	1
65	91	1
65	92	1
65	93	0
65	94	1
65	95	0
65	96	1
65	97	0
65	98	0
65	99	0
65	100	0
65	101	0
65	102	1
65	103	1
65	104	0
65	105	0
65	106	1
65	107	0
65	108	0
65	109	1
65	110	0
65	111	1
65	112	0
65	113	1
65	114	0
65	115	1
65	116	1
65	117	0
65	118	1
65	119	0
65	120	1
65	121	0
65	122	0
65	123	1
65	124	1
65	125	1
65	126	0
65	127	1
65	128	0
65	129	1
65	130	1
66	67	0
66	68	0
66	69	0
66	70	1
66	71	1
66	72	1
66	73	0
66	74	0
66	75	1
66	76	1
66	77	0
66	78	1
66	79	1
66	80	0
66	81	1
66	82	0
66	83	0
66	84	0
66	85	0
66	86	1
66	87	0
66	88	1
66	89	1
66	90	1
66	91	1
66	92	0
66	93	1
66	94	0
66	95	1
66	96	1
66	97	0
66	98	0
66	99	1
66	100	0
66	101	0
66	102	1
66	103	0
66	104	0
66	105	0
66	106	1
66	107	0
66	108	0
66	109	1
66	110	0
66	111	0
66	112	1
66	113	1
66	114	0
66	115	0
66	116	1
66	117	0
66	118	0
66	119	1
66	120	1
66	121	1
66	122	0
66	123	1
66	124	1
66	125	1
66	126	0
66	127	0
66	128	1
66	129	1
66	130	0
67	68	0
67	69	1
67	70	0
67	71	1
67	72	1
67	73	1
67	74	0
67	75	0
67	76	0
67	77	0
67	78	0
67	79	0
67	80	1
67	81	1
67	82	1
67	83	0
67	84	0
67	85	1
67	86	1
67	87	0
67	88	1
67	89	1
67	90	1
67	91	1
67	92	1
67	93	0
67	94	0
67	95	0
67	96	1
67	97	0
67	98	0
67	99	1
67	100	1
67	101	1
67	102	1
67	103	0
67	104	1
67	105	0
67	106	1
67	107	0
67	108	1
67	109	1
67	110	0
67	111	0
67	112	0
67	113	0
67	114	1
67	115	1
67	116	1
67	117	0
67	118	1
67	119	0
67	120	1
67	121	0
67	122	0
67	123	0
67	124	1
67	125	0
67	126	1
67	127	1
67	128	1
67	129	0
67	130	1
68	69	0
68	70	1
68	71	1
68	72	0
68	73	1
68	74	1
68	75	0
68	76	0
68	77	0
68	78	1
68	79	1
68	80	1
68	81	0
68	82	1
68	83	0
68	84	0
68	85	0
68	86	0
68	87	1
68	88	0
68	89	1
68	90	0
68	91	1
68	92	0
68	93	1
68	94	1
68	95	1
68	96	0
68	97	1
68	98	1
68	99	1
68	100	0
68	101	0
68	102	0
68	103	0
68	104	1
68	105	1
68	106	0
68	107	0
68	108	0
68	109	1
68	110	1
68	111	0
68	112	1
68	113	1
68	114	1
68	115	0
68	116	0
68	117	0
68	118	0
68	119	0
68	120	0
68	121	1
68	122	0
68	123	1
68	124	1
68	125	1
68	126	0
68	127	0
68	128	0
68	129	0
68	130	0
69	70	0
69	71	1
69	72	0
69	73	0
69	74	0
69	75	1
69	76	1
69	77	1
69	78	1
69	79	0
69	80	1
69	81	0
69	82	1
69	83	0
69	84	1
69	85	1
69	86	1
69	87	1
69	88	1
69	89	0
69	90	1
69	91	1
69	92	1
69	93	1
69	94	0
69	95	1
69	96	0
69	97	0
69	98	1
69	99	0
69	100	1
69	101	1
69	102	0
69	103	1
69	104	0
69	105	0
69	106	0
69	107	0
69	108	1
69	109	0
69	110	0
69	111	1
69	112	1
69	113	0
69	114	0
69	115	1
69	116	1
69	117	0
69	118	1
69	119	0
69	120	1
69	121	1
69	122	0
69	123	1
69	124	0
69	125	0
69	126	1
69	127	1
69	128	0
69	129	0
69	130	1
70	71	1
70	72	0
70	73	1
70	74	0
70	75	1
70	76	1
70	77	1
70	78	0
70	79	0
70	80	1
70	81	0
70	82	1
70	83	1
70	84	0
70	85	1
70	86	0
70	87	0
70	88	0
70	89	1
70	90	1
70	91	0
70	92	0
70	93	0
70	94	1
70	95	1
70	96	0
70	97	0
70	98	1
70	99	0
70	100	1
70	101	1
70	102	0
70	103	1
70	104	1
70	105	0
70	106	1
70	107	1
70	108	1
70	109	1
70	110	0
70	111	0
70	112	0
70	113	0
70	114	1
70	115	1
70	116	1
70	117	1
70	118	1
70	119	1
70	120	0
70	121	1
70	122	0
70	123	0
70	124	1
70	125	1
70	126	0
70	127	0
70	128	1
70	129	0
70	130	1
71	72	1
71	73	0
71	74	0
71	75	1
71	76	1
71	77	0
71	78	1
71	79	0
71	80	0
71	81	1
71	82	0
71	83	1
71	84	0
71	85	1
71	86	1
71	87	0
71	88	1
71	89	1
71	90	0
71	91	0
71	92	0
71	93	1
71	94	1
71	95	0
71	96	1
71	97	0
71	98	1
71	99	0
71	100	0
71	101	1
71	102	1
71	103	0
71	104	0
71	105	1
71	106	0
71	107	1
71	108	1
71	109	1
71	110	0
71	111	1
71	112	1
71	113	1
71	114	1
71	115	0
71	116	1
71	117	1
71	118	0
71	119	0
71	120	1
71	121	0
71	122	0
71	123	0
71	124	1
71	125	0
71	126	0
71	127	0
71	128	0
71	129	1
71	130	0
72	73	1
72	74	1
72	75	1
72	76	0
72	77	1
72	78	1
72	79	1
72	80	0
72	81	0
72	82	1
72	83	0
72	84	1
72	85	1
72	86	1
72	87	1
72	88	0
72	89	1
72	90	1
72	91	0
72	92	1
72	93	0
72	94	0
72	95	0
72	96	0
72	97	1
72	98	1
72	99	0
72	100	0
72	101	0
72	102	0
72	103	0
72	104	0
72	105	0
72	106	0
72	107	1
72	108	1
72	109	0
72	110	0
72	111	1
72	112	1
72	113	1
72	114	0
72	115	0
72	116	0
72	117	1
72	118	0
72	119	0
72	120	0
72	121	0
72	122	1
72	123	1
72	124	0
72	125	0
72	126	0
72	127	0
72	128	0
72	129	1
72	130	1
73	74	0
73	75	1
73	76	0
73	77	0
73	78	0
73	79	0
73	80	0
73	81	0
73	82	1
73	83	1
73	84	0
73	85	1
73	86	1
73	87	1
73	88	0
73	89	0
73	90	1
73	91	0
73	92	1
73	93	0
73	94	1
73	95	1
73	96	0
73	97	1
73	98	1
73	99	1
73	100	1
73	101	1
73	102	1
73	103	1
73	104	0
73	105	0
73	106	1
73	107	0
73	108	1
73	109	0
73	110	0
73	111	1
73	112	1
73	113	1
73	114	1
73	115	0
73	116	0
73	117	1
73	118	0
73	119	1
73	120	0
73	121	0
73	122	1
73	123	1
73	124	1
73	125	0
73	126	1
73	127	1
73	128	1
73	129	0
73	130	1
74	75	0
74	76	0
74	77	1
74	78	1
74	79	1
74	80	0
74	81	1
74	82	0
74	83	1
74	84	0
74	85	0
74	86	0
74	87	0
74	88	1
74	89	0
74	90	1
74	91	0
74	92	0
74	93	0
74	94	1
74	95	1
74	96	0
74	97	1
74	98	0
74	99	0
74	100	0
74	101	0
74	102	1
74	103	0
74	104	0
74	105	0
74	106	1
74	107	1
74	108	0
74	109	1
74	110	1
74	111	1
74	112	1
74	113	0
74	114	0
74	115	0
74	116	0
74	117	1
74	118	0
74	119	1
74	120	0
74	121	1
74	122	1
74	123	0
74	124	1
74	125	1
74	126	1
74	127	0
74	128	1
74	129	0
74	130	1
75	76	0
75	77	1
75	78	0
75	79	1
75	80	0
75	81	0
75	82	1
75	83	0
75	84	1
75	85	0
75	86	0
75	87	0
75	88	0
75	89	1
75	90	0
75	91	0
75	92	1
75	93	0
75	94	1
75	95	0
75	96	0
75	97	1
75	98	0
75	99	1
75	100	0
75	101	0
75	102	0
75	103	0
75	104	0
75	105	0
75	106	0
75	107	1
75	108	1
75	109	0
75	110	1
75	111	1
75	112	0
75	113	1
75	114	0
75	115	0
75	116	1
75	117	1
75	118	0
75	119	1
75	120	1
75	121	1
75	122	0
75	123	0
75	124	1
75	125	0
75	126	0
75	127	1
75	128	1
75	129	0
75	130	1
76	77	0
76	78	1
76	79	0
76	80	0
76	81	0
76	82	1
76	83	0
76	84	1
76	85	1
76	86	0
76	87	0
76	88	0
76	89	1
76	90	1
76	91	1
76	92	0
76	93	1
76	94	1
76	95	1
76	96	0
76	97	1
76	98	1
76	99	1
76	100	1
76	101	0
76	102	0
76	103	0
76	104	1
76	105	0
76	106	0
76	107	1
76	108	1
76	109	1
76	110	1
76	111	1
76	112	1
76	113	0
76	114	1
76	115	0
76	116	0
76	117	1
76	118	1
76	119	0
76	120	0
76	121	0
76	122	0
76	123	0
76	124	0
76	125	0
76	126	0
76	127	0
76	128	0
76	129	0
76	130	0
77	78	0
77	79	0
77	80	0
77	81	0
77	82	1
77	83	1
77	84	0
77	85	1
77	86	1
77	87	1
77	88	0
77	89	0
77	90	1
77	91	1
77	92	1
77	93	1
77	94	1
77	95	0
77	96	1
77	97	1
77	98	1
77	99	0
77	100	0
77	101	1
77	102	1
77	103	1
77	104	0
77	105	1
77	106	1
77	107	0
77	108	0
77	109	1
77	110	1
77	111	1
77	112	1
77	113	1
77	114	0
77	115	0
77	116	0
77	117	0
77	118	1
77	119	1
77	120	0
77	121	0
77	122	1
77	123	0
77	124	0
77	125	0
77	126	1
77	127	0
77	128	0
77	129	1
77	130	0
78	79	1
78	80	0
78	81	1
78	82	0
78	83	0
78	84	1
78	85	1
78	86	0
78	87	0
78	88	1
78	89	1
78	90	0
78	91	1
78	92	0
78	93	1
78	94	1
78	95	1
78	96	0
78	97	1
78	98	1
78	99	1
78	100	1
78	101	0
78	102	0
78	103	1
78	104	0
78	105	0
78	106	1
78	107	0
78	108	1
78	109	0
78	110	1
78	111	1
78	112	0
78	113	0
78	114	1
78	115	0
78	116	0
78	117	0
78	118	0
78	119	0
78	120	1
78	121	1
78	122	0
78	123	0
78	124	1
78	125	1
78	126	0
78	127	0
78	128	0
78	129	0
78	130	1
79	80	1
79	81	1
79	82	1
79	83	1
79	84	1
79	85	1
79	86	1
79	87	1
79	88	0
79	89	0
79	90	1
79	91	0
79	92	0
79	93	0
79	94	0
79	95	0
79	96	0
79	97	0
79	98	0
79	99	0
79	100	0
79	101	0
79	102	0
79	103	0
79	104	1
79	105	1
79	106	0
79	107	1
79	108	1
79	109	1
79	110	0
79	111	1
79	112	1
79	113	1
79	114	0
79	115	0
79	116	0
79	117	0
79	118	1
79	119	1
79	120	0
79	121	1
79	122	1
79	123	1
79	124	0
79	125	0
79	126	0
79	127	1
79	128	1
79	129	0
79	130	1
80	81	0
80	82	0
80	83	0
80	84	1
80	85	1
80	86	0
80	87	1
80	88	1
80	89	0
80	90	1
80	91	0
80	92	1
80	93	1
80	94	1
80	95	1
80	96	1
80	97	0
80	98	0
80	99	0
80	100	1
80	101	0
80	102	0
80	103	0
80	104	0
80	105	1
80	106	1
80	107	0
80	108	0
80	109	1
80	110	1
80	111	1
80	112	1
80	113	0
80	114	1
80	115	0
80	116	1
80	117	1
80	118	0
80	119	0
80	120	0
80	121	1
80	122	0
80	123	1
80	124	0
80	125	1
80	126	0
80	127	1
80	128	0
80	129	0
80	130	1
81	82	1
81	83	0
81	84	0
81	85	1
81	86	1
81	87	1
81	88	1
81	89	0
81	90	1
81	91	1
81	92	0
81	93	0
81	94	0
81	95	0
81	96	0
81	97	1
81	98	1
81	99	0
81	100	0
81	101	0
81	102	0
81	103	0
81	104	1
81	105	1
81	106	1
81	107	1
81	108	0
81	109	0
81	110	1
81	111	0
81	112	1
81	113	1
81	114	1
81	115	1
81	116	1
81	117	1
81	118	1
81	119	0
81	120	1
81	121	1
81	122	1
81	123	0
81	124	1
81	125	0
81	126	1
81	127	0
81	128	0
81	129	1
81	130	1
82	83	1
82	84	1
82	85	1
82	86	0
82	87	0
82	88	0
82	89	1
82	90	0
82	91	0
82	92	1
82	93	0
82	94	0
82	95	1
82	96	0
82	97	0
82	98	0
82	99	0
82	100	1
82	101	0
82	102	1
82	103	0
82	104	0
82	105	1
82	106	0
82	107	0
82	108	0
82	109	1
82	110	0
82	111	1
82	112	0
82	113	1
82	114	0
82	115	0
82	116	0
82	117	1
82	118	0
82	119	0
82	120	0
82	121	0
82	122	0
82	123	0
82	124	1
82	125	0
82	126	1
82	127	0
82	128	0
82	129	1
82	130	1
83	84	0
83	85	0
83	86	0
83	87	0
83	88	1
83	89	1
83	90	1
83	91	1
83	92	0
83	93	1
83	94	1
83	95	1
83	96	0
83	97	0
83	98	0
83	99	1
83	100	1
83	101	1
83	102	1
83	103	0
83	104	1
83	105	1
83	106	0
83	107	0
83	108	0
83	109	0
83	110	1
83	111	1
83	112	1
83	113	0
83	114	0
83	115	1
83	116	0
83	117	0
83	118	0
83	119	0
83	120	1
83	121	1
83	122	0
83	123	1
83	124	0
83	125	0
83	126	1
83	127	1
83	128	1
83	129	1
83	130	1
84	85	0
84	86	0
84	87	0
84	88	1
84	89	1
84	90	0
84	91	1
84	92	0
84	93	1
84	94	0
84	95	0
84	96	0
84	97	1
84	98	1
84	99	0
84	100	1
84	101	1
84	102	0
84	103	1
84	104	0
84	105	1
84	106	0
84	107	0
84	108	0
84	109	1
84	110	0
84	111	0
84	112	1
84	113	1
84	114	1
84	115	0
84	116	1
84	117	0
84	118	0
84	119	0
84	120	1
84	121	0
84	122	0
84	123	1
84	124	1
84	125	0
84	126	0
84	127	0
84	128	0
84	129	0
84	130	0
85	86	1
85	87	1
85	88	0
85	89	1
85	90	0
85	91	0
85	92	1
85	93	0
85	94	1
85	95	0
85	96	1
85	97	0
85	98	0
85	99	1
85	100	0
85	101	0
85	102	0
85	103	0
85	104	1
85	105	0
85	106	1
85	107	1
85	108	0
85	109	1
85	110	0
85	111	1
85	112	1
85	113	1
85	114	0
85	115	0
85	116	1
85	117	0
85	118	0
85	119	0
85	120	1
85	121	0
85	122	1
85	123	0
85	124	0
85	125	0
85	126	0
85	127	0
85	128	1
85	129	1
85	130	0
86	87	0
86	88	1
86	89	0
86	90	0
86	91	1
86	92	1
86	93	1
86	94	0
86	95	1
86	96	1
86	97	1
86	98	0
86	99	0
86	100	1
86	101	0
86	102	1
86	103	1
86	104	1
86	105	1
86	106	0
86	107	1
86	108	0
86	109	1
86	110	1
86	111	0
86	112	0
86	113	0
86	114	1
86	115	1
86	116	1
86	117	0
86	118	1
86	119	0
86	120	1
86	121	0
86	122	1
86	123	0
86	124	0
86	125	0
86	126	1
86	127	0
86	128	0
86	129	1
86	130	0
87	88	0
87	89	1
87	90	1
87	91	1
87	92	0
87	93	1
87	94	1
87	95	0
87	96	1
87	97	0
87	98	0
87	99	0
87	100	0
87	101	1
87	102	1
87	103	0
87	104	1
87	105	1
87	106	0
87	107	1
87	108	0
87	109	1
87	110	0
87	111	0
87	112	0
87	113	0
87	114	0
87	115	0
87	116	1
87	117	0
87	118	0
87	119	0
87	120	0
87	121	1
87	122	0
87	123	0
87	124	0
87	125	1
87	126	1
87	127	1
87	128	1
87	129	0
87	130	0
88	89	0
88	90	0
88	91	1
88	92	0
88	93	0
88	94	0
88	95	1
88	96	0
88	97	1
88	98	0
88	99	1
88	100	1
88	101	0
88	102	1
88	103	1
88	104	0
88	105	1
88	106	0
88	107	1
88	108	1
88	109	1
88	110	1
88	111	1
88	112	1
88	113	0
88	114	1
88	115	0
88	116	0
88	117	0
88	118	0
88	119	1
88	120	0
88	121	0
88	122	0
88	123	1
88	124	1
88	125	1
88	126	0
88	127	0
88	128	0
88	129	0
88	130	0
89	90	1
89	91	0
89	92	1
89	93	0
89	94	0
89	95	0
89	96	1
89	97	0
89	98	1
89	99	0
89	100	0
89	101	0
89	102	1
89	103	1
89	104	0
89	105	0
89	106	1
89	107	1
89	108	1
89	109	0
89	110	1
89	111	0
89	112	0
89	113	0
89	114	1
89	115	0
89	116	0
89	117	0
89	118	1
89	119	1
89	120	1
89	121	1
89	122	1
89	123	1
89	124	0
89	125	0
89	126	1
89	127	1
89	128	1
89	129	0
89	130	1
90	91	1
90	92	1
90	93	1
90	94	1
90	95	0
90	96	1
90	97	0
90	98	1
90	99	1
90	100	0
90	101	1
90	102	1
90	103	1
90	104	1
90	105	0
90	106	0
90	107	1
90	108	0
90	109	0
90	110	0
90	111	1
90	112	1
90	113	0
90	114	0
90	115	0
90	116	1
90	117	1
90	118	0
90	119	1
90	120	0
90	121	0
90	122	0
90	123	0
90	124	0
90	125	0
90	126	1
90	127	1
90	128	0
90	129	0
90	130	0
91	92	1
91	93	0
91	94	1
91	95	0
91	96	1
91	97	1
91	98	0
91	99	1
91	100	0
91	101	1
91	102	1
91	103	1
91	104	1
91	105	1
91	106	0
91	107	0
91	108	0
91	109	1
91	110	1
91	111	1
91	112	1
91	113	1
91	114	1
91	115	0
91	116	1
91	117	0
91	118	0
91	119	0
91	120	1
91	121	1
91	122	0
91	123	0
91	124	0
91	125	0
91	126	0
91	127	0
91	128	1
91	129	0
91	130	0
92	93	1
92	94	0
92	95	1
92	96	0
92	97	0
92	98	1
92	99	0
92	100	0
92	101	1
92	102	0
92	103	0
92	104	1
92	105	0
92	106	0
92	107	1
92	108	1
92	109	1
92	110	0
92	111	1
92	112	0
92	113	0
92	114	1
92	115	1
92	116	0
92	117	1
92	118	0
92	119	1
92	120	0
92	121	0
92	122	0
92	123	0
92	124	1
92	125	0
92	126	0
92	127	1
92	128	1
92	129	1
92	130	1
93	94	1
93	95	1
93	96	0
93	97	1
93	98	0
93	99	0
93	100	0
93	101	1
93	102	1
93	103	0
93	104	0
93	105	0
93	106	1
93	107	1
93	108	0
93	109	0
93	110	0
93	111	1
93	112	1
93	113	0
93	114	0
93	115	0
93	116	0
93	117	0
93	118	1
93	119	0
93	120	0
93	121	1
93	122	1
93	123	1
93	124	1
93	125	0
93	126	0
93	127	1
93	128	1
93	129	0
93	130	1
94	95	0
94	96	0
94	97	0
94	98	1
94	99	1
94	100	0
94	101	0
94	102	0
94	103	1
94	104	1
94	105	1
94	106	1
94	107	1
94	108	1
94	109	1
94	110	0
94	111	1
94	112	0
94	113	0
94	114	1
94	115	0
94	116	0
94	117	1
94	118	1
94	119	0
94	120	1
94	121	1
94	122	1
94	123	1
94	124	1
94	125	0
94	126	0
94	127	1
94	128	1
94	129	0
94	130	1
95	96	0
95	97	1
95	98	0
95	99	1
95	100	0
95	101	0
95	102	1
95	103	0
95	104	0
95	105	1
95	106	1
95	107	0
95	108	0
95	109	1
95	110	0
95	111	0
95	112	0
95	113	0
95	114	1
95	115	0
95	116	0
95	117	0
95	118	0
95	119	1
95	120	0
95	121	1
95	122	1
95	123	1
95	124	0
95	125	1
95	126	0
95	127	1
95	128	1
95	129	1
95	130	1
96	97	0
96	98	0
96	99	1
96	100	0
96	101	0
96	102	0
96	103	1
96	104	1
96	105	1
96	106	1
96	107	0
96	108	1
96	109	0
96	110	1
96	111	1
96	112	1
96	113	1
96	114	1
96	115	0
96	116	0
96	117	0
96	118	0
96	119	1
96	120	0
96	121	0
96	122	1
96	123	1
96	124	1
96	125	0
96	126	1
96	127	0
96	128	1
96	129	0
96	130	1
97	98	1
97	99	0
97	100	0
97	101	0
97	102	0
97	103	0
97	104	0
97	105	0
97	106	0
97	107	0
97	108	1
97	109	1
97	110	0
97	111	1
97	112	1
97	113	1
97	114	1
97	115	0
97	116	1
97	117	0
97	118	1
97	119	1
97	120	1
97	121	1
97	122	1
97	123	0
97	124	0
97	125	1
97	126	1
97	127	0
97	128	1
97	129	0
97	130	1
98	99	0
98	100	0
98	101	0
98	102	1
98	103	0
98	104	1
98	105	0
98	106	0
98	107	0
98	108	1
98	109	0
98	110	1
98	111	1
98	112	1
98	113	1
98	114	1
98	115	0
98	116	1
98	117	1
98	118	0
98	119	1
98	120	0
98	121	0
98	122	1
98	123	0
98	124	0
98	125	0
98	126	1
98	127	1
98	128	1
98	129	0
98	130	0
99	100	1
99	101	1
99	102	1
99	103	1
99	104	1
99	105	0
99	106	1
99	107	0
99	108	0
99	109	1
99	110	0
99	111	0
99	112	0
99	113	0
99	114	0
99	115	1
99	116	1
99	117	0
99	118	0
99	119	1
99	120	0
99	121	0
99	122	0
99	123	0
99	124	1
99	125	0
99	126	1
99	127	1
99	128	0
99	129	1
99	130	0
100	101	0
100	102	0
100	103	0
100	104	0
100	105	1
100	106	0
100	107	0
100	108	0
100	109	0
100	110	0
100	111	1
100	112	1
100	113	0
100	114	0
100	115	0
100	116	0
100	117	1
100	118	1
100	119	1
100	120	0
100	121	0
100	122	1
100	123	1
100	124	1
100	125	1
100	126	0
100	127	1
100	128	1
100	129	0
100	130	0
101	102	0
101	103	1
101	104	1
101	105	0
101	106	1
101	107	1
101	108	0
101	109	1
101	110	0
101	111	1
101	112	0
101	113	0
101	114	1
101	115	1
101	116	0
101	117	0
101	118	1
101	119	1
101	120	1
101	121	1
101	122	1
101	123	0
101	124	1
101	125	0
101	126	1
101	127	0
101	128	0
101	129	0
101	130	0
102	103	1
102	104	1
102	105	1
102	106	1
102	107	1
102	108	1
102	109	0
102	110	0
102	111	0
102	112	0
102	113	1
102	114	1
102	115	0
102	116	1
102	117	1
102	118	1
102	119	1
102	120	1
102	121	0
102	122	0
102	123	1
102	124	1
102	125	1
102	126	0
102	127	1
102	128	0
102	129	1
102	130	0
103	104	0
103	105	0
103	106	0
103	107	0
103	108	0
103	109	0
103	110	0
103	111	1
103	112	1
103	113	0
103	114	1
103	115	0
103	116	1
103	117	1
103	118	1
103	119	1
103	120	1
103	121	1
103	122	0
103	123	0
103	124	0
103	125	0
103	126	0
103	127	1
103	128	1
103	129	0
103	130	1
104	105	0
104	106	0
104	107	0
104	108	0
104	109	0
104	110	0
104	111	0
104	112	1
104	113	1
104	114	1
104	115	0
104	116	1
104	117	1
104	118	1
104	119	0
104	120	1
104	121	1
104	122	1
104	123	0
104	124	1
104	125	0
104	126	1
104	127	0
104	128	1
104	129	0
104	130	1
105	106	1
105	107	0
105	108	1
105	109	0
105	110	1
105	111	0
105	112	0
105	113	0
105	114	1
105	115	0
105	116	0
105	117	0
105	118	1
105	119	0
105	120	1
105	121	1
105	122	0
105	123	0
105	124	0
105	125	0
105	126	1
105	127	1
105	128	1
105	129	0
105	130	0
106	107	1
106	108	0
106	109	0
106	110	0
106	111	1
106	112	1
106	113	1
106	114	0
106	115	1
106	116	0
106	117	0
106	118	0
106	119	0
106	120	0
106	121	1
106	122	1
106	123	1
106	124	1
106	125	0
106	126	0
106	127	1
106	128	1
106	129	1
106	130	0
107	108	0
107	109	1
107	110	0
107	111	0
107	112	1
107	113	0
107	114	1
107	115	1
107	116	1
107	117	0
107	118	1
107	119	0
107	120	0
107	121	1
107	122	1
107	123	0
107	124	1
107	125	1
107	126	0
107	127	1
107	128	1
107	129	1
107	130	0
108	109	0
108	110	0
108	111	1
108	112	0
108	113	1
108	114	1
108	115	0
108	116	1
108	117	0
108	118	1
108	119	0
108	120	0
108	121	1
108	122	1
108	123	0
108	124	0
108	125	1
108	126	1
108	127	0
108	128	1
108	129	1
108	130	1
109	110	0
109	111	0
109	112	1
109	113	1
109	114	1
109	115	0
109	116	1
109	117	0
109	118	0
109	119	0
109	120	1
109	121	0
109	122	0
109	123	0
109	124	0
109	125	1
109	126	1
109	127	1
109	128	0
109	129	1
109	130	1
110	111	0
110	112	0
110	113	1
110	114	0
110	115	0
110	116	1
110	117	0
110	118	1
110	119	1
110	120	1
110	121	1
110	122	1
110	123	0
110	124	0
110	125	0
110	126	1
110	127	1
110	128	1
110	129	0
110	130	0
111	112	0
111	113	1
111	114	0
111	115	0
111	116	0
111	117	1
111	118	0
111	119	0
111	120	1
111	121	0
111	122	0
111	123	0
111	124	1
111	125	0
111	126	1
111	127	1
111	128	1
111	129	1
111	130	1
112	113	0
112	114	1
112	115	1
112	116	1
112	117	1
112	118	1
112	119	1
112	120	1
112	121	0
112	122	1
112	123	1
112	124	1
112	125	0
112	126	0
112	127	1
112	128	1
112	129	1
112	130	1
113	114	0
113	115	0
113	116	1
113	117	1
113	118	0
113	119	1
113	120	1
113	121	0
113	122	1
113	123	1
113	124	1
113	125	1
113	126	0
113	127	1
113	128	1
113	129	1
113	130	1
114	115	0
114	116	1
114	117	1
114	118	0
114	119	1
114	120	1
114	121	0
114	122	1
114	123	1
114	124	1
114	125	1
114	126	1
114	127	0
114	128	0
114	129	0
114	130	1
115	116	0
115	117	1
115	118	0
115	119	1
115	120	0
115	121	1
115	122	1
115	123	1
115	124	1
115	125	1
115	126	1
115	127	1
115	128	0
115	129	0
115	130	0
116	117	1
116	118	1
116	119	0
116	120	0
116	121	0
116	122	1
116	123	0
116	124	0
116	125	1
116	126	0
116	127	0
116	128	0
116	129	1
116	130	0
117	118	1
117	119	0
117	120	0
117	121	0
117	122	1
117	123	0
117	124	0
117	125	0
117	126	1
117	127	1
117	128	1
117	129	1
117	130	1
118	119	0
118	120	1
118	121	0
118	122	0
118	123	1
118	124	0
118	125	0
118	126	0
118	127	0
118	128	0
118	129	0
118	130	1
119	120	1
119	121	1
119	122	0
119	123	1
119	124	0
119	125	1
119	126	1
119	127	0
119	128	0
119	129	1
119	130	0
120	121	1
120	122	0
120	123	0
120	124	1
120	125	1
120	126	1
120	127	0
120	128	1
120	129	1
120	130	1
121	122	0
121	123	0
121	124	1
121	125	0
121	126	0
121	127	0
121	128	0
121	129	0
121	130	1
122	123	1
122	124	0
122	125	0
122	126	0
122	127	0
122	128	0
122	129	1
122	130	1
123	124	1
123	125	1
123	126	0
123	127	0
123	128	0
123	129	1
123	130	1
124	125	1
124	126	1
124	127	1
124	128	0
124	129	1
124	130	0
125	126	0
125	127	0
125	128	0
125	129	1
125	130	0
126	127	0
126	128	0
126	129	1
126	130	0
127	128	1
127	129	1
127	130	0
128	129	0
128	130	1
129	130	0
