130	8385	0
1	2	0
1	3	1
1	4	1
1	5	0
1	6	0
1	7	1
1	8	0
1	9	1
1	10	0
1	11	0
1	12	0
1	13	1
1	14	0
1	15	0
1	16	0
1	17	1
1	18	0
1	19	0
1	20	0
1	21	1
1	22	1
1	23	0
1	24	0
1	25	0
1	26	0
1	27	0
1	28	1
1	29	1
1	30	1
1	31	1
1	32	0
1	33	0
1	34	1
1	35	1
1	36	1
1	37	0
1	38	0
1	39	0
1	40	1
1	41	1
1	42	0
1	43	1
1	44	1
1	45	0
1	46	1
1	47	0
1	48	0
1	49	0
1	50	1
1	51	1
1	52	1
1	53	0
1	54	1
1	55	0
1	56	1
1	57	1
1	58	0
1	59	0
1	60	1
1	61	0
1	62	0
1	63	1
1	64	1
1	65	1
1	66	1
1	67	0
1	68	0
1	69	1
1	70	0
1	71	1
1	72	1
1	73	1
1	74	0
1	75	0
1	76	0
1	77	1
1	78	0
1	79	0
1	80	0
1	81	0
1	82	0
1	83	0
1	84	1
1	85	1
1	86	1
1	87	1
1	88	0
1	89	1
1	90	1
1	91	0
1	92	1
1	93	0
1	94	1
1	95	1
1	96	1
1	97	0
1	98	0
1	99	1
1	100	1
1	101	1
1	102	1
1	103	1
1	104	1
1	105	1
1	106	1
1	107	0
1	108	1
1	109	0
1	110	0
1	111	0
1	112	0
1	113	0
1	114	0
1	115	1
1	116	0
1	117	0
1	118	1
1	119	1
1	120	0
1	121	0
1	122	0
1	123	0
1	124	0
1	125	0
1	126	0
1	127	0
1	128	0
1	129	0
1	130	0
2	3	1
2	4	0
2	5	0
2	6	0
2	7	1
2	8	1
2	9	0
2	10	1
2	11	1
2	12	1
2	13	1
2	14	1
2	15	1
2	16	1
2	17	1
2	18	0
2	19	0
2	20	0
2	21	0
2	22	0
2	23	0
2	24	0
2	25	0
2	26	1
2	27	1
2	28	0
2	29	0
2	30	1
2	31	1
2	32	1
2	33	0
2	34	1
2	35	1
2	36	0
2	37	1
2	38	0
2	39	0
2	40	1
2	41	0
2	42	0
2	43	1
2	44	1
2	45	0
2	46	0
2	47	1
2	48	0
2	49	0
2	50	1
2	51	1
2	52	1
2	53	1
2	54	0
2	55	1
2	56	1
2	57	1
2	58	0
2	59	0
2	60	0
2	61	0
2	62	0
2	63	0
2	64	0
2	65	0
2	66	1
2	67	1
2	68	0
2	69	1
2	70	0
2	71	0
2	72	0
2	73	1
2	74	0
2	75	1
2	76	1
2	77	1
2	78	0
2	79	1
2	80	0
2	81	0
2	82	1
2	83	0
2	84	0
2	85	0
2	86	0
2	87	0
2	88	1
2	89	0
2	90	0
2	91	1
2	92	0
2	93	1
2	94	1
2	95	1
2	96	1
2	97	1
2	98	0
2	99	0
2	100	0
2	101	0
2	102	1
2	103	1
2	104	0
2	105	1
2	106	0
2	107	1
2	108	0
2	109	0
2	110	1
2	111	1
2	112	0
2	113	0
2	114	1
2	115	1
2	116	1
2	117	1
2	118	0
2	119	0
2	120	1
2	121	1
2	122	1
2	123	1
2	124	1
2	125	1
2	126	1
2	127	1
2	128	1
2	129	1
2	130	0
3	4	1
3	5	0
3	6	1
3	7	0
3	8	1
3	9	1
3	10	1
3	11	0
3	12	1
3	13	1
3	14	1
3	15	0
3	16	0
3	17	0
3	18	1
3	19	1
3	20	1
3	21	0
3	22	0
3	23	0
3	24	0
3	25	0
3	26	1
3	27	0
3	28	0
3	29	1
3	30	1
3	31	1
3	32	1
3	33	0
3	34	1
3	35	1
3	36	1
3	37	0
3	38	1
3	39	1
3	40	0
3	41	0
3	42	1
3	43	0
3	44	0
3	45	1
3	46	0
3	47	0
3	48	0
3	49	1
3	50	0
3	51	0
3	52	0
3	53	0
3	54	0
3	55	1
3	56	1
3	57	0
3	58	0
3	59	0
3	60	1
3	61	1
3	62	1
3	63	0
3	64	0
3	65	1
3	66	0
3	67	0
3	68	1
3	69	1
3	70	1
3	71	0
3	72	1
3	73	1
3	74	0
3	75	0
3	76	1
3	77	0
3	78	1
3	79	0
3	80	0
3	81	1
3	82	0
3	83	0
3	84	1
3	85	1
3	86	0
3	87	0
3	88	0
3	89	0
3	90	0
3	91	0
3	92	0
3	93	1
3	94	0
3	95	1
3	96	1
3	97	0
3	98	0
3	99	0
3	100	1
3	101	0
3	102	1
3	103	1
3	104	1
3	105	0
3	106	1
3	107	1
3	108	0
3	109	1
3	110	0
3	111	1
3	112	1
3	113	0
3	114	0
3	115	0
3	116	1
3	117	0
3	118	0
3	119	0
3	120	0
3	121	1
3	122	1
3	123	1
3	124	0
3	125	0
3	126	0
3	127	1
3	128	0
3	129	0
3	130	1
4	5	0
4	6	0
4	7	0
4	8	1
4	9	0
4	10	0
4	11	1
4	12	1
4	13	0
4	14	0
4	15	0
4	16	1
4	17	0
4	18	1
4	19	1
4	20	1
4	21	0
4	22	1
4	23	1
4	24	0
4	25	0
4	26	1
4	27	1
4	28	1
4	29	0
4	30	1
4	31	0
4	32	0
4	33	0
4	34	0
4	35	1
4	36	0
4	37	0
4	38	1
4	39	0
4	40	0
4	41	0
4	42	1
4	43	1
4	44	1
4	45	1
4	46	0
4	47	0
4	48	0
4	49	1
4	50	1
4	51	1
4	52	1
4	53	1
4	54	1
4	55	0
4	56	1
4	57	0
4	58	0
4	59	0
4	60	0
4	61	0
4	62	0
4	63	0
4	64	1
4	65	0
4	66	1
4	67	1
4	68	1
4	69	0
4	70	1
4	71	0
4	72	1
4	73	0
4	74	0
4	75	1
4	76	1
4	77	0
4	78	1
4	79	0
4	80	0
4	81	1
4	82	1
4	83	1
4	84	0
4	85	0
4	86	0
4	87	1
4	88	0
4	89	0
4	90	0
4	91	0
4	92	1
4	93	1
4	94	0
4	95	0
4	96	1
4	97	0
4	98	1
4	99	1
4	100	1
4	101	0
4	102	0
4	103	1
4	104	1
4	105	1
4	106	0
4	107	0
4	108	0
4	109	0
4	110	1
4	111	0
4	112	0
4	113	1
4	114	0
4	115	0
4	116	1
4	117	0
4	118	0
4	119	0
4	120	0
4	121	1
4	122	0
4	123	1
4	124	0
4	125	1
4	126	0
4	127	1
4	128	0
4	129	1
4	130	1
5	6	1
5	7	0
5	8	0
5	9	0
5	10	1
5	11	0
5	12	1
5	13	0
5	14	1
5	15	1
5	16	0
5	17	0
5	18	0
5	19	1
5	20	1
5	21	1
5	22	0
5	23	0
5	24	0
5	25	0
5	26	1
5	27	0
5	28	0
5	29	0
5	30	0
5	31	0
5	32	0
5	33	0
5	34	1
5	35	1
5	36	1
5	37	1
5	38	0
5	39	1
5	40	0
5	41	1
5	42	1
5	43	0
5	44	1
5	45	0
5	46	0
5	47	1
5	48	1
5	49	1
5	50	0
5	51	1
5	52	1
5	53	1
5	54	0
5	55	0
5	56	0
5	57	0
5	58	1
5	59	1
5	60	1
5	61	0
5	62	1
5	63	0
5	64	0
5	65	1
5	66	1
5	67	0
5	68	1
5	69	0
5	70	0
5	71	0
5	72	1
5	73	1
5	74	1
5	75	1
5	76	1
5	77	1
5	78	1
5	79	1
5	80	0
5	81	1
5	82	1
5	83	1
5	84	1
5	85	1
5	86	1
5	87	1
5	88	1
5	89	1
5	90	1
5	91	1
5	92	0
5	93	0
5	94	1
5	95	0
5	96	1
5	97	0
5	98	1
5	99	0
5	100	0
5	101	0
5	102	1
5	103	0
5	104	0
5	105	0
5	106	1
5	107	0
5	108	0
5	109	1
5	110	1
5	111	1
5	112	1
5	113	1
5	114	1
5	115	0
5	116	0
5	117	0
5	118	1
5	119	1
5	120	1
5	121	1
5	122	1
5	123	1
5	124	0
5	125	0
5	126	0
5	127	1
5	128	1
5	129	0
5	130	1
6	7	1
6	8	1
6	9	1
6	10	1
6	11	0
6	12	1
6	13	1
6	14	1
6	15	1
6	16	0
6	17	1
6	18	1
6	19	1
6	20	0
6	21	1
6	22	1
6	23	1
6	24	0
6	25	1
6	26	1
6	27	1
6	28	1
6	29	1
6	30	0
6	31	0
6	32	1
6	33	0
6	34	1
6	35	1
6	36	0
6	37	1
6	38	0
6	39	0
6	40	1
6	41	1
6	42	1
6	43	1
6	44	0
6	45	1
6	46	1
6	47	0
6	48	1
6	49	0
6	50	1
6	51	0
6	52	0
6	53	0
6	54	0
6	55	0
6	56	0
6	57	0
6	58	0
6	59	1
6	60	0
6	61	0
6	62	0
6	63	0
6	64	0
6	65	0
6	66	0
6	67	1
6	68	1
6	69	0
6	70	0
6	71	1
6	72	1
6	73	0
6	74	1
6	75	1
6	76	0
6	77	1
6	78	1
6	79	1
6	80	1
6	81	1
6	82	0
6	83	1
6	84	0
6	85	1
6	86	1
6	87	0
6	88	1
6	89	0
6	90	1
6	91	0
6	92	0
6	93	0
6	94	0
6	95	0
6	96	0
6	97	1
6	98	1
6	99	0
6	100	1
6	101	1
6	102	1
6	103	0
6	104	0
6	105	1
6	106	1
6	107	0
6	108	1
6	109	1
6	110	0
6	111	0
6	112	1
6	113	0
6	114	0
6	115	1
6	116	0
6	117	1
6	118	1
6	119	1
6	120	1
6	121	0
6	122	1
6	123	1
6	124	0
6	125	1
6	126	0
6	127	0
6	128	1
6	129	1
6	130	1
7	8	1
7	9	0
7	10	1
7	11	0
7	12	0
7	13	1
7	14	1
7	15	1
7	16	1
7	17	1
7	18	0
7	19	1
7	20	1
7	21	0
7	22	1
7	23	0
7	24	1
7	25	0
7	26	0
7	27	0
7	28	0
7	29	0
7	30	0
7	31	1
7	32	0
7	33	0
7	34	1
7	35	0
7	36	0
7	37	1
7	38	0
7	39	1
7	40	0
7	41	1
7	42	0
7	43	1
7	44	0
7	45	0
7	46	0
7	47	0
7	48	0
7	49	0
7	50	0
7	51	0
7	52	1
7	53	1
7	54	0
7	55	0
7	56	1
7	57	0
7	58	0
7	59	1
7	60	1
7	61	0
7	62	1
7	63	0
7	64	1
7	65	1
7	66	0
7	67	1
7	68	0
7	69	1
7	70	1
7	71	0
7	72	1
7	73	0
7	74	0
7	75	0
7	76	1
7	77	0
7	78	0
7	79	1
7	80	0
7	81	0
7	82	1
7	83	0
7	84	1
7	85	1
7	86	0
7	87	0
7	88	0
7	89	0
7	90	1
7	91	0
7	92	0
7	93	1
7	94	1
7	95	0
7	96	1
7	97	1
7	98	1
7	99	0
7	100	0
7	101	0
7	102	1
7	103	1
7	104	1
7	105	1
7	106	0
7	107	1
7	108	0
7	109	1
7	110	0
7	111	0
7	112	0
7	113	0
7	114	1
7	115	0
7	116	0
7	117	1
7	118	0
7	119	0
7	120	0
7	121	1
7	122	1
7	123	1
7	124	0
7	125	0
7	126	1
7	127	0
7	128	1
7	129	0
7	130	0
8	9	0
8	10	1
8	11	0
8	12	0
8	13	1
8	14	0
8	15	0
8	16	0
8	17	0
8	18	1
8	19	0
8	20	1
8	21	1
8	22	1
8	23	0
8	24	0
8	25	1
8	26	0
8	27	0
8	28	1
8	29	0
8	30	0
8	31	0
8	32	0
8	33	1
8	34	1
8	35	0
8	36	0
8	37	1
8	38	1
8	39	0
8	40	1
8	41	1
8	42	0
8	43	1
8	44	1
8	45	0
8	46	0
8	47	0
8	48	1
8	49	1
8	50	1
8	51	1
8	52	0
8	53	1
8	54	1
8	55	1
8	56	0
8	57	1
8	58	0
8	59	0
8	60	0
8	61	0
8	62	1
8	63	1
8	64	0
8	65	1
8	66	0
8	67	1
8	68	1
8	69	1
8	70	1
8	71	1
8	72	1
8	73	1
8	74	0
8	75	0
8	76	0
8	77	0
8	78	1
8	79	0
8	80	0
8	81	0
8	82	0
8	83	1
8	84	1
8	85	1
8	86	1
8	87	0
8	88	1
8	89	0
8	90	0
8	91	1
8	92	1
8	93	0
8	94	0
8	95	0
8	96	1
8	97	0
8	98	0
8	99	1
8	100	1
8	101	0
8	102	1
8	103	1
8	104	1
8	105	0
8	106	0
8	107	1
8	108	1
8	109	1
8	110	0
8	111	0
8	112	1
8	113	0
8	114	0
8	115	1
8	116	0
8	117	0
8	118	1
8	119	1
8	120	1
8	121	0
8	122	0
8	123	1
8	124	0
8	125	0
8	126	0
8	127	0
8	128	0
8	129	0
8	130	1
9	10	0
9	11	0
9	12	0
9	13	0
9	14	1
9	15	1
9	16	0
9	17	1
9	18	0
9	19	0
9	20	0
9	21	0
9	22	1
9	23	1
9	24	0
9	25	0
9	26	0
9	27	0
9	28	0
9	29	1
9	30	1
9	31	1
9	32	0
9	33	0
9	34	0
9	35	1
9	36	0
9	37	0
9	38	1
9	39	0
9	40	1
9	41	0
9	42	1
9	43	1
9	44	1
9	45	1
9	46	1
9	47	1
9	48	1
9	49	0
9	50	1
9	51	0
9	52	1
9	53	0
9	54	1
9	55	1
9	56	0
9	57	0
9	58	0
9	59	1
9	60	1
9	61	0
9	62	0
9	63	0
9	64	1
9	65	1
9	66	1
9	67	0
9	68	1
9	69	1
9	70	1
9	71	1
9	72	1
9	73	1
9	74	0
9	75	1
9	76	0
9	77	0
9	78	1
9	79	1
9	80	0
9	81	0
9	82	0
9	83	1
9	84	1
9	85	0
9	86	0
9	87	1
9	88	0
9	89	1
9	90	1
9	91	1
9	92	1
9	93	1
9	94	0
9	95	0
9	96	0
9	97	0
9	98	1
9	99	1
9	100	0
9	101	1
9	102	0
9	103	0
9	104	1
9	105	1
9	106	0
9	107	1
9	108	1
9	109	0
9	110	0
9	111	0
9	112	0
9	113	0
9	114	1
9	115	1
9	116	1
9	117	0
9	118	1
9	119	0
9	120	1
9	121	0
9	122	0
9	123	0
9	124	0
9	125	1
9	126	1
9	127	1
9	128	1
9	129	0
9	130	0
10	11	0
10	12	1
10	13	1
10	14	1
10	15	0
10	16	0
10	17	0
10	18	0
10	19	1
10	20	0
10	21	0
10	22	0
10	23	0
10	24	1
10	25	0
10	26	1
10	27	1
10	28	1
10	29	1
10	30	0
10	31	1
10	32	0
10	33	0
10	34	0
10	35	0
10	36	0
10	37	0
10	38	1
10	39	1
10	40	0
10	41	0
10	42	1
10	43	0
10	44	0
10	45	0
10	46	0
10	47	1
10	48	0
10	49	1
10	50	1
10	51	1
10	52	0
10	53	1
10	54	0
10	55	0
10	56	0
10	57	1
10	58	0
10	59	0
10	60	1
10	61	1
10	62	1
10	63	0
10	64	0
10	65	1
10	66	0
10	67	0
10	68	1
10	69	1
10	70	0
10	71	1
10	72	0
10	73	1
10	74	1
10	75	0
10	76	1
10	77	1
10	78	1
10	79	0
10	80	0
10	81	1
10	82	1
10	83	0
10	84	1
10	85	0
10	86	1
10	87	0
10	88	0
10	89	0
10	90	1
10	91	1
10	92	1
10	93	0
10	94	0
10	95	1
10	96	1
10	97	0
10	98	1
10	99	0
10	100	0
10	101	1
10	102	0
10	103	0
10	104	0
10	105	0
10	106	0
10	107	0
10	108	0
10	109	1
10	110	1
10	111	0
10	112	1
10	113	1
10	114	1
10	115	0
10	116	1
10	117	1
10	118	0
10	119	1
10	120	0
10	121	0
10	122	1
10	123	1
10	124	1
10	125	1
10	126	0
10	127	0
10	128	0
10	129	0
10	130	0
11	12	1
11	13	0
11	14	1
11	15	0
11	16	0
11	17	0
11	18	1
11	19	0
11	20	0
11	21	0
11	22	0
11	23	1
11	24	1
11	25	0
11	26	1
11	27	1
11	28	0
11	29	0
11	30	0
11	31	0
11	32	0
11	33	1
11	34	1
11	35	0
11	36	0
11	37	1
11	38	1
11	39	0
11	40	0
11	41	0
11	42	0
11	43	0
11	44	1
11	45	0
11	46	0
11	47	1
11	48	0
11	49	1
11	50	0
11	51	1
11	52	0
11	53	1
11	54	1
11	55	1
11	56	1
11	57	0
11	58	0
11	59	0
11	60	0
11	61	0
11	62	0
11	63	0
11	64	0
11	65	1
11	66	0
11	67	1
11	68	0
11	69	0
11	70	0
11	71	1
11	72	0
11	73	0
11	74	0
11	75	1
11	76	1
11	77	0
11	78	0
11	79	0
11	80	0
11	81	1
11	82	0
11	83	1
11	84	0
11	85	0
11	86	1
11	87	0
11	88	0
11	89	0
11	90	0
11	91	0
11	92	1
11	93	1
11	94	0
11	95	1
11	96	1
11	97	0
11	98	1
11	99	1
11	100	0
11	101	1
11	102	1
11	103	0
11	104	1
11	105	1
11	106	0
11	107	1
11	108	0
11	109	0
11	110	1
11	111	1
11	112	1
11	113	1
11	114	1
11	115	1
11	116	0
11	117	0
11	118	1
11	119	0
11	120	1
11	121	1
11	122	1
11	123	1
11	124	0
11	125	0
11	126	0
11	127	0
11	128	0
11	129	1
11	130	0
12	13	0
12	14	0
12	15	0
12	16	0
12	17	1
12	18	0
12	19	1
12	20	0
12	21	1
12	22	0
12	23	1
12	24	1
12	25	1
12	26	1
12	27	1
12	28	0
12	29	1
12	30	0
12	31	0
12	32	1
12	33	0
12	34	1
12	35	1
12	36	0
12	37	1
12	38	1
12	39	0
12	40	1
12	41	0
12	42	1
12	43	1
12	44	0
12	45	1
12	46	0
12	47	1
12	48	0
12	49	0
12	50	0
12	51	0
12	52	1
12	53	0
12	54	0
12	55	0
12	56	1
12	57	0
12	58	1
12	59	0
12	60	1
12	61	0
12	62	1
12	63	1
12	64	1
12	65	1
12	66	0
12	67	0
12	68	0
12	69	0
12	70	0
12	71	0
12	72	0
12	73	1
12	74	1
12	75	0
12	76	0
12	77	1
12	78	0
12	79	0
12	80	0
12	81	1
12	82	0
12	83	1
12	84	0
12	85	1
12	86	1
12	87	0
12	88	0
12	89	0
12	90	1
12	91	1
12	92	0
12	93	0
12	94	1
12	95	0
12	96	1
12	97	0
12	98	1
12	99	0
12	100	0
12	101	0
12	102	1
12	103	1
12	104	0
12	105	0
12	106	0
12	107	0
12	108	0
12	109	1
12	110	1
12	111	1
12	112	0
12	113	1
12	114	1
12	115	0
12	116	0
12	117	0
12	118	0
12	119	0
12	120	1
12	121	1
12	122	0
12	123	0
12	124	1
12	125	0
12	126	0
12	127	0
12	128	0
12	129	0
12	130	1
13	14	1
13	15	1
13	16	0
13	17	0
13	18	1
13	19	1
13	20	0
13	21	0
13	22	0
13	23	1
13	24	0
13	25	1
13	26	1
13	27	1
13	28	1
13	29	1
13	30	1
13	31	0
13	32	0
13	33	1
13	34	0
13	35	0
13	36	0
13	37	1
13	38	0
13	39	1
13	40	0
13	41	0
13	42	1
13	43	1
13	44	0
13	45	0
13	46	1
13	47	1
13	48	1
13	49	1
13	50	0
13	51	0
13	52	1
13	53	0
13	54	0
13	55	1
13	56	1
13	57	0
13	58	1
13	59	0
13	60	1
13	61	1
13	62	1
13	63	1
13	64	1
13	65	0
13	66	0
13	67	0
13	68	1
13	69	0
13	70	1
13	71	1
13	72	0
13	73	0
13	74	0
13	75	1
13	76	1
13	77	1
13	78	0
13	79	1
13	80	0
13	81	1
13	82	1
13	83	0
13	84	0
13	85	1
13	86	0
13	87	1
13	88	1
13	89	1
13	90	0
13	91	0
13	92	0
13	93	0
13	94	1
13	95	0
13	96	0
13	97	0
13	98	1
13	99	0
13	100	0
13	101	1
13	102	1
13	103	0
13	104	1
13	105	0
13	106	1
13	107	1
13	108	1
13	109	0
13	110	0
13	111	1
13	112	0
13	113	1
13	114	0
13	115	0
13	116	1
13	117	0
13	118	1
13	119	1
13	120	0
13	121	0
13	122	1
13	123	1
13	124	1
13	125	1
13	126	1
13	127	1
13	128	1
13	129	0
13	130	0
14	15	0
14	16	1
14	17	1
14	18	0
14	19	1
14	20	0
14	21	1
14	22	1
14	23	1
14	24	0
14	25	1
14	26	1
14	27	0
14	28	1
14	29	0
14	30	0
14	31	0
14	32	0
14	33	1
14	34	0
14	35	0
14	36	0
14	37	0
14	38	1
14	39	1
14	40	0
14	41	0
14	42	1
14	43	0
14	44	1
14	45	0
14	46	0
14	47	1
14	48	0
14	49	1
14	50	0
14	51	1
14	52	0
14	53	0
14	54	0
14	55	1
14	56	0
14	57	0
14	58	1
14	59	1
14	60	1
14	61	1
14	62	1
14	63	0
14	64	1
14	65	0
14	66	1
14	67	1
14	68	0
14	69	0
14	70	1
14	71	0
14	72	1
14	73	1
14	74	1
14	75	1
14	76	0
14	77	1
14	78	1
14	79	1
14	80	1
14	81	0
14	82	0
14	83	1
14	84	1
14	85	1
14	86	0
14	87	1
14	88	1
14	89	0
14	90	1
14	91	0
14	92	0
14	93	0
14	94	0
14	95	0
14	96	0
14	97	0
14	98	1
14	99	0
14	100	0
14	101	1
14	102	1
14	103	0
14	104	0
14	105	1
14	106	0
14	107	0
14	108	1
14	109	0
14	110	0
14	111	1
14	112	1
14	113	0
14	114	0
14	115	1
14	116	1
14	117	0
14	118	0
14	119	0
14	120	0
14	121	0
14	122	0
14	123	1
14	124	0
14	125	1
14	126	0
14	127	1
14	128	1
14	129	1
14	130	0
15	16	1
15	17	1
15	18	0
15	19	1
15	20	0
15	21	0
15	22	1
15	23	0
15	24	1
15	25	0
15	26	1
15	27	1
15	28	1
15	29	0
15	30	1
15	31	1
15	32	0
15	33	0
15	34	1
15	35	1
15	36	1
15	37	1
15	38	0
15	39	1
15	40	0
15	41	1
15	42	1
15	43	0
15	44	0
15	45	0
15	46	0
15	47	1
15	48	0
15	49	0
15	50	0
15	51	0
15	52	1
15	53	0
15	54	0
15	55	0
15	56	1
15	57	1
15	58	0
15	59	0
15	60	1
15	61	0
15	62	0
15	63	0
15	64	0
15	65	1
15	66	1
15	67	1
15	68	1
15	69	0
15	70	0
15	71	1
15	72	0
15	73	1
15	74	1
15	75	0
15	76	1
15	77	0
15	78	0
15	79	0
15	80	1
15	81	1
15	82	0
15	83	0
15	84	1
15	85	0
15	86	1
15	87	0
15	88	1
15	89	0
15	90	1
15	91	1
15	92	1
15	93	0
15	94	1
15	95	0
15	96	0
15	97	0
15	98	1
15	99	1
15	100	1
15	101	0
15	102	0
15	103	0
15	104	0
15	105	1
15	106	1
15	107	1
15	108	0
15	109	0
15	110	0
15	111	0
15	112	1
15	113	1
15	114	0
15	115	1
15	116	1
15	117	0
15	118	1
15	119	1
15	120	0
15	121	1
15	122	0
15	123	1
15	124	1
15	125	1
15	126	0
15	127	1
15	128	0
15	129	1
15	130	0
16	17	1
16	18	1
16	19	0
16	20	1
16	21	1
16	22	0
16	23	0
16	24	0
16	25	0
16	26	0
16	27	1
16	28	1
16	29	1
16	30	1
16	31	0
16	32	0
16	33	1
16	34	0
16	35	1
16	36	1
16	37	1
16	38	0
16	39	0
16	40	0
16	41	1
16	42	0
16	43	0
16	44	0
16	45	1
16	46	0
16	47	1
16	48	0
16	49	0
16	50	0
16	51	1
16	52	0
16	53	1
16	54	0
16	55	1
16	56	1
16	57	0
16	58	1
16	59	0
16	60	0
16	61	1
16	62	0
16	63	0
16	64	0
16	65	1
16	66	0
16	67	0
16	68	1
16	69	1
16	70	0
16	71	0
16	72	0
16	73	0
16	74	1
16	75	1
16	76	1
16	77	0
16	78	0
16	79	0
16	80	1
16	81	0
16	82	1
16	83	1
16	84	1
16	85	1
16	86	1
16	87	1
16	88	0
16	89	1
16	90	0
16	91	0
16	92	0
16	93	0
16	94	0
16	95	0
16	96	0
16	97	0
16	98	1
16	99	0
16	100	1
16	101	0
16	102	0
16	103	0
16	104	0
16	105	1
16	106	0
16	107	1
16	108	1
16	109	0
16	110	1
16	111	1
16	112	0
16	113	0
16	114	0
16	115	1
16	116	1
16	117	0
16	118	0
16	119	1
16	120	1
16	121	1
16	122	1
16	123	1
16	124	1
16	125	0
16	126	1
16	127	0
16	128	0
16	129	0
16	130	0
17	18	1
17	19	1
17	20	1
17	21	0
17	22	0
17	23	0
17	24	0
17	25	1
17	26	0
17	27	1
17	28	0
17	29	0
17	30	0
17	31	0
17	32	0
17	33	1
17	34	1
17	35	0
17	36	1
17	37	0
17	38	1
17	39	1
17	40	1
17	41	1
17	42	0
17	43	0
17	44	0
17	45	1
17	46	1
17	47	1
17	48	0
17	49	0
17	50	1
17	51	0
17	52	1
17	53	1
17	54	1
17	55	1
17	56	0
17	57	1
17	58	1
17	59	1
17	60	0
17	61	1
17	62	1
17	63	1
17	64	1
17	65	0
17	66	1
17	67	0
17	68	1
17	69	0
17	70	0
17	71	1
17	72	0
17	73	0
17	74	1
17	75	1
17	76	0
17	77	0
17	78	1
17	79	1
17	80	1
17	81	1
17	82	0
17	83	1
17	84	0
17	85	0
17	86	0
17	87	1
17	88	1
17	89	1
17	90	1
17	91	1
17	92	0
17	93	0
17	94	1
17	95	1
17	96	0
17	97	1
17	98	0
17	99	1
17	100	1
17	101	1
17	102	1
17	103	1
17	104	0
17	105	1
17	106	1
17	107	1
17	108	0
17	109	1
17	110	0
17	111	1
17	112	1
17	113	0
17	114	0
17	115	1
17	116	1
17	117	1
17	118	1
17	119	0
17	120	0
17	121	1
17	122	1
17	123	1
17	124	1
17	125	1
17	126	1
17	127	0
17	128	1
17	129	1
17	130	0
18	19	0
18	20	1
18	21	1
18	22	0
18	23	0
18	24	1
18	25	0
18	26	0
18	27	0
18	28	0
18	29	0
18	30	1
18	31	0
18	32	0
18	33	1
18	34	0
18	35	1
18	36	1
18	37	0
18	38	0
18	39	0
18	40	0
18	41	0
18	42	1
18	43	1
18	44	0
18	45	1
18	46	1
18	47	1
18	48	0
18	49	0
18	50	1
18	51	0
18	52	1
18	53	1
18	54	1
18	55	0
18	56	0
18	57	1
18	58	1
18	59	0
18	60	0
18	61	1
18	62	1
18	63	1
18	64	1
18	65	0
18	66	1
18	67	1
18	68	1
18	69	1
18	70	1
18	71	1
18	72	1
18	73	0
18	74	0
18	75	1
18	76	1
18	77	0
18	78	1
18	79	1
18	80	1
18	81	1
18	82	0
18	83	0
18	84	1
18	85	0
18	86	1
18	87	0
18	88	1
18	89	1
18	90	0
18	91	1
18	92	1
18	93	0
18	94	1
18	95	0
18	96	0
18	97	0
18	98	1
18	99	1
18	100	1
18	101	1
18	102	0
18	103	0
18	104	0
18	105	0
18	106	0
18	107	1
18	108	0
18	109	1
18	110	0
18	111	0
18	112	0
18	113	0
18	114	1
18	115	1
18	116	0
18	117	1
18	118	1
18	119	1
18	120	0
18	121	1
18	122	0
18	123	1
18	124	1
18	125	1
18	126	1
18	127	1
18	128	1
18	129	1
18	130	1
19	20	1
19	21	1
19	22	1
19	23	0
19	24	0
19	25	1
19	26	1
19	27	0
19	28	0
19	29	0
19	30	0
19	31	0
19	32	0
19	33	0
19	34	1
19	35	1
19	36	0
19	37	0
19	38	0
19	39	1
19	40	1
19	41	1
19	42	1
19	43	1
19	44	1
19	45	1
19	46	0
19	47	0
19	48	0
19	49	1
19	50	0
19	51	1
19	52	0
19	53	1
19	54	0
19	55	1
19	56	1
19	57	1
19	58	1
19	59	0
19	60	1
19	61	0
19	62	0
19	63	0
19	64	1
19	65	1
19	66	0
19	67	1
19	68	1
19	69	1
19	70	1
19	71	0
19	72	0
19	73	1
19	74	0
19	75	0
19	76	0
19	77	1
19	78	1
19	79	1
19	80	0
19	81	0
19	82	1
19	83	1
19	84	0
19	85	0
19	86	0
19	87	1
19	88	1
19	89	0
19	90	1
19	91	1
19	92	1
19	93	1
19	94	1
19	95	1
19	96	0
19	97	0
19	98	1
19	99	0
19	100	0
19	101	1
19	102	1
19	103	0
19	104	0
19	105	0
19	106	1
19	107	1
19	108	0
19	109	1
19	110	1
19	111	0
19	112	1
19	113	1
19	114	1
19	115	0
19	116	0
19	117	0
19	118	1
19	119	1
19	120	0
19	121	0
19	122	1
19	123	0
19	124	1
19	125	1
19	126	1
19	127	1
19	128	0
19	129	1
19	130	0
20	21	1
20	22	0
20	23	1
20	24	1
20	25	0
20	26	1
20	27	0
20	28	0
20	29	0
20	30	1
20	31	0
20	32	1
20	33	0
20	34	1
20	35	0
20	36	1
20	37	0
20	38	1
20	39	0
20	40	1
20	41	1
20	42	1
20	43	1
20	44	0
20	45	1
20	46	1
20	47	1
20	48	0
20	49	1
20	50	0
20	51	1
20	52	1
20	53	1
20	54	1
20	55	0
20	56	0
20	57	0
20	58	0
20	59	0
20	60	0
20	61	1
20	62	0
20	63	1
20	64	1
20	65	0
20	66	0
20	67	0
20	68	0
20	69	1
20	70	0
20	71	0
20	72	1
20	73	0
20	74	0
20	75	1
20	76	1
20	77	1
20	78	1
20	79	1
20	80	1
20	81	1
20	82	0
20	83	0
20	84	0
20	85	1
20	86	0
20	87	0
20	88	1
20	89	0
20	90	0
20	91	1
20	92	0
20	93	0
20	94	1
20	95	1
20	96	1
20	97	0
20	98	0
20	99	0
20	100	0
20	101	1
20	102	0
20	103	1
20	104	0
20	105	0
20	106	1
20	107	0
20	108	0
20	109	1
20	110	0
20	111	1
20	112	0
20	113	1
20	114	0
20	115	0
20	116	1
20	117	1
20	118	1
20	119	1
20	120	0
20	121	0
20	122	1
20	123	1
20	124	0
20	125	0
20	126	0
20	127	1
20	128	1
20	129	1
20	130	1
21	22	0
21	23	1
21	24	0
21	25	1
21	26	1
21	27	0
21	28	1
21	29	1
21	30	1
21	31	1
21	32	0
21	33	1
21	34	0
21	35	0
21	36	1
21	37	0
21	38	0
21	39	1
21	40	0
21	41	1
21	42	1
21	43	0
21	44	1
21	45	0
21	46	0
21	47	0
21	48	0
21	49	1
21	50	1
21	51	0
21	52	1
21	53	1
21	54	0
21	55	1
21	56	1
21	57	1
21	58	0
21	59	0
21	60	0
21	61	0
21	62	1
21	63	0
21	64	1
21	65	1
21	66	1
21	67	1
21	68	1
21	69	0
21	70	0
21	71	1
21	72	0
21	73	0
21	74	1
21	75	0
21	76	0
21	77	1
21	78	1
21	79	1
21	80	0
21	81	1
21	82	0
21	83	1
21	84	1
21	85	0
21	86	0
21	87	1
21	88	0
21	89	0
21	90	1
21	91	0
21	92	0
21	93	1
21	94	0
21	95	0
21	96	1
21	97	1
21	98	1
21	99	0
21	100	1
21	101	1
21	102	1
21	103	0
21	104	1
21	105	0
21	106	1
21	107	0
21	108	1
21	109	1
21	110	0
21	111	0
21	112	1
21	113	1
21	114	0
21	115	0
21	116	0
21	117	0
21	118	0
21	119	0
21	120	1
21	121	0
21	122	1
21	123	0
21	124	1
21	125	1
21	126	1
21	127	1
21	128	0
21	129	1
21	130	1
22	23	0
22	24	0
22	25	1
22	26	0
22	27	0
22	28	0
22	29	0
22	30	1
22	31	1
22	32	1
22	33	0
22	34	0
22	35	0
22	36	1
22	37	0
22	38	1
22	39	1
22	40	0
22	41	1
22	42	1
22	43	1
22	44	0
22	45	1
22	46	1
22	47	1
22	48	1
22	49	0
22	50	0
22	51	1
22	52	0
22	53	0
22	54	1
22	55	0
22	56	1
22	57	1
22	58	1
22	59	0
22	60	1
22	61	1
22	62	0
22	63	1
22	64	0
22	65	0
22	66	0
22	67	1
22	68	1
22	69	1
22	70	1
22	71	1
22	72	1
22	73	1
22	74	0
22	75	0
22	76	0
22	77	0
22	78	1
22	79	1
22	80	1
22	81	1
22	82	0
22	83	1
22	84	1
22	85	1
22	86	1
22	87	0
22	88	0
22	89	1
22	90	0
22	91	1
22	92	1
22	93	0
22	94	0
22	95	0
22	96	1
22	97	1
22	98	1
22	99	1
22	100	1
22	101	0
22	102	1
22	103	1
22	104	1
22	105	1
22	106	0
22	107	0
22	108	1
22	109	1
22	110	0
22	111	1
22	112	1
22	113	1
22	114	1
22	115	1
22	116	0
22	117	0
22	118	0
22	119	0
22	120	0
22	121	0
22	122	1
22	123	1
22	124	0
22	125	1
22	126	0
22	127	0
22	128	1
22	129	0
22	130	1
23	24	0
23	25	1
23	26	1
23	27	0
23	28	0
23	29	1
23	30	1
23	31	1
23	32	0
23	33	1
23	34	0
23	35	0
23	36	1
23	37	0
23	38	0
23	39	0
23	40	0
23	41	0
23	42	0
23	43	0
23	44	1
23	45	0
23	46	1
23	47	1
23	48	1
23	49	0
23	50	0
23	51	0
23	52	1
23	53	1
23	54	1
23	55	1
23	56	1
23	57	0
23	58	0
23	59	1
23	60	0
23	61	0
23	62	0
23	63	0
23	64	1
23	65	1
23	66	0
23	67	1
23	68	1
23	69	1
23	70	0
23	71	0
23	72	0
23	73	0
23	74	0
23	75	1
23	76	0
23	77	0
23	78	1
23	79	0
23	80	0
23	81	1
23	82	0
23	83	1
23	84	1
23	85	0
23	86	0
23	87	1
23	88	1
23	89	1
23	90	1
23	91	1
23	92	1
23	93	1
23	94	1
23	95	0
23	96	1
23	97	1
23	98	1
23	99	1
23	100	0
23	101	0
23	102	1
23	103	1
23	104	1
23	105	0
23	106	0
23	107	0
23	108	1
23	109	0
23	110	1
23	111	0
23	112	0
23	113	1
23	114	0
23	115	0
23	116	1
23	117	1
23	118	1
23	119	0
23	120	0
23	121	0
23	122	1
23	123	0
23	124	0
23	125	0
23	126	1
23	127	0
23	128	1
23	129	1
23	130	1
24	25	0
24	26	1
24	27	1
24	28	0
24	29	1
24	30	1
24	31	0
24	32	0
24	33	0
24	34	1
24	35	1
24	36	0
24	37	1
24	38	1
24	39	0
24	40	1
24	41	0
24	42	1
24	43	0
24	44	0
24	45	1
24	46	1
24	47	0
24	48	1
24	49	1
24	50	1
24	51	1
24	52	0
24	53	1
24	54	1
24	55	0
24	56	1
24	57	0
24	58	1
24	59	0
24	60	0
24	61	1
24	62	1
24	63	1
24	64	0
24	65	1
24	66	1
24	67	1
24	68	1
24	69	1
24	70	1
24	71	1
24	72	1
24	73	0
24	74	1
24	75	1
24	76	1
24	77	0
24	78	0
24	79	1
24	80	0
24	81	1
24	82	0
24	83	0
24	84	0
24	85	0
24	86	1
24	87	1
24	88	0
24	89	1
24	90	0
24	91	0
24	92	1
24	93	0
24	94	1
24	95	0
24	96	0
24	97	0
24	98	0
24	99	1
24	100	1
24	101	1
24	102	0
24	103	0
24	104	1
24	105	1
24	106	0
24	107	0
24	108	0
24	109	1
24	110	1
24	111	0
24	112	1
24	113	0
24	114	1
24	115	1
24	116	0
24	117	1
24	118	0
24	119	0
24	120	1
24	121	1
24	122	1
24	123	1
24	124	1
24	125	0
24	126	0
24	127	0
24	128	1
24	129	1
24	130	0
25	26	1
25	27	1
25	28	0
25	29	0
25	30	0
25	31	0
25	32	0
25	33	1
25	34	1
25	35	1
25	36	1
25	37	0
25	38	0
25	39	0
25	40	1
25	41	1
25	42	0
25	43	1
25	44	0
25	45	0
25	46	0
25	47	1
25	48	1
25	49	1
25	50	1
25	51	1
25	52	1
25	53	1
25	54	0
25	55	1
25	56	1
25	57	1
25	58	1
25	59	0
25	60	1
25	61	1
25	62	0
25	63	0
25	64	1
25	65	1
25	66	1
25	67	0
25	68	1
25	69	1
25	70	1
25	71	0
25	72	0
25	73	0
25	74	0
25	75	0
25	76	0
25	77	1
25	78	0
25	79	0
25	80	0
25	81	0
25	82	0
25	83	0
25	84	1
25	85	0
25	86	1
25	87	0
25	88	0
25	89	0
25	90	0
25	91	0
25	92	1
25	93	1
25	94	0
25	95	0
25	96	1
25	97	1
25	98	1
25	99	0
25	100	1
25	101	0
25	102	1
25	103	0
25	104	1
25	105	0
25	106	0
25	107	1
25	108	1
25	109	1
25	110	0
25	111	1
25	112	0
25	113	1
25	114	1
25	115	1
25	116	1
25	117	0
25	118	1
25	119	1
25	120	0
25	121	0
25	122	0
25	123	0
25	124	0
25	125	1
25	126	0
25	127	0
25	128	1
25	129	0
25	130	0
26	27	1
26	28	1
26	29	1
26	30	0
26	31	1
26	32	0
26	33	1
26	34	0
26	35	0
26	36	0
26	37	0
26	38	0
26	39	1
26	40	1
26	41	0
26	42	1
26	43	0
26	44	1
26	45	1
26	46	1
26	47	1
26	48	0
26	49	1
26	50	1
26	51	0
26	52	1
26	53	1
26	54	0
26	55	1
26	56	1
26	57	1
26	58	1
26	59	0
26	60	1
26	61	0
26	62	1
26	63	1
26	64	0
26	65	0
26	66	0
26	67	0
26	68	1
26	69	0
26	70	0
26	71	0
26	72	1
26	73	1
26	74	1
26	75	0
26	76	0
26	77	1
26	78	0
26	79	0
26	80	1
26	81	1
26	82	0
26	83	1
26	84	1
26	85	1
26	86	0
26	87	0
26	88	0
26	89	0
26	90	1
26	91	1
26	92	1
26	93	0
26	94	1
26	95	1
26	96	0
26	97	1
26	98	1
26	99	1
26	100	0
26	101	0
26	102	0
26	103	1
26	104	0
26	105	1
26	106	1
26	107	0
26	108	1
26	109	0
26	110	1
26	111	0
26	112	1
26	113	1
26	114	1
26	115	1
26	116	0
26	117	1
26	118	0
26	119	0
26	120	0
26	121	0
26	122	1
26	123	0
26	124	0
26	125	1
26	126	1
26	127	0
26	128	0
26	129	1
26	130	0
27	28	1
27	29	1
27	30	1
27	31	1
27	32	1
27	33	1
27	34	1
27	35	1
27	36	1
27	37	1
27	38	0
27	39	0
27	40	0
27	41	0
27	42	0
27	43	1
27	44	1
27	45	0
27	46	1
27	47	1
27	48	0
27	49	1
27	50	0
27	51	1
27	52	1
27	53	1
27	54	0
27	55	0
27	56	0
27	57	1
27	58	0
27	59	1
27	60	0
27	61	1
27	62	1
27	63	0
27	64	1
27	65	0
27	66	1
27	67	1
27	68	1
27	69	1
27	70	0
27	71	0
27	72	1
27	73	0
27	74	0
27	75	0
27	76	0
27	77	1
27	78	0
27	79	1
27	80	1
27	81	0
27	82	1
27	83	0
27	84	1
27	85	0
27	86	1
27	87	1
27	88	1
27	89	1
27	90	1
27	91	1
27	92	1
27	93	1
27	94	0
27	95	0
27	96	1
27	97	0
27	98	1
27	99	1
27	100	1
27	101	1
27	102	0
27	103	0
27	104	1
27	105	0
27	106	0
27	107	1
27	108	0
27	109	0
27	110	1
27	111	0
27	112	1
27	113	0
27	114	0
27	115	1
27	116	0
27	117	1
27	118	1
27	119	1
27	120	0
27	121	0
27	122	0
27	123	0
27	124	0
27	125	1
27	126	0
27	127	1
27	128	1
27	129	0
27	130	0
28	29	0
28	30	0
28	31	1
28	32	1
28	33	0
28	34	0
28	35	0
28	36	1
28	37	0
28	38	1
28	39	1
28	40	0
28	41	1
28	42	0
28	43	0
28	44	1
28	45	1
28	46	0
28	47	0
28	48	0
28	49	0
28	50	0
28	51	1
28	52	0
28	53	1
28	54	0
28	55	1
28	56	0
28	57	0
28	58	0
28	59	1
28	60	1
28	61	0
28	62	0
28	63	0
28	64	1
28	65	1
28	66	0
28	67	1
28	68	1
28	69	1
28	70	1
28	71	1
28	72	0
28	73	0
28	74	1
28	75	1
28	76	1
28	77	1
28	78	0
28	79	1
28	80	0
28	81	0
28	82	0
28	83	0
28	84	0
28	85	0
28	86	0
28	87	0
28	88	1
28	89	0
28	90	1
28	91	1
28	92	1
28	93	0
28	94	0
28	95	1
28	96	1
28	97	1
28	98	0
28	99	1
28	100	0
28	101	0
28	102	0
28	103	0
28	104	0
28	105	0
28	106	1
28	107	0
28	108	1
28	109	1
28	110	1
28	111	0
28	112	1
28	113	0
28	114	1
28	115	1
28	116	0
28	117	1
28	118	1
28	119	1
28	120	1
28	121	0
28	122	1
28	123	0
28	124	0
28	125	0
28	126	1
28	127	1
28	128	0
28	129	1
28	130	0
29	30	1
29	31	0
29	32	1
29	33	1
29	34	0
29	35	0
29	36	1
29	37	1
29	38	0
29	39	1
29	40	0
29	41	0
29	42	1
29	43	1
29	44	1
29	45	0
29	46	0
29	47	1
29	48	1
29	49	1
29	50	1
29	51	1
29	52	0
29	53	1
29	54	1
29	55	0
29	56	1
29	57	1
29	58	0
29	59	1
29	60	0
29	61	1
29	62	0
29	63	1
29	64	1
29	65	1
29	66	1
29	67	0
29	68	0
29	69	1
29	70	1
29	71	0
29	72	1
29	73	0
29	74	1
29	75	1
29	76	0
29	77	1
29	78	1
29	79	0
29	80	1
29	81	0
29	82	1
29	83	0
29	84	0
29	85	0
29	86	1
29	87	1
29	88	0
29	89	1
29	90	0
29	91	1
29	92	0
29	93	0
29	94	0
29	95	0
29	96	1
29	97	0
29	98	0
29	99	0
29	100	0
29	101	1
29	102	1
29	103	1
29	104	1
29	105	0
29	106	0
29	107	1
29	108	1
29	109	0
29	110	0
29	111	1
29	112	1
29	113	0
29	114	1
29	115	0
29	116	1
29	117	1
29	118	1
29	119	1
29	120	1
29	121	1
29	122	1
29	123	0
29	124	1
29	125	0
29	126	0
29	127	0
29	128	1
29	129	0
29	130	0
30	31	0
30	32	0
30	33	1
30	34	1
30	35	1
30	36	1
30	37	1
30	38	0
30	39	0
30	40	1
30	41	1
30	42	1
30	43	0
30	44	0
30	45	1
30	46	1
30	47	1
30	48	1
30	49	0
30	50	0
30	51	0
30	52	1
30	53	0
30	54	1
30	55	0
30	56	1
30	57	0
30	58	1
30	59	0
30	60	0
30	61	1
30	62	0
30	63	0
30	64	0
30	65	1
30	66	1
30	67	1
30	68	0
30	69	1
30	70	1
30	71	0
30	72	0
30	73	1
30	74	0
30	75	1
30	76	1
30	77	1
30	78	0
30	79	0
30	80	0
30	81	1
30	82	0
30	83	1
30	84	0
30	85	0
30	86	0
30	87	0
30	88	0
30	89	1
30	90	0
30	91	0
30	92	0
30	93	0
30	94	1
30	95	0
30	96	0
30	97	0
30	98	0
30	99	1
30	100	1
30	101	0
30	102	0
30	103	0
30	104	1
30	105	0
30	106	0
30	107	0
30	108	1
30	109	1
30	110	1
30	111	0
30	112	1
30	113	0
30	114	1
30	115	0
30	116	1
30	117	1
30	118	1
30	119	1
30	120	1
30	121	1
30	122	0
30	123	0
30	124	1
30	125	0
30	126	0
30	127	0
30	128	0
30	129	1
30	130	1
31	32	1
31	33	1
31	34	1
31	35	1
31	36	0
31	37	1
31	38	0
31	39	1
31	40	0
31	41	0
31	42	0
31	43	0
31	44	1
31	45	0
31	46	1
31	47	1
31	48	0
31	49	0
31	50	1
31	51	0
31	52	0
31	53	0
31	54	1
31	55	0
31	56	1
31	57	1
31	58	1
31	59	0
31	60	1
31	61	0
31	62	0
31	63	1
31	64	0
31	65	0
31	66	0
31	67	0
31	68	0
31	69	0
31	70	0
31	71	1
31	72	1
31	73	0
31	74	1
31	75	1
31	76	1
31	77	1
31	78	1
31	79	0
31	80	1
31	81	0
31	82	1
31	83	1
31	84	1
31	85	0
31	86	0
31	87	0
31	88	0
31	89	0
31	90	1
31	91	0
31	92	1
31	93	0
31	94	1
31	95	0
31	96	0
31	97	1
31	98	0
31	99	0
31	100	1
31	101	0
31	102	1
31	103	1
31	104	0
31	105	0
31	106	1
31	107	1
31	108	1
31	109	1
31	110	1
31	111	1
31	112	1
31	113	1
31	114	1
31	115	0
31	116	1
31	117	0
31	118	0
31	119	1
31	120	1
31	121	0
31	122	1
31	123	1
31	124	1
31	125	0
31	126	1
31	127	0
31	128	1
31	129	1
31	130	1
32	33	0
32	34	1
32	35	1
32	36	1
32	37	0
32	38	0
32	39	1
32	40	0
32	41	1
32	42	1
32	43	1
32	44	1
32	45	0
32	46	1
32	47	0
32	48	0
32	49	1
32	50	1
32	51	0
32	52	1
32	53	1
32	54	1
32	55	1
32	56	1
32	57	1
32	58	1
32	59	0
32	60	1
32	61	0
32	62	0
32	63	0
32	64	0
32	65	1
32	66	1
32	67	1
32	68	1
32	69	1
32	70	1
32	71	1
32	72	0
32	73	0
32	74	0
32	75	0
32	76	1
32	77	1
32	78	1
32	79	0
32	80	1
32	81	1
32	82	1
32	83	0
32	84	1
32	85	0
32	86	1
32	87	0
32	88	0
32	89	1
32	90	0
32	91	0
32	92	0
32	93	0
32	94	0
32	95	1
32	96	0
32	97	0
32	98	0
32	99	1
32	100	0
32	101	0
32	102	0
32	103	1
32	104	1
32	105	0
32	106	0
32	107	1
32	108	1
32	109	1
32	110	0
32	111	0
32	112	1
32	113	0
32	114	0
32	115	1
32	116	0
32	117	0
32	118	0
32	119	0
32	120	1
32	121	0
32	122	0
32	123	1
32	124	0
32	125	1
32	126	1
32	127	0
32	128	0
32	129	0
32	130	1
33	34	1
33	35	1
33	36	0
33	37	0
33	38	1
33	39	1
33	40	1
33	41	1
33	42	1
33	43	1
33	44	1
33	45	1
33	46	0
33	47	1
33	48	0
33	49	1
33	50	1
33	51	1
33	52	1
33	53	1
33	54	1
33	55	1
33	56	1
33	57	1
33	58	0
33	59	1
33	60	1
33	61	0
33	62	1
33	63	1
33	64	1
33	65	1
33	66	1
33	67	0
33	68	1
33	69	0
33	70	0
33	71	1
33	72	1
33	73	1
33	74	0
33	75	0
33	76	1
33	77	0
33	78	0
33	79	0
33	80	0
33	81	0
33	82	1
33	83	1
33	84	1
33	85	1
33	86	0
33	87	0
33	88	1
33	89	1
33	90	1
33	91	0
33	92	1
33	93	1
33	94	0
33	95	0
33	96	1
33	97	1
33	98	1
33	99	0
33	100	0
33	101	0
33	102	0
33	103	0
33	104	0
33	105	1
33	106	1
33	107	1
33	108	1
33	109	1
33	110	0
33	111	1
33	112	1
33	113	0
33	114	0
33	115	1
33	116	1
33	117	0
33	118	1
33	119	1
33	120	0
33	121	0
33	122	1
33	123	0
33	124	1
33	125	1
33	126	1
33	127	0
33	128	0
33	129	1
33	130	1
34	35	0
34	36	0
34	37	0
34	38	0
34	39	0
34	40	1
34	41	1
34	42	1
34	43	0
34	44	1
34	45	0
34	46	0
34	47	1
34	48	0
34	49	0
34	50	0
34	51	1
34	52	1
34	53	1
34	54	0
34	55	1
34	56	1
34	57	1
34	58	0
34	59	0
34	60	0
34	61	1
34	62	0
34	63	0
34	64	0
34	65	0
34	66	1
34	67	0
34	68	1
34	69	1
34	70	1
34	71	0
34	72	0
34	73	1
34	74	1
34	75	0
34	76	1
34	77	0
34	78	1
34	79	0
34	80	0
34	81	1
34	82	1
34	83	0
34	84	1
34	85	1
34	86	1
34	87	1
34	88	0
34	89	0
34	90	1
34	91	1
34	92	1
34	93	0
34	94	0
34	95	0
34	96	1
34	97	0
34	98	1
34	99	0
34	100	1
34	101	1
34	102	1
34	103	0
34	104	1
34	105	0
34	106	1
34	107	0
34	108	1
34	109	1
34	110	1
34	111	0
34	112	1
34	113	1
34	114	0
34	115	1
34	116	0
34	117	1
34	118	0
34	119	0
34	120	1
34	121	1
34	122	1
34	123	1
34	124	0
34	125	0
34	126	1
34	127	0
34	128	0
34	129	0
34	130	0
35	36	1
35	37	1
35	38	1
35	39	1
35	40	0
35	41	1
35	42	0
35	43	0
35	44	1
35	45	1
35	46	1
35	47	0
35	48	1
35	49	0
35	50	0
35	51	1
35	52	0
35	53	0
35	54	1
35	55	0
35	56	1
35	57	1
35	58	1
35	59	0
35	60	0
35	61	0
35	62	0
35	63	1
35	64	1
35	65	0
35	66	1
35	67	0
35	68	1
35	69	1
35	70	0
35	71	0
35	72	0
35	73	0
35	74	0
35	75	1
35	76	1
35	77	1
35	78	0
35	79	1
35	80	0
35	81	1
35	82	0
35	83	1
35	84	0
35	85	1
35	86	0
35	87	0
35	88	1
35	89	1
35	90	1
35	91	0
35	92	1
35	93	1
35	94	1
35	95	0
35	96	0
35	97	0
35	98	1
35	99	0
35	100	0
35	101	1
35	102	0
35	103	0
35	104	1
35	105	0
35	106	0
35	107	0
35	108	1
35	109	1
35	110	1
35	111	0
35	112	0
35	113	0
35	114	1
35	115	0
35	116	1
35	117	0
35	118	1
35	119	0
35	120	0
35	121	0
35	122	0
35	123	1
35	124	0
35	125	1
35	126	0
35	127	0
35	128	0
35	129	1
35	130	1
36	37	1
36	38	1
36	39	1
36	40	1
36	41	1
36	42	1
36	43	1
36	44	0
36	45	1
36	46	1
36	47	1
36	48	1
36	49	1
36	50	1
36	51	1
36	52	0
36	53	0
36	54	1
36	55	0
36	56	1
36	57	1
36	58	1
36	59	0
36	60	0
36	61	0
36	62	1
36	63	1
36	64	0
36	65	1
36	66	0
36	67	0
36	68	0
36	69	1
36	70	0
36	71	0
36	72	1
36	73	0
36	74	0
36	75	1
36	76	0
36	77	0
36	78	0
36	79	0
36	80	0
36	81	0
36	82	1
36	83	1
36	84	0
36	85	0
36	86	1
36	87	1
36	88	0
36	89	1
36	90	0
36	91	0
36	92	0
36	93	1
36	94	1
36	95	1
36	96	1
36	97	1
36	98	0
36	99	0
36	100	0
36	101	0
36	102	0
36	103	1
36	104	0
36	105	1
36	106	1
36	107	1
36	108	0
36	109	1
36	110	0
36	111	1
36	112	0
36	113	1
36	114	1
36	115	1
36	116	0
36	117	0
36	118	1
36	119	0
36	120	1
36	121	0
36	122	1
36	123	0
36	124	1
36	125	0
36	126	1
36	127	1
36	128	0
36	129	1
36	130	0
37	38	1
37	39	1
37	40	1
37	41	0
37	42	1
37	43	1
37	44	1
37	45	1
37	46	1
37	47	0
37	48	0
37	49	1
37	50	1
37	51	0
37	52	0
37	53	0
37	54	1
37	55	0
37	56	0
37	57	1
37	58	0
37	59	0
37	60	1
37	61	1
37	62	1
37	63	0
37	64	1
37	65	1
37	66	0
37	67	0
37	68	0
37	69	0
37	70	0
37	71	0
37	72	1
37	73	1
37	74	1
37	75	0
37	76	0
37	77	1
37	78	1
37	79	0
37	80	1
37	81	0
37	82	0
37	83	1
37	84	0
37	85	1
37	86	0
37	87	1
37	88	0
37	89	0
37	90	1
37	91	0
37	92	0
37	93	0
37	94	1
37	95	1
37	96	0
37	97	1
37	98	0
37	99	1
37	100	0
37	101	1
37	102	1
37	103	1
37	104	0
37	105	1
37	106	0
37	107	0
37	108	1
37	109	1
37	110	0
37	111	1
37	112	0
37	113	0
37	114	0
37	115	0
37	116	1
37	117	1
37	118	0
37	119	0
37	120	1
37	121	1
37	122	0
37	123	1
37	124	0
37	125	0
37	126	0
37	127	0
37	128	0
37	129	0
37	130	0
38	39	1
38	40	0
38	41	1
38	42	1
38	43	0
38	44	0
38	45	0
38	46	0
38	47	1
38	48	1
38	49	1
38	50	1
38	51	0
38	52	1
38	53	1
38	54	1
38	55	1
38	56	0
38	57	1
38	58	0
38	59	1
38	60	1
38	61	1
38	62	0
38	63	1
38	64	1
38	65	0
38	66	0
38	67	1
38	68	1
38	69	0
38	70	0
38	71	1
38	72	1
38	73	1
38	74	1
38	75	1
38	76	0
38	77	0
38	78	0
38	79	0
38	80	1
38	81	0
38	82	0
38	83	1
38	84	1
38	85	0
38	86	0
38	87	0
38	88	0
38	89	0
38	90	0
38	91	1
38	92	0
38	93	0
38	94	0
38	95	1
38	96	0
38	97	1
38	98	0
38	99	0
38	100	0
38	101	0
38	102	1
38	103	0
38	104	0
38	105	0
38	106	0
38	107	1
38	108	1
38	109	0
38	110	1
38	111	1
38	112	0
38	113	0
38	114	0
38	115	1
38	116	0
38	117	0
38	118	0
38	119	0
38	120	1
38	121	1
38	122	1
38	123	0
38	124	0
38	125	1
38	126	0
38	127	0
38	128	0
38	129	1
38	130	1
39	40	0
39	41	1
39	42	1
39	43	0
39	44	1
39	45	1
39	46	0
39	47	0
39	48	0
39	49	0
39	50	0
39	51	1
39	52	0
39	53	1
39	54	1
39	55	0
39	56	0
39	57	0
39	58	1
39	59	0
39	60	0
39	61	0
39	62	1
39	63	0
39	64	1
39	65	0
39	66	0
39	67	1
39	68	0
39	69	0
39	70	0
39	71	1
39	72	0
39	73	1
39	74	1
39	75	0
39	76	1
39	77	0
39	78	1
39	79	0
39	80	1
39	81	0
39	82	1
39	83	0
39	84	0
39	85	1
39	86	1
39	87	1
39	88	1
39	89	1
39	90	1
39	91	1
39	92	0
39	93	0
39	94	0
39	95	1
39	96	0
39	97	1
39	98	1
39	99	1
39	100	0
39	101	0
39	102	1
39	103	1
39	104	1
39	105	1
39	106	1
39	107	0
39	108	0
39	109	0
39	110	0
39	111	1
39	112	0
39	113	1
39	114	1
39	115	0
39	116	1
39	117	1
39	118	0
39	119	0
39	120	0
39	121	1
39	122	1
39	123	1
39	124	1
39	125	1
39	126	0
39	127	0
39	128	1
39	129	1
39	130	1
40	41	0
40	42	1
40	43	1
40	44	1
40	45	1
40	46	1
40	47	0
40	48	1
40	49	1
40	50	1
40	51	0
40	52	1
40	53	1
40	54	0
40	55	1
40	56	0
40	57	1
40	58	0
40	59	1
40	60	1
40	61	0
40	62	1
40	63	1
40	64	1
40	65	0
40	66	0
40	67	1
40	68	1
40	69	0
40	70	1
40	71	1
40	72	1
40	73	1
40	74	1
40	75	1
40	76	1
40	77	1
40	78	1
40	79	0
40	80	1
40	81	1
40	82	1
40	83	1
40	84	1
40	85	1
40	86	1
40	87	0
40	88	0
40	89	0
40	90	0
40	91	0
40	92	1
40	93	1
40	94	0
40	95	0
40	96	1
40	97	1
40	98	0
40	99	0
40	100	0
40	101	0
40	102	1
40	103	1
40	104	1
40	105	0
40	106	0
40	107	1
40	108	1
40	109	0
40	110	1
40	111	1
40	112	1
40	113	1
40	114	1
40	115	0
40	116	1
40	117	0
40	118	1
40	119	1
40	120	1
40	121	0
40	122	1
40	123	1
40	124	0
40	125	0
40	126	1
40	127	1
40	128	1
40	129	0
40	130	0
41	42	0
41	43	1
41	44	1
41	45	1
41	46	0
41	47	0
41	48	1
41	49	0
41	50	1
41	51	1
41	52	0
41	53	1
41	54	0
41	55	1
41	56	0
41	57	0
41	58	1
41	59	0
41	60	1
41	61	1
41	62	0
41	63	1
41	64	1
41	65	0
41	66	0
41	67	0
41	68	1
41	69	0
41	70	1
41	71	0
41	72	1
41	73	1
41	74	1
41	75	1
41	76	1
41	77	1
41	78	1
41	79	1
41	80	0
41	81	0
41	82	0
41	83	1
41	84	1
41	85	0
41	86	1
41	87	0
41	88	0
41	89	1
41	90	0
41	91	0
41	92	1
41	93	1
41	94	1
41	95	1
41	96	1
41	97	0
41	98	0
41	99	1
41	100	1
41	101	1
41	102	0
41	103	0
41	104	0
41	105	1
41	106	0
41	107	0
41	108	0
41	109	1
41	110	1
41	111	0
41	112	0
41	113	0
41	114	0
41	115	1
41	116	0
41	117	1
41	118	1
41	119	0
41	120	0
41	121	1
41	122	1
41	123	1
41	124	0
41	125	0
41	126	1
41	127	1
41	128	0
41	129	0
41	130	1
42	43	1
42	44	0
42	45	0
42	46	1
42	47	1
42	48	0
42	49	0
42	50	1
42	51	0
42	52	1
42	53	1
42	54	0
42	55	0
42	56	0
42	57	0
42	58	1
42	59	1
42	60	1
42	61	1
42	62	0
42	63	0
42	64	0
42	65	1
42	66	0
42	67	1
42	68	0
42	69	0
42	70	1
42	71	0
42	72	1
42	73	1
42	74	1
42	75	1
42	76	0
42	77	0
42	78	0
42	79	0
42	80	0
42	81	0
42	82	1
42	83	1
42	84	0
42	85	0
42	86	0
42	87	1
42	88	0
42	89	1
42	90	1
42	91	0
42	92	0
42	93	1
42	94	1
42	95	1
42	96	1
42	97	1
42	98	1
42	99	1
42	100	1
42	101	0
42	102	1
42	103	1
42	104	0
42	105	0
42	106	1
42	107	0
42	108	0
42	109	0
42	110	1
42	111	0
42	112	1
42	113	1
42	114	1
42	115	1
42	116	1
42	117	0
42	118	1
42	119	1
42	120	1
42	121	0
42	122	0
42	123	0
42	124	0
42	125	1
42	126	0
42	127	0
42	128	1
42	129	0
42	130	0
43	44	1
43	45	0
43	46	1
43	47	0
43	48	1
43	49	1
43	50	1
43	51	1
43	52	0
43	53	0
43	54	0
43	55	0
43	56	1
43	57	1
43	58	1
43	59	1
43	60	1
43	61	0
43	62	1
43	63	1
43	64	1
43	65	1
43	66	0
43	67	1
43	68	1
43	69	1
43	70	0
43	71	1
43	72	1
43	73	1
43	74	0
43	75	1
43	76	1
43	77	1
43	78	0
43	79	1
43	80	0
43	81	0
43	82	1
43	83	1
43	84	1
43	85	1
43	86	0
43	87	1
43	88	0
43	89	1
43	90	0
43	91	1
43	92	1
43	93	0
43	94	1
43	95	0
43	96	1
43	97	1
43	98	0
43	99	1
43	100	1
43	101	0
43	102	0
43	103	0
43	104	0
43	105	1
43	106	0
43	107	0
43	108	1
43	109	0
43	110	0
43	111	0
43	112	0
43	113	0
43	114	0
43	115	1
43	116	0
43	117	0
43	118	1
43	119	1
43	120	1
43	121	0
43	122	1
43	123	0
43	124	0
43	125	1
43	126	1
43	127	1
43	128	1
43	129	0
43	130	1
44	45	0
44	46	0
44	47	0
44	48	1
44	49	1
44	50	1
44	51	0
44	52	0
44	53	0
44	54	1
44	55	0
44	56	0
44	57	0
44	58	0
44	59	1
44	60	0
44	61	0
44	62	1
44	63	1
44	64	0
44	65	1
44	66	0
44	67	0
44	68	1
44	69	0
44	70	0
44	71	0
44	72	1
44	73	1
44	74	1
44	75	1
44	76	1
44	77	1
44	78	1
44	79	1
44	80	1
44	81	0
44	82	0
44	83	1
44	84	1
44	85	1
44	86	1
44	87	0
44	88	0
44	89	1
44	90	0
44	91	1
44	92	0
44	93	1
44	94	0
44	95	0
44	96	1
44	97	1
44	98	1
44	99	0
44	100	0
44	101	0
44	102	1
44	103	0
44	104	0
44	105	1
44	106	1
44	107	1
44	108	1
44	109	0
44	110	0
44	111	1
44	112	0
44	113	0
44	114	0
44	115	1
44	116	1
44	117	0
44	118	1
44	119	0
44	120	0
44	121	0
44	122	0
44	123	0
44	124	0
44	125	0
44	126	0
44	127	0
44	128	1
44	129	1
44	130	1
45	46	1
45	47	1
45	48	0
45	49	1
45	50	1
45	51	0
45	52	1
45	53	0
45	54	1
45	55	0
45	56	1
45	57	1
45	58	1
45	59	0
45	60	0
45	61	1
45	62	0
45	63	1
45	64	1
45	65	0
45	66	1
45	67	1
45	68	1
45	69	1
45	70	0
45	71	0
45	72	0
45	73	0
45	74	1
45	75	0
45	76	1
45	77	0
45	78	1
45	79	1
45	80	1
45	81	0
45	82	1
45	83	0
45	84	0
45	85	0
45	86	1
45	87	1
45	88	0
45	89	1
45	90	0
45	91	1
45	92	1
45	93	0
45	94	0
45	95	0
45	96	0
45	97	0
45	98	0
45	99	0
45	100	0
45	101	0
45	102	0
45	103	0
45	104	1
45	105	0
45	106	1
45	107	0
45	108	1
45	109	1
45	110	0
45	111	1
45	112	0
45	113	1
45	114	1
45	115	0
45	116	1
45	117	0
45	118	1
45	119	0
45	120	1
45	121	0
45	122	0
45	123	1
45	124	1
45	125	1
45	126	0
45	127	0
45	128	1
45	129	0
45	130	1
46	47	0
46	48	0
46	49	0
46	50	1
46	51	0
46	52	1
46	53	0
46	54	0
46	55	1
46	56	1
46	57	1
46	58	0
46	59	1
46	60	0
46	61	1
46	62	1
46	63	1
46	64	1
46	65	1
46	66	0
46	67	0
46	68	1
46	69	0
46	70	1
46	71	0
46	72	0
46	73	0
46	74	0
46	75	1
46	76	1
46	77	1
46	78	0
46	79	1
46	80	0
46	81	1
46	82	0
46	83	0
46	84	0
46	85	0
46	86	0
46	87	1
46	88	1
46	89	0
46	90	1
46	91	0
46	92	1
46	93	0
46	94	0
46	95	0
46	96	0
46	97	0
46	98	0
46	99	1
46	100	1
46	101	0
46	102	1
46	103	1
46	104	1
46	105	1
46	106	0
46	107	0
46	108	1
46	109	0
46	110	1
46	111	0
46	112	0
46	113	0
46	114	1
46	115	0
46	116	0
46	117	1
46	118	0
46	119	0
46	120	0
46	121	1
46	122	1
46	123	0
46	124	0
46	125	1
46	126	0
46	127	0
46	128	1
46	129	1
46	130	0
47	48	1
47	49	1
47	50	0
47	51	0
47	52	0
47	53	1
47	54	1
47	55	1
47	56	1
47	57	0
47	58	0
47	59	0
47	60	0
47	61	0
47	62	1
47	63	1
47	64	0
47	65	1
47	66	1
47	67	0
47	68	0
47	69	1
47	70	1
47	71	0
47	72	0
47	73	1
47	74	1
47	75	0
47	76	1
47	77	1
47	78	0
47	79	0
47	80	0
47	81	0
47	82	1
47	83	0
47	84	1
47	85	1
47	86	1
47	87	1
47	88	0
47	89	0
47	90	1
47	91	1
47	92	1
47	93	1
47	94	0
47	95	0
47	96	1
47	97	0
47	98	1
47	99	0
47	100	0
47	101	1
47	102	0
47	103	0
47	104	1
47	105	1
47	106	1
47	107	1
47	108	0
47	109	0
47	110	0
47	111	0
47	112	1
47	113	0
47	114	0
47	115	1
47	116	1
47	117	0
47	118	0
47	119	1
47	120	0
47	121	1
47	122	0
47	123	0
47	124	1
47	125	0
47	126	1
47	127	0
47	128	0
47	129	0
47	130	0
48	49	1
48	50	1
48	51	1
48	52	1
48	53	0
48	54	1
48	55	0
48	56	0
48	57	0
48	58	0
48	59	0
48	60	0
48	61	0
48	62	0
48	63	1
48	64	1
48	65	1
48	66	1
48	67	1
48	68	1
48	69	1
48	70	1
48	71	0
48	72	1
48	73	0
48	74	0
48	75	1
48	76	0
48	77	1
48	78	1
48	79	0
48	80	1
48	81	1
48	82	1
48	83	1
48	84	0
48	85	1
48	86	0
48	87	0
48	88	1
48	89	1
48	90	0
48	91	1
48	92	1
48	93	0
48	94	0
48	95	0
48	96	1
48	97	1
48	98	1
48	99	1
48	100	1
48	101	1
48	102	1
48	103	1
48	104	1
48	105	0
48	106	0
48	107	1
48	108	1
48	109	0
48	110	1
48	111	0
48	112	1
48	113	0
48	114	0
48	115	1
48	116	0
48	117	0
48	118	0
48	119	0
48	120	0
48	121	1
48	122	1
48	123	1
48	124	1
48	125	0
48	126	0
48	127	1
48	128	1
48	129	0
48	130	0
49	50	0
49	51	0
49	52	0
49	53	0
49	54	0
49	55	1
49	56	1
49	57	1
49	58	1
49	59	0
49	60	1
49	61	0
49	62	1
49	63	1
49	64	1
49	65	1
49	66	1
49	67	1
49	68	0
49	69	1
49	70	1
49	71	1
49	72	1
49	73	0
49	74	1
49	75	1
49	76	0
49	77	1
49	78	0
49	79	0
49	80	1
49	81	1
49	82	1
49	83	0
49	84	0
49	85	0
49	86	1
49	87	0
49	88	0
49	89	0
49	90	0
49	91	1
49	92	1
49	93	0
49	94	0
49	95	1
49	96	1
49	97	0
49	98	1
49	99	1
49	100	0
49	101	1
49	102	0
49	103	0
49	104	1
49	105	1
49	106	0
49	107	1
49	108	0
49	109	0
49	110	1
49	111	0
49	112	0
49	113	0
49	114	1
49	115	0
49	116	0
49	117	1
49	118	1
49	119	0
49	120	1
49	121	0
49	122	0
49	123	1
49	124	0
49	125	1
49	126	0
49	127	0
49	128	0
49	129	0
49	130	1
50	51	1
50	52	1
50	53	1
50	54	0
50	55	1
50	56	0
50	57	1
50	58	1
50	59	0
50	60	1
50	61	1
50	62	0
50	63	0
50	64	0
50	65	0
50	66	1
50	67	0
50	68	0
50	69	0
50	70	0
50	71	1
50	72	0
50	73	0
50	74	0
50	75	0
50	76	1
50	77	0
50	78	0
50	79	0
50	80	0
50	81	0
50	82	0
50	83	0
50	84	1
50	85	0
50	86	1
50	87	1
50	88	1
50	89	0
50	90	0
50	91	0
50	92	0
50	93	1
50	94	1
50	95	0
50	96	0
50	97	0
50	98	1
50	99	0
50	100	0
50	101	0
50	102	0
50	103	1
50	104	0
50	105	0
50	106	1
50	107	0
50	108	0
50	109	0
50	110	0
50	111	1
50	112	0
50	113	0
50	114	0
50	115	1
50	116	1
50	117	0
50	118	1
50	119	1
50	120	1
50	121	1
50	122	1
50	123	1
50	124	0
50	125	0
50	126	1
50	127	1
50	128	0
50	129	0
50	130	0
51	52	1
51	53	1
51	54	1
51	55	1
51	56	0
51	57	1
51	58	0
51	59	1
51	60	0
51	61	0
51	62	1
51	63	1
51	64	1
51	65	1
51	66	0
51	67	1
51	68	1
51	69	0
51	70	0
51	71	0
51	72	0
51	73	1
51	74	0
51	75	1
51	76	0
51	77	1
51	78	1
51	79	0
51	80	1
51	81	0
51	82	0
51	83	0
51	84	0
51	85	0
51	86	1
51	87	1
51	88	0
51	89	0
51	90	0
51	91	1
51	92	0
51	93	1
51	94	0
51	95	0
51	96	0
51	97	0
51	98	1
51	99	1
51	100	0
51	101	0
51	102	1
51	103	1
51	104	0
51	105	1
51	106	1
51	107	0
51	108	0
51	109	1
51	110	0
51	111	1
51	112	1
51	113	1
51	114	0
51	115	1
51	116	0
51	117	1
51	118	1
51	119	1
51	120	0
51	121	1
51	122	0
51	123	0
51	124	0
51	125	0
51	126	0
51	127	0
51	128	1
51	129	0
51	130	1
52	53	0
52	54	0
52	55	0
52	56	1
52	57	0
52	58	1
52	59	1
52	60	1
52	61	1
52	62	0
52	63	1
52	64	0
52	65	1
52	66	1
52	67	0
52	68	1
52	69	1
52	70	1
52	71	1
52	72	1
52	73	0
52	74	1
52	75	0
52	76	1
52	77	0
52	78	0
52	79	1
52	80	0
52	81	1
52	82	1
52	83	0
52	84	0
52	85	0
52	86	0
52	87	1
52	88	0
52	89	0
52	90	1
52	91	0
52	92	0
52	93	0
52	94	1
52	95	0
52	96	0
52	97	1
52	98	0
52	99	1
52	100	1
52	101	0
52	102	0
52	103	0
52	104	0
52	105	0
52	106	0
52	107	0
52	108	1
52	109	1
52	110	1
52	111	1
52	112	1
52	113	1
52	114	0
52	115	0
52	116	0
52	117	1
52	118	1
52	119	0
52	120	0
52	121	1
52	122	0
52	123	0
52	124	1
52	125	0
52	126	0
52	127	0
52	128	0
52	129	1
52	130	1
53	54	0
53	55	1
53	56	1
53	57	1
53	58	1
53	59	1
53	60	1
53	61	1
53	62	0
53	63	0
53	64	1
53	65	0
53	66	1
53	67	0
53	68	1
53	69	0
53	70	0
53	71	0
53	72	1
53	73	0
53	74	0
53	75	0
53	76	0
53	77	1
53	78	0
53	79	1
53	80	1
53	81	0
53	82	0
53	83	1
53	84	0
53	85	0
53	86	1
53	87	0
53	88	0
53	89	1
53	90	0
53	91	0
53	92	0
53	93	1
53	94	1
53	95	0
53	96	1
53	97	1
53	98	0
53	99	1
53	100	0
53	101	1
53	102	0
53	103	1
53	104	0
53	105	1
53	106	1
53	107	0
53	108	1
53	109	0
53	110	1
53	111	1
53	112	0
53	113	1
53	114	1
53	115	1
53	116	1
53	117	0
53	118	0
53	119	1
53	120	0
53	121	0
53	122	1
53	123	1
53	124	1
53	125	1
53	126	1
53	127	0
53	128	0
53	129	0
53	130	0
54	55	0
54	56	1
54	57	0
54	58	1
54	59	1
54	60	0
54	61	0
54	62	1
54	63	0
54	64	1
54	65	0
54	66	0
54	67	0
54	68	1
54	69	1
54	70	0
54	71	1
54	72	0
54	73	0
54	74	0
54	75	1
54	76	1
54	77	1
54	78	0
54	79	0
54	80	1
54	81	1
54	82	0
54	83	1
54	84	0
54	85	1
54	86	1
54	87	0
54	88	1
54	89	0
54	90	0
54	91	1
54	92	1
54	93	1
54	94	1
54	95	1
54	96	0
54	97	1
54	98	0
54	99	1
54	100	0
54	101	0
54	102	0
54	103	0
54	104	1
54	105	0
54	106	1
54	107	1
54	108	1
54	109	0
54	110	0
54	111	1
54	112	1
54	113	0
54	114	0
54	115	0
54	116	0
54	117	1
54	118	0
54	119	1
54	120	1
54	121	0
54	122	0
54	123	0
54	124	0
54	125	0
54	126	1
54	127	0
54	128	0
54	129	0
54	130	1
55	56	1
55	57	1
55	58	1
55	59	0
55	60	0
55	61	0
55	62	0
55	63	1
55	64	0
55	65	0
55	66	0
55	67	0
55	68	1
55	69	1
55	70	1
55	71	1
55	72	1
55	73	0
55	74	1
55	75	1
55	76	0
55	77	0
55	78	1
55	79	0
55	80	0
55	81	0
55	82	0
55	83	1
55	84	1
55	85	1
55	86	0
55	87	0
55	88	0
55	89	1
55	90	0
55	91	1
55	92	1
55	93	0
55	94	0
55	95	1
55	96	0
55	97	0
55	98	1
55	99	0
55	100	0
55	101	0
55	102	1
55	103	1
55	104	1
55	105	0
55	106	1
55	107	1
55	108	1
55	109	0
55	110	0
55	111	0
55	112	1
55	113	0
55	114	0
55	115	0
55	116	1
55	117	0
55	118	1
55	119	0
55	120	0
55	121	1
55	122	1
55	123	0
55	124	1
55	125	0
55	126	1
55	127	0
55	128	1
55	129	1
55	130	1
56	57	1
56	58	0
56	59	1
56	60	1
56	61	1
56	62	1
56	63	0
56	64	0
56	65	0
56	66	0
56	67	1
56	68	1
56	69	0
56	70	1
56	71	0
56	72	0
56	73	0
56	74	1
56	75	1
56	76	1
56	77	1
56	78	1
56	79	1
56	80	0
56	81	0
56	82	0
56	83	0
56	84	0
56	85	1
56	86	0
56	87	1
56	88	0
56	89	0
56	90	1
56	91	1
56	92	1
56	93	1
56	94	0
56	95	1
56	96	1
56	97	0
56	98	1
56	99	0
56	100	1
56	101	1
56	102	1
56	103	0
56	104	0
56	105	0
56	106	0
56	107	0
56	108	0
56	109	1
56	110	1
56	111	0
56	112	0
56	113	1
56	114	1
56	115	1
56	116	1
56	117	0
56	118	1
56	119	1
56	120	0
56	121	1
56	122	1
56	123	0
56	124	1
56	125	0
56	126	0
56	127	0
56	128	1
56	129	0
56	130	1
57	58	0
57	59	0
57	60	1
57	61	1
57	62	0
57	63	0
57	64	0
57	65	0
57	66	0
57	67	1
57	68	1
57	69	0
57	70	1
57	71	1
57	72	1
57	73	1
57	74	1
57	75	1
57	76	1
57	77	0
57	78	1
57	79	1
57	80	1
57	81	1
57	82	0
57	83	1
57	84	0
57	85	0
57	86	1
57	87	1
57	88	1
57	89	1
57	90	0
57	91	1
57	92	1
57	93	0
57	94	1
57	95	0
57	96	0
57	97	1
57	98	1
57	99	0
57	100	0
57	101	1
57	102	1
57	103	0
57	104	0
57	105	0
57	106	1
57	107	1
57	108	1
57	109	0
57	110	0
57	111	0
57	112	1
57	113	0
57	114	1
57	115	1
57	116	0
57	117	0
57	118	0
57	119	1
57	120	0
57	121	0
57	122	0
57	123	1
57	124	0
57	125	1
57	126	0
57	127	0
57	128	1
57	129	1
57	130	1
58	59	0
58	60	0
58	61	1
58	62	1
58	63	1
58	64	1
58	65	0
58	66	1
58	67	1
58	68	1
58	69	0
58	70	0
58	71	1
58	72	1
58	73	1
58	74	0
58	75	0
58	76	0
58	77	0
58	78	1
58	79	0
58	80	1
58	81	0
58	82	1
58	83	1
58	84	1
58	85	1
58	86	1
58	87	1
58	88	0
58	89	0
58	90	0
58	91	0
58	92	0
58	93	1
58	94	0
58	95	1
58	96	1
58	97	0
58	98	0
58	99	1
58	100	1
58	101	1
58	102	0
58	103	1
58	104	0
58	105	1
58	106	0
58	107	1
58	108	0
58	109	0
58	110	1
58	111	1
58	112	1
58	113	1
58	114	1
58	115	0
58	116	1
58	117	1
58	118	1
58	119	1
58	120	1
58	121	1
58	122	1
58	123	1
58	124	0
58	125	1
58	126	0
58	127	0
58	128	1
58	129	0
58	130	0
59	60	1
59	61	0
59	62	0
59	63	0
59	64	0
59	65	1
59	66	1
59	67	0
59	68	1
59	69	1
59	70	1
59	71	1
59	72	0
59	73	0
59	74	0
59	75	0
59	76	0
59	77	0
59	78	1
59	79	1
59	80	0
59	81	0
59	82	0
59	83	1
59	84	1
59	85	0
59	86	1
59	87	1
59	88	1
59	89	0
59	90	0
59	91	1
59	92	0
59	93	0
59	94	1
59	95	1
59	96	0
59	97	1
59	98	0
59	99	0
59	100	0
59	101	1
59	102	0
59	103	1
59	104	0
59	105	1
59	106	1
59	107	1
59	108	0
59	109	1
59	110	0
59	111	1
59	112	1
59	113	1
59	114	1
59	115	0
59	116	0
59	117	1
59	118	0
59	119	1
59	120	1
59	121	0
59	122	0
59	123	0
59	124	1
59	125	0
59	126	0
59	127	1
59	128	0
59	129	1
59	130	0
60	61	0
60	62	0
60	63	0
60	64	0
60	65	0
60	66	0
60	67	0
60	68	1
60	69	0
60	70	0
60	71	0
60	72	1
60	73	1
60	74	1
60	75	1
60	76	1
60	77	1
60	78	1
60	79	0
60	80	0
60	81	0
60	82	1
60	83	0
60	84	1
60	85	0
60	86	0
60	87	1
60	88	1
60	89	1
60	90	1
60	91	1
60	92	0
60	93	1
60	94	1
60	95	1
60	96	0
60	97	1
60	98	0
60	99	1
60	100	0
60	101	1
60	102	0
60	103	0
60	104	0
60	105	0
60	106	0
60	107	0
60	108	0
60	109	1
60	110	0
60	111	1
60	112	0
60	113	0
60	114	1
60	115	1
60	116	1
60	117	0
60	118	0
60	119	0
60	120	1
60	121	0
60	122	1
60	123	0
60	124	0
60	125	0
60	126	1
60	127	0
60	128	1
60	129	1
60	130	0
61	62	0
61	63	0
61	64	0
61	65	0
61	66	0
61	67	0
61	68	0
61	69	0
61	70	0
61	71	0
61	72	0
61	73	1
61	74	1
61	75	1
61	76	0
61	77	0
61	78	1
61	79	0
61	80	1
61	81	1
61	82	0
61	83	1
61	84	1
61	85	0
61	86	1
61	87	1
61	88	0
61	89	0
61	90	0
61	91	1
61	92	0
61	93	0
61	94	0
61	95	0
61	96	1
61	97	0
61	98	0
61	99	1
61	100	1
61	101	1
61	102	0
61	103	1
61	104	0
61	105	0
61	106	0
61	107	0
61	108	0
61	109	1
61	110	1
61	111	1
61	112	0
61	113	0
61	114	1
61	115	1
61	116	0
61	117	1
61	118	0
61	119	1
61	120	1
61	121	0
61	122	0
61	123	1
61	124	1
61	125	0
61	126	0
61	127	1
61	128	1
61	129	1
61	130	0
62	63	1
62	64	1
62	65	1
62	66	1
62	67	0
62	68	0
62	69	1
62	70	0
62	71	0
62	72	0
62	73	0
62	74	1
62	75	1
62	76	1
62	77	1
62	78	1
62	79	1
62	80	0
62	81	1
62	82	0
62	83	1
62	84	1
62	85	1
62	86	1
62	87	0
62	88	1
62	89	0
62	90	1
62	91	0
62	92	1
62	93	0
62	94	0
62	95	1
62	96	0
62	97	0
62	98	1
62	99	0
62	100	1
62	101	0
62	102	0
62	103	1
62	104	0
62	105	0
62	106	1
62	107	0
62	108	1
62	109	1
62	110	0
62	111	0
62	112	1
62	113	0
62	114	0
62	115	0
62	116	0
62	117	1
62	118	0
62	119	1
62	120	0
62	121	0
62	122	0
62	123	0
62	124	0
62	125	1
62	126	1
62	127	0
62	128	1
62	129	0
62	130	0
63	64	0
63	65	0
63	66	0
63	67	1
63	68	0
63	69	1
63	70	0
63	71	1
63	72	0
63	73	0
63	74	0
63	75	0
63	76	0
63	77	1
63	78	1
63	79	0
63	80	0
63	81	1
63	82	0
63	83	0
63	84	1
63	85	1
63	86	1
63	87	1
63	88	1
63	89	1
63	90	1
63	91	0
63	92	0
63	93	1
63	94	1
63	95	1
63	96	1
63	97	0
63	98	0
63	99	1
63	100	0
63	101	0
63	102	1
63	103	1
63	104	1
63	105	0
63	106	1
63	107	0
63	108	1
63	109	0
63	110	0
63	111	1
63	112	1
63	113	1
63	114	1
63	115	0
63	116	0
63	117	1
63	118	1
63	119	1
63	120	1
63	121	1
63	122	1
63	123	1
63	124	1
63	125	1
63	126	1
63	127	0
63	128	0
63	129	0
63	130	0
64	65	0
64	66	1
64	67	1
64	68	1
64	69	1
64	70	1
64	71	1
64	72	0
64	73	1
64	74	1
64	75	0
64	76	0
64	77	1
64	78	0
64	79	1
64	80	0
64	81	1
64	82	0
64	83	1
64	84	1
64	85	1
64	86	1
64	87	1
64	88	0
64	89	0
64	90	0
64	91	1
64	92	1
64	93	0
64	94	1
64	95	0
64	96	1
64	97	0
64	98	1
64	99	0
64	100	1
64	101	1
64	102	0
64	103	0
64	104	0
64	105	0
64	106	1
64	107	1
64	108	1
64	109	0
64	110	1
64	111	0
64	112	1
64	113	1
64	114	0
64	115	0
64	116	0
64	117	1
64	118	1
64	119	0
64	120	0
64	121	0
64	122	0
64	123	1
64	124	0
64	125	0
64	126	0
64	127	0
64	128	1
64	129	1
64	130	0
65	66	1
65	67	0
65	68	0
65	69	0
65	70	0
65	71	0
65	72	1
65	73	1
65	74	0
65	75	0
65	76	0
65	77	0
65	78	1
65	79	0
65	80	1
65	81	1
65	82	1
65	83	0
65	84	0
65	85	0
65	86	1
65	87	1
65	88	1
65	89	0
65	90	1
65	91	0
65	92	1
65	93	1
65	94	0
65	95	1
65	96	1
65	97	1
65	98	0
65	99	0
65	100	0
65	101	1
65	102	1
65	103	0
65	104	1
65	105	0
65	106	1
65	107	0
65	108	0
65	109	1
65	110	0
65	111	0
65	112	1
65	113	0
65	114	1
65	115	1
65	116	0
65	117	1
65	118	1
65	119	0
65	120	1
65	121	0
65	122	1
65	123	0
65	124	1
65	125	1
65	126	0
65	127	1
65	128	0
65	129	1
65	130	0
66	67	1
66	68	1
66	69	0
66	70	0
66	71	0
66	72	0
66	73	0
66	74	0
66	75	0
66	76	0
66	77	0
66	78	0
66	79	1
66	80	1
66	81	1
66	82	0
66	83	1
66	84	0
66	85	0
66	86	1
66	87	0
66	88	1
66	89	1
66	90	1
66	91	0
66	92	0
66	93	0
66	94	1
66	95	1
66	96	1
66	97	1
66	98	1
66	99	1
66	100	0
66	101	0
66	102	1
66	103	1
66	104	1
66	105	0
66	106	1
66	107	0
66	108	1
66	109	1
66	110	0
66	111	0
66	112	1
66	113	0
66	114	1
66	115	1
66	116	0
66	117	1
66	118	1
66	119	1
66	120	0
66	121	0
66	122	1
66	123	1
66	124	0
66	125	1
66	126	1
66	127	0
66	128	1
66	129	1
66	130	1
67	68	0
67	69	0
67	70	0
67	71	1
67	72	1
67	73	1
67	74	1
67	75	0
67	76	0
67	77	0
67	78	1
67	79	0
67	80	1
67	81	1
67	82	0
67	83	1
67	84	0
67	85	0
67	86	1
67	87	0
67	88	0
67	89	0
67	90	1
67	91	1
67	92	1
67	93	0
67	94	1
67	95	1
67	96	0
67	97	1
67	98	0
67	99	0
67	100	1
67	101	0
67	102	0
67	103	0
67	104	1
67	105	0
67	106	1
67	107	1
67	108	0
67	109	1
67	110	1
67	111	0
67	112	0
67	113	0
67	114	0
67	115	1
67	116	1
67	117	0
67	118	1
67	119	1
67	120	0
67	121	1
67	122	0
67	123	0
67	124	0
67	125	1
67	126	1
67	127	1
67	128	0
67	129	1
67	130	1
68	69	0
68	70	1
68	71	0
68	72	0
68	73	1
68	74	1
68	75	1
68	76	0
68	77	0
68	78	0
68	79	1
68	80	0
68	81	1
68	82	0
68	83	1
68	84	1
68	85	1
68	86	1
68	87	0
68	88	0
68	89	0
68	90	0
68	91	1
68	92	1
68	93	0
68	94	1
68	95	0
68	96	1
68	97	0
68	98	0
68	99	0
68	100	1
68	101	1
68	102	1
68	103	1
68	104	0
68	105	1
68	106	1
68	107	1
68	108	0
68	109	0
68	110	0
68	111	1
68	112	0
68	113	1
68	114	0
68	115	1
68	116	0
68	117	0
68	118	1
68	119	0
68	120	1
68	121	0
68	122	0
68	123	1
68	124	0
68	125	1
68	126	1
68	127	1
68	128	0
68	129	0
68	130	1
69	70	0
69	71	1
69	72	0
69	73	0
69	74	0
69	75	0
69	76	1
69	77	1
69	78	1
69	79	0
69	80	0
69	81	0
69	82	1
69	83	0
69	84	1
69	85	1
69	86	1
69	87	1
69	88	1
69	89	0
69	90	0
69	91	1
69	92	0
69	93	0
69	94	0
69	95	1
69	96	1
69	97	1
69	98	0
69	99	0
69	100	0
69	101	1
69	102	1
69	103	1
69	104	1
69	105	0
69	106	0
69	107	0
69	108	0
69	109	0
69	110	0
69	111	1
69	112	0
69	113	0
69	114	0
69	115	1
69	116	1
69	117	0
69	118	0
69	119	0
69	120	0
69	121	1
69	122	1
69	123	1
69	124	1
69	125	0
69	126	1
69	127	1
69	128	0
69	129	0
69	130	0
70	71	1
70	72	1
70	73	1
70	74	1
70	75	1
70	76	1
70	77	1
70	78	1
70	79	1
70	80	1
70	81	0
70	82	1
70	83	1
70	84	0
70	85	1
70	86	1
70	87	1
70	88	0
70	89	0
70	90	1
70	91	1
70	92	1
70	93	1
70	94	0
70	95	0
70	96	0
70	97	0
70	98	1
70	99	0
70	100	1
70	101	0
70	102	1
70	103	1
70	104	0
70	105	0
70	106	1
70	107	1
70	108	1
70	109	0
70	110	1
70	111	0
70	112	1
70	113	1
70	114	0
70	115	1
70	116	1
70	117	0
70	118	1
70	119	0
70	120	1
70	121	0
70	122	1
70	123	0
70	124	1
70	125	0
70	126	1
70	127	1
70	128	1
70	129	0
70	130	0
71	72	1
71	73	0
71	74	1
71	75	1
71	76	1
71	77	0
71	78	0
71	79	1
71	80	0
71	81	0
71	82	1
71	83	1
71	84	0
71	85	1
71	86	1
71	87	0
71	88	0
71	89	1
71	90	1
71	91	1
71	92	0
71	93	0
71	94	0
71	95	0
71	96	1
71	97	0
71	98	1
71	99	1
71	100	0
71	101	0
71	102	1
71	103	1
71	104	1
71	105	1
71	106	0
71	107	0
71	108	1
71	109	0
71	110	1
71	111	0
71	112	0
71	113	0
71	114	0
71	115	1
71	116	0
71	117	1
71	118	1
71	119	1
71	120	0
71	121	0
71	122	0
71	123	1
71	124	1
71	125	1
71	126	1
71	127	0
71	128	1
71	129	0
71	130	1
72	73	1
72	74	0
72	75	1
72	76	1
72	77	0
72	78	0
72	79	1
72	80	0
72	81	0
72	82	1
72	83	0
72	84	1
72	85	0
72	86	1
72	87	1
72	88	1
72	89	1
72	90	1
72	91	1
72	92	0
72	93	0
72	94	0
72	95	0
72	96	1
72	97	1
72	98	0
72	99	1
72	100	1
72	101	0
72	102	1
72	103	0
72	104	0
72	105	1
72	106	1
72	107	1
72	108	0
72	109	1
72	110	0
72	111	0
72	112	1
72	113	0
72	114	0
72	115	0
72	116	0
72	117	1
72	118	1
72	119	0
72	120	0
72	121	0
72	122	1
72	123	0
72	124	1
72	125	0
72	126	1
72	127	1
72	128	1
72	129	1
72	130	1
73	74	1
73	75	1
73	76	0
73	77	0
73	78	0
73	79	1
73	80	1
73	81	0
73	82	0
73	83	0
73	84	0
73	85	1
73	86	0
73	87	1
73	88	0
73	89	1
73	90	1
73	91	1
73	92	0
73	93	1
73	94	0
73	95	1
73	96	1
73	97	1
73	98	1
73	99	1
73	100	1
73	101	0
73	102	1
73	103	1
73	104	1
73	105	0
73	106	0
73	107	1
73	108	1
73	109	1
73	110	1
73	111	0
73	112	1
73	113	0
73	114	0
73	115	0
73	116	0
73	117	1
73	118	1
73	119	0
73	120	1
73	121	1
73	122	1
73	123	0
73	124	1
73	125	1
73	126	1
73	127	0
73	128	0
73	129	0
73	130	0
74	75	0
74	76	0
74	77	1
74	78	1
74	79	1
74	80	1
74	81	1
74	82	0
74	83	1
74	84	1
74	85	1
74	86	0
74	87	1
74	88	0
74	89	0
74	90	0
74	91	0
74	92	1
74	93	0
74	94	1
74	95	1
74	96	0
74	97	0
74	98	0
74	99	0
74	100	1
74	101	0
74	102	0
74	103	0
74	104	1
74	105	0
74	106	0
74	107	1
74	108	0
74	109	1
74	110	1
74	111	1
74	112	1
74	113	1
74	114	1
74	115	1
74	116	0
74	117	1
74	118	1
74	119	1
74	120	0
74	121	0
74	122	1
74	123	1
74	124	1
74	125	1
74	126	1
74	127	0
74	128	0
74	129	0
74	130	1
75	76	0
75	77	1
75	78	1
75	79	1
75	80	1
75	81	0
75	82	1
75	83	1
75	84	0
75	85	0
75	86	0
75	87	0
75	88	0
75	89	1
75	90	1
75	91	0
75	92	1
75	93	0
75	94	1
75	95	1
75	96	0
75	97	1
75	98	1
75	99	0
75	100	1
75	101	1
75	102	1
75	103	0
75	104	1
75	105	1
75	106	1
75	107	1
75	108	0
75	109	1
75	110	1
75	111	0
75	112	0
75	113	0
75	114	1
75	115	1
75	116	0
75	117	0
75	118	1
75	119	1
75	120	0
75	121	1
75	122	1
75	123	1
75	124	1
75	125	1
75	126	1
75	127	0
75	128	0
75	129	1
75	130	1
76	77	0
76	78	0
76	79	1
76	80	0
76	81	1
76	82	1
76	83	0
76	84	0
76	85	1
76	86	1
76	87	1
76	88	0
76	89	0
76	90	0
76	91	1
76	92	1
76	93	0
76	94	1
76	95	1
76	96	0
76	97	0
76	98	1
76	99	0
76	100	1
76	101	0
76	102	1
76	103	0
76	104	0
76	105	1
76	106	1
76	107	1
76	108	1
76	109	0
76	110	1
76	111	1
76	112	0
76	113	1
76	114	0
76	115	1
76	116	0
76	117	0
76	118	0
76	119	0
76	120	1
76	121	1
76	122	1
76	123	1
76	124	0
76	125	1
76	126	0
76	127	1
76	128	0
76	129	1
76	130	1
77	78	0
77	79	0
77	80	0
77	81	0
77	82	0
77	83	0
77	84	0
77	85	1
77	86	1
77	87	0
77	88	0
77	89	1
77	90	1
77	91	1
77	92	0
77	93	1
77	94	1
77	95	0
77	96	1
77	97	0
77	98	1
77	99	1
77	100	0
77	101	1
77	102	0
77	103	0
77	104	1
77	105	1
77	106	0
77	107	1
77	108	0
77	109	1
77	110	0
77	111	1
77	112	0
77	113	0
77	114	0
77	115	0
77	116	1
77	117	1
77	118	0
77	119	0
77	120	0
77	121	0
77	122	1
77	123	0
77	124	1
77	125	1
77	126	1
77	127	0
77	128	1
77	129	1
77	130	0
78	79	0
78	80	0
78	81	1
78	82	1
78	83	1
78	84	0
78	85	0
78	86	1
78	87	0
78	88	1
78	89	1
78	90	1
78	91	0
78	92	1
78	93	0
78	94	1
78	95	0
78	96	1
78	97	1
78	98	1
78	99	1
78	100	0
78	101	1
78	102	0
78	103	1
78	104	1
78	105	1
78	106	1
78	107	0
78	108	1
78	109	0
78	110	1
78	111	0
78	112	0
78	113	0
78	114	0
78	115	0
78	116	1
78	117	0
78	118	0
78	119	0
78	120	1
78	121	1
78	122	1
78	123	1
78	124	0
78	125	1
78	126	0
78	127	1
78	128	1
78	129	1
78	130	1
79	80	1
79	81	0
79	82	1
79	83	1
79	84	0
79	85	0
79	86	1
79	87	0
79	88	1
79	89	0
79	90	0
79	91	0
79	92	0
79	93	0
79	94	1
79	95	0
79	96	1
79	97	1
79	98	0
79	99	0
79	100	0
79	101	0
79	102	0
79	103	1
79	104	1
79	105	0
79	106	0
79	107	1
79	108	0
79	109	0
79	110	1
79	111	1
79	112	1
79	113	1
79	114	1
79	115	1
79	116	1
79	117	1
79	118	1
79	119	0
79	120	1
79	121	1
79	122	1
79	123	1
79	124	1
79	125	1
79	126	1
79	127	0
79	128	1
79	129	0
79	130	0
80	81	1
80	82	0
80	83	1
80	84	1
80	85	1
80	86	1
80	87	0
80	88	0
80	89	0
80	90	0
80	91	0
80	92	0
80	93	1
80	94	0
80	95	0
80	96	0
80	97	1
80	98	0
80	99	0
80	100	1
80	101	1
80	102	1
80	103	0
80	104	0
80	105	1
80	106	0
80	107	1
80	108	0
80	109	0
80	110	1
80	111	0
80	112	0
80	113	1
80	114	0
80	115	1
80	116	0
80	117	1
80	118	1
80	119	0
80	120	1
80	121	0
80	122	1
80	123	1
80	124	0
80	125	1
80	126	1
80	127	1
80	128	1
80	129	0
80	130	1
81	82	0
81	83	0
81	84	0
81	85	1
81	86	1
81	87	0
81	88	0
81	89	0
81	90	1
81	91	1
81	92	1
81	93	1
81	94	1
81	95	1
81	96	1
81	97	1
81	98	0
81	99	0
81	100	1
81	101	1
81	102	1
81	103	0
81	104	1
81	105	1
81	106	0
81	107	1
81	108	1
81	109	0
81	110	1
81	111	1
81	112	1
81	113	1
81	114	1
81	115	1
81	116	0
81	117	0
81	118	0
81	119	0
81	120	0
81	121	1
81	122	1
81	123	0
81	124	1
81	125	1
81	126	0
81	127	0
81	128	1
81	129	0
81	130	0
82	83	1
82	84	0
82	85	1
82	86	0
82	87	1
82	88	1
82	89	1
82	90	0
82	91	0
82	92	1
82	93	1
82	94	1
82	95	0
82	96	0
82	97	0
82	98	0
82	99	0
82	100	0
82	101	1
82	102	0
82	103	1
82	104	0
82	105	0
82	106	0
82	107	0
82	108	0
82	109	1
82	110	0
82	111	1
82	112	0
82	113	1
82	114	1
82	115	1
82	116	1
82	117	1
82	118	1
82	119	0
82	120	0
82	121	0
82	122	0
82	123	0
82	124	1
82	125	0
82	126	1
82	127	1
82	128	0
82	129	1
82	130	0
83	84	1
83	85	0
83	86	0
83	87	1
83	88	0
83	89	1
83	90	1
83	91	0
83	92	0
83	93	1
83	94	0
83	95	1
83	96	1
83	97	0
83	98	1
83	99	1
83	100	1
83	101	0
83	102	1
83	103	0
83	104	1
83	105	1
83	106	0
83	107	1
83	108	0
83	109	0
83	110	0
83	111	0
83	112	0
83	113	0
83	114	0
83	115	1
83	116	0
83	117	0
83	118	0
83	119	0
83	120	0
83	121	1
83	122	0
83	123	1
83	124	0
83	125	1
83	126	1
83	127	0
83	128	0
83	129	0
83	130	1
84	85	0
84	86	0
84	87	0
84	88	0
84	89	0
84	90	0
84	91	0
84	92	1
84	93	1
84	94	0
84	95	0
84	96	1
84	97	1
84	98	0
84	99	1
84	100	0
84	101	1
84	102	1
84	103	0
84	104	1
84	105	0
84	106	1
84	107	1
84	108	0
84	109	0
84	110	0
84	111	1
84	112	1
84	113	0
84	114	1
84	115	1
84	116	0
84	117	1
84	118	1
84	119	1
84	120	0
84	121	0
84	122	1
84	123	0
84	124	1
84	125	1
84	126	1
84	127	0
84	128	1
84	129	0
84	130	0
85	86	1
85	87	0
85	88	1
85	89	0
85	90	1
85	91	0
85	92	1
85	93	0
85	94	1
85	95	0
85	96	0
85	97	1
85	98	0
85	99	0
85	100	1
85	101	0
85	102	0
85	103	0
85	104	0
85	105	0
85	106	0
85	107	1
85	108	0
85	109	1
85	110	0
85	111	0
85	112	0
85	113	0
85	114	0
85	115	0
85	116	0
85	117	1
85	118	0
85	119	1
85	120	1
85	121	0
85	122	1
85	123	1
85	124	1
85	125	1
85	126	0
85	127	0
85	128	0
85	129	1
85	130	1
86	87	1
86	88	0
86	89	0
86	90	1
86	91	0
86	92	1
86	93	0
86	94	0
86	95	0
86	96	1
86	97	1
86	98	0
86	99	0
86	100	1
86	101	1
86	102	1
86	103	0
86	104	1
86	105	0
86	106	1
86	107	1
86	108	0
86	109	0
86	110	0
86	111	0
86	112	0
86	113	1
86	114	0
86	115	1
86	116	0
86	117	0
86	118	1
86	119	0
86	120	0
86	121	1
86	122	1
86	123	1
86	124	0
86	125	1
86	126	0
86	127	0
86	128	1
86	129	1
86	130	0
87	88	0
87	89	0
87	90	1
87	91	1
87	92	0
87	93	1
87	94	1
87	95	0
87	96	1
87	97	1
87	98	0
87	99	1
87	100	0
87	101	0
87	102	0
87	103	0
87	104	0
87	105	0
87	106	1
87	107	1
87	108	0
87	109	1
87	110	0
87	111	0
87	112	1
87	113	0
87	114	0
87	115	1
87	116	1
87	117	1
87	118	1
87	119	1
87	120	0
87	121	0
87	122	1
87	123	0
87	124	1
87	125	1
87	126	0
87	127	1
87	128	1
87	129	0
87	130	1
88	89	0
88	90	1
88	91	1
88	92	0
88	93	1
88	94	0
88	95	1
88	96	0
88	97	0
88	98	1
88	99	0
88	100	0
88	101	0
88	102	0
88	103	0
88	104	1
88	105	1
88	106	1
88	107	0
88	108	0
88	109	0
88	110	0
88	111	0
88	112	1
88	113	0
88	114	0
88	115	0
88	116	0
88	117	1
88	118	0
88	119	0
88	120	0
88	121	1
88	122	1
88	123	1
88	124	1
88	125	1
88	126	1
88	127	0
88	128	1
88	129	1
88	130	0
89	90	0
89	91	0
89	92	0
89	93	0
89	94	1
89	95	1
89	96	0
89	97	0
89	98	1
89	99	1
89	100	0
89	101	0
89	102	1
89	103	0
89	104	0
89	105	0
89	106	0
89	107	0
89	108	1
89	109	0
89	110	1
89	111	0
89	112	0
89	113	0
89	114	0
89	115	0
89	116	1
89	117	1
89	118	0
89	119	0
89	120	1
89	121	1
89	122	0
89	123	1
89	124	1
89	125	0
89	126	1
89	127	0
89	128	0
89	129	0
89	130	0
90	91	0
90	92	1
90	93	0
90	94	1
90	95	0
90	96	0
90	97	1
90	98	1
90	99	0
90	100	1
90	101	0
90	102	1
90	103	1
90	104	1
90	105	1
90	106	0
90	107	1
90	108	0
90	109	0
90	110	1
90	111	1
90	112	0
90	113	1
90	114	0
90	115	1
90	116	1
90	117	0
90	118	1
90	119	1
90	120	1
90	121	1
90	122	0
90	123	0
90	124	1
90	125	0
90	126	0
90	127	0
90	128	0
90	129	1
90	130	0
91	92	0
91	93	1
91	94	0
91	95	0
91	96	0
91	97	1
91	98	0
91	99	0
91	100	1
91	101	1
91	102	0
91	103	1
91	104	0
91	105	1
91	106	1
91	107	1
91	108	1
91	109	0
91	110	1
91	111	0
91	112	0
91	113	0
91	114	1
91	115	0
91	116	1
91	117	1
91	118	0
91	119	0
91	120	0
91	121	1
91	122	1
91	123	0
91	124	1
91	125	1
91	126	1
91	127	1
91	128	1
91	129	0
91	130	0
92	93	1
92	94	0
92	95	0
92	96	1
92	97	1
92	98	0
92	99	1
92	100	0
92	101	0
92	102	0
92	103	1
92	104	1
92	105	1
92	106	1
92	107	0
92	108	1
92	109	0
92	110	1
92	111	0
92	112	0
92	113	0
92	114	1
92	115	1
92	116	0
92	117	1
92	118	0
92	119	1
92	120	0
92	121	0
92	122	0
92	123	1
92	124	1
92	125	1
92	126	1
92	127	1
92	128	1
92	129	1
92	130	1
93	94	1
93	95	0
93	96	0
93	97	1
93	98	1
93	99	1
93	100	1
93	101	1
93	102	0
93	103	1
93	104	0
93	105	0
93	106	1
93	107	0
93	108	1
93	109	1
93	110	0
93	111	0
93	112	1
93	113	1
93	114	0
93	115	1
93	116	1
93	117	1
93	118	0
93	119	0
93	120	1
93	121	0
93	122	1
93	123	0
93	124	1
93	125	1
93	126	1
93	127	0
93	128	0
93	129	0
93	130	1
94	95	1
94	96	1
94	97	0
94	98	0
94	99	1
94	100	0
94	101	0
94	102	1
94	103	0
94	104	1
94	105	0
94	106	1
94	107	1
94	108	1
94	109	1
94	110	1
94	111	1
94	112	1
94	113	0
94	114	1
94	115	1
94	116	0
94	117	1
94	118	1
94	119	0
94	120	1
94	121	0
94	122	0
94	123	0
94	124	0
94	125	0
94	126	1
94	127	0
94	128	0
94	129	0
94	130	0
95	96	0
95	97	0
95	98	0
95	99	1
95	100	1
95	101	1
95	102	1
95	103	0
95	104	1
95	105	1
95	106	1
95	107	1
95	108	1
95	109	0
95	110	1
95	111	1
95	112	1
95	113	0
95	114	1
95	115	0
95	116	0
95	117	1
95	118	0
95	119	1
95	120	0
95	121	1
95	122	0
95	123	1
95	124	1
95	125	1
95	126	0
95	127	0
95	128	1
95	129	0
95	130	1
96	97	1
96	98	1
96	99	0
96	100	0
96	101	0
96	102	0
96	103	1
96	104	0
96	105	1
96	106	1
96	107	0
96	108	1
96	109	0
96	110	1
96	111	1
96	112	0
96	113	1
96	114	0
96	115	0
96	116	1
96	117	1
96	118	0
96	119	1
96	120	0
96	121	0
96	122	1
96	123	1
96	124	1
96	125	1
96	126	0
96	127	1
96	128	0
96	129	1
96	130	0
97	98	1
97	99	0
97	100	1
97	101	0
97	102	1
97	103	1
97	104	1
97	105	1
97	106	1
97	107	1
97	108	1
97	109	0
97	110	0
97	111	1
97	112	0
97	113	1
97	114	1
97	115	0
97	116	0
97	117	1
97	118	0
97	119	0
97	120	0
97	121	1
97	122	0
97	123	0
97	124	1
97	125	1
97	126	1
97	127	1
97	128	0
97	129	1
97	130	1
98	99	1
98	100	0
98	101	1
98	102	0
98	103	0
98	104	0
98	105	1
98	106	1
98	107	1
98	108	0
98	109	1
98	110	1
98	111	1
98	112	1
98	113	1
98	114	0
98	115	0
98	116	0
98	117	1
98	118	0
98	119	1
98	120	0
98	121	0
98	122	1
98	123	0
98	124	0
98	125	0
98	126	0
98	127	1
98	128	0
98	129	0
98	130	1
99	100	0
99	101	0
99	102	0
99	103	1
99	104	0
99	105	0
99	106	0
99	107	0
99	108	1
99	109	0
99	110	0
99	111	0
99	112	0
99	113	0
99	114	1
99	115	0
99	116	0
99	117	1
99	118	0
99	119	1
99	120	1
99	121	1
99	122	0
99	123	0
99	124	1
99	125	0
99	126	1
99	127	0
99	128	1
99	129	1
99	130	1
100	101	1
100	102	0
100	103	0
100	104	0
100	105	0
100	106	0
100	107	0
100	108	1
100	109	0
100	110	0
100	111	0
100	112	0
100	113	0
100	114	1
100	115	0
100	116	1
100	117	0
100	118	0
100	119	1
100	120	0
100	121	1
100	122	0
100	123	1
100	124	0
100	125	1
100	126	0
100	127	0
100	128	1
100	129	0
100	130	0
101	102	1
101	103	1
101	104	1
101	105	1
101	106	0
101	107	0
101	108	1
101	109	1
101	110	0
101	111	1
101	112	1
101	113	0
101	114	0
101	115	0
101	116	1
101	117	0
101	118	0
101	119	1
101	120	0
101	121	1
101	122	1
101	123	0
101	124	0
101	125	1
101	126	0
101	127	1
101	128	0
101	129	1
101	130	1
102	103	0
102	104	1
102	105	0
102	106	0
102	107	1
102	108	0
102	109	1
102	110	1
102	111	1
102	112	0
102	113	1
102	114	0
102	115	0
102	116	1
102	117	0
102	118	0
102	119	1
102	120	0
102	121	0
102	122	1
102	123	0
102	124	0
102	125	0
102	126	0
102	127	0
102	128	1
102	129	1
102	130	0
103	104	0
103	105	1
103	106	1
103	107	0
103	108	1
103	109	1
103	110	0
103	111	1
103	112	0
103	113	1
103	114	0
103	115	1
103	116	1
103	117	1
103	118	0
103	119	0
103	120	0
103	121	0
103	122	0
103	123	1
103	124	0
103	125	1
103	126	1
103	127	0
103	128	0
103	129	1
103	130	0
104	105	0
104	106	1
104	107	0
104	108	0
104	109	1
104	110	0
104	111	1
104	112	1
104	113	0
104	114	0
104	115	1
104	116	1
104	117	0
104	118	0
104	119	0
104	120	1
104	121	0
104	122	0
104	123	1
104	124	0
104	125	0
104	126	0
104	127	1
104	128	0
104	129	0
104	130	0
105	106	1
105	107	0
105	108	1
105	109	1
105	110	0
105	111	0
105	112	0
105	113	1
105	114	1
105	115	0
105	116	0
105	117	1
105	118	0
105	119	1
105	120	1
105	121	1
105	122	1
105	123	0
105	124	1
105	125	0
105	126	0
105	127	0
105	128	1
105	129	1
105	130	0
106	107	1
106	108	1
106	109	0
106	110	0
106	111	1
106	112	1
106	113	1
106	114	0
106	115	0
106	116	0
106	117	0
106	118	0
106	119	1
106	120	0
106	121	1
106	122	1
106	123	0
106	124	0
106	125	1
106	126	1
106	127	0
106	128	1
106	129	0
106	130	0
107	108	0
107	109	1
107	110	1
107	111	1
107	112	0
107	113	1
107	114	0
107	115	0
107	116	0
107	117	0
107	118	0
107	119	1
107	120	1
107	121	0
107	122	1
107	123	0
107	124	0
107	125	1
107	126	0
107	127	0
107	128	1
107	129	0
107	130	1
108	109	1
108	110	1
108	111	1
108	112	0
108	113	1
108	114	0
108	115	1
108	116	1
108	117	1
108	118	0
108	119	1
108	120	1
108	121	1
108	122	0
108	123	1
108	124	1
108	125	1
108	126	0
108	127	1
108	128	0
108	129	0
108	130	0
109	110	0
109	111	1
109	112	1
109	113	1
109	114	0
109	115	0
109	116	0
109	117	0
109	118	0
109	119	1
109	120	1
109	121	1
109	122	1
109	123	0
109	124	0
109	125	0
109	126	0
109	127	1
109	128	0
109	129	0
109	130	1
110	111	0
110	112	1
110	113	0
110	114	1
110	115	1
110	116	1
110	117	1
110	118	0
110	119	0
110	120	1
110	121	0
110	122	0
110	123	0
110	124	0
110	125	1
110	126	0
110	127	1
110	128	1
110	129	0
110	130	0
111	112	1
111	113	1
111	114	0
111	115	0
111	116	0
111	117	0
111	118	0
111	119	1
111	120	0
111	121	0
111	122	0
111	123	0
111	124	1
111	125	0
111	126	0
111	127	1
111	128	1
111	129	0
111	130	1
112	113	1
112	114	0
112	115	0
112	116	1
112	117	0
112	118	0
112	119	1
112	120	1
112	121	1
112	122	1
112	123	0
112	124	1
112	125	1
112	126	0
112	127	1
112	128	1
112	129	0
112	130	1
113	114	1
113	115	0
113	116	1
113	117	0
113	118	0
113	119	0
113	120	0
113	121	1
113	122	0
113	123	1
113	124	1
113	125	0
113	126	0
113	127	0
113	128	0
113	129	1
113	130	1
114	115	0
114	116	1
114	117	1
114	118	0
114	119	1
114	120	1
114	121	1
114	122	1
114	123	1
114	124	0
114	125	1
114	126	1
114	127	1
114	128	0
114	129	0
114	130	0
115	116	0
115	117	0
115	118	1
115	119	0
115	120	1
115	121	1
115	122	0
115	123	0
115	124	1
115	125	0
115	126	1
115	127	1
115	128	1
115	129	0
115	130	0
116	117	0
116	118	1
116	119	0
116	120	1
116	121	0
116	122	1
116	123	0
116	124	0
116	125	1
116	126	1
116	127	0
116	128	1
116	129	1
116	130	1
117	118	0
117	119	0
117	120	0
117	121	0
117	122	0
117	123	1
117	124	1
117	125	1
117	126	0
117	127	0
117	128	1
117	129	1
117	130	0
118	119	1
118	120	0
118	121	0
118	122	1
118	123	1
118	124	1
118	125	0
118	126	0
118	127	0
118	128	0
118	129	0
118	130	0
119	120	0
119	121	1
119	122	1
119	123	0
119	124	0
119	125	1
119	126	1
119	127	0
119	128	1
119	129	1
119	130	0
120	121	1
120	122	1
120	123	0
120	124	1
120	125	0
120	126	0
120	127	1
120	128	0
120	129	0
120	130	0
121	122	0
121	123	0
121	124	1
121	125	0
121	126	1
121	127	1
121	128	1
121	129	1
121	130	1
122	123	0
122	124	1
122	125	1
122	126	1
122	127	0
122	128	0
122	129	0
122	130	1
123	124	0
123	125	1
123	126	1
123	127	1
123	128	1
123	129	1
123	130	1
124	125	1
124	126	0
124	127	0
124	128	1
124	129	0
124	130	0
125	126	0
125	127	0
125	128	0
125	129	1
125	130	0
126	127	0
126	128	1
126	129	0
126	130	0
127	128	1
127	129	0
127	130	1
128	129	0
128	130	0
129	130	0
