130	8385	0
1	2	1
1	3	0
1	4	0
1	5	0
1	6	1
1	7	1
1	8	0
1	9	1
1	10	1
1	11	0
1	12	0
1	13	1
1	14	1
1	15	1
1	16	1
1	17	1
1	18	0
1	19	1
1	20	1
1	21	1
1	22	0
1	23	1
1	24	1
1	25	1
1	26	0
1	27	1
1	28	1
1	29	1
1	30	0
1	31	1
1	32	0
1	33	0
1	34	0
1	35	0
1	36	0
1	37	1
1	38	1
1	39	1
1	40	0
1	41	1
1	42	1
1	43	0
1	44	1
1	45	0
1	46	0
1	47	1
1	48	0
1	49	1
1	50	0
1	51	0
1	52	0
1	53	0
1	54	0
1	55	1
1	56	0
1	57	0
1	58	1
1	59	1
1	60	1
1	61	1
1	62	0
1	63	1
1	64	0
1	65	1
1	66	0
1	67	0
1	68	0
1	69	0
1	70	1
1	71	1
1	72	0
1	73	1
1	74	1
1	75	0
1	76	0
1	77	0
1	78	0
1	79	0
1	80	1
1	81	0
1	82	1
1	83	1
1	84	0
1	85	1
1	86	0
1	87	0
1	88	1
1	89	0
1	90	0
1	91	0
1	92	0
1	93	1
1	94	0
1	95	1
1	96	0
1	97	1
1	98	0
1	99	0
1	100	1
1	101	0
1	102	1
1	103	1
1	104	0
1	105	1
1	106	1
1	107	0
1	108	1
1	109	1
1	110	0
1	111	1
1	112	1
1	113	1
1	114	0
1	115	1
1	116	1
1	117	1
1	118	1
1	119	0
1	120	0
1	121	0
1	122	0
1	123	0
1	124	1
1	125	0
1	126	1
1	127	1
1	128	1
1	129	1
1	130	0
2	3	1
2	4	1
2	5	1
2	6	0
2	7	1
2	8	0
2	9	0
2	10	0
2	11	1
2	12	0
2	13	1
2	14	1
2	15	1
2	16	0
2	17	1
2	18	0
2	19	1
2	20	1
2	21	1
2	22	0
2	23	0
2	24	0
2	25	0
2	26	0
2	27	1
2	28	0
2	29	0
2	30	1
2	31	1
2	32	1
2	33	1
2	34	1
2	35	1
2	36	0
2	37	0
2	38	1
2	39	0
2	40	1
2	41	1
2	42	1
2	43	1
2	44	0
2	45	1
2	46	0
2	47	0
2	48	1
2	49	1
2	50	1
2	51	1
2	52	1
2	53	1
2	54	0
2	55	1
2	56	0
2	57	1
2	58	0
2	59	0
2	60	1
2	61	1
2	62	1
2	63	1
2	64	1
2	65	1
2	66	1
2	67	0
2	68	1
2	69	1
2	70	1
2	71	1
2	72	0
2	73	0
2	74	1
2	75	1
2	76	0
2	77	1
2	78	1
2	79	0
2	80	0
2	81	0
2	82	0
2	83	0
2	84	0
2	85	1
2	86	1
2	87	1
2	88	1
2	89	0
2	90	1
2	91	0
2	92	0
2	93	1
2	94	1
2	95	1
2	96	0
2	97	0
2	98	1
2	99	0
2	100	0
2	101	1
2	102	1
2	103	0
2	104	1
2	105	0
2	106	1
2	107	1
2	108	1
2	109	1
2	110	0
2	111	0
2	112	0
2	113	0
2	114	0
2	115	0
2	116	0
2	117	0
2	118	1
2	119	0
2	120	1
2	121	0
2	122	1
2	123	0
2	124	1
2	125	1
2	126	1
2	127	0
2	128	1
2	129	0
2	130	1
3	4	1
3	5	1
3	6	0
3	7	0
3	8	1
3	9	0
3	10	0
3	11	1
3	12	0
3	13	1
3	14	1
3	15	1
3	16	1
3	17	1
3	18	0
3	19	0
3	20	0
3	21	1
3	22	0
3	23	0
3	24	0
3	25	1
3	26	0
3	27	0
3	28	0
3	29	0
3	30	0
3	31	1
3	32	0
3	33	1
3	34	0
3	35	1
3	36	0
3	37	1
3	38	0
3	39	0
3	40	1
3	41	0
3	42	1
3	43	0
3	44	0
3	45	0
3	46	0
3	47	0
3	48	0
3	49	1
3	50	0
3	51	0
3	52	0
3	53	0
3	54	1
3	55	0
3	56	0
3	57	0
3	58	1
3	59	0
3	60	1
3	61	0
3	62	1
3	63	0
3	64	0
3	65	1
3	66	1
3	67	1
3	68	1
3	69	0
3	70	1
3	71	0
3	72	1
3	73	0
3	74	1
3	75	0
3	76	0
3	77	1
3	78	1
3	79	0
3	80	1
3	81	0
3	82	1
3	83	1
3	84	1
3	85	1
3	86	0
3	87	0
3	88	1
3	89	0
3	90	1
3	91	0
3	92	0
3	93	1
3	94	1
3	95	1
3	96	0
3	97	0
3	98	0
3	99	0
3	100	1
3	101	0
3	102	0
3	103	1
3	104	1
3	105	1
3	106	1
3	107	1
3	108	0
3	109	0
3	110	1
3	111	0
3	112	1
3	113	1
3	114	1
3	115	1
3	116	1
3	117	0
3	118	0
3	119	1
3	120	0
3	121	1
3	122	0
3	123	0
3	124	0
3	125	1
3	126	1
3	127	1
3	128	1
3	129	1
3	130	0
4	5	0
4	6	1
4	7	0
4	8	0
4	9	0
4	10	0
4	11	1
4	12	1
4	13	0
4	14	0
4	15	1
4	16	1
4	17	1
4	18	0
4	19	0
4	20	0
4	21	0
4	22	0
4	23	1
4	24	1
4	25	1
4	26	1
4	27	0
4	28	0
4	29	1
4	30	0
4	31	1
4	32	1
4	33	1
4	34	0
4	35	1
4	36	1
4	37	0
4	38	1
4	39	1
4	40	0
4	41	0
4	42	1
4	43	0
4	44	0
4	45	0
4	46	1
4	47	1
4	48	1
4	49	1
4	50	0
4	51	0
4	52	0
4	53	0
4	54	1
4	55	1
4	56	1
4	57	0
4	58	1
4	59	1
4	60	0
4	61	1
4	62	1
4	63	0
4	64	1
4	65	1
4	66	0
4	67	1
4	68	0
4	69	1
4	70	1
4	71	1
4	72	0
4	73	1
4	74	1
4	75	1
4	76	1
4	77	0
4	78	1
4	79	0
4	80	0
4	81	0
4	82	1
4	83	1
4	84	1
4	85	1
4	86	0
4	87	1
4	88	0
4	89	1
4	90	1
4	91	0
4	92	1
4	93	1
4	94	0
4	95	1
4	96	1
4	97	0
4	98	1
4	99	0
4	100	0
4	101	0
4	102	1
4	103	1
4	104	1
4	105	0
4	106	1
4	107	0
4	108	1
4	109	1
4	110	1
4	111	1
4	112	1
4	113	0
4	114	0
4	115	0
4	116	0
4	117	1
4	118	0
4	119	1
4	120	0
4	121	0
4	122	0
4	123	1
4	124	1
4	125	1
4	126	0
4	127	1
4	128	0
4	129	0
4	130	0
5	6	0
5	7	0
5	8	1
5	9	0
5	10	1
5	11	0
5	12	1
5	13	1
5	14	0
5	15	0
5	16	1
5	17	1
5	18	0
5	19	0
5	20	0
5	21	1
5	22	1
5	23	0
5	24	0
5	25	1
5	26	0
5	27	0
5	28	0
5	29	0
5	30	0
5	31	1
5	32	1
5	33	0
5	34	1
5	35	1
5	36	0
5	37	1
5	38	0
5	39	1
5	40	0
5	41	0
5	42	1
5	43	1
5	44	1
5	45	1
5	46	1
5	47	1
5	48	0
5	49	1
5	50	1
5	51	0
5	52	0
5	53	0
5	54	0
5	55	1
5	56	1
5	57	0
5	58	1
5	59	1
5	60	1
5	61	0
5	62	1
5	63	0
5	64	1
5	65	1
5	66	1
5	67	1
5	68	0
5	69	0
5	70	0
5	71	1
5	72	1
5	73	1
5	74	1
5	75	0
5	76	0
5	77	1
5	78	0
5	79	1
5	80	0
5	81	0
5	82	1
5	83	0
5	84	0
5	85	0
5	86	0
5	87	0
5	88	1
5	89	1
5	90	0
5	91	0
5	92	1
5	93	0
5	94	0
5	95	0
5	96	0
5	97	0
5	98	1
5	99	0
5	100	1
5	101	1
5	102	1
5	103	1
5	104	1
5	105	0
5	106	0
5	107	0
5	108	0
5	109	0
5	110	1
5	111	0
5	112	0
5	113	0
5	114	0
5	115	1
5	116	0
5	117	1
5	118	0
5	119	1
5	120	0
5	121	1
5	122	1
5	123	1
5	124	0
5	125	1
5	126	0
5	127	1
5	128	1
5	129	1
5	130	0
6	7	0
6	8	0
6	9	1
6	10	0
6	11	0
6	12	1
6	13	0
6	14	0
6	15	0
6	16	1
6	17	1
6	18	1
6	19	1
6	20	0
6	21	1
6	22	0
6	23	0
6	24	0
6	25	0
6	26	0
6	27	0
6	28	1
6	29	1
6	30	1
6	31	1
6	32	0
6	33	0
6	34	1
6	35	1
6	36	0
6	37	0
6	38	1
6	39	0
6	40	0
6	41	0
6	42	0
6	43	1
6	44	1
6	45	1
6	46	0
6	47	1
6	48	1
6	49	0
6	50	1
6	51	0
6	52	1
6	53	0
6	54	0
6	55	1
6	56	0
6	57	0
6	58	1
6	59	0
6	60	0
6	61	1
6	62	1
6	63	1
6	64	1
6	65	1
6	66	0
6	67	1
6	68	1
6	69	0
6	70	0
6	71	1
6	72	0
6	73	1
6	74	1
6	75	1
6	76	1
6	77	1
6	78	0
6	79	1
6	80	0
6	81	0
6	82	0
6	83	0
6	84	1
6	85	0
6	86	1
6	87	0
6	88	1
6	89	0
6	90	0
6	91	0
6	92	0
6	93	0
6	94	1
6	95	0
6	96	0
6	97	1
6	98	1
6	99	0
6	100	0
6	101	0
6	102	1
6	103	1
6	104	0
6	105	0
6	106	0
6	107	1
6	108	1
6	109	0
6	110	1
6	111	0
6	112	1
6	113	1
6	114	0
6	115	0
6	116	0
6	117	1
6	118	1
6	119	1
6	120	1
6	121	1
6	122	0
6	123	0
6	124	0
6	125	1
6	126	0
6	127	1
6	128	0
6	129	1
6	130	0
7	8	0
7	9	1
7	10	1
7	11	1
7	12	1
7	13	1
7	14	0
7	15	0
7	16	1
7	17	1
7	18	1
7	19	1
7	20	1
7	21	0
7	22	0
7	23	1
7	24	0
7	25	0
7	26	1
7	27	1
7	28	1
7	29	0
7	30	0
7	31	1
7	32	1
7	33	1
7	34	1
7	35	0
7	36	1
7	37	0
7	38	0
7	39	0
7	40	1
7	41	0
7	42	1
7	43	1
7	44	0
7	45	0
7	46	1
7	47	1
7	48	0
7	49	0
7	50	1
7	51	0
7	52	0
7	53	0
7	54	1
7	55	0
7	56	1
7	57	1
7	58	0
7	59	0
7	60	0
7	61	1
7	62	0
7	63	0
7	64	1
7	65	0
7	66	1
7	67	0
7	68	1
7	69	0
7	70	0
7	71	0
7	72	0
7	73	1
7	74	0
7	75	1
7	76	1
7	77	1
7	78	1
7	79	0
7	80	0
7	81	0
7	82	0
7	83	0
7	84	0
7	85	1
7	86	1
7	87	1
7	88	1
7	89	1
7	90	1
7	91	1
7	92	1
7	93	1
7	94	1
7	95	1
7	96	0
7	97	1
7	98	1
7	99	1
7	100	0
7	101	1
7	102	0
7	103	0
7	104	0
7	105	0
7	106	1
7	107	1
7	108	0
7	109	0
7	110	0
7	111	1
7	112	0
7	113	0
7	114	0
7	115	0
7	116	0
7	117	0
7	118	1
7	119	1
7	120	1
7	121	0
7	122	0
7	123	0
7	124	1
7	125	0
7	126	1
7	127	1
7	128	0
7	129	1
7	130	0
8	9	1
8	10	0
8	11	0
8	12	0
8	13	1
8	14	1
8	15	1
8	16	1
8	17	0
8	18	0
8	19	0
8	20	1
8	21	1
8	22	1
8	23	0
8	24	0
8	25	0
8	26	1
8	27	0
8	28	1
8	29	1
8	30	1
8	31	1
8	32	1
8	33	1
8	34	0
8	35	1
8	36	1
8	37	1
8	38	0
8	39	1
8	40	0
8	41	0
8	42	1
8	43	0
8	44	1
8	45	0
8	46	1
8	47	0
8	48	0
8	49	0
8	50	0
8	51	0
8	52	0
8	53	0
8	54	1
8	55	0
8	56	0
8	57	1
8	58	0
8	59	1
8	60	0
8	61	1
8	62	1
8	63	1
8	64	1
8	65	0
8	66	0
8	67	0
8	68	0
8	69	0
8	70	1
8	71	1
8	72	1
8	73	1
8	74	0
8	75	0
8	76	0
8	77	1
8	78	1
8	79	1
8	80	1
8	81	1
8	82	1
8	83	0
8	84	1
8	85	1
8	86	1
8	87	0
8	88	1
8	89	1
8	90	1
8	91	0
8	92	0
8	93	1
8	94	1
8	95	0
8	96	0
8	97	0
8	98	0
8	99	1
8	100	1
8	101	0
8	102	1
8	103	1
8	104	1
8	105	1
8	106	1
8	107	0
8	108	0
8	109	0
8	110	0
8	111	0
8	112	1
8	113	0
8	114	1
8	115	0
8	116	1
8	117	1
8	118	0
8	119	0
8	120	0
8	121	0
8	122	0
8	123	0
8	124	0
8	125	0
8	126	0
8	127	1
8	128	0
8	129	1
8	130	1
9	10	1
9	11	0
9	12	0
9	13	0
9	14	1
9	15	1
9	16	1
9	17	1
9	18	0
9	19	0
9	20	0
9	21	0
9	22	0
9	23	0
9	24	0
9	25	1
9	26	0
9	27	1
9	28	0
9	29	1
9	30	1
9	31	1
9	32	1
9	33	1
9	34	1
9	35	0
9	36	1
9	37	1
9	38	0
9	39	0
9	40	1
9	41	1
9	42	0
9	43	0
9	44	1
9	45	0
9	46	0
9	47	1
9	48	1
9	49	1
9	50	0
9	51	1
9	52	0
9	53	0
9	54	0
9	55	1
9	56	0
9	57	1
9	58	0
9	59	0
9	60	1
9	61	1
9	62	0
9	63	1
9	64	1
9	65	1
9	66	0
9	67	0
9	68	0
9	69	0
9	70	0
9	71	1
9	72	0
9	73	0
9	74	1
9	75	1
9	76	0
9	77	0
9	78	0
9	79	1
9	80	0
9	81	1
9	82	0
9	83	0
9	84	0
9	85	0
9	86	0
9	87	0
9	88	0
9	89	1
9	90	1
9	91	1
9	92	1
9	93	1
9	94	0
9	95	1
9	96	1
9	97	1
9	98	1
9	99	1
9	100	1
9	101	1
9	102	1
9	103	0
9	104	1
9	105	0
9	106	0
9	107	1
9	108	0
9	109	1
9	110	0
9	111	0
9	112	1
9	113	0
9	114	0
9	115	1
9	116	0
9	117	0
9	118	0
9	119	1
9	120	0
9	121	1
9	122	0
9	123	0
9	124	1
9	125	1
9	126	0
9	127	0
9	128	1
9	129	1
9	130	1
10	11	1
10	12	1
10	13	1
10	14	0
10	15	0
10	16	1
10	17	1
10	18	0
10	19	0
10	20	1
10	21	0
10	22	0
10	23	1
10	24	0
10	25	0
10	26	0
10	27	1
10	28	1
10	29	0
10	30	0
10	31	1
10	32	1
10	33	0
10	34	0
10	35	1
10	36	1
10	37	0
10	38	1
10	39	0
10	40	1
10	41	0
10	42	1
10	43	0
10	44	0
10	45	0
10	46	0
10	47	1
10	48	0
10	49	0
10	50	0
10	51	0
10	52	0
10	53	1
10	54	0
10	55	0
10	56	1
10	57	1
10	58	0
10	59	1
10	60	1
10	61	0
10	62	1
10	63	1
10	64	0
10	65	0
10	66	1
10	67	0
10	68	0
10	69	1
10	70	1
10	71	0
10	72	0
10	73	0
10	74	1
10	75	0
10	76	1
10	77	1
10	78	1
10	79	1
10	80	0
10	81	1
10	82	1
10	83	1
10	84	0
10	85	0
10	86	1
10	87	1
10	88	1
10	89	0
10	90	0
10	91	1
10	92	0
10	93	1
10	94	1
10	95	0
10	96	0
10	97	1
10	98	1
10	99	0
10	100	1
10	101	1
10	102	0
10	103	1
10	104	1
10	105	1
10	106	0
10	107	1
10	108	0
10	109	1
10	110	0
10	111	0
10	112	1
10	113	1
10	114	0
10	115	0
10	116	0
10	117	1
10	118	0
10	119	0
10	120	0
10	121	1
10	122	0
10	123	0
10	124	0
10	125	0
10	126	1
10	127	0
10	128	1
10	129	1
10	130	1
11	12	1
11	13	1
11	14	1
11	15	0
11	16	1
11	17	1
11	18	0
11	19	0
11	20	1
11	21	1
11	22	0
11	23	1
11	24	1
11	25	1
11	26	1
11	27	1
11	28	0
11	29	1
11	30	0
11	31	1
11	32	1
11	33	0
11	34	1
11	35	0
11	36	0
11	37	0
11	38	1
11	39	0
11	40	0
11	41	1
11	42	0
11	43	0
11	44	1
11	45	0
11	46	1
11	47	0
11	48	0
11	49	1
11	50	1
11	51	1
11	52	1
11	53	0
11	54	0
11	55	1
11	56	0
11	57	0
11	58	1
11	59	0
11	60	0
11	61	1
11	62	0
11	63	0
11	64	1
11	65	0
11	66	1
11	67	1
11	68	1
11	69	0
11	70	0
11	71	1
11	72	0
11	73	1
11	74	1
11	75	1
11	76	0
11	77	1
11	78	1
11	79	1
11	80	0
11	81	0
11	82	1
11	83	1
11	84	1
11	85	1
11	86	1
11	87	0
11	88	0
11	89	0
11	90	1
11	91	1
11	92	0
11	93	0
11	94	1
11	95	1
11	96	0
11	97	1
11	98	0
11	99	1
11	100	0
11	101	0
11	102	1
11	103	0
11	104	0
11	105	0
11	106	0
11	107	0
11	108	0
11	109	1
11	110	0
11	111	1
11	112	1
11	113	0
11	114	1
11	115	1
11	116	1
11	117	1
11	118	0
11	119	0
11	120	1
11	121	1
11	122	1
11	123	1
11	124	0
11	125	0
11	126	0
11	127	0
11	128	1
11	129	1
11	130	0
12	13	1
12	14	0
12	15	1
12	16	0
12	17	1
12	18	1
12	19	1
12	20	1
12	21	1
12	22	1
12	23	0
12	24	0
12	25	1
12	26	1
12	27	0
12	28	1
12	29	0
12	30	1
12	31	0
12	32	1
12	33	0
12	34	1
12	35	0
12	36	1
12	37	1
12	38	1
12	39	0
12	40	1
12	41	1
12	42	0
12	43	1
12	44	0
12	45	0
12	46	0
12	47	1
12	48	1
12	49	1
12	50	1
12	51	0
12	52	0
12	53	0
12	54	1
12	55	0
12	56	1
12	57	1
12	58	0
12	59	0
12	60	1
12	61	1
12	62	0
12	63	0
12	64	1
12	65	1
12	66	1
12	67	1
12	68	0
12	69	0
12	70	1
12	71	1
12	72	0
12	73	1
12	74	1
12	75	1
12	76	1
12	77	1
12	78	0
12	79	1
12	80	0
12	81	0
12	82	0
12	83	0
12	84	1
12	85	0
12	86	0
12	87	1
12	88	1
12	89	0
12	90	0
12	91	1
12	92	0
12	93	1
12	94	1
12	95	1
12	96	0
12	97	0
12	98	0
12	99	0
12	100	0
12	101	0
12	102	1
12	103	1
12	104	0
12	105	0
12	106	0
12	107	1
12	108	0
12	109	0
12	110	0
12	111	1
12	112	1
12	113	0
12	114	0
12	115	1
12	116	1
12	117	1
12	118	1
12	119	1
12	120	0
12	121	1
12	122	1
12	123	1
12	124	1
12	125	1
12	126	0
12	127	0
12	128	1
12	129	1
12	130	0
13	14	0
13	15	0
13	16	0
13	17	0
13	18	1
13	19	0
13	20	1
13	21	0
13	22	1
13	23	0
13	24	1
13	25	0
13	26	0
13	27	0
13	28	1
13	29	0
13	30	1
13	31	1
13	32	0
13	33	1
13	34	0
13	35	0
13	36	1
13	37	1
13	38	0
13	39	1
13	40	1
13	41	0
13	42	1
13	43	1
13	44	1
13	45	1
13	46	0
13	47	1
13	48	1
13	49	1
13	50	0
13	51	0
13	52	0
13	53	1
13	54	1
13	55	1
13	56	0
13	57	0
13	58	0
13	59	0
13	60	1
13	61	0
13	62	0
13	63	0
13	64	0
13	65	1
13	66	0
13	67	0
13	68	1
13	69	1
13	70	0
13	71	1
13	72	0
13	73	0
13	74	0
13	75	1
13	76	1
13	77	0
13	78	1
13	79	0
13	80	0
13	81	0
13	82	1
13	83	0
13	84	1
13	85	0
13	86	1
13	87	0
13	88	0
13	89	1
13	90	0
13	91	1
13	92	1
13	93	1
13	94	0
13	95	1
13	96	0
13	97	1
13	98	0
13	99	0
13	100	1
13	101	0
13	102	0
13	103	1
13	104	0
13	105	1
13	106	0
13	107	1
13	108	1
13	109	0
13	110	0
13	111	1
13	112	1
13	113	1
13	114	0
13	115	1
13	116	0
13	117	1
13	118	1
13	119	0
13	120	0
13	121	1
13	122	0
13	123	0
13	124	1
13	125	0
13	126	1
13	127	1
13	128	0
13	129	1
13	130	0
14	15	1
14	16	1
14	17	1
14	18	1
14	19	1
14	20	1
14	21	0
14	22	0
14	23	0
14	24	0
14	25	1
14	26	0
14	27	1
14	28	1
14	29	0
14	30	1
14	31	1
14	32	0
14	33	0
14	34	1
14	35	0
14	36	1
14	37	0
14	38	1
14	39	1
14	40	0
14	41	1
14	42	0
14	43	0
14	44	0
14	45	1
14	46	0
14	47	0
14	48	0
14	49	1
14	50	1
14	51	0
14	52	0
14	53	0
14	54	0
14	55	1
14	56	0
14	57	0
14	58	1
14	59	1
14	60	1
14	61	0
14	62	0
14	63	0
14	64	0
14	65	1
14	66	1
14	67	1
14	68	0
14	69	0
14	70	0
14	71	0
14	72	0
14	73	1
14	74	0
14	75	1
14	76	0
14	77	1
14	78	1
14	79	0
14	80	1
14	81	0
14	82	1
14	83	1
14	84	1
14	85	0
14	86	0
14	87	1
14	88	0
14	89	0
14	90	1
14	91	1
14	92	0
14	93	1
14	94	1
14	95	1
14	96	1
14	97	1
14	98	0
14	99	1
14	100	1
14	101	1
14	102	1
14	103	1
14	104	1
14	105	1
14	106	1
14	107	1
14	108	1
14	109	1
14	110	1
14	111	0
14	112	0
14	113	0
14	114	0
14	115	0
14	116	1
14	117	1
14	118	0
14	119	1
14	120	0
14	121	0
14	122	1
14	123	1
14	124	0
14	125	0
14	126	0
14	127	0
14	128	0
14	129	0
14	130	0
15	16	1
15	17	1
15	18	0
15	19	0
15	20	0
15	21	0
15	22	0
15	23	1
15	24	0
15	25	1
15	26	0
15	27	1
15	28	1
15	29	1
15	30	1
15	31	1
15	32	1
15	33	0
15	34	0
15	35	0
15	36	1
15	37	0
15	38	0
15	39	0
15	40	1
15	41	1
15	42	0
15	43	1
15	44	1
15	45	1
15	46	0
15	47	0
15	48	1
15	49	1
15	50	1
15	51	0
15	52	0
15	53	0
15	54	1
15	55	1
15	56	0
15	57	1
15	58	1
15	59	0
15	60	1
15	61	1
15	62	1
15	63	1
15	64	1
15	65	1
15	66	1
15	67	1
15	68	1
15	69	1
15	70	1
15	71	1
15	72	1
15	73	0
15	74	0
15	75	0
15	76	1
15	77	1
15	78	0
15	79	1
15	80	1
15	81	0
15	82	0
15	83	1
15	84	1
15	85	0
15	86	1
15	87	0
15	88	0
15	89	1
15	90	0
15	91	0
15	92	1
15	93	1
15	94	0
15	95	1
15	96	1
15	97	0
15	98	1
15	99	0
15	100	0
15	101	0
15	102	1
15	103	0
15	104	1
15	105	1
15	106	1
15	107	0
15	108	0
15	109	0
15	110	0
15	111	1
15	112	0
15	113	0
15	114	0
15	115	1
15	116	1
15	117	1
15	118	1
15	119	0
15	120	0
15	121	1
15	122	1
15	123	0
15	124	1
15	125	0
15	126	1
15	127	0
15	128	1
15	129	0
15	130	1
16	17	1
16	18	0
16	19	0
16	20	0
16	21	0
16	22	1
16	23	1
16	24	1
16	25	1
16	26	1
16	27	1
16	28	1
16	29	0
16	30	0
16	31	1
16	32	1
16	33	1
16	34	0
16	35	1
16	36	1
16	37	0
16	38	0
16	39	1
16	40	0
16	41	0
16	42	1
16	43	1
16	44	0
16	45	1
16	46	0
16	47	1
16	48	0
16	49	0
16	50	0
16	51	1
16	52	1
16	53	0
16	54	0
16	55	1
16	56	0
16	57	1
16	58	0
16	59	0
16	60	0
16	61	1
16	62	0
16	63	1
16	64	0
16	65	1
16	66	0
16	67	1
16	68	0
16	69	0
16	70	1
16	71	1
16	72	1
16	73	0
16	74	1
16	75	0
16	76	0
16	77	0
16	78	1
16	79	0
16	80	1
16	81	0
16	82	0
16	83	1
16	84	1
16	85	0
16	86	0
16	87	0
16	88	1
16	89	1
16	90	1
16	91	1
16	92	0
16	93	0
16	94	1
16	95	0
16	96	1
16	97	1
16	98	1
16	99	0
16	100	0
16	101	0
16	102	0
16	103	0
16	104	1
16	105	1
16	106	1
16	107	1
16	108	0
16	109	0
16	110	1
16	111	0
16	112	0
16	113	1
16	114	0
16	115	0
16	116	0
16	117	0
16	118	0
16	119	1
16	120	1
16	121	1
16	122	0
16	123	0
16	124	0
16	125	1
16	126	0
16	127	0
16	128	0
16	129	0
16	130	1
17	18	0
17	19	0
17	20	0
17	21	0
17	22	0
17	23	0
17	24	1
17	25	0
17	26	1
17	27	0
17	28	1
17	29	0
17	30	1
17	31	1
17	32	0
17	33	0
17	34	0
17	35	0
17	36	0
17	37	1
17	38	1
17	39	1
17	40	0
17	41	1
17	42	1
17	43	0
17	44	1
17	45	1
17	46	1
17	47	1
17	48	0
17	49	0
17	50	1
17	51	1
17	52	0
17	53	0
17	54	0
17	55	1
17	56	1
17	57	1
17	58	0
17	59	1
17	60	0
17	61	0
17	62	0
17	63	1
17	64	1
17	65	0
17	66	1
17	67	1
17	68	1
17	69	0
17	70	1
17	71	0
17	72	0
17	73	0
17	74	1
17	75	0
17	76	1
17	77	0
17	78	0
17	79	0
17	80	0
17	81	1
17	82	1
17	83	0
17	84	1
17	85	0
17	86	1
17	87	1
17	88	1
17	89	0
17	90	0
17	91	0
17	92	1
17	93	1
17	94	1
17	95	0
17	96	1
17	97	1
17	98	0
17	99	0
17	100	0
17	101	0
17	102	0
17	103	0
17	104	1
17	105	0
17	106	1
17	107	1
17	108	1
17	109	0
17	110	0
17	111	1
17	112	1
17	113	0
17	114	1
17	115	1
17	116	0
17	117	0
17	118	0
17	119	1
17	120	1
17	121	0
17	122	1
17	123	0
17	124	0
17	125	1
17	126	1
17	127	1
17	128	1
17	129	1
17	130	1
18	19	0
18	20	0
18	21	0
18	22	0
18	23	0
18	24	1
18	25	0
18	26	1
18	27	1
18	28	0
18	29	0
18	30	1
18	31	0
18	32	0
18	33	0
18	34	1
18	35	1
18	36	0
18	37	0
18	38	1
18	39	0
18	40	1
18	41	0
18	42	1
18	43	0
18	44	0
18	45	0
18	46	1
18	47	1
18	48	0
18	49	1
18	50	1
18	51	1
18	52	1
18	53	1
18	54	0
18	55	1
18	56	0
18	57	1
18	58	0
18	59	1
18	60	1
18	61	1
18	62	0
18	63	0
18	64	1
18	65	1
18	66	1
18	67	1
18	68	0
18	69	1
18	70	0
18	71	0
18	72	0
18	73	0
18	74	1
18	75	1
18	76	0
18	77	0
18	78	0
18	79	0
18	80	0
18	81	1
18	82	1
18	83	0
18	84	1
18	85	0
18	86	0
18	87	1
18	88	0
18	89	1
18	90	0
18	91	1
18	92	0
18	93	1
18	94	0
18	95	1
18	96	0
18	97	1
18	98	1
18	99	0
18	100	0
18	101	0
18	102	0
18	103	0
18	104	0
18	105	0
18	106	1
18	107	1
18	108	1
18	109	1
18	110	0
18	111	0
18	112	1
18	113	1
18	114	1
18	115	1
18	116	1
18	117	0
18	118	0
18	119	0
18	120	0
18	121	1
18	122	0
18	123	1
18	124	1
18	125	0
18	126	0
18	127	1
18	128	0
18	129	0
18	130	0
19	20	1
19	21	1
19	22	0
19	23	0
19	24	1
19	25	1
19	26	0
19	27	1
19	28	1
19	29	1
19	30	0
19	31	1
19	32	1
19	33	1
19	34	0
19	35	0
19	36	1
19	37	1
19	38	0
19	39	0
19	40	1
19	41	0
19	42	0
19	43	1
19	44	1
19	45	0
19	46	1
19	47	1
19	48	1
19	49	1
19	50	0
19	51	1
19	52	0
19	53	1
19	54	1
19	55	1
19	56	0
19	57	0
19	58	0
19	59	1
19	60	0
19	61	0
19	62	0
19	63	1
19	64	0
19	65	0
19	66	0
19	67	0
19	68	0
19	69	1
19	70	0
19	71	1
19	72	0
19	73	0
19	74	1
19	75	1
19	76	0
19	77	1
19	78	0
19	79	0
19	80	1
19	81	1
19	82	0
19	83	0
19	84	1
19	85	1
19	86	1
19	87	1
19	88	1
19	89	1
19	90	1
19	91	0
19	92	1
19	93	0
19	94	0
19	95	0
19	96	0
19	97	1
19	98	1
19	99	1
19	100	1
19	101	1
19	102	0
19	103	0
19	104	1
19	105	1
19	106	0
19	107	1
19	108	1
19	109	0
19	110	1
19	111	0
19	112	0
19	113	1
19	114	1
19	115	1
19	116	1
19	117	1
19	118	0
19	119	1
19	120	1
19	121	0
19	122	0
19	123	0
19	124	0
19	125	0
19	126	1
19	127	0
19	128	0
19	129	1
19	130	0
20	21	1
20	22	1
20	23	1
20	24	1
20	25	1
20	26	1
20	27	1
20	28	1
20	29	0
20	30	1
20	31	0
20	32	0
20	33	1
20	34	0
20	35	0
20	36	0
20	37	1
20	38	0
20	39	1
20	40	1
20	41	1
20	42	0
20	43	1
20	44	0
20	45	0
20	46	1
20	47	0
20	48	0
20	49	0
20	50	0
20	51	0
20	52	0
20	53	1
20	54	0
20	55	0
20	56	0
20	57	0
20	58	0
20	59	1
20	60	0
20	61	0
20	62	0
20	63	1
20	64	1
20	65	0
20	66	0
20	67	1
20	68	0
20	69	1
20	70	1
20	71	1
20	72	0
20	73	0
20	74	1
20	75	1
20	76	0
20	77	1
20	78	0
20	79	0
20	80	0
20	81	1
20	82	0
20	83	0
20	84	1
20	85	1
20	86	0
20	87	1
20	88	0
20	89	1
20	90	0
20	91	0
20	92	1
20	93	1
20	94	0
20	95	1
20	96	1
20	97	0
20	98	1
20	99	1
20	100	0
20	101	0
20	102	1
20	103	1
20	104	1
20	105	1
20	106	1
20	107	1
20	108	1
20	109	1
20	110	0
20	111	0
20	112	0
20	113	0
20	114	1
20	115	0
20	116	1
20	117	0
20	118	0
20	119	0
20	120	0
20	121	0
20	122	0
20	123	0
20	124	1
20	125	0
20	126	0
20	127	1
20	128	0
20	129	1
20	130	0
21	22	1
21	23	1
21	24	1
21	25	0
21	26	1
21	27	0
21	28	1
21	29	0
21	30	1
21	31	0
21	32	1
21	33	0
21	34	0
21	35	1
21	36	1
21	37	1
21	38	0
21	39	0
21	40	0
21	41	0
21	42	0
21	43	0
21	44	1
21	45	0
21	46	0
21	47	0
21	48	1
21	49	1
21	50	0
21	51	1
21	52	0
21	53	1
21	54	1
21	55	0
21	56	0
21	57	0
21	58	0
21	59	1
21	60	1
21	61	0
21	62	1
21	63	1
21	64	1
21	65	1
21	66	0
21	67	0
21	68	1
21	69	1
21	70	1
21	71	0
21	72	1
21	73	0
21	74	1
21	75	0
21	76	1
21	77	1
21	78	0
21	79	0
21	80	1
21	81	1
21	82	1
21	83	1
21	84	0
21	85	1
21	86	0
21	87	0
21	88	0
21	89	1
21	90	0
21	91	1
21	92	1
21	93	0
21	94	0
21	95	0
21	96	0
21	97	1
21	98	1
21	99	0
21	100	1
21	101	0
21	102	1
21	103	0
21	104	1
21	105	0
21	106	0
21	107	1
21	108	0
21	109	1
21	110	1
21	111	1
21	112	0
21	113	0
21	114	0
21	115	0
21	116	1
21	117	1
21	118	1
21	119	0
21	120	0
21	121	0
21	122	0
21	123	0
21	124	0
21	125	1
21	126	1
21	127	0
21	128	1
21	129	1
21	130	0
22	23	0
22	24	0
22	25	0
22	26	1
22	27	0
22	28	1
22	29	0
22	30	0
22	31	1
22	32	0
22	33	0
22	34	1
22	35	1
22	36	0
22	37	1
22	38	1
22	39	0
22	40	0
22	41	1
22	42	1
22	43	1
22	44	1
22	45	1
22	46	0
22	47	0
22	48	1
22	49	1
22	50	0
22	51	1
22	52	0
22	53	1
22	54	1
22	55	1
22	56	1
22	57	1
22	58	1
22	59	0
22	60	1
22	61	0
22	62	0
22	63	0
22	64	1
22	65	1
22	66	0
22	67	1
22	68	0
22	69	1
22	70	0
22	71	0
22	72	1
22	73	0
22	74	1
22	75	0
22	76	0
22	77	1
22	78	0
22	79	0
22	80	0
22	81	1
22	82	1
22	83	1
22	84	0
22	85	0
22	86	1
22	87	1
22	88	0
22	89	1
22	90	0
22	91	0
22	92	1
22	93	1
22	94	1
22	95	1
22	96	1
22	97	1
22	98	1
22	99	1
22	100	1
22	101	0
22	102	1
22	103	1
22	104	1
22	105	0
22	106	1
22	107	1
22	108	1
22	109	1
22	110	0
22	111	0
22	112	1
22	113	1
22	114	0
22	115	0
22	116	0
22	117	1
22	118	1
22	119	1
22	120	0
22	121	0
22	122	0
22	123	0
22	124	0
22	125	0
22	126	0
22	127	0
22	128	0
22	129	0
22	130	0
23	24	1
23	25	0
23	26	1
23	27	1
23	28	1
23	29	0
23	30	0
23	31	1
23	32	1
23	33	1
23	34	0
23	35	1
23	36	1
23	37	0
23	38	1
23	39	1
23	40	1
23	41	0
23	42	1
23	43	0
23	44	1
23	45	0
23	46	1
23	47	1
23	48	1
23	49	1
23	50	0
23	51	1
23	52	1
23	53	1
23	54	0
23	55	0
23	56	0
23	57	0
23	58	0
23	59	1
23	60	1
23	61	1
23	62	1
23	63	1
23	64	0
23	65	1
23	66	0
23	67	0
23	68	1
23	69	0
23	70	1
23	71	0
23	72	1
23	73	1
23	74	0
23	75	0
23	76	0
23	77	0
23	78	1
23	79	1
23	80	0
23	81	1
23	82	1
23	83	1
23	84	0
23	85	0
23	86	1
23	87	1
23	88	1
23	89	0
23	90	0
23	91	0
23	92	0
23	93	0
23	94	0
23	95	1
23	96	1
23	97	0
23	98	0
23	99	0
23	100	1
23	101	0
23	102	0
23	103	0
23	104	0
23	105	1
23	106	0
23	107	1
23	108	1
23	109	1
23	110	0
23	111	1
23	112	0
23	113	1
23	114	1
23	115	1
23	116	1
23	117	0
23	118	1
23	119	1
23	120	0
23	121	1
23	122	1
23	123	1
23	124	0
23	125	1
23	126	0
23	127	1
23	128	1
23	129	0
23	130	1
24	25	1
24	26	0
24	27	1
24	28	0
24	29	1
24	30	0
24	31	1
24	32	0
24	33	0
24	34	1
24	35	0
24	36	1
24	37	1
24	38	1
24	39	1
24	40	0
24	41	0
24	42	0
24	43	1
24	44	1
24	45	0
24	46	1
24	47	1
24	48	1
24	49	1
24	50	1
24	51	1
24	52	1
24	53	0
24	54	0
24	55	1
24	56	0
24	57	1
24	58	1
24	59	1
24	60	1
24	61	1
24	62	1
24	63	0
24	64	0
24	65	1
24	66	1
24	67	1
24	68	0
24	69	0
24	70	1
24	71	1
24	72	0
24	73	0
24	74	0
24	75	1
24	76	0
24	77	0
24	78	1
24	79	0
24	80	1
24	81	1
24	82	1
24	83	0
24	84	1
24	85	0
24	86	0
24	87	0
24	88	0
24	89	0
24	90	1
24	91	1
24	92	1
24	93	1
24	94	1
24	95	0
24	96	1
24	97	1
24	98	1
24	99	1
24	100	0
24	101	1
24	102	1
24	103	1
24	104	1
24	105	1
24	106	1
24	107	1
24	108	1
24	109	1
24	110	0
24	111	1
24	112	0
24	113	1
24	114	0
24	115	0
24	116	1
24	117	0
24	118	0
24	119	1
24	120	0
24	121	0
24	122	0
24	123	1
24	124	0
24	125	1
24	126	0
24	127	1
24	128	1
24	129	0
24	130	0
25	26	1
25	27	1
25	28	1
25	29	0
25	30	1
25	31	1
25	32	0
25	33	1
25	34	0
25	35	1
25	36	0
25	37	1
25	38	1
25	39	1
25	40	1
25	41	1
25	42	0
25	43	1
25	44	0
25	45	1
25	46	0
25	47	1
25	48	1
25	49	0
25	50	1
25	51	0
25	52	0
25	53	1
25	54	0
25	55	0
25	56	0
25	57	1
25	58	1
25	59	1
25	60	0
25	61	0
25	62	0
25	63	0
25	64	0
25	65	1
25	66	0
25	67	0
25	68	1
25	69	1
25	70	0
25	71	0
25	72	0
25	73	1
25	74	1
25	75	1
25	76	1
25	77	1
25	78	1
25	79	1
25	80	0
25	81	0
25	82	1
25	83	0
25	84	1
25	85	1
25	86	0
25	87	1
25	88	1
25	89	0
25	90	0
25	91	0
25	92	0
25	93	0
25	94	0
25	95	1
25	96	1
25	97	0
25	98	0
25	99	0
25	100	0
25	101	1
25	102	1
25	103	1
25	104	0
25	105	1
25	106	1
25	107	1
25	108	1
25	109	0
25	110	1
25	111	1
25	112	1
25	113	1
25	114	0
25	115	0
25	116	0
25	117	0
25	118	0
25	119	0
25	120	0
25	121	0
25	122	1
25	123	1
25	124	0
25	125	1
25	126	1
25	127	1
25	128	1
25	129	0
25	130	0
26	27	1
26	28	1
26	29	0
26	30	1
26	31	1
26	32	1
26	33	0
26	34	1
26	35	1
26	36	1
26	37	0
26	38	1
26	39	0
26	40	1
26	41	0
26	42	1
26	43	1
26	44	0
26	45	0
26	46	0
26	47	1
26	48	0
26	49	1
26	50	0
26	51	1
26	52	0
26	53	0
26	54	0
26	55	1
26	56	0
26	57	1
26	58	1
26	59	1
26	60	0
26	61	0
26	62	1
26	63	1
26	64	0
26	65	0
26	66	0
26	67	1
26	68	1
26	69	0
26	70	0
26	71	0
26	72	1
26	73	0
26	74	0
26	75	1
26	76	1
26	77	1
26	78	1
26	79	0
26	80	0
26	81	0
26	82	0
26	83	0
26	84	1
26	85	0
26	86	1
26	87	0
26	88	1
26	89	0
26	90	0
26	91	0
26	92	0
26	93	1
26	94	1
26	95	0
26	96	1
26	97	0
26	98	0
26	99	0
26	100	0
26	101	0
26	102	1
26	103	0
26	104	0
26	105	0
26	106	1
26	107	0
26	108	1
26	109	1
26	110	0
26	111	1
26	112	1
26	113	1
26	114	0
26	115	1
26	116	0
26	117	1
26	118	0
26	119	0
26	120	1
26	121	1
26	122	0
26	123	1
26	124	0
26	125	1
26	126	1
26	127	0
26	128	1
26	129	1
26	130	1
27	28	0
27	29	0
27	30	0
27	31	1
27	32	1
27	33	0
27	34	0
27	35	1
27	36	1
27	37	0
27	38	0
27	39	0
27	40	0
27	41	0
27	42	0
27	43	1
27	44	1
27	45	0
27	46	0
27	47	1
27	48	0
27	49	1
27	50	0
27	51	1
27	52	1
27	53	0
27	54	0
27	55	1
27	56	1
27	57	1
27	58	0
27	59	1
27	60	1
27	61	1
27	62	1
27	63	0
27	64	0
27	65	0
27	66	1
27	67	1
27	68	0
27	69	1
27	70	0
27	71	0
27	72	1
27	73	0
27	74	1
27	75	1
27	76	0
27	77	1
27	78	0
27	79	1
27	80	0
27	81	1
27	82	0
27	83	1
27	84	0
27	85	0
27	86	0
27	87	1
27	88	1
27	89	0
27	90	0
27	91	1
27	92	0
27	93	0
27	94	1
27	95	0
27	96	1
27	97	1
27	98	0
27	99	1
27	100	0
27	101	0
27	102	1
27	103	1
27	104	1
27	105	1
27	106	1
27	107	1
27	108	1
27	109	0
27	110	1
27	111	0
27	112	1
27	113	1
27	114	1
27	115	1
27	116	0
27	117	1
27	118	1
27	119	1
27	120	0
27	121	0
27	122	1
27	123	0
27	124	1
27	125	1
27	126	1
27	127	1
27	128	0
27	129	1
27	130	1
28	29	0
28	30	0
28	31	1
28	32	1
28	33	0
28	34	1
28	35	1
28	36	1
28	37	1
28	38	1
28	39	1
28	40	0
28	41	1
28	42	1
28	43	1
28	44	1
28	45	0
28	46	0
28	47	0
28	48	1
28	49	0
28	50	1
28	51	0
28	52	0
28	53	1
28	54	1
28	55	0
28	56	0
28	57	1
28	58	1
28	59	0
28	60	1
28	61	0
28	62	0
28	63	1
28	64	0
28	65	1
28	66	0
28	67	0
28	68	0
28	69	0
28	70	1
28	71	0
28	72	0
28	73	1
28	74	1
28	75	1
28	76	1
28	77	1
28	78	1
28	79	0
28	80	0
28	81	0
28	82	0
28	83	1
28	84	0
28	85	0
28	86	1
28	87	1
28	88	1
28	89	1
28	90	1
28	91	1
28	92	0
28	93	1
28	94	0
28	95	0
28	96	1
28	97	1
28	98	1
28	99	0
28	100	1
28	101	0
28	102	1
28	103	0
28	104	0
28	105	0
28	106	1
28	107	1
28	108	1
28	109	0
28	110	0
28	111	1
28	112	1
28	113	1
28	114	0
28	115	0
28	116	0
28	117	0
28	118	1
28	119	0
28	120	1
28	121	0
28	122	1
28	123	0
28	124	1
28	125	0
28	126	0
28	127	1
28	128	1
28	129	0
28	130	1
29	30	0
29	31	1
29	32	1
29	33	1
29	34	0
29	35	1
29	36	0
29	37	0
29	38	1
29	39	1
29	40	0
29	41	1
29	42	0
29	43	1
29	44	0
29	45	1
29	46	0
29	47	0
29	48	0
29	49	0
29	50	0
29	51	1
29	52	1
29	53	1
29	54	1
29	55	1
29	56	1
29	57	0
29	58	1
29	59	0
29	60	1
29	61	0
29	62	1
29	63	1
29	64	0
29	65	0
29	66	1
29	67	1
29	68	1
29	69	1
29	70	0
29	71	0
29	72	1
29	73	0
29	74	0
29	75	1
29	76	1
29	77	0
29	78	1
29	79	0
29	80	1
29	81	1
29	82	1
29	83	0
29	84	1
29	85	0
29	86	1
29	87	0
29	88	1
29	89	0
29	90	0
29	91	0
29	92	1
29	93	0
29	94	0
29	95	1
29	96	0
29	97	0
29	98	1
29	99	0
29	100	1
29	101	0
29	102	1
29	103	1
29	104	1
29	105	1
29	106	0
29	107	1
29	108	0
29	109	1
29	110	0
29	111	0
29	112	0
29	113	1
29	114	1
29	115	1
29	116	1
29	117	1
29	118	0
29	119	1
29	120	1
29	121	0
29	122	1
29	123	0
29	124	0
29	125	0
29	126	0
29	127	0
29	128	0
29	129	1
29	130	0
30	31	0
30	32	1
30	33	0
30	34	0
30	35	1
30	36	0
30	37	1
30	38	1
30	39	0
30	40	1
30	41	1
30	42	0
30	43	0
30	44	1
30	45	1
30	46	1
30	47	1
30	48	1
30	49	0
30	50	0
30	51	0
30	52	1
30	53	1
30	54	1
30	55	1
30	56	1
30	57	1
30	58	0
30	59	1
30	60	0
30	61	1
30	62	0
30	63	1
30	64	1
30	65	1
30	66	1
30	67	1
30	68	0
30	69	0
30	70	1
30	71	0
30	72	0
30	73	0
30	74	0
30	75	1
30	76	0
30	77	1
30	78	0
30	79	0
30	80	0
30	81	1
30	82	1
30	83	0
30	84	0
30	85	0
30	86	0
30	87	1
30	88	0
30	89	0
30	90	1
30	91	1
30	92	1
30	93	0
30	94	0
30	95	1
30	96	0
30	97	0
30	98	0
30	99	0
30	100	1
30	101	0
30	102	1
30	103	1
30	104	0
30	105	1
30	106	0
30	107	0
30	108	0
30	109	1
30	110	0
30	111	1
30	112	0
30	113	0
30	114	0
30	115	0
30	116	0
30	117	1
30	118	1
30	119	0
30	120	0
30	121	1
30	122	1
30	123	1
30	124	1
30	125	0
30	126	0
30	127	0
30	128	1
30	129	0
30	130	0
31	32	1
31	33	0
31	34	0
31	35	1
31	36	1
31	37	0
31	38	1
31	39	0
31	40	0
31	41	1
31	42	1
31	43	1
31	44	0
31	45	1
31	46	1
31	47	0
31	48	0
31	49	0
31	50	1
31	51	0
31	52	0
31	53	1
31	54	0
31	55	1
31	56	1
31	57	0
31	58	0
31	59	0
31	60	0
31	61	1
31	62	1
31	63	1
31	64	0
31	65	0
31	66	1
31	67	0
31	68	1
31	69	0
31	70	0
31	71	1
31	72	1
31	73	1
31	74	1
31	75	1
31	76	1
31	77	0
31	78	0
31	79	1
31	80	0
31	81	0
31	82	0
31	83	1
31	84	1
31	85	1
31	86	1
31	87	1
31	88	0
31	89	1
31	90	1
31	91	0
31	92	0
31	93	0
31	94	1
31	95	0
31	96	0
31	97	1
31	98	1
31	99	0
31	100	1
31	101	1
31	102	1
31	103	1
31	104	1
31	105	0
31	106	0
31	107	1
31	108	0
31	109	1
31	110	0
31	111	0
31	112	0
31	113	1
31	114	0
31	115	1
31	116	1
31	117	0
31	118	1
31	119	0
31	120	0
31	121	1
31	122	0
31	123	0
31	124	0
31	125	0
31	126	0
31	127	0
31	128	1
31	129	1
31	130	0
32	33	1
32	34	1
32	35	0
32	36	1
32	37	1
32	38	0
32	39	1
32	40	0
32	41	1
32	42	1
32	43	0
32	44	0
32	45	1
32	46	0
32	47	0
32	48	0
32	49	1
32	50	0
32	51	1
32	52	1
32	53	1
32	54	1
32	55	0
32	56	1
32	57	0
32	58	0
32	59	1
32	60	0
32	61	1
32	62	1
32	63	1
32	64	1
32	65	1
32	66	0
32	67	1
32	68	1
32	69	1
32	70	0
32	71	0
32	72	1
32	73	0
32	74	1
32	75	0
32	76	1
32	77	1
32	78	1
32	79	0
32	80	0
32	81	0
32	82	1
32	83	0
32	84	0
32	85	1
32	86	1
32	87	0
32	88	1
32	89	1
32	90	1
32	91	0
32	92	0
32	93	1
32	94	1
32	95	1
32	96	1
32	97	0
32	98	0
32	99	1
32	100	1
32	101	0
32	102	0
32	103	1
32	104	1
32	105	1
32	106	1
32	107	1
32	108	1
32	109	0
32	110	0
32	111	0
32	112	1
32	113	1
32	114	0
32	115	0
32	116	1
32	117	1
32	118	0
32	119	0
32	120	1
32	121	0
32	122	0
32	123	0
32	124	1
32	125	0
32	126	0
32	127	1
32	128	0
32	129	0
32	130	0
33	34	0
33	35	0
33	36	1
33	37	0
33	38	1
33	39	0
33	40	1
33	41	0
33	42	1
33	43	1
33	44	1
33	45	0
33	46	0
33	47	1
33	48	0
33	49	1
33	50	0
33	51	1
33	52	0
33	53	0
33	54	1
33	55	0
33	56	1
33	57	0
33	58	0
33	59	0
33	60	0
33	61	0
33	62	1
33	63	0
33	64	0
33	65	0
33	66	0
33	67	0
33	68	0
33	69	0
33	70	0
33	71	1
33	72	0
33	73	0
33	74	0
33	75	1
33	76	1
33	77	1
33	78	1
33	79	1
33	80	1
33	81	1
33	82	0
33	83	0
33	84	1
33	85	1
33	86	1
33	87	1
33	88	1
33	89	0
33	90	0
33	91	1
33	92	1
33	93	0
33	94	0
33	95	1
33	96	1
33	97	0
33	98	1
33	99	1
33	100	1
33	101	1
33	102	0
33	103	0
33	104	1
33	105	1
33	106	0
33	107	0
33	108	1
33	109	1
33	110	1
33	111	0
33	112	1
33	113	0
33	114	0
33	115	1
33	116	0
33	117	1
33	118	1
33	119	0
33	120	0
33	121	1
33	122	1
33	123	0
33	124	0
33	125	1
33	126	1
33	127	1
33	128	0
33	129	0
33	130	1
34	35	0
34	36	1
34	37	0
34	38	1
34	39	0
34	40	0
34	41	1
34	42	1
34	43	1
34	44	1
34	45	0
34	46	0
34	47	1
34	48	0
34	49	1
34	50	0
34	51	1
34	52	0
34	53	0
34	54	0
34	55	1
34	56	0
34	57	0
34	58	0
34	59	0
34	60	0
34	61	0
34	62	1
34	63	1
34	64	1
34	65	0
34	66	1
34	67	1
34	68	1
34	69	0
34	70	0
34	71	1
34	72	0
34	73	1
34	74	1
34	75	0
34	76	1
34	77	1
34	78	0
34	79	1
34	80	0
34	81	1
34	82	0
34	83	1
34	84	0
34	85	1
34	86	1
34	87	1
34	88	1
34	89	0
34	90	1
34	91	0
34	92	0
34	93	1
34	94	0
34	95	0
34	96	0
34	97	1
34	98	1
34	99	0
34	100	0
34	101	1
34	102	0
34	103	0
34	104	0
34	105	1
34	106	0
34	107	1
34	108	0
34	109	0
34	110	0
34	111	1
34	112	0
34	113	1
34	114	1
34	115	0
34	116	0
34	117	1
34	118	1
34	119	1
34	120	1
34	121	0
34	122	0
34	123	0
34	124	0
34	125	0
34	126	1
34	127	0
34	128	0
34	129	1
34	130	1
35	36	1
35	37	1
35	38	1
35	39	1
35	40	0
35	41	1
35	42	0
35	43	1
35	44	1
35	45	0
35	46	1
35	47	0
35	48	0
35	49	1
35	50	1
35	51	0
35	52	0
35	53	0
35	54	0
35	55	1
35	56	1
35	57	0
35	58	0
35	59	0
35	60	1
35	61	0
35	62	1
35	63	0
35	64	1
35	65	0
35	66	1
35	67	0
35	68	1
35	69	1
35	70	1
35	71	0
35	72	0
35	73	1
35	74	1
35	75	0
35	76	0
35	77	1
35	78	0
35	79	0
35	80	1
35	81	0
35	82	0
35	83	1
35	84	0
35	85	0
35	86	0
35	87	0
35	88	0
35	89	0
35	90	0
35	91	1
35	92	0
35	93	1
35	94	1
35	95	0
35	96	0
35	97	1
35	98	0
35	99	1
35	100	0
35	101	1
35	102	0
35	103	0
35	104	0
35	105	0
35	106	0
35	107	1
35	108	1
35	109	1
35	110	1
35	111	0
35	112	0
35	113	0
35	114	0
35	115	1
35	116	1
35	117	0
35	118	1
35	119	1
35	120	1
35	121	1
35	122	1
35	123	0
35	124	1
35	125	1
35	126	1
35	127	0
35	128	1
35	129	1
35	130	0
36	37	0
36	38	0
36	39	1
36	40	0
36	41	1
36	42	0
36	43	1
36	44	0
36	45	0
36	46	1
36	47	0
36	48	0
36	49	0
36	50	1
36	51	1
36	52	1
36	53	1
36	54	1
36	55	1
36	56	1
36	57	1
36	58	1
36	59	1
36	60	1
36	61	1
36	62	0
36	63	1
36	64	0
36	65	0
36	66	0
36	67	1
36	68	1
36	69	0
36	70	1
36	71	1
36	72	1
36	73	1
36	74	1
36	75	1
36	76	1
36	77	1
36	78	0
36	79	0
36	80	1
36	81	0
36	82	1
36	83	0
36	84	1
36	85	1
36	86	1
36	87	0
36	88	1
36	89	0
36	90	1
36	91	0
36	92	0
36	93	0
36	94	1
36	95	1
36	96	0
36	97	0
36	98	1
36	99	1
36	100	0
36	101	0
36	102	0
36	103	1
36	104	1
36	105	0
36	106	1
36	107	0
36	108	1
36	109	1
36	110	0
36	111	0
36	112	1
36	113	0
36	114	0
36	115	1
36	116	1
36	117	0
36	118	0
36	119	0
36	120	0
36	121	0
36	122	0
36	123	0
36	124	1
36	125	1
36	126	1
36	127	1
36	128	0
36	129	0
36	130	1
37	38	0
37	39	0
37	40	1
37	41	1
37	42	0
37	43	1
37	44	1
37	45	1
37	46	1
37	47	0
37	48	1
37	49	1
37	50	0
37	51	1
37	52	0
37	53	1
37	54	0
37	55	0
37	56	0
37	57	0
37	58	1
37	59	1
37	60	0
37	61	0
37	62	1
37	63	0
37	64	0
37	65	1
37	66	1
37	67	0
37	68	1
37	69	0
37	70	1
37	71	0
37	72	0
37	73	1
37	74	0
37	75	1
37	76	0
37	77	0
37	78	1
37	79	1
37	80	1
37	81	0
37	82	1
37	83	1
37	84	1
37	85	1
37	86	0
37	87	0
37	88	1
37	89	1
37	90	1
37	91	0
37	92	0
37	93	1
37	94	0
37	95	0
37	96	0
37	97	0
37	98	1
37	99	0
37	100	1
37	101	0
37	102	0
37	103	0
37	104	0
37	105	0
37	106	1
37	107	1
37	108	1
37	109	1
37	110	0
37	111	1
37	112	1
37	113	1
37	114	0
37	115	0
37	116	0
37	117	0
37	118	1
37	119	1
37	120	1
37	121	1
37	122	1
37	123	0
37	124	0
37	125	1
37	126	1
37	127	1
37	128	1
37	129	0
37	130	1
38	39	0
38	40	1
38	41	0
38	42	0
38	43	1
38	44	0
38	45	1
38	46	0
38	47	0
38	48	1
38	49	0
38	50	1
38	51	0
38	52	1
38	53	1
38	54	1
38	55	1
38	56	0
38	57	0
38	58	1
38	59	1
38	60	0
38	61	0
38	62	1
38	63	0
38	64	0
38	65	0
38	66	1
38	67	0
38	68	0
38	69	1
38	70	1
38	71	0
38	72	1
38	73	0
38	74	1
38	75	1
38	76	1
38	77	0
38	78	1
38	79	0
38	80	0
38	81	0
38	82	0
38	83	0
38	84	0
38	85	0
38	86	0
38	87	0
38	88	0
38	89	0
38	90	1
38	91	1
38	92	1
38	93	1
38	94	1
38	95	0
38	96	1
38	97	0
38	98	1
38	99	0
38	100	0
38	101	1
38	102	0
38	103	1
38	104	0
38	105	1
38	106	1
38	107	1
38	108	1
38	109	0
38	110	1
38	111	1
38	112	1
38	113	0
38	114	0
38	115	1
38	116	1
38	117	1
38	118	1
38	119	1
38	120	0
38	121	1
38	122	0
38	123	0
38	124	0
38	125	0
38	126	1
38	127	1
38	128	0
38	129	1
38	130	0
39	40	1
39	41	1
39	42	0
39	43	1
39	44	0
39	45	0
39	46	0
39	47	0
39	48	1
39	49	0
39	50	1
39	51	1
39	52	1
39	53	1
39	54	0
39	55	0
39	56	0
39	57	1
39	58	1
39	59	0
39	60	0
39	61	0
39	62	0
39	63	1
39	64	1
39	65	1
39	66	1
39	67	0
39	68	0
39	69	1
39	70	1
39	71	1
39	72	1
39	73	0
39	74	1
39	75	1
39	76	1
39	77	0
39	78	0
39	79	1
39	80	0
39	81	0
39	82	1
39	83	1
39	84	0
39	85	0
39	86	1
39	87	0
39	88	0
39	89	0
39	90	1
39	91	1
39	92	1
39	93	0
39	94	1
39	95	0
39	96	1
39	97	0
39	98	0
39	99	0
39	100	1
39	101	0
39	102	0
39	103	0
39	104	0
39	105	0
39	106	0
39	107	1
39	108	1
39	109	0
39	110	0
39	111	1
39	112	1
39	113	0
39	114	0
39	115	1
39	116	0
39	117	0
39	118	1
39	119	0
39	120	1
39	121	1
39	122	0
39	123	1
39	124	0
39	125	0
39	126	0
39	127	0
39	128	0
39	129	0
39	130	0
40	41	0
40	42	0
40	43	0
40	44	0
40	45	1
40	46	1
40	47	1
40	48	0
40	49	0
40	50	1
40	51	1
40	52	1
40	53	1
40	54	0
40	55	1
40	56	0
40	57	0
40	58	1
40	59	0
40	60	0
40	61	1
40	62	0
40	63	0
40	64	0
40	65	1
40	66	1
40	67	1
40	68	1
40	69	1
40	70	0
40	71	0
40	72	0
40	73	0
40	74	0
40	75	0
40	76	1
40	77	0
40	78	1
40	79	0
40	80	1
40	81	0
40	82	0
40	83	1
40	84	0
40	85	0
40	86	0
40	87	0
40	88	1
40	89	0
40	90	1
40	91	1
40	92	1
40	93	1
40	94	0
40	95	1
40	96	0
40	97	1
40	98	0
40	99	0
40	100	0
40	101	1
40	102	1
40	103	0
40	104	0
40	105	1
40	106	0
40	107	1
40	108	1
40	109	1
40	110	0
40	111	0
40	112	1
40	113	1
40	114	0
40	115	1
40	116	1
40	117	1
40	118	0
40	119	1
40	120	0
40	121	0
40	122	1
40	123	1
40	124	1
40	125	0
40	126	1
40	127	1
40	128	1
40	129	0
40	130	1
41	42	1
41	43	0
41	44	1
41	45	1
41	46	0
41	47	1
41	48	0
41	49	0
41	50	0
41	51	1
41	52	0
41	53	1
41	54	1
41	55	1
41	56	0
41	57	0
41	58	0
41	59	1
41	60	1
41	61	1
41	62	0
41	63	0
41	64	1
41	65	1
41	66	0
41	67	0
41	68	0
41	69	1
41	70	1
41	71	0
41	72	1
41	73	1
41	74	1
41	75	1
41	76	1
41	77	0
41	78	1
41	79	0
41	80	1
41	81	1
41	82	1
41	83	0
41	84	1
41	85	1
41	86	0
41	87	1
41	88	1
41	89	0
41	90	0
41	91	1
41	92	0
41	93	0
41	94	1
41	95	0
41	96	0
41	97	0
41	98	1
41	99	1
41	100	1
41	101	0
41	102	1
41	103	1
41	104	0
41	105	0
41	106	1
41	107	1
41	108	1
41	109	0
41	110	1
41	111	0
41	112	0
41	113	0
41	114	0
41	115	0
41	116	0
41	117	1
41	118	0
41	119	0
41	120	1
41	121	1
41	122	0
41	123	0
41	124	1
41	125	0
41	126	1
41	127	0
41	128	0
41	129	1
41	130	1
42	43	1
42	44	1
42	45	0
42	46	1
42	47	0
42	48	0
42	49	0
42	50	0
42	51	0
42	52	1
42	53	1
42	54	0
42	55	1
42	56	0
42	57	1
42	58	0
42	59	1
42	60	0
42	61	1
42	62	1
42	63	1
42	64	0
42	65	1
42	66	1
42	67	1
42	68	0
42	69	0
42	70	0
42	71	0
42	72	1
42	73	1
42	74	0
42	75	1
42	76	0
42	77	0
42	78	0
42	79	1
42	80	0
42	81	0
42	82	1
42	83	0
42	84	1
42	85	0
42	86	0
42	87	0
42	88	0
42	89	0
42	90	0
42	91	1
42	92	0
42	93	1
42	94	0
42	95	1
42	96	0
42	97	0
42	98	0
42	99	1
42	100	0
42	101	1
42	102	0
42	103	0
42	104	1
42	105	1
42	106	0
42	107	0
42	108	0
42	109	1
42	110	0
42	111	1
42	112	1
42	113	1
42	114	0
42	115	0
42	116	1
42	117	0
42	118	0
42	119	1
42	120	1
42	121	1
42	122	0
42	123	1
42	124	0
42	125	1
42	126	1
42	127	0
42	128	0
42	129	0
42	130	0
43	44	0
43	45	0
43	46	1
43	47	1
43	48	0
43	49	0
43	50	1
43	51	0
43	52	0
43	53	0
43	54	1
43	55	1
43	56	1
43	57	1
43	58	1
43	59	1
43	60	1
43	61	1
43	62	1
43	63	1
43	64	0
43	65	1
43	66	0
43	67	0
43	68	1
43	69	0
43	70	1
43	71	1
43	72	0
43	73	1
43	74	0
43	75	0
43	76	0
43	77	1
43	78	0
43	79	1
43	80	0
43	81	0
43	82	0
43	83	1
43	84	0
43	85	0
43	86	1
43	87	1
43	88	0
43	89	0
43	90	0
43	91	1
43	92	1
43	93	1
43	94	0
43	95	1
43	96	0
43	97	0
43	98	1
43	99	0
43	100	1
43	101	0
43	102	0
43	103	1
43	104	1
43	105	0
43	106	1
43	107	1
43	108	0
43	109	0
43	110	0
43	111	0
43	112	1
43	113	0
43	114	1
43	115	0
43	116	0
43	117	1
43	118	1
43	119	1
43	120	1
43	121	0
43	122	0
43	123	1
43	124	0
43	125	0
43	126	0
43	127	1
43	128	0
43	129	1
43	130	1
44	45	1
44	46	1
44	47	1
44	48	0
44	49	1
44	50	0
44	51	1
44	52	0
44	53	0
44	54	0
44	55	0
44	56	1
44	57	1
44	58	0
44	59	0
44	60	1
44	61	1
44	62	1
44	63	0
44	64	1
44	65	1
44	66	1
44	67	0
44	68	0
44	69	1
44	70	0
44	71	0
44	72	1
44	73	0
44	74	0
44	75	1
44	76	1
44	77	1
44	78	0
44	79	1
44	80	1
44	81	1
44	82	0
44	83	1
44	84	1
44	85	0
44	86	0
44	87	0
44	88	0
44	89	1
44	90	1
44	91	0
44	92	1
44	93	1
44	94	1
44	95	1
44	96	1
44	97	1
44	98	1
44	99	0
44	100	0
44	101	1
44	102	1
44	103	0
44	104	1
44	105	1
44	106	0
44	107	0
44	108	1
44	109	1
44	110	0
44	111	1
44	112	1
44	113	1
44	114	1
44	115	0
44	116	1
44	117	0
44	118	1
44	119	0
44	120	1
44	121	0
44	122	0
44	123	0
44	124	0
44	125	1
44	126	1
44	127	0
44	128	1
44	129	0
44	130	1
45	46	1
45	47	1
45	48	0
45	49	0
45	50	1
45	51	1
45	52	1
45	53	0
45	54	1
45	55	1
45	56	1
45	57	1
45	58	0
45	59	1
45	60	1
45	61	1
45	62	1
45	63	0
45	64	0
45	65	0
45	66	0
45	67	0
45	68	0
45	69	0
45	70	1
45	71	0
45	72	1
45	73	0
45	74	1
45	75	1
45	76	0
45	77	1
45	78	1
45	79	1
45	80	0
45	81	0
45	82	1
45	83	0
45	84	1
45	85	0
45	86	1
45	87	1
45	88	0
45	89	0
45	90	0
45	91	0
45	92	1
45	93	1
45	94	0
45	95	1
45	96	1
45	97	0
45	98	0
45	99	1
45	100	0
45	101	1
45	102	1
45	103	1
45	104	1
45	105	0
45	106	0
45	107	1
45	108	1
45	109	0
45	110	1
45	111	0
45	112	1
45	113	0
45	114	0
45	115	1
45	116	1
45	117	0
45	118	1
45	119	0
45	120	0
45	121	1
45	122	1
45	123	1
45	124	0
45	125	0
45	126	0
45	127	1
45	128	0
45	129	1
45	130	0
46	47	1
46	48	1
46	49	0
46	50	0
46	51	0
46	52	0
46	53	0
46	54	0
46	55	0
46	56	1
46	57	1
46	58	1
46	59	0
46	60	0
46	61	1
46	62	0
46	63	1
46	64	0
46	65	0
46	66	0
46	67	0
46	68	1
46	69	1
46	70	0
46	71	0
46	72	0
46	73	0
46	74	0
46	75	1
46	76	0
46	77	0
46	78	0
46	79	0
46	80	1
46	81	0
46	82	1
46	83	1
46	84	0
46	85	0
46	86	1
46	87	1
46	88	0
46	89	1
46	90	0
46	91	0
46	92	1
46	93	0
46	94	0
46	95	0
46	96	0
46	97	1
46	98	1
46	99	1
46	100	1
46	101	1
46	102	1
46	103	0
46	104	1
46	105	1
46	106	1
46	107	0
46	108	1
46	109	0
46	110	0
46	111	1
46	112	1
46	113	1
46	114	1
46	115	1
46	116	1
46	117	1
46	118	1
46	119	1
46	120	1
46	121	1
46	122	1
46	123	0
46	124	0
46	125	1
46	126	1
46	127	1
46	128	0
46	129	1
46	130	1
47	48	1
47	49	1
47	50	1
47	51	1
47	52	0
47	53	1
47	54	0
47	55	0
47	56	0
47	57	0
47	58	1
47	59	0
47	60	1
47	61	1
47	62	0
47	63	1
47	64	0
47	65	1
47	66	1
47	67	0
47	68	0
47	69	0
47	70	0
47	71	0
47	72	1
47	73	1
47	74	1
47	75	0
47	76	1
47	77	1
47	78	1
47	79	0
47	80	0
47	81	1
47	82	0
47	83	1
47	84	0
47	85	1
47	86	0
47	87	1
47	88	1
47	89	0
47	90	0
47	91	0
47	92	1
47	93	0
47	94	0
47	95	1
47	96	0
47	97	1
47	98	0
47	99	0
47	100	0
47	101	1
47	102	1
47	103	0
47	104	0
47	105	1
47	106	0
47	107	0
47	108	0
47	109	1
47	110	1
47	111	1
47	112	0
47	113	1
47	114	0
47	115	0
47	116	0
47	117	1
47	118	1
47	119	1
47	120	1
47	121	1
47	122	1
47	123	0
47	124	1
47	125	0
47	126	1
47	127	1
47	128	1
47	129	1
47	130	1
48	49	0
48	50	0
48	51	0
48	52	1
48	53	1
48	54	1
48	55	1
48	56	1
48	57	0
48	58	1
48	59	1
48	60	1
48	61	1
48	62	1
48	63	0
48	64	1
48	65	1
48	66	0
48	67	0
48	68	1
48	69	0
48	70	0
48	71	0
48	72	0
48	73	1
48	74	0
48	75	1
48	76	0
48	77	0
48	78	1
48	79	1
48	80	1
48	81	1
48	82	0
48	83	1
48	84	1
48	85	1
48	86	1
48	87	1
48	88	1
48	89	0
48	90	1
48	91	0
48	92	0
48	93	1
48	94	0
48	95	0
48	96	0
48	97	0
48	98	0
48	99	1
48	100	0
48	101	0
48	102	0
48	103	0
48	104	0
48	105	0
48	106	0
48	107	0
48	108	0
48	109	1
48	110	1
48	111	0
48	112	0
48	113	0
48	114	0
48	115	0
48	116	0
48	117	1
48	118	0
48	119	1
48	120	1
48	121	1
48	122	1
48	123	0
48	124	0
48	125	1
48	126	1
48	127	0
48	128	1
48	129	0
48	130	0
49	50	0
49	51	1
49	52	0
49	53	0
49	54	1
49	55	1
49	56	0
49	57	0
49	58	1
49	59	0
49	60	0
49	61	1
49	62	0
49	63	1
49	64	1
49	65	1
49	66	1
49	67	1
49	68	0
49	69	1
49	70	1
49	71	0
49	72	1
49	73	0
49	74	0
49	75	0
49	76	0
49	77	1
49	78	0
49	79	1
49	80	1
49	81	0
49	82	1
49	83	0
49	84	0
49	85	1
49	86	0
49	87	0
49	88	0
49	89	0
49	90	0
49	91	1
49	92	1
49	93	0
49	94	0
49	95	0
49	96	0
49	97	1
49	98	0
49	99	1
49	100	0
49	101	0
49	102	0
49	103	1
49	104	0
49	105	0
49	106	0
49	107	0
49	108	0
49	109	1
49	110	1
49	111	0
49	112	1
49	113	1
49	114	0
49	115	0
49	116	0
49	117	1
49	118	1
49	119	0
49	120	1
49	121	0
49	122	0
49	123	0
49	124	0
49	125	0
49	126	1
49	127	0
49	128	1
49	129	1
49	130	1
50	51	1
50	52	0
50	53	0
50	54	1
50	55	1
50	56	0
50	57	1
50	58	1
50	59	1
50	60	0
50	61	0
50	62	0
50	63	1
50	64	0
50	65	0
50	66	1
50	67	1
50	68	1
50	69	0
50	70	1
50	71	0
50	72	1
50	73	0
50	74	1
50	75	1
50	76	0
50	77	1
50	78	1
50	79	1
50	80	0
50	81	0
50	82	1
50	83	1
50	84	1
50	85	0
50	86	0
50	87	1
50	88	0
50	89	1
50	90	1
50	91	0
50	92	1
50	93	1
50	94	0
50	95	0
50	96	1
50	97	1
50	98	0
50	99	0
50	100	0
50	101	0
50	102	1
50	103	0
50	104	0
50	105	0
50	106	1
50	107	1
50	108	1
50	109	0
50	110	1
50	111	0
50	112	1
50	113	0
50	114	1
50	115	1
50	116	0
50	117	0
50	118	0
50	119	1
50	120	1
50	121	1
50	122	0
50	123	0
50	124	0
50	125	0
50	126	1
50	127	0
50	128	1
50	129	0
50	130	0
51	52	0
51	53	1
51	54	1
51	55	0
51	56	1
51	57	1
51	58	1
51	59	0
51	60	0
51	61	1
51	62	0
51	63	1
51	64	1
51	65	1
51	66	1
51	67	1
51	68	0
51	69	1
51	70	0
51	71	1
51	72	1
51	73	1
51	74	1
51	75	0
51	76	0
51	77	1
51	78	0
51	79	1
51	80	0
51	81	1
51	82	1
51	83	1
51	84	0
51	85	0
51	86	1
51	87	0
51	88	0
51	89	1
51	90	0
51	91	0
51	92	1
51	93	0
51	94	0
51	95	1
51	96	1
51	97	1
51	98	1
51	99	1
51	100	0
51	101	0
51	102	0
51	103	1
51	104	1
51	105	1
51	106	1
51	107	1
51	108	1
51	109	1
51	110	0
51	111	1
51	112	0
51	113	1
51	114	0
51	115	1
51	116	1
51	117	0
51	118	1
51	119	1
51	120	1
51	121	1
51	122	1
51	123	1
51	124	1
51	125	0
51	126	1
51	127	1
51	128	0
51	129	0
51	130	1
52	53	0
52	54	0
52	55	0
52	56	0
52	57	0
52	58	0
52	59	0
52	60	1
52	61	1
52	62	0
52	63	0
52	64	1
52	65	1
52	66	0
52	67	1
52	68	0
52	69	0
52	70	0
52	71	0
52	72	0
52	73	1
52	74	0
52	75	1
52	76	0
52	77	1
52	78	1
52	79	1
52	80	1
52	81	0
52	82	1
52	83	0
52	84	0
52	85	0
52	86	1
52	87	0
52	88	1
52	89	1
52	90	0
52	91	1
52	92	0
52	93	1
52	94	1
52	95	1
52	96	1
52	97	0
52	98	1
52	99	1
52	100	1
52	101	0
52	102	0
52	103	0
52	104	1
52	105	0
52	106	1
52	107	1
52	108	1
52	109	1
52	110	0
52	111	0
52	112	0
52	113	1
52	114	0
52	115	1
52	116	0
52	117	0
52	118	1
52	119	0
52	120	1
52	121	0
52	122	1
52	123	1
52	124	0
52	125	0
52	126	0
52	127	1
52	128	1
52	129	1
52	130	1
53	54	1
53	55	1
53	56	0
53	57	1
53	58	0
53	59	1
53	60	0
53	61	1
53	62	0
53	63	1
53	64	0
53	65	0
53	66	1
53	67	0
53	68	0
53	69	0
53	70	0
53	71	0
53	72	0
53	73	0
53	74	1
53	75	1
53	76	1
53	77	1
53	78	0
53	79	0
53	80	0
53	81	1
53	82	0
53	83	1
53	84	0
53	85	0
53	86	0
53	87	0
53	88	1
53	89	0
53	90	1
53	91	0
53	92	0
53	93	1
53	94	1
53	95	0
53	96	1
53	97	1
53	98	1
53	99	0
53	100	1
53	101	1
53	102	1
53	103	1
53	104	1
53	105	1
53	106	1
53	107	1
53	108	0
53	109	1
53	110	1
53	111	1
53	112	1
53	113	0
53	114	1
53	115	0
53	116	1
53	117	0
53	118	0
53	119	1
53	120	1
53	121	1
53	122	1
53	123	1
53	124	1
53	125	0
53	126	0
53	127	0
53	128	0
53	129	1
53	130	0
54	55	0
54	56	1
54	57	0
54	58	1
54	59	1
54	60	1
54	61	1
54	62	1
54	63	1
54	64	1
54	65	0
54	66	1
54	67	0
54	68	0
54	69	1
54	70	1
54	71	1
54	72	1
54	73	1
54	74	0
54	75	0
54	76	1
54	77	1
54	78	1
54	79	0
54	80	0
54	81	0
54	82	0
54	83	0
54	84	0
54	85	1
54	86	0
54	87	0
54	88	1
54	89	1
54	90	1
54	91	0
54	92	1
54	93	0
54	94	1
54	95	0
54	96	0
54	97	1
54	98	0
54	99	0
54	100	0
54	101	0
54	102	1
54	103	0
54	104	1
54	105	1
54	106	1
54	107	0
54	108	1
54	109	1
54	110	1
54	111	1
54	112	1
54	113	0
54	114	1
54	115	0
54	116	0
54	117	1
54	118	0
54	119	1
54	120	1
54	121	1
54	122	0
54	123	1
54	124	0
54	125	1
54	126	0
54	127	0
54	128	0
54	129	1
54	130	1
55	56	1
55	57	0
55	58	0
55	59	1
55	60	0
55	61	1
55	62	1
55	63	0
55	64	1
55	65	1
55	66	0
55	67	0
55	68	1
55	69	1
55	70	1
55	71	0
55	72	0
55	73	0
55	74	0
55	75	0
55	76	0
55	77	1
55	78	1
55	79	1
55	80	0
55	81	0
55	82	0
55	83	0
55	84	0
55	85	0
55	86	1
55	87	0
55	88	0
55	89	0
55	90	0
55	91	0
55	92	1
55	93	0
55	94	0
55	95	0
55	96	1
55	97	1
55	98	0
55	99	1
55	100	0
55	101	1
55	102	1
55	103	1
55	104	0
55	105	1
55	106	0
55	107	1
55	108	0
55	109	1
55	110	0
55	111	1
55	112	1
55	113	1
55	114	0
55	115	0
55	116	1
55	117	1
55	118	1
55	119	1
55	120	1
55	121	1
55	122	1
55	123	0
55	124	1
55	125	1
55	126	1
55	127	1
55	128	1
55	129	1
55	130	1
56	57	1
56	58	0
56	59	1
56	60	0
56	61	1
56	62	1
56	63	0
56	64	1
56	65	1
56	66	0
56	67	0
56	68	0
56	69	0
56	70	1
56	71	0
56	72	0
56	73	0
56	74	1
56	75	1
56	76	0
56	77	0
56	78	0
56	79	1
56	80	1
56	81	0
56	82	0
56	83	0
56	84	1
56	85	1
56	86	1
56	87	1
56	88	0
56	89	0
56	90	0
56	91	0
56	92	0
56	93	1
56	94	1
56	95	0
56	96	1
56	97	0
56	98	1
56	99	1
56	100	0
56	101	0
56	102	1
56	103	1
56	104	0
56	105	0
56	106	1
56	107	0
56	108	1
56	109	0
56	110	1
56	111	1
56	112	1
56	113	1
56	114	0
56	115	1
56	116	1
56	117	1
56	118	1
56	119	0
56	120	1
56	121	1
56	122	0
56	123	1
56	124	1
56	125	1
56	126	1
56	127	1
56	128	0
56	129	0
56	130	1
57	58	1
57	59	0
57	60	1
57	61	1
57	62	0
57	63	1
57	64	0
57	65	0
57	66	1
57	67	1
57	68	0
57	69	0
57	70	1
57	71	1
57	72	1
57	73	1
57	74	1
57	75	1
57	76	1
57	77	1
57	78	0
57	79	0
57	80	1
57	81	0
57	82	1
57	83	1
57	84	0
57	85	0
57	86	0
57	87	0
57	88	1
57	89	0
57	90	0
57	91	1
57	92	1
57	93	0
57	94	1
57	95	1
57	96	1
57	97	0
57	98	0
57	99	0
57	100	1
57	101	1
57	102	1
57	103	1
57	104	1
57	105	0
57	106	1
57	107	1
57	108	0
57	109	0
57	110	1
57	111	0
57	112	1
57	113	1
57	114	1
57	115	0
57	116	1
57	117	1
57	118	1
57	119	1
57	120	1
57	121	0
57	122	0
57	123	0
57	124	0
57	125	0
57	126	1
57	127	0
57	128	0
57	129	0
57	130	1
58	59	1
58	60	1
58	61	1
58	62	1
58	63	0
58	64	0
58	65	1
58	66	1
58	67	0
58	68	0
58	69	1
58	70	0
58	71	1
58	72	1
58	73	0
58	74	1
58	75	1
58	76	0
58	77	0
58	78	0
58	79	1
58	80	1
58	81	1
58	82	0
58	83	0
58	84	1
58	85	0
58	86	1
58	87	0
58	88	1
58	89	0
58	90	1
58	91	0
58	92	1
58	93	0
58	94	1
58	95	0
58	96	1
58	97	1
58	98	0
58	99	0
58	100	0
58	101	0
58	102	1
58	103	1
58	104	1
58	105	0
58	106	0
58	107	1
58	108	0
58	109	1
58	110	0
58	111	0
58	112	1
58	113	0
58	114	0
58	115	0
58	116	0
58	117	0
58	118	0
58	119	1
58	120	0
58	121	0
58	122	1
58	123	0
58	124	1
58	125	1
58	126	1
58	127	0
58	128	0
58	129	1
58	130	1
59	60	1
59	61	0
59	62	0
59	63	0
59	64	1
59	65	1
59	66	1
59	67	0
59	68	0
59	69	0
59	70	0
59	71	0
59	72	1
59	73	1
59	74	0
59	75	0
59	76	0
59	77	1
59	78	1
59	79	1
59	80	0
59	81	1
59	82	0
59	83	0
59	84	1
59	85	1
59	86	1
59	87	0
59	88	1
59	89	0
59	90	1
59	91	0
59	92	0
59	93	1
59	94	0
59	95	0
59	96	1
59	97	1
59	98	0
59	99	1
59	100	0
59	101	1
59	102	1
59	103	0
59	104	1
59	105	0
59	106	1
59	107	0
59	108	1
59	109	1
59	110	1
59	111	1
59	112	1
59	113	1
59	114	1
59	115	1
59	116	0
59	117	1
59	118	1
59	119	0
59	120	0
59	121	1
59	122	0
59	123	1
59	124	1
59	125	1
59	126	0
59	127	0
59	128	1
59	129	1
59	130	0
60	61	1
60	62	0
60	63	1
60	64	0
60	65	1
60	66	0
60	67	1
60	68	1
60	69	1
60	70	1
60	71	1
60	72	1
60	73	1
60	74	0
60	75	0
60	76	1
60	77	0
60	78	0
60	79	0
60	80	1
60	81	0
60	82	1
60	83	1
60	84	1
60	85	0
60	86	1
60	87	1
60	88	0
60	89	1
60	90	1
60	91	1
60	92	1
60	93	1
60	94	1
60	95	0
60	96	0
60	97	0
60	98	1
60	99	0
60	100	1
60	101	0
60	102	0
60	103	0
60	104	1
60	105	1
60	106	1
60	107	0
60	108	1
60	109	1
60	110	0
60	111	1
60	112	1
60	113	1
60	114	1
60	115	0
60	116	0
60	117	0
60	118	1
60	119	1
60	120	1
60	121	1
60	122	0
60	123	0
60	124	1
60	125	0
60	126	1
60	127	0
60	128	0
60	129	1
60	130	0
61	62	1
61	63	1
61	64	1
61	65	0
61	66	1
61	67	0
61	68	0
61	69	0
61	70	1
61	71	1
61	72	0
61	73	0
61	74	0
61	75	0
61	76	0
61	77	0
61	78	1
61	79	0
61	80	1
61	81	0
61	82	1
61	83	1
61	84	1
61	85	1
61	86	1
61	87	0
61	88	1
61	89	0
61	90	1
61	91	0
61	92	0
61	93	0
61	94	0
61	95	0
61	96	0
61	97	0
61	98	0
61	99	0
61	100	0
61	101	1
61	102	0
61	103	0
61	104	0
61	105	1
61	106	0
61	107	1
61	108	1
61	109	1
61	110	0
61	111	0
61	112	1
61	113	0
61	114	1
61	115	0
61	116	1
61	117	1
61	118	1
61	119	0
61	120	0
61	121	1
61	122	0
61	123	0
61	124	1
61	125	1
61	126	0
61	127	0
61	128	0
61	129	1
61	130	0
62	63	1
62	64	1
62	65	1
62	66	1
62	67	0
62	68	1
62	69	1
62	70	0
62	71	0
62	72	1
62	73	0
62	74	1
62	75	0
62	76	1
62	77	1
62	78	1
62	79	1
62	80	1
62	81	1
62	82	1
62	83	1
62	84	0
62	85	0
62	86	0
62	87	1
62	88	0
62	89	1
62	90	1
62	91	0
62	92	0
62	93	1
62	94	0
62	95	0
62	96	1
62	97	1
62	98	0
62	99	1
62	100	0
62	101	1
62	102	0
62	103	0
62	104	1
62	105	0
62	106	0
62	107	1
62	108	1
62	109	1
62	110	1
62	111	0
62	112	1
62	113	1
62	114	1
62	115	1
62	116	1
62	117	0
62	118	0
62	119	0
62	120	0
62	121	0
62	122	0
62	123	0
62	124	1
62	125	0
62	126	0
62	127	0
62	128	1
62	129	0
62	130	0
63	64	1
63	65	0
63	66	0
63	67	0
63	68	0
63	69	1
63	70	0
63	71	1
63	72	1
63	73	0
63	74	0
63	75	0
63	76	1
63	77	1
63	78	0
63	79	0
63	80	0
63	81	0
63	82	1
63	83	0
63	84	0
63	85	1
63	86	0
63	87	0
63	88	0
63	89	1
63	90	0
63	91	0
63	92	1
63	93	0
63	94	0
63	95	0
63	96	1
63	97	0
63	98	0
63	99	0
63	100	1
63	101	0
63	102	0
63	103	0
63	104	1
63	105	1
63	106	0
63	107	1
63	108	1
63	109	1
63	110	1
63	111	1
63	112	0
63	113	0
63	114	0
63	115	1
63	116	1
63	117	1
63	118	1
63	119	1
63	120	0
63	121	1
63	122	1
63	123	1
63	124	1
63	125	1
63	126	0
63	127	0
63	128	0
63	129	0
63	130	0
64	65	0
64	66	1
64	67	1
64	68	1
64	69	0
64	70	0
64	71	0
64	72	1
64	73	1
64	74	0
64	75	0
64	76	0
64	77	1
64	78	0
64	79	0
64	80	1
64	81	0
64	82	0
64	83	1
64	84	0
64	85	1
64	86	0
64	87	0
64	88	1
64	89	0
64	90	0
64	91	0
64	92	1
64	93	1
64	94	1
64	95	0
64	96	1
64	97	0
64	98	0
64	99	1
64	100	1
64	101	1
64	102	0
64	103	0
64	104	0
64	105	1
64	106	1
64	107	1
64	108	0
64	109	1
64	110	1
64	111	1
64	112	1
64	113	0
64	114	0
64	115	1
64	116	1
64	117	0
64	118	0
64	119	1
64	120	1
64	121	1
64	122	1
64	123	0
64	124	0
64	125	1
64	126	1
64	127	1
64	128	1
64	129	0
64	130	1
65	66	1
65	67	0
65	68	1
65	69	1
65	70	1
65	71	0
65	72	1
65	73	0
65	74	0
65	75	1
65	76	1
65	77	1
65	78	0
65	79	0
65	80	0
65	81	0
65	82	1
65	83	0
65	84	0
65	85	0
65	86	0
65	87	1
65	88	0
65	89	0
65	90	0
65	91	0
65	92	1
65	93	1
65	94	0
65	95	0
65	96	1
65	97	0
65	98	0
65	99	0
65	100	1
65	101	0
65	102	1
65	103	1
65	104	1
65	105	0
65	106	1
65	107	1
65	108	0
65	109	0
65	110	1
65	111	1
65	112	0
65	113	1
65	114	1
65	115	0
65	116	0
65	117	0
65	118	0
65	119	0
65	120	0
65	121	0
65	122	1
65	123	0
65	124	0
65	125	1
65	126	1
65	127	0
65	128	0
65	129	0
65	130	0
66	67	1
66	68	0
66	69	0
66	70	0
66	71	1
66	72	1
66	73	1
66	74	1
66	75	1
66	76	0
66	77	0
66	78	1
66	79	0
66	80	1
66	81	1
66	82	1
66	83	1
66	84	0
66	85	1
66	86	0
66	87	0
66	88	0
66	89	1
66	90	0
66	91	1
66	92	1
66	93	1
66	94	0
66	95	0
66	96	0
66	97	1
66	98	1
66	99	1
66	100	0
66	101	1
66	102	1
66	103	1
66	104	0
66	105	1
66	106	1
66	107	0
66	108	1
66	109	0
66	110	0
66	111	1
66	112	0
66	113	0
66	114	0
66	115	1
66	116	0
66	117	1
66	118	1
66	119	0
66	120	0
66	121	0
66	122	0
66	123	0
66	124	1
66	125	0
66	126	1
66	127	1
66	128	1
66	129	0
66	130	0
67	68	0
67	69	1
67	70	0
67	71	0
67	72	0
67	73	0
67	74	1
67	75	0
67	76	1
67	77	0
67	78	0
67	79	1
67	80	1
67	81	1
67	82	1
67	83	1
67	84	0
67	85	1
67	86	1
67	87	0
67	88	0
67	89	0
67	90	1
67	91	1
67	92	1
67	93	1
67	94	0
67	95	0
67	96	1
67	97	0
67	98	1
67	99	1
67	100	0
67	101	0
67	102	1
67	103	1
67	104	0
67	105	0
67	106	0
67	107	0
67	108	1
67	109	1
67	110	0
67	111	1
67	112	1
67	113	0
67	114	0
67	115	1
67	116	1
67	117	0
67	118	0
67	119	0
67	120	1
67	121	0
67	122	0
67	123	0
67	124	0
67	125	1
67	126	1
67	127	1
67	128	1
67	129	0
67	130	1
68	69	0
68	70	1
68	71	1
68	72	0
68	73	0
68	74	0
68	75	1
68	76	0
68	77	0
68	78	1
68	79	1
68	80	1
68	81	1
68	82	0
68	83	1
68	84	1
68	85	0
68	86	1
68	87	0
68	88	1
68	89	0
68	90	1
68	91	1
68	92	0
68	93	0
68	94	1
68	95	1
68	96	1
68	97	1
68	98	1
68	99	1
68	100	1
68	101	1
68	102	1
68	103	1
68	104	0
68	105	0
68	106	1
68	107	0
68	108	0
68	109	0
68	110	1
68	111	0
68	112	0
68	113	1
68	114	0
68	115	0
68	116	0
68	117	1
68	118	0
68	119	1
68	120	1
68	121	0
68	122	1
68	123	0
68	124	1
68	125	1
68	126	0
68	127	0
68	128	0
68	129	0
68	130	1
69	70	0
69	71	0
69	72	1
69	73	0
69	74	1
69	75	0
69	76	0
69	77	0
69	78	1
69	79	1
69	80	1
69	81	0
69	82	0
69	83	1
69	84	0
69	85	0
69	86	1
69	87	0
69	88	0
69	89	0
69	90	0
69	91	0
69	92	0
69	93	1
69	94	0
69	95	1
69	96	1
69	97	1
69	98	0
69	99	1
69	100	1
69	101	1
69	102	0
69	103	1
69	104	0
69	105	0
69	106	1
69	107	1
69	108	0
69	109	0
69	110	0
69	111	1
69	112	0
69	113	1
69	114	0
69	115	0
69	116	1
69	117	0
69	118	1
69	119	0
69	120	0
69	121	1
69	122	1
69	123	1
69	124	0
69	125	0
69	126	1
69	127	0
69	128	0
69	129	0
69	130	0
70	71	0
70	72	1
70	73	0
70	74	0
70	75	0
70	76	1
70	77	0
70	78	0
70	79	0
70	80	0
70	81	0
70	82	0
70	83	0
70	84	0
70	85	0
70	86	0
70	87	0
70	88	1
70	89	0
70	90	0
70	91	0
70	92	0
70	93	1
70	94	1
70	95	0
70	96	1
70	97	0
70	98	1
70	99	1
70	100	1
70	101	0
70	102	0
70	103	1
70	104	0
70	105	1
70	106	1
70	107	0
70	108	1
70	109	1
70	110	1
70	111	1
70	112	0
70	113	0
70	114	0
70	115	1
70	116	1
70	117	0
70	118	0
70	119	0
70	120	0
70	121	0
70	122	1
70	123	1
70	124	1
70	125	1
70	126	0
70	127	0
70	128	0
70	129	0
70	130	1
71	72	0
71	73	1
71	74	1
71	75	0
71	76	0
71	77	1
71	78	0
71	79	0
71	80	1
71	81	0
71	82	1
71	83	1
71	84	0
71	85	0
71	86	1
71	87	1
71	88	0
71	89	1
71	90	0
71	91	0
71	92	0
71	93	1
71	94	1
71	95	0
71	96	1
71	97	0
71	98	1
71	99	0
71	100	1
71	101	1
71	102	1
71	103	1
71	104	0
71	105	1
71	106	1
71	107	1
71	108	1
71	109	1
71	110	0
71	111	1
71	112	0
71	113	1
71	114	0
71	115	0
71	116	0
71	117	0
71	118	0
71	119	1
71	120	1
71	121	0
71	122	1
71	123	0
71	124	1
71	125	1
71	126	1
71	127	0
71	128	0
71	129	0
71	130	0
72	73	0
72	74	1
72	75	1
72	76	1
72	77	1
72	78	1
72	79	1
72	80	1
72	81	0
72	82	1
72	83	1
72	84	0
72	85	0
72	86	1
72	87	0
72	88	1
72	89	1
72	90	1
72	91	1
72	92	1
72	93	1
72	94	0
72	95	0
72	96	1
72	97	1
72	98	0
72	99	0
72	100	0
72	101	0
72	102	1
72	103	1
72	104	0
72	105	1
72	106	0
72	107	0
72	108	0
72	109	1
72	110	1
72	111	0
72	112	1
72	113	1
72	114	0
72	115	0
72	116	0
72	117	0
72	118	0
72	119	1
72	120	1
72	121	0
72	122	1
72	123	1
72	124	1
72	125	0
72	126	0
72	127	1
72	128	1
72	129	1
72	130	0
73	74	0
73	75	0
73	76	1
73	77	1
73	78	1
73	79	1
73	80	1
73	81	1
73	82	0
73	83	1
73	84	1
73	85	0
73	86	0
73	87	0
73	88	1
73	89	0
73	90	0
73	91	0
73	92	0
73	93	1
73	94	0
73	95	1
73	96	1
73	97	0
73	98	1
73	99	0
73	100	1
73	101	1
73	102	0
73	103	0
73	104	1
73	105	1
73	106	1
73	107	1
73	108	1
73	109	0
73	110	0
73	111	1
73	112	0
73	113	0
73	114	0
73	115	1
73	116	1
73	117	1
73	118	0
73	119	0
73	120	1
73	121	0
73	122	1
73	123	1
73	124	0
73	125	0
73	126	1
73	127	1
73	128	1
73	129	0
73	130	1
74	75	0
74	76	0
74	77	0
74	78	1
74	79	1
74	80	0
74	81	1
74	82	0
74	83	0
74	84	1
74	85	1
74	86	0
74	87	0
74	88	0
74	89	0
74	90	1
74	91	0
74	92	1
74	93	1
74	94	0
74	95	0
74	96	1
74	97	0
74	98	1
74	99	1
74	100	0
74	101	1
74	102	0
74	103	1
74	104	1
74	105	1
74	106	1
74	107	0
74	108	0
74	109	1
74	110	0
74	111	1
74	112	0
74	113	0
74	114	1
74	115	0
74	116	1
74	117	0
74	118	0
74	119	0
74	120	0
74	121	1
74	122	0
74	123	0
74	124	0
74	125	1
74	126	0
74	127	1
74	128	1
74	129	1
74	130	1
75	76	1
75	77	1
75	78	1
75	79	1
75	80	0
75	81	0
75	82	1
75	83	0
75	84	1
75	85	0
75	86	0
75	87	0
75	88	1
75	89	1
75	90	1
75	91	1
75	92	1
75	93	1
75	94	0
75	95	1
75	96	1
75	97	0
75	98	1
75	99	1
75	100	0
75	101	0
75	102	1
75	103	0
75	104	0
75	105	0
75	106	1
75	107	0
75	108	1
75	109	1
75	110	0
75	111	1
75	112	1
75	113	0
75	114	0
75	115	0
75	116	0
75	117	1
75	118	0
75	119	0
75	120	0
75	121	1
75	122	1
75	123	0
75	124	0
75	125	0
75	126	0
75	127	1
75	128	1
75	129	1
75	130	0
76	77	0
76	78	1
76	79	0
76	80	0
76	81	1
76	82	0
76	83	0
76	84	1
76	85	0
76	86	0
76	87	0
76	88	0
76	89	1
76	90	1
76	91	1
76	92	1
76	93	1
76	94	0
76	95	0
76	96	1
76	97	1
76	98	1
76	99	0
76	100	0
76	101	0
76	102	1
76	103	0
76	104	0
76	105	1
76	106	1
76	107	0
76	108	1
76	109	0
76	110	1
76	111	0
76	112	1
76	113	0
76	114	0
76	115	1
76	116	1
76	117	1
76	118	0
76	119	1
76	120	0
76	121	0
76	122	0
76	123	1
76	124	1
76	125	0
76	126	1
76	127	0
76	128	0
76	129	0
76	130	0
77	78	1
77	79	1
77	80	0
77	81	1
77	82	0
77	83	0
77	84	0
77	85	1
77	86	1
77	87	1
77	88	0
77	89	1
77	90	0
77	91	0
77	92	0
77	93	0
77	94	0
77	95	0
77	96	1
77	97	1
77	98	1
77	99	0
77	100	0
77	101	0
77	102	0
77	103	0
77	104	1
77	105	1
77	106	1
77	107	0
77	108	1
77	109	0
77	110	1
77	111	1
77	112	1
77	113	0
77	114	0
77	115	0
77	116	0
77	117	0
77	118	0
77	119	1
77	120	1
77	121	0
77	122	1
77	123	0
77	124	1
77	125	1
77	126	1
77	127	1
77	128	0
77	129	1
77	130	1
78	79	0
78	80	1
78	81	1
78	82	0
78	83	1
78	84	1
78	85	1
78	86	1
78	87	0
78	88	1
78	89	0
78	90	0
78	91	0
78	92	1
78	93	1
78	94	0
78	95	0
78	96	0
78	97	1
78	98	0
78	99	0
78	100	1
78	101	0
78	102	0
78	103	0
78	104	1
78	105	1
78	106	1
78	107	0
78	108	1
78	109	0
78	110	1
78	111	0
78	112	1
78	113	0
78	114	0
78	115	1
78	116	0
78	117	1
78	118	0
78	119	0
78	120	0
78	121	0
78	122	0
78	123	0
78	124	0
78	125	0
78	126	0
78	127	0
78	128	0
78	129	0
78	130	1
79	80	1
79	81	1
79	82	0
79	83	1
79	84	0
79	85	0
79	86	0
79	87	1
79	88	0
79	89	1
79	90	0
79	91	1
79	92	0
79	93	0
79	94	1
79	95	1
79	96	1
79	97	0
79	98	0
79	99	0
79	100	1
79	101	1
79	102	1
79	103	0
79	104	0
79	105	1
79	106	1
79	107	0
79	108	1
79	109	1
79	110	0
79	111	0
79	112	1
79	113	1
79	114	0
79	115	0
79	116	0
79	117	1
79	118	0
79	119	0
79	120	0
79	121	0
79	122	1
79	123	0
79	124	0
79	125	1
79	126	0
79	127	0
79	128	1
79	129	0
79	130	0
80	81	1
80	82	0
80	83	0
80	84	1
80	85	1
80	86	0
80	87	1
80	88	1
80	89	0
80	90	0
80	91	0
80	92	1
80	93	1
80	94	1
80	95	0
80	96	1
80	97	1
80	98	1
80	99	0
80	100	1
80	101	1
80	102	1
80	103	1
80	104	0
80	105	0
80	106	1
80	107	0
80	108	0
80	109	1
80	110	1
80	111	0
80	112	0
80	113	0
80	114	0
80	115	0
80	116	0
80	117	0
80	118	1
80	119	1
80	120	0
80	121	1
80	122	1
80	123	0
80	124	1
80	125	1
80	126	1
80	127	0
80	128	0
80	129	0
80	130	1
81	82	1
81	83	1
81	84	1
81	85	1
81	86	1
81	87	1
81	88	1
81	89	1
81	90	0
81	91	1
81	92	0
81	93	1
81	94	1
81	95	1
81	96	0
81	97	1
81	98	0
81	99	1
81	100	1
81	101	0
81	102	1
81	103	1
81	104	0
81	105	1
81	106	1
81	107	0
81	108	1
81	109	1
81	110	0
81	111	1
81	112	1
81	113	1
81	114	0
81	115	1
81	116	1
81	117	0
81	118	0
81	119	1
81	120	1
81	121	1
81	122	0
81	123	0
81	124	0
81	125	1
81	126	1
81	127	1
81	128	0
81	129	0
81	130	0
82	83	1
82	84	1
82	85	0
82	86	1
82	87	1
82	88	0
82	89	1
82	90	0
82	91	1
82	92	0
82	93	0
82	94	0
82	95	0
82	96	1
82	97	1
82	98	1
82	99	0
82	100	1
82	101	1
82	102	1
82	103	1
82	104	1
82	105	0
82	106	0
82	107	1
82	108	1
82	109	1
82	110	0
82	111	1
82	112	1
82	113	1
82	114	0
82	115	1
82	116	1
82	117	1
82	118	0
82	119	1
82	120	1
82	121	1
82	122	1
82	123	1
82	124	1
82	125	0
82	126	1
82	127	1
82	128	1
82	129	1
82	130	1
83	84	1
83	85	1
83	86	1
83	87	1
83	88	1
83	89	1
83	90	1
83	91	0
83	92	1
83	93	1
83	94	1
83	95	0
83	96	1
83	97	1
83	98	0
83	99	0
83	100	0
83	101	0
83	102	1
83	103	1
83	104	0
83	105	0
83	106	0
83	107	0
83	108	0
83	109	0
83	110	0
83	111	0
83	112	0
83	113	0
83	114	1
83	115	0
83	116	0
83	117	1
83	118	1
83	119	0
83	120	0
83	121	0
83	122	1
83	123	0
83	124	0
83	125	1
83	126	0
83	127	0
83	128	0
83	129	0
83	130	1
84	85	0
84	86	1
84	87	1
84	88	1
84	89	1
84	90	1
84	91	0
84	92	1
84	93	1
84	94	0
84	95	1
84	96	1
84	97	1
84	98	0
84	99	0
84	100	1
84	101	0
84	102	0
84	103	0
84	104	0
84	105	0
84	106	0
84	107	0
84	108	0
84	109	1
84	110	0
84	111	0
84	112	1
84	113	1
84	114	0
84	115	0
84	116	1
84	117	1
84	118	1
84	119	1
84	120	0
84	121	1
84	122	0
84	123	1
84	124	0
84	125	0
84	126	0
84	127	0
84	128	1
84	129	0
84	130	0
85	86	1
85	87	1
85	88	0
85	89	0
85	90	0
85	91	0
85	92	1
85	93	0
85	94	1
85	95	0
85	96	1
85	97	1
85	98	0
85	99	1
85	100	1
85	101	0
85	102	0
85	103	1
85	104	1
85	105	0
85	106	1
85	107	0
85	108	1
85	109	0
85	110	1
85	111	1
85	112	0
85	113	1
85	114	1
85	115	0
85	116	1
85	117	0
85	118	1
85	119	0
85	120	1
85	121	1
85	122	1
85	123	0
85	124	1
85	125	1
85	126	1
85	127	0
85	128	0
85	129	0
85	130	1
86	87	1
86	88	0
86	89	1
86	90	1
86	91	1
86	92	1
86	93	1
86	94	1
86	95	0
86	96	0
86	97	1
86	98	1
86	99	1
86	100	0
86	101	0
86	102	1
86	103	0
86	104	1
86	105	0
86	106	1
86	107	1
86	108	1
86	109	0
86	110	0
86	111	0
86	112	0
86	113	1
86	114	0
86	115	0
86	116	0
86	117	1
86	118	1
86	119	1
86	120	1
86	121	1
86	122	1
86	123	1
86	124	1
86	125	0
86	126	1
86	127	0
86	128	1
86	129	0
86	130	1
87	88	0
87	89	0
87	90	1
87	91	0
87	92	0
87	93	0
87	94	0
87	95	1
87	96	1
87	97	1
87	98	0
87	99	1
87	100	1
87	101	1
87	102	1
87	103	1
87	104	0
87	105	0
87	106	0
87	107	0
87	108	1
87	109	1
87	110	0
87	111	1
87	112	0
87	113	1
87	114	1
87	115	1
87	116	0
87	117	1
87	118	1
87	119	0
87	120	0
87	121	1
87	122	0
87	123	1
87	124	1
87	125	0
87	126	1
87	127	1
87	128	1
87	129	1
87	130	0
88	89	1
88	90	1
88	91	1
88	92	0
88	93	1
88	94	1
88	95	1
88	96	1
88	97	0
88	98	1
88	99	1
88	100	0
88	101	0
88	102	1
88	103	0
88	104	1
88	105	0
88	106	1
88	107	0
88	108	1
88	109	1
88	110	0
88	111	0
88	112	0
88	113	0
88	114	1
88	115	0
88	116	1
88	117	1
88	118	0
88	119	1
88	120	1
88	121	1
88	122	0
88	123	0
88	124	0
88	125	1
88	126	1
88	127	0
88	128	1
88	129	0
88	130	1
89	90	1
89	91	0
89	92	0
89	93	1
89	94	0
89	95	1
89	96	0
89	97	1
89	98	0
89	99	0
89	100	0
89	101	0
89	102	1
89	103	0
89	104	1
89	105	0
89	106	1
89	107	0
89	108	1
89	109	0
89	110	1
89	111	1
89	112	1
89	113	0
89	114	1
89	115	1
89	116	0
89	117	1
89	118	1
89	119	0
89	120	0
89	121	1
89	122	1
89	123	0
89	124	0
89	125	1
89	126	1
89	127	1
89	128	1
89	129	1
89	130	1
90	91	1
90	92	1
90	93	0
90	94	0
90	95	0
90	96	0
90	97	0
90	98	1
90	99	0
90	100	1
90	101	0
90	102	0
90	103	1
90	104	1
90	105	1
90	106	1
90	107	1
90	108	0
90	109	0
90	110	0
90	111	1
90	112	0
90	113	1
90	114	0
90	115	1
90	116	0
90	117	0
90	118	0
90	119	1
90	120	0
90	121	0
90	122	0
90	123	1
90	124	0
90	125	0
90	126	0
90	127	1
90	128	0
90	129	1
90	130	0
91	92	0
91	93	1
91	94	1
91	95	1
91	96	0
91	97	0
91	98	1
91	99	0
91	100	1
91	101	1
91	102	0
91	103	1
91	104	0
91	105	1
91	106	0
91	107	0
91	108	0
91	109	1
91	110	0
91	111	0
91	112	0
91	113	1
91	114	0
91	115	1
91	116	0
91	117	0
91	118	1
91	119	1
91	120	1
91	121	0
91	122	0
91	123	1
91	124	0
91	125	1
91	126	1
91	127	0
91	128	0
91	129	0
91	130	0
92	93	0
92	94	1
92	95	0
92	96	0
92	97	0
92	98	1
92	99	0
92	100	1
92	101	1
92	102	0
92	103	0
92	104	0
92	105	0
92	106	1
92	107	0
92	108	1
92	109	0
92	110	1
92	111	1
92	112	0
92	113	0
92	114	1
92	115	1
92	116	1
92	117	1
92	118	1
92	119	1
92	120	1
92	121	0
92	122	1
92	123	0
92	124	0
92	125	1
92	126	1
92	127	1
92	128	1
92	129	0
92	130	1
93	94	0
93	95	0
93	96	1
93	97	1
93	98	1
93	99	1
93	100	0
93	101	0
93	102	0
93	103	1
93	104	1
93	105	1
93	106	1
93	107	0
93	108	1
93	109	1
93	110	1
93	111	1
93	112	0
93	113	1
93	114	0
93	115	0
93	116	1
93	117	0
93	118	0
93	119	0
93	120	0
93	121	0
93	122	0
93	123	1
93	124	1
93	125	1
93	126	1
93	127	1
93	128	1
93	129	1
93	130	0
94	95	0
94	96	1
94	97	1
94	98	0
94	99	0
94	100	0
94	101	0
94	102	1
94	103	0
94	104	1
94	105	0
94	106	0
94	107	0
94	108	0
94	109	0
94	110	0
94	111	1
94	112	1
94	113	0
94	114	1
94	115	1
94	116	1
94	117	1
94	118	0
94	119	1
94	120	1
94	121	0
94	122	0
94	123	0
94	124	0
94	125	0
94	126	1
94	127	1
94	128	0
94	129	0
94	130	1
95	96	0
95	97	0
95	98	1
95	99	0
95	100	0
95	101	1
95	102	1
95	103	1
95	104	0
95	105	0
95	106	1
95	107	0
95	108	0
95	109	0
95	110	1
95	111	1
95	112	1
95	113	1
95	114	0
95	115	0
95	116	1
95	117	1
95	118	1
95	119	1
95	120	1
95	121	1
95	122	1
95	123	1
95	124	1
95	125	0
95	126	1
95	127	0
95	128	0
95	129	1
95	130	1
96	97	1
96	98	0
96	99	1
96	100	0
96	101	0
96	102	0
96	103	0
96	104	1
96	105	1
96	106	1
96	107	1
96	108	0
96	109	0
96	110	0
96	111	0
96	112	0
96	113	0
96	114	0
96	115	1
96	116	1
96	117	1
96	118	1
96	119	1
96	120	1
96	121	0
96	122	1
96	123	0
96	124	1
96	125	0
96	126	1
96	127	1
96	128	1
96	129	1
96	130	0
97	98	0
97	99	0
97	100	1
97	101	0
97	102	0
97	103	0
97	104	0
97	105	0
97	106	1
97	107	0
97	108	0
97	109	1
97	110	1
97	111	0
97	112	1
97	113	1
97	114	1
97	115	0
97	116	0
97	117	1
97	118	1
97	119	1
97	120	1
97	121	1
97	122	0
97	123	1
97	124	1
97	125	1
97	126	1
97	127	1
97	128	0
97	129	0
97	130	1
98	99	1
98	100	1
98	101	0
98	102	1
98	103	0
98	104	1
98	105	1
98	106	1
98	107	1
98	108	1
98	109	1
98	110	1
98	111	1
98	112	1
98	113	0
98	114	1
98	115	1
98	116	0
98	117	1
98	118	0
98	119	1
98	120	1
98	121	0
98	122	0
98	123	1
98	124	1
98	125	1
98	126	1
98	127	1
98	128	0
98	129	1
98	130	0
99	100	0
99	101	0
99	102	1
99	103	1
99	104	0
99	105	1
99	106	0
99	107	0
99	108	1
99	109	0
99	110	0
99	111	0
99	112	1
99	113	1
99	114	0
99	115	1
99	116	0
99	117	0
99	118	1
99	119	1
99	120	0
99	121	0
99	122	1
99	123	1
99	124	0
99	125	0
99	126	1
99	127	1
99	128	0
99	129	0
99	130	1
100	101	1
100	102	0
100	103	1
100	104	1
100	105	1
100	106	1
100	107	1
100	108	0
100	109	1
100	110	1
100	111	0
100	112	1
100	113	0
100	114	1
100	115	0
100	116	1
100	117	1
100	118	0
100	119	1
100	120	1
100	121	1
100	122	1
100	123	0
100	124	1
100	125	1
100	126	1
100	127	0
100	128	1
100	129	0
100	130	1
101	102	0
101	103	1
101	104	1
101	105	0
101	106	0
101	107	1
101	108	0
101	109	1
101	110	0
101	111	1
101	112	1
101	113	0
101	114	0
101	115	0
101	116	1
101	117	0
101	118	1
101	119	0
101	120	0
101	121	1
101	122	1
101	123	0
101	124	0
101	125	0
101	126	0
101	127	1
101	128	1
101	129	0
101	130	1
102	103	1
102	104	1
102	105	1
102	106	0
102	107	0
102	108	1
102	109	0
102	110	1
102	111	0
102	112	0
102	113	1
102	114	0
102	115	0
102	116	1
102	117	0
102	118	1
102	119	1
102	120	0
102	121	1
102	122	1
102	123	1
102	124	0
102	125	0
102	126	1
102	127	1
102	128	1
102	129	0
102	130	0
103	104	1
103	105	1
103	106	0
103	107	1
103	108	0
103	109	1
103	110	1
103	111	0
103	112	1
103	113	1
103	114	1
103	115	1
103	116	1
103	117	0
103	118	0
103	119	1
103	120	0
103	121	0
103	122	0
103	123	1
103	124	0
103	125	1
103	126	0
103	127	1
103	128	1
103	129	1
103	130	1
104	105	0
104	106	0
104	107	0
104	108	1
104	109	0
104	110	0
104	111	1
104	112	1
104	113	1
104	114	0
104	115	1
104	116	1
104	117	0
104	118	0
104	119	0
104	120	1
104	121	1
104	122	0
104	123	1
104	124	0
104	125	1
104	126	0
104	127	0
104	128	0
104	129	0
104	130	1
105	106	0
105	107	0
105	108	0
105	109	0
105	110	0
105	111	0
105	112	1
105	113	1
105	114	0
105	115	1
105	116	1
105	117	1
105	118	1
105	119	1
105	120	1
105	121	0
105	122	0
105	123	0
105	124	1
105	125	1
105	126	0
105	127	0
105	128	1
105	129	0
105	130	0
106	107	1
106	108	1
106	109	0
106	110	0
106	111	1
106	112	1
106	113	0
106	114	1
106	115	1
106	116	0
106	117	0
106	118	1
106	119	1
106	120	1
106	121	0
106	122	0
106	123	0
106	124	1
106	125	1
106	126	1
106	127	0
106	128	1
106	129	1
106	130	0
107	108	1
107	109	1
107	110	1
107	111	0
107	112	1
107	113	1
107	114	0
107	115	0
107	116	1
107	117	0
107	118	1
107	119	1
107	120	1
107	121	1
107	122	1
107	123	1
107	124	0
107	125	0
107	126	0
107	127	0
107	128	1
107	129	0
107	130	1
108	109	1
108	110	1
108	111	0
108	112	0
108	113	0
108	114	1
108	115	0
108	116	1
108	117	0
108	118	1
108	119	1
108	120	0
108	121	1
108	122	1
108	123	0
108	124	0
108	125	0
108	126	0
108	127	0
108	128	1
108	129	0
108	130	0
109	110	0
109	111	1
109	112	0
109	113	1
109	114	0
109	115	0
109	116	1
109	117	0
109	118	0
109	119	1
109	120	1
109	121	1
109	122	1
109	123	1
109	124	1
109	125	0
109	126	1
109	127	0
109	128	0
109	129	1
109	130	1
110	111	0
110	112	0
110	113	0
110	114	0
110	115	0
110	116	0
110	117	1
110	118	1
110	119	0
110	120	0
110	121	1
110	122	0
110	123	1
110	124	0
110	125	0
110	126	1
110	127	0
110	128	0
110	129	0
110	130	0
111	112	1
111	113	1
111	114	0
111	115	0
111	116	0
111	117	1
111	118	0
111	119	0
111	120	1
111	121	1
111	122	1
111	123	1
111	124	1
111	125	1
111	126	0
111	127	1
111	128	0
111	129	1
111	130	0
112	113	0
112	114	0
112	115	0
112	116	1
112	117	0
112	118	1
112	119	0
112	120	1
112	121	1
112	122	1
112	123	0
112	124	0
112	125	1
112	126	0
112	127	1
112	128	1
112	129	1
112	130	0
113	114	1
113	115	0
113	116	0
113	117	0
113	118	0
113	119	1
113	120	1
113	121	1
113	122	1
113	123	1
113	124	0
113	125	1
113	126	1
113	127	1
113	128	0
113	129	1
113	130	1
114	115	0
114	116	0
114	117	0
114	118	1
114	119	1
114	120	1
114	121	0
114	122	1
114	123	0
114	124	0
114	125	1
114	126	1
114	127	1
114	128	1
114	129	1
114	130	1
115	116	0
115	117	1
115	118	0
115	119	0
115	120	1
115	121	0
115	122	0
115	123	0
115	124	0
115	125	1
115	126	1
115	127	1
115	128	1
115	129	1
115	130	0
116	117	0
116	118	0
116	119	1
116	120	0
116	121	1
116	122	0
116	123	0
116	124	1
116	125	1
116	126	1
116	127	0
116	128	0
116	129	1
116	130	1
117	118	1
117	119	0
117	120	1
117	121	1
117	122	0
117	123	0
117	124	1
117	125	0
117	126	1
117	127	1
117	128	1
117	129	0
117	130	1
118	119	0
118	120	0
118	121	1
118	122	1
118	123	0
118	124	0
118	125	0
118	126	1
118	127	0
118	128	1
118	129	1
118	130	1
119	120	1
119	121	1
119	122	1
119	123	0
119	124	0
119	125	1
119	126	1
119	127	0
119	128	0
119	129	0
119	130	0
120	121	0
120	122	1
120	123	1
120	124	0
120	125	1
120	126	0
120	127	0
120	128	0
120	129	0
120	130	1
121	122	1
121	123	0
121	124	1
121	125	1
121	126	1
121	127	1
121	128	0
121	129	0
121	130	1
122	123	0
122	124	0
122	125	0
122	126	0
122	127	0
122	128	0
122	129	0
122	130	1
123	124	1
123	125	0
123	126	1
123	127	0
123	128	1
123	129	0
123	130	1
124	125	0
124	126	1
124	127	1
124	128	1
124	129	0
124	130	0
125	126	1
125	127	1
125	128	1
125	129	1
125	130	0
126	127	1
126	128	1
126	129	1
126	130	0
127	128	1
127	129	0
127	130	1
128	129	0
128	130	1
129	130	1
