140	9730	0
1	2	0
1	3	1
1	4	1
1	5	1
1	6	1
1	7	1
1	8	1
1	9	0
1	10	1
1	11	0
1	12	1
1	13	0
1	14	0
1	15	0
1	16	0
1	17	0
1	18	0
1	19	1
1	20	1
1	21	0
1	22	0
1	23	1
1	24	1
1	25	0
1	26	1
1	27	0
1	28	1
1	29	0
1	30	0
1	31	1
1	32	1
1	33	1
1	34	0
1	35	1
1	36	0
1	37	1
1	38	0
1	39	1
1	40	0
1	41	1
1	42	0
1	43	1
1	44	0
1	45	0
1	46	0
1	47	1
1	48	1
1	49	0
1	50	1
1	51	1
1	52	0
1	53	1
1	54	0
1	55	1
1	56	1
1	57	1
1	58	1
1	59	1
1	60	1
1	61	1
1	62	1
1	63	0
1	64	1
1	65	1
1	66	1
1	67	1
1	68	0
1	69	1
1	70	1
1	71	1
1	72	1
1	73	0
1	74	0
1	75	1
1	76	1
1	77	1
1	78	0
1	79	0
1	80	1
1	81	0
1	82	0
1	83	0
1	84	0
1	85	0
1	86	0
1	87	0
1	88	1
1	89	0
1	90	1
1	91	1
1	92	0
1	93	1
1	94	0
1	95	1
1	96	1
1	97	0
1	98	1
1	99	0
1	100	0
1	101	0
1	102	1
1	103	0
1	104	1
1	105	1
1	106	1
1	107	0
1	108	1
1	109	1
1	110	0
1	111	1
1	112	0
1	113	0
1	114	0
1	115	1
1	116	1
1	117	1
1	118	0
1	119	1
1	120	1
1	121	0
1	122	0
1	123	1
1	124	1
1	125	0
1	126	0
1	127	1
1	128	1
1	129	1
1	130	0
1	131	0
1	132	1
1	133	0
1	134	0
1	135	0
1	136	0
1	137	0
1	138	0
1	139	0
1	140	1
2	3	1
2	4	0
2	5	1
2	6	1
2	7	0
2	8	0
2	9	1
2	10	1
2	11	1
2	12	1
2	13	1
2	14	0
2	15	0
2	16	1
2	17	0
2	18	0
2	19	0
2	20	1
2	21	1
2	22	0
2	23	1
2	24	1
2	25	1
2	26	1
2	27	1
2	28	1
2	29	0
2	30	0
2	31	1
2	32	1
2	33	1
2	34	0
2	35	0
2	36	1
2	37	0
2	38	1
2	39	1
2	40	1
2	41	1
2	42	0
2	43	1
2	44	1
2	45	0
2	46	0
2	47	0
2	48	1
2	49	0
2	50	1
2	51	1
2	52	0
2	53	1
2	54	0
2	55	1
2	56	0
2	57	0
2	58	0
2	59	0
2	60	0
2	61	0
2	62	1
2	63	1
2	64	1
2	65	1
2	66	1
2	67	0
2	68	0
2	69	0
2	70	0
2	71	0
2	72	0
2	73	0
2	74	1
2	75	0
2	76	0
2	77	1
2	78	1
2	79	1
2	80	1
2	81	1
2	82	1
2	83	1
2	84	0
2	85	0
2	86	0
2	87	0
2	88	0
2	89	1
2	90	1
2	91	0
2	92	1
2	93	1
2	94	1
2	95	0
2	96	0
2	97	1
2	98	1
2	99	1
2	100	1
2	101	1
2	102	0
2	103	0
2	104	0
2	105	1
2	106	0
2	107	1
2	108	1
2	109	0
2	110	0
2	111	0
2	112	1
2	113	1
2	114	1
2	115	1
2	116	1
2	117	1
2	118	0
2	119	0
2	120	1
2	121	0
2	122	0
2	123	1
2	124	0
2	125	0
2	126	0
2	127	0
2	128	1
2	129	1
2	130	0
2	131	0
2	132	0
2	133	0
2	134	1
2	135	0
2	136	1
2	137	1
2	138	0
2	139	1
2	140	1
3	4	1
3	5	0
3	6	0
3	7	1
3	8	1
3	9	1
3	10	1
3	11	1
3	12	1
3	13	1
3	14	1
3	15	1
3	16	1
3	17	1
3	18	1
3	19	0
3	20	1
3	21	1
3	22	1
3	23	1
3	24	0
3	25	1
3	26	1
3	27	1
3	28	1
3	29	0
3	30	1
3	31	0
3	32	1
3	33	0
3	34	0
3	35	1
3	36	1
3	37	0
3	38	1
3	39	0
3	40	0
3	41	1
3	42	0
3	43	0
3	44	0
3	45	0
3	46	0
3	47	1
3	48	0
3	49	0
3	50	1
3	51	0
3	52	1
3	53	0
3	54	0
3	55	1
3	56	0
3	57	1
3	58	0
3	59	1
3	60	1
3	61	0
3	62	0
3	63	0
3	64	0
3	65	1
3	66	1
3	67	1
3	68	1
3	69	1
3	70	1
3	71	0
3	72	0
3	73	1
3	74	0
3	75	1
3	76	1
3	77	1
3	78	0
3	79	1
3	80	0
3	81	1
3	82	0
3	83	0
3	84	0
3	85	1
3	86	1
3	87	0
3	88	0
3	89	0
3	90	0
3	91	0
3	92	0
3	93	0
3	94	0
3	95	0
3	96	0
3	97	0
3	98	0
3	99	1
3	100	1
3	101	0
3	102	0
3	103	0
3	104	0
3	105	1
3	106	1
3	107	1
3	108	1
3	109	1
3	110	0
3	111	0
3	112	1
3	113	1
3	114	1
3	115	0
3	116	0
3	117	0
3	118	1
3	119	1
3	120	0
3	121	1
3	122	1
3	123	1
3	124	0
3	125	0
3	126	1
3	127	1
3	128	0
3	129	1
3	130	1
3	131	1
3	132	0
3	133	0
3	134	0
3	135	1
3	136	0
3	137	1
3	138	1
3	139	1
3	140	1
4	5	0
4	6	1
4	7	0
4	8	1
4	9	1
4	10	0
4	11	1
4	12	0
4	13	1
4	14	1
4	15	1
4	16	0
4	17	1
4	18	0
4	19	0
4	20	1
4	21	1
4	22	1
4	23	0
4	24	0
4	25	1
4	26	1
4	27	0
4	28	1
4	29	0
4	30	1
4	31	0
4	32	1
4	33	1
4	34	0
4	35	0
4	36	0
4	37	1
4	38	0
4	39	0
4	40	0
4	41	0
4	42	0
4	43	0
4	44	0
4	45	1
4	46	1
4	47	0
4	48	1
4	49	0
4	50	1
4	51	1
4	52	0
4	53	1
4	54	0
4	55	0
4	56	0
4	57	0
4	58	1
4	59	0
4	60	0
4	61	1
4	62	1
4	63	1
4	64	0
4	65	0
4	66	1
4	67	1
4	68	0
4	69	1
4	70	0
4	71	0
4	72	1
4	73	0
4	74	0
4	75	0
4	76	0
4	77	0
4	78	0
4	79	1
4	80	1
4	81	1
4	82	0
4	83	1
4	84	1
4	85	0
4	86	0
4	87	1
4	88	0
4	89	1
4	90	1
4	91	1
4	92	0
4	93	0
4	94	0
4	95	0
4	96	1
4	97	1
4	98	1
4	99	1
4	100	1
4	101	1
4	102	1
4	103	1
4	104	0
4	105	0
4	106	1
4	107	0
4	108	0
4	109	1
4	110	0
4	111	1
4	112	1
4	113	0
4	114	0
4	115	1
4	116	0
4	117	0
4	118	0
4	119	1
4	120	0
4	121	0
4	122	0
4	123	0
4	124	0
4	125	1
4	126	0
4	127	0
4	128	1
4	129	0
4	130	1
4	131	0
4	132	1
4	133	1
4	134	0
4	135	0
4	136	0
4	137	0
4	138	1
4	139	1
4	140	1
5	6	1
5	7	0
5	8	1
5	9	1
5	10	1
5	11	1
5	12	0
5	13	1
5	14	0
5	15	0
5	16	1
5	17	0
5	18	0
5	19	1
5	20	0
5	21	0
5	22	0
5	23	0
5	24	1
5	25	1
5	26	1
5	27	1
5	28	1
5	29	1
5	30	0
5	31	0
5	32	1
5	33	1
5	34	1
5	35	1
5	36	1
5	37	1
5	38	1
5	39	0
5	40	1
5	41	0
5	42	0
5	43	0
5	44	1
5	45	0
5	46	0
5	47	0
5	48	0
5	49	1
5	50	0
5	51	1
5	52	1
5	53	0
5	54	0
5	55	1
5	56	0
5	57	1
5	58	1
5	59	0
5	60	1
5	61	0
5	62	0
5	63	0
5	64	1
5	65	1
5	66	1
5	67	0
5	68	0
5	69	1
5	70	0
5	71	0
5	72	0
5	73	1
5	74	0
5	75	1
5	76	1
5	77	1
5	78	1
5	79	0
5	80	0
5	81	0
5	82	1
5	83	0
5	84	1
5	85	1
5	86	0
5	87	0
5	88	1
5	89	1
5	90	1
5	91	0
5	92	1
5	93	1
5	94	0
5	95	1
5	96	0
5	97	1
5	98	1
5	99	0
5	100	1
5	101	1
5	102	1
5	103	1
5	104	1
5	105	0
5	106	0
5	107	1
5	108	1
5	109	1
5	110	1
5	111	1
5	112	0
5	113	1
5	114	0
5	115	1
5	116	0
5	117	0
5	118	1
5	119	0
5	120	1
5	121	1
5	122	0
5	123	1
5	124	0
5	125	0
5	126	1
5	127	0
5	128	0
5	129	1
5	130	0
5	131	1
5	132	0
5	133	0
5	134	1
5	135	0
5	136	1
5	137	0
5	138	0
5	139	0
5	140	0
6	7	1
6	8	1
6	9	1
6	10	0
6	11	1
6	12	0
6	13	0
6	14	0
6	15	0
6	16	1
6	17	0
6	18	1
6	19	1
6	20	1
6	21	1
6	22	0
6	23	1
6	24	1
6	25	1
6	26	1
6	27	0
6	28	0
6	29	0
6	30	0
6	31	0
6	32	0
6	33	0
6	34	0
6	35	0
6	36	1
6	37	1
6	38	0
6	39	0
6	40	0
6	41	0
6	42	1
6	43	1
6	44	0
6	45	0
6	46	1
6	47	1
6	48	0
6	49	1
6	50	1
6	51	1
6	52	0
6	53	1
6	54	0
6	55	0
6	56	0
6	57	1
6	58	0
6	59	1
6	60	1
6	61	1
6	62	1
6	63	0
6	64	1
6	65	0
6	66	0
6	67	0
6	68	1
6	69	0
6	70	0
6	71	1
6	72	0
6	73	0
6	74	0
6	75	1
6	76	1
6	77	1
6	78	0
6	79	1
6	80	0
6	81	0
6	82	0
6	83	1
6	84	0
6	85	1
6	86	0
6	87	0
6	88	0
6	89	0
6	90	1
6	91	0
6	92	1
6	93	0
6	94	1
6	95	1
6	96	0
6	97	1
6	98	1
6	99	0
6	100	1
6	101	1
6	102	0
6	103	0
6	104	1
6	105	0
6	106	1
6	107	0
6	108	0
6	109	0
6	110	0
6	111	0
6	112	1
6	113	0
6	114	0
6	115	1
6	116	0
6	117	1
6	118	1
6	119	1
6	120	0
6	121	0
6	122	0
6	123	0
6	124	1
6	125	0
6	126	1
6	127	0
6	128	0
6	129	0
6	130	0
6	131	0
6	132	0
6	133	1
6	134	0
6	135	0
6	136	1
6	137	0
6	138	0
6	139	1
6	140	0
7	8	0
7	9	0
7	10	1
7	11	0
7	12	1
7	13	0
7	14	0
7	15	0
7	16	1
7	17	0
7	18	0
7	19	1
7	20	1
7	21	0
7	22	0
7	23	1
7	24	0
7	25	1
7	26	1
7	27	0
7	28	0
7	29	0
7	30	0
7	31	1
7	32	0
7	33	1
7	34	1
7	35	1
7	36	0
7	37	1
7	38	0
7	39	0
7	40	1
7	41	1
7	42	0
7	43	0
7	44	0
7	45	1
7	46	0
7	47	1
7	48	0
7	49	1
7	50	1
7	51	1
7	52	0
7	53	0
7	54	0
7	55	1
7	56	1
7	57	0
7	58	0
7	59	0
7	60	0
7	61	1
7	62	0
7	63	1
7	64	0
7	65	1
7	66	0
7	67	1
7	68	1
7	69	1
7	70	0
7	71	0
7	72	1
7	73	0
7	74	0
7	75	1
7	76	0
7	77	0
7	78	1
7	79	0
7	80	1
7	81	0
7	82	0
7	83	1
7	84	0
7	85	1
7	86	1
7	87	0
7	88	0
7	89	0
7	90	0
7	91	1
7	92	0
7	93	1
7	94	0
7	95	0
7	96	0
7	97	1
7	98	0
7	99	1
7	100	1
7	101	0
7	102	0
7	103	1
7	104	0
7	105	1
7	106	0
7	107	1
7	108	1
7	109	0
7	110	1
7	111	1
7	112	1
7	113	1
7	114	1
7	115	1
7	116	0
7	117	0
7	118	1
7	119	1
7	120	0
7	121	1
7	122	1
7	123	0
7	124	0
7	125	1
7	126	1
7	127	1
7	128	0
7	129	0
7	130	0
7	131	1
7	132	1
7	133	1
7	134	0
7	135	0
7	136	0
7	137	1
7	138	1
7	139	1
7	140	0
8	9	0
8	10	0
8	11	1
8	12	1
8	13	0
8	14	0
8	15	1
8	16	1
8	17	1
8	18	1
8	19	1
8	20	1
8	21	0
8	22	0
8	23	0
8	24	0
8	25	0
8	26	1
8	27	0
8	28	0
8	29	0
8	30	0
8	31	1
8	32	0
8	33	1
8	34	1
8	35	1
8	36	0
8	37	0
8	38	1
8	39	1
8	40	0
8	41	0
8	42	0
8	43	0
8	44	0
8	45	1
8	46	0
8	47	0
8	48	1
8	49	0
8	50	1
8	51	1
8	52	1
8	53	1
8	54	1
8	55	1
8	56	0
8	57	1
8	58	1
8	59	1
8	60	0
8	61	1
8	62	0
8	63	1
8	64	1
8	65	0
8	66	1
8	67	0
8	68	1
8	69	1
8	70	0
8	71	0
8	72	1
8	73	0
8	74	1
8	75	1
8	76	0
8	77	0
8	78	0
8	79	1
8	80	1
8	81	0
8	82	1
8	83	1
8	84	1
8	85	0
8	86	0
8	87	1
8	88	0
8	89	1
8	90	1
8	91	0
8	92	1
8	93	1
8	94	1
8	95	0
8	96	0
8	97	1
8	98	0
8	99	1
8	100	0
8	101	0
8	102	1
8	103	1
8	104	1
8	105	1
8	106	0
8	107	1
8	108	0
8	109	0
8	110	0
8	111	0
8	112	1
8	113	1
8	114	0
8	115	1
8	116	0
8	117	0
8	118	0
8	119	0
8	120	1
8	121	1
8	122	1
8	123	1
8	124	0
8	125	0
8	126	1
8	127	0
8	128	0
8	129	1
8	130	1
8	131	0
8	132	1
8	133	1
8	134	1
8	135	1
8	136	0
8	137	1
8	138	0
8	139	0
8	140	0
9	10	0
9	11	1
9	12	0
9	13	1
9	14	0
9	15	0
9	16	1
9	17	1
9	18	1
9	19	1
9	20	0
9	21	0
9	22	0
9	23	1
9	24	0
9	25	1
9	26	1
9	27	1
9	28	0
9	29	0
9	30	0
9	31	1
9	32	0
9	33	0
9	34	0
9	35	0
9	36	1
9	37	0
9	38	1
9	39	0
9	40	0
9	41	0
9	42	0
9	43	1
9	44	1
9	45	1
9	46	0
9	47	0
9	48	0
9	49	0
9	50	1
9	51	1
9	52	1
9	53	0
9	54	0
9	55	1
9	56	1
9	57	0
9	58	0
9	59	1
9	60	1
9	61	1
9	62	0
9	63	1
9	64	1
9	65	1
9	66	1
9	67	1
9	68	0
9	69	0
9	70	1
9	71	0
9	72	0
9	73	0
9	74	0
9	75	1
9	76	0
9	77	0
9	78	1
9	79	0
9	80	0
9	81	0
9	82	0
9	83	0
9	84	1
9	85	0
9	86	1
9	87	1
9	88	1
9	89	0
9	90	1
9	91	1
9	92	0
9	93	1
9	94	0
9	95	0
9	96	0
9	97	1
9	98	0
9	99	1
9	100	1
9	101	0
9	102	1
9	103	1
9	104	1
9	105	0
9	106	0
9	107	0
9	108	0
9	109	1
9	110	1
9	111	1
9	112	0
9	113	0
9	114	0
9	115	1
9	116	1
9	117	0
9	118	0
9	119	0
9	120	1
9	121	1
9	122	0
9	123	0
9	124	0
9	125	0
9	126	1
9	127	0
9	128	1
9	129	0
9	130	0
9	131	0
9	132	0
9	133	1
9	134	0
9	135	1
9	136	0
9	137	0
9	138	0
9	139	0
9	140	1
10	11	1
10	12	0
10	13	0
10	14	1
10	15	0
10	16	0
10	17	1
10	18	0
10	19	0
10	20	0
10	21	1
10	22	0
10	23	1
10	24	1
10	25	1
10	26	0
10	27	0
10	28	1
10	29	0
10	30	1
10	31	1
10	32	0
10	33	0
10	34	1
10	35	1
10	36	0
10	37	1
10	38	0
10	39	0
10	40	0
10	41	0
10	42	1
10	43	1
10	44	1
10	45	1
10	46	1
10	47	0
10	48	0
10	49	0
10	50	1
10	51	1
10	52	0
10	53	0
10	54	1
10	55	1
10	56	0
10	57	1
10	58	0
10	59	1
10	60	1
10	61	0
10	62	0
10	63	1
10	64	0
10	65	0
10	66	0
10	67	1
10	68	1
10	69	1
10	70	1
10	71	1
10	72	1
10	73	0
10	74	0
10	75	1
10	76	1
10	77	0
10	78	1
10	79	1
10	80	1
10	81	0
10	82	1
10	83	0
10	84	1
10	85	1
10	86	0
10	87	0
10	88	0
10	89	1
10	90	0
10	91	1
10	92	0
10	93	1
10	94	0
10	95	0
10	96	1
10	97	0
10	98	0
10	99	1
10	100	1
10	101	0
10	102	1
10	103	0
10	104	0
10	105	0
10	106	1
10	107	0
10	108	0
10	109	0
10	110	0
10	111	1
10	112	0
10	113	0
10	114	0
10	115	0
10	116	0
10	117	0
10	118	1
10	119	1
10	120	1
10	121	0
10	122	1
10	123	1
10	124	0
10	125	0
10	126	0
10	127	0
10	128	0
10	129	0
10	130	1
10	131	0
10	132	1
10	133	0
10	134	0
10	135	1
10	136	0
10	137	1
10	138	0
10	139	1
10	140	0
11	12	1
11	13	1
11	14	0
11	15	0
11	16	1
11	17	0
11	18	0
11	19	0
11	20	1
11	21	0
11	22	1
11	23	1
11	24	1
11	25	0
11	26	0
11	27	0
11	28	1
11	29	0
11	30	0
11	31	1
11	32	0
11	33	1
11	34	0
11	35	1
11	36	1
11	37	0
11	38	1
11	39	0
11	40	1
11	41	1
11	42	0
11	43	1
11	44	0
11	45	0
11	46	1
11	47	0
11	48	1
11	49	0
11	50	0
11	51	1
11	52	0
11	53	0
11	54	0
11	55	1
11	56	0
11	57	0
11	58	1
11	59	1
11	60	0
11	61	0
11	62	0
11	63	0
11	64	0
11	65	0
11	66	0
11	67	0
11	68	0
11	69	0
11	70	1
11	71	1
11	72	0
11	73	0
11	74	1
11	75	1
11	76	1
11	77	1
11	78	0
11	79	0
11	80	1
11	81	1
11	82	1
11	83	0
11	84	0
11	85	0
11	86	0
11	87	1
11	88	0
11	89	1
11	90	0
11	91	1
11	92	0
11	93	1
11	94	1
11	95	0
11	96	0
11	97	0
11	98	0
11	99	0
11	100	1
11	101	1
11	102	0
11	103	0
11	104	1
11	105	1
11	106	1
11	107	0
11	108	0
11	109	0
11	110	0
11	111	1
11	112	1
11	113	1
11	114	1
11	115	1
11	116	1
11	117	1
11	118	0
11	119	0
11	120	1
11	121	0
11	122	1
11	123	1
11	124	1
11	125	1
11	126	1
11	127	0
11	128	1
11	129	1
11	130	1
11	131	0
11	132	0
11	133	0
11	134	0
11	135	0
11	136	1
11	137	0
11	138	0
11	139	0
11	140	0
12	13	0
12	14	1
12	15	0
12	16	1
12	17	0
12	18	1
12	19	1
12	20	1
12	21	0
12	22	1
12	23	0
12	24	1
12	25	1
12	26	0
12	27	1
12	28	0
12	29	0
12	30	1
12	31	1
12	32	0
12	33	0
12	34	1
12	35	1
12	36	0
12	37	1
12	38	1
12	39	0
12	40	1
12	41	0
12	42	1
12	43	1
12	44	0
12	45	0
12	46	0
12	47	0
12	48	1
12	49	1
12	50	1
12	51	0
12	52	0
12	53	1
12	54	0
12	55	1
12	56	1
12	57	1
12	58	1
12	59	0
12	60	1
12	61	1
12	62	0
12	63	1
12	64	1
12	65	1
12	66	0
12	67	1
12	68	0
12	69	0
12	70	0
12	71	0
12	72	1
12	73	0
12	74	1
12	75	1
12	76	0
12	77	0
12	78	1
12	79	1
12	80	0
12	81	1
12	82	1
12	83	1
12	84	0
12	85	0
12	86	0
12	87	1
12	88	0
12	89	1
12	90	1
12	91	0
12	92	1
12	93	1
12	94	0
12	95	1
12	96	1
12	97	1
12	98	1
12	99	1
12	100	1
12	101	0
12	102	0
12	103	0
12	104	1
12	105	0
12	106	0
12	107	1
12	108	0
12	109	1
12	110	1
12	111	0
12	112	1
12	113	1
12	114	1
12	115	1
12	116	0
12	117	0
12	118	0
12	119	1
12	120	1
12	121	0
12	122	1
12	123	0
12	124	1
12	125	1
12	126	0
12	127	0
12	128	0
12	129	1
12	130	1
12	131	1
12	132	1
12	133	0
12	134	0
12	135	0
12	136	1
12	137	0
12	138	0
12	139	1
12	140	0
13	14	1
13	15	0
13	16	0
13	17	0
13	18	1
13	19	1
13	20	1
13	21	0
13	22	0
13	23	0
13	24	0
13	25	1
13	26	0
13	27	0
13	28	1
13	29	1
13	30	0
13	31	0
13	32	0
13	33	1
13	34	1
13	35	0
13	36	0
13	37	1
13	38	1
13	39	0
13	40	0
13	41	1
13	42	0
13	43	0
13	44	0
13	45	1
13	46	0
13	47	0
13	48	1
13	49	1
13	50	0
13	51	1
13	52	0
13	53	0
13	54	0
13	55	1
13	56	1
13	57	1
13	58	0
13	59	0
13	60	0
13	61	0
13	62	1
13	63	0
13	64	1
13	65	0
13	66	1
13	67	1
13	68	1
13	69	0
13	70	1
13	71	1
13	72	0
13	73	0
13	74	1
13	75	0
13	76	0
13	77	0
13	78	1
13	79	1
13	80	1
13	81	1
13	82	0
13	83	0
13	84	0
13	85	1
13	86	0
13	87	1
13	88	1
13	89	1
13	90	0
13	91	1
13	92	1
13	93	0
13	94	1
13	95	0
13	96	1
13	97	1
13	98	1
13	99	0
13	100	0
13	101	1
13	102	1
13	103	1
13	104	1
13	105	0
13	106	0
13	107	0
13	108	0
13	109	0
13	110	1
13	111	0
13	112	1
13	113	1
13	114	0
13	115	0
13	116	1
13	117	0
13	118	1
13	119	1
13	120	0
13	121	1
13	122	1
13	123	1
13	124	0
13	125	0
13	126	0
13	127	1
13	128	0
13	129	1
13	130	0
13	131	0
13	132	0
13	133	1
13	134	0
13	135	0
13	136	0
13	137	1
13	138	0
13	139	1
13	140	1
14	15	0
14	16	0
14	17	1
14	18	1
14	19	0
14	20	1
14	21	0
14	22	0
14	23	1
14	24	1
14	25	1
14	26	0
14	27	1
14	28	0
14	29	1
14	30	1
14	31	1
14	32	1
14	33	0
14	34	1
14	35	0
14	36	0
14	37	1
14	38	0
14	39	0
14	40	1
14	41	1
14	42	0
14	43	1
14	44	1
14	45	1
14	46	1
14	47	1
14	48	1
14	49	1
14	50	1
14	51	0
14	52	0
14	53	1
14	54	0
14	55	0
14	56	0
14	57	1
14	58	1
14	59	1
14	60	0
14	61	1
14	62	0
14	63	0
14	64	1
14	65	1
14	66	0
14	67	1
14	68	1
14	69	0
14	70	1
14	71	0
14	72	0
14	73	0
14	74	1
14	75	1
14	76	1
14	77	0
14	78	1
14	79	0
14	80	0
14	81	1
14	82	0
14	83	1
14	84	0
14	85	0
14	86	1
14	87	1
14	88	0
14	89	1
14	90	1
14	91	1
14	92	0
14	93	1
14	94	1
14	95	1
14	96	0
14	97	0
14	98	1
14	99	0
14	100	0
14	101	0
14	102	0
14	103	0
14	104	1
14	105	1
14	106	1
14	107	0
14	108	1
14	109	0
14	110	1
14	111	0
14	112	0
14	113	1
14	114	1
14	115	0
14	116	0
14	117	1
14	118	1
14	119	1
14	120	1
14	121	0
14	122	0
14	123	0
14	124	1
14	125	1
14	126	0
14	127	1
14	128	0
14	129	0
14	130	0
14	131	1
14	132	0
14	133	0
14	134	0
14	135	1
14	136	1
14	137	1
14	138	1
14	139	1
14	140	1
15	16	0
15	17	1
15	18	0
15	19	1
15	20	1
15	21	1
15	22	0
15	23	0
15	24	1
15	25	1
15	26	0
15	27	1
15	28	0
15	29	0
15	30	1
15	31	1
15	32	0
15	33	0
15	34	1
15	35	1
15	36	0
15	37	1
15	38	1
15	39	0
15	40	1
15	41	1
15	42	0
15	43	0
15	44	0
15	45	0
15	46	0
15	47	1
15	48	1
15	49	0
15	50	0
15	51	0
15	52	1
15	53	0
15	54	1
15	55	1
15	56	1
15	57	1
15	58	0
15	59	0
15	60	0
15	61	0
15	62	0
15	63	0
15	64	1
15	65	0
15	66	0
15	67	1
15	68	1
15	69	1
15	70	1
15	71	0
15	72	0
15	73	0
15	74	1
15	75	0
15	76	1
15	77	1
15	78	0
15	79	1
15	80	1
15	81	0
15	82	0
15	83	1
15	84	1
15	85	0
15	86	0
15	87	0
15	88	1
15	89	0
15	90	0
15	91	0
15	92	1
15	93	1
15	94	1
15	95	0
15	96	0
15	97	1
15	98	1
15	99	0
15	100	0
15	101	1
15	102	1
15	103	1
15	104	0
15	105	1
15	106	0
15	107	1
15	108	0
15	109	1
15	110	0
15	111	1
15	112	0
15	113	1
15	114	1
15	115	1
15	116	0
15	117	1
15	118	0
15	119	0
15	120	0
15	121	1
15	122	1
15	123	1
15	124	1
15	125	0
15	126	0
15	127	1
15	128	0
15	129	0
15	130	0
15	131	1
15	132	0
15	133	0
15	134	1
15	135	1
15	136	1
15	137	1
15	138	0
15	139	0
15	140	0
16	17	0
16	18	1
16	19	0
16	20	1
16	21	0
16	22	1
16	23	0
16	24	1
16	25	0
16	26	0
16	27	1
16	28	0
16	29	0
16	30	0
16	31	1
16	32	1
16	33	1
16	34	0
16	35	1
16	36	1
16	37	1
16	38	1
16	39	0
16	40	1
16	41	0
16	42	1
16	43	0
16	44	0
16	45	1
16	46	0
16	47	1
16	48	1
16	49	1
16	50	1
16	51	1
16	52	1
16	53	0
16	54	1
16	55	1
16	56	1
16	57	1
16	58	1
16	59	1
16	60	0
16	61	1
16	62	0
16	63	0
16	64	1
16	65	1
16	66	1
16	67	0
16	68	1
16	69	0
16	70	0
16	71	1
16	72	1
16	73	0
16	74	1
16	75	0
16	76	1
16	77	0
16	78	0
16	79	1
16	80	0
16	81	0
16	82	0
16	83	1
16	84	0
16	85	0
16	86	0
16	87	0
16	88	0
16	89	0
16	90	0
16	91	0
16	92	0
16	93	0
16	94	1
16	95	0
16	96	0
16	97	0
16	98	1
16	99	0
16	100	1
16	101	0
16	102	1
16	103	0
16	104	0
16	105	0
16	106	1
16	107	1
16	108	0
16	109	0
16	110	1
16	111	0
16	112	1
16	113	0
16	114	1
16	115	0
16	116	0
16	117	0
16	118	1
16	119	0
16	120	0
16	121	1
16	122	1
16	123	0
16	124	1
16	125	0
16	126	0
16	127	1
16	128	1
16	129	0
16	130	1
16	131	0
16	132	0
16	133	1
16	134	1
16	135	0
16	136	0
16	137	0
16	138	0
16	139	1
16	140	0
17	18	0
17	19	0
17	20	1
17	21	1
17	22	1
17	23	0
17	24	0
17	25	1
17	26	0
17	27	1
17	28	1
17	29	0
17	30	0
17	31	0
17	32	1
17	33	0
17	34	1
17	35	1
17	36	0
17	37	1
17	38	0
17	39	0
17	40	1
17	41	0
17	42	0
17	43	0
17	44	1
17	45	0
17	46	0
17	47	1
17	48	0
17	49	0
17	50	1
17	51	1
17	52	1
17	53	0
17	54	1
17	55	0
17	56	1
17	57	0
17	58	0
17	59	1
17	60	1
17	61	0
17	62	1
17	63	0
17	64	1
17	65	1
17	66	1
17	67	1
17	68	1
17	69	0
17	70	1
17	71	0
17	72	0
17	73	0
17	74	1
17	75	0
17	76	0
17	77	1
17	78	0
17	79	1
17	80	1
17	81	1
17	82	1
17	83	1
17	84	0
17	85	0
17	86	0
17	87	1
17	88	1
17	89	0
17	90	1
17	91	0
17	92	1
17	93	1
17	94	0
17	95	1
17	96	0
17	97	1
17	98	0
17	99	1
17	100	1
17	101	0
17	102	1
17	103	0
17	104	1
17	105	0
17	106	1
17	107	1
17	108	1
17	109	1
17	110	1
17	111	1
17	112	0
17	113	1
17	114	1
17	115	1
17	116	1
17	117	1
17	118	1
17	119	1
17	120	1
17	121	1
17	122	0
17	123	1
17	124	0
17	125	0
17	126	1
17	127	1
17	128	0
17	129	0
17	130	0
17	131	1
17	132	1
17	133	1
17	134	0
17	135	0
17	136	0
17	137	0
17	138	1
17	139	0
17	140	1
18	19	1
18	20	1
18	21	0
18	22	0
18	23	1
18	24	0
18	25	1
18	26	1
18	27	1
18	28	0
18	29	1
18	30	1
18	31	0
18	32	1
18	33	1
18	34	0
18	35	0
18	36	1
18	37	1
18	38	0
18	39	1
18	40	1
18	41	1
18	42	1
18	43	1
18	44	0
18	45	0
18	46	0
18	47	1
18	48	1
18	49	0
18	50	0
18	51	1
18	52	0
18	53	1
18	54	0
18	55	0
18	56	0
18	57	0
18	58	1
18	59	0
18	60	0
18	61	1
18	62	0
18	63	0
18	64	1
18	65	1
18	66	0
18	67	1
18	68	1
18	69	1
18	70	0
18	71	0
18	72	0
18	73	1
18	74	1
18	75	0
18	76	1
18	77	0
18	78	1
18	79	0
18	80	0
18	81	0
18	82	1
18	83	1
18	84	0
18	85	1
18	86	0
18	87	0
18	88	1
18	89	1
18	90	0
18	91	0
18	92	0
18	93	1
18	94	1
18	95	1
18	96	0
18	97	1
18	98	0
18	99	0
18	100	1
18	101	0
18	102	0
18	103	1
18	104	0
18	105	1
18	106	1
18	107	0
18	108	1
18	109	0
18	110	1
18	111	1
18	112	0
18	113	0
18	114	1
18	115	1
18	116	0
18	117	1
18	118	0
18	119	1
18	120	1
18	121	1
18	122	1
18	123	1
18	124	0
18	125	0
18	126	0
18	127	0
18	128	0
18	129	1
18	130	1
18	131	1
18	132	0
18	133	0
18	134	1
18	135	1
18	136	0
18	137	1
18	138	0
18	139	1
18	140	1
19	20	1
19	21	1
19	22	1
19	23	1
19	24	1
19	25	1
19	26	1
19	27	0
19	28	1
19	29	1
19	30	0
19	31	1
19	32	0
19	33	0
19	34	1
19	35	0
19	36	1
19	37	1
19	38	1
19	39	0
19	40	0
19	41	1
19	42	0
19	43	0
19	44	0
19	45	0
19	46	1
19	47	0
19	48	0
19	49	0
19	50	0
19	51	1
19	52	1
19	53	0
19	54	1
19	55	0
19	56	1
19	57	0
19	58	1
19	59	0
19	60	0
19	61	0
19	62	1
19	63	0
19	64	0
19	65	1
19	66	0
19	67	1
19	68	1
19	69	0
19	70	1
19	71	1
19	72	1
19	73	0
19	74	1
19	75	0
19	76	1
19	77	1
19	78	0
19	79	0
19	80	0
19	81	1
19	82	0
19	83	1
19	84	0
19	85	0
19	86	0
19	87	1
19	88	1
19	89	1
19	90	1
19	91	1
19	92	1
19	93	0
19	94	0
19	95	1
19	96	1
19	97	1
19	98	1
19	99	1
19	100	0
19	101	1
19	102	1
19	103	1
19	104	0
19	105	1
19	106	1
19	107	0
19	108	0
19	109	1
19	110	1
19	111	1
19	112	1
19	113	0
19	114	1
19	115	1
19	116	0
19	117	1
19	118	1
19	119	1
19	120	1
19	121	1
19	122	1
19	123	1
19	124	1
19	125	0
19	126	1
19	127	1
19	128	0
19	129	1
19	130	0
19	131	1
19	132	0
19	133	1
19	134	0
19	135	1
19	136	1
19	137	0
19	138	0
19	139	1
19	140	0
20	21	1
20	22	0
20	23	0
20	24	1
20	25	0
20	26	0
20	27	0
20	28	0
20	29	1
20	30	1
20	31	0
20	32	0
20	33	0
20	34	1
20	35	0
20	36	0
20	37	0
20	38	0
20	39	1
20	40	0
20	41	1
20	42	0
20	43	1
20	44	1
20	45	0
20	46	0
20	47	1
20	48	1
20	49	0
20	50	1
20	51	1
20	52	1
20	53	1
20	54	0
20	55	1
20	56	0
20	57	0
20	58	0
20	59	0
20	60	0
20	61	1
20	62	0
20	63	0
20	64	1
20	65	1
20	66	0
20	67	0
20	68	0
20	69	0
20	70	0
20	71	0
20	72	0
20	73	1
20	74	1
20	75	0
20	76	0
20	77	0
20	78	1
20	79	0
20	80	0
20	81	1
20	82	0
20	83	1
20	84	1
20	85	1
20	86	0
20	87	0
20	88	0
20	89	1
20	90	1
20	91	0
20	92	1
20	93	0
20	94	0
20	95	1
20	96	1
20	97	1
20	98	0
20	99	0
20	100	0
20	101	1
20	102	0
20	103	0
20	104	1
20	105	0
20	106	0
20	107	0
20	108	1
20	109	0
20	110	1
20	111	0
20	112	1
20	113	0
20	114	1
20	115	1
20	116	1
20	117	1
20	118	1
20	119	1
20	120	0
20	121	0
20	122	0
20	123	0
20	124	1
20	125	0
20	126	1
20	127	0
20	128	0
20	129	1
20	130	1
20	131	0
20	132	1
20	133	0
20	134	0
20	135	1
20	136	0
20	137	0
20	138	1
20	139	0
20	140	0
21	22	0
21	23	0
21	24	1
21	25	1
21	26	1
21	27	0
21	28	1
21	29	0
21	30	0
21	31	1
21	32	1
21	33	1
21	34	1
21	35	0
21	36	0
21	37	1
21	38	0
21	39	0
21	40	1
21	41	1
21	42	1
21	43	0
21	44	1
21	45	0
21	46	1
21	47	1
21	48	0
21	49	0
21	50	1
21	51	0
21	52	1
21	53	1
21	54	0
21	55	1
21	56	1
21	57	1
21	58	1
21	59	1
21	60	1
21	61	1
21	62	0
21	63	0
21	64	0
21	65	1
21	66	0
21	67	0
21	68	0
21	69	0
21	70	0
21	71	1
21	72	0
21	73	1
21	74	1
21	75	1
21	76	1
21	77	1
21	78	0
21	79	1
21	80	0
21	81	1
21	82	1
21	83	0
21	84	1
21	85	1
21	86	0
21	87	1
21	88	1
21	89	1
21	90	0
21	91	0
21	92	1
21	93	1
21	94	1
21	95	0
21	96	0
21	97	1
21	98	1
21	99	0
21	100	0
21	101	1
21	102	0
21	103	0
21	104	0
21	105	0
21	106	0
21	107	0
21	108	1
21	109	0
21	110	0
21	111	1
21	112	0
21	113	0
21	114	1
21	115	1
21	116	0
21	117	0
21	118	0
21	119	0
21	120	1
21	121	0
21	122	1
21	123	1
21	124	0
21	125	0
21	126	1
21	127	0
21	128	0
21	129	0
21	130	1
21	131	1
21	132	0
21	133	0
21	134	1
21	135	1
21	136	1
21	137	0
21	138	0
21	139	0
21	140	1
22	23	0
22	24	1
22	25	0
22	26	0
22	27	1
22	28	1
22	29	0
22	30	0
22	31	1
22	32	1
22	33	1
22	34	1
22	35	1
22	36	1
22	37	0
22	38	1
22	39	0
22	40	0
22	41	0
22	42	0
22	43	0
22	44	0
22	45	0
22	46	1
22	47	0
22	48	1
22	49	1
22	50	1
22	51	1
22	52	0
22	53	0
22	54	0
22	55	1
22	56	0
22	57	1
22	58	1
22	59	0
22	60	0
22	61	1
22	62	0
22	63	1
22	64	1
22	65	0
22	66	1
22	67	0
22	68	0
22	69	0
22	70	1
22	71	1
22	72	0
22	73	0
22	74	0
22	75	1
22	76	1
22	77	0
22	78	0
22	79	0
22	80	0
22	81	0
22	82	0
22	83	1
22	84	1
22	85	1
22	86	1
22	87	0
22	88	1
22	89	0
22	90	1
22	91	0
22	92	1
22	93	0
22	94	1
22	95	1
22	96	0
22	97	0
22	98	0
22	99	0
22	100	1
22	101	0
22	102	0
22	103	0
22	104	1
22	105	1
22	106	0
22	107	0
22	108	0
22	109	0
22	110	1
22	111	1
22	112	0
22	113	1
22	114	0
22	115	1
22	116	1
22	117	0
22	118	1
22	119	0
22	120	1
22	121	1
22	122	0
22	123	1
22	124	1
22	125	1
22	126	0
22	127	0
22	128	0
22	129	0
22	130	1
22	131	0
22	132	1
22	133	0
22	134	1
22	135	0
22	136	0
22	137	1
22	138	1
22	139	0
22	140	1
23	24	1
23	25	1
23	26	0
23	27	1
23	28	1
23	29	1
23	30	0
23	31	0
23	32	0
23	33	1
23	34	1
23	35	1
23	36	0
23	37	1
23	38	0
23	39	1
23	40	0
23	41	0
23	42	0
23	43	1
23	44	0
23	45	0
23	46	0
23	47	1
23	48	1
23	49	0
23	50	0
23	51	1
23	52	0
23	53	1
23	54	0
23	55	0
23	56	0
23	57	1
23	58	1
23	59	0
23	60	0
23	61	0
23	62	1
23	63	1
23	64	1
23	65	1
23	66	1
23	67	0
23	68	0
23	69	0
23	70	1
23	71	1
23	72	0
23	73	0
23	74	1
23	75	0
23	76	0
23	77	0
23	78	0
23	79	1
23	80	0
23	81	0
23	82	0
23	83	0
23	84	0
23	85	0
23	86	0
23	87	1
23	88	1
23	89	0
23	90	1
23	91	1
23	92	0
23	93	1
23	94	0
23	95	0
23	96	1
23	97	1
23	98	0
23	99	0
23	100	1
23	101	0
23	102	1
23	103	0
23	104	0
23	105	0
23	106	0
23	107	1
23	108	0
23	109	1
23	110	1
23	111	1
23	112	1
23	113	1
23	114	0
23	115	1
23	116	0
23	117	1
23	118	1
23	119	1
23	120	1
23	121	0
23	122	1
23	123	0
23	124	0
23	125	0
23	126	1
23	127	0
23	128	1
23	129	0
23	130	1
23	131	1
23	132	1
23	133	0
23	134	0
23	135	1
23	136	0
23	137	1
23	138	1
23	139	1
23	140	0
24	25	0
24	26	1
24	27	1
24	28	1
24	29	1
24	30	1
24	31	1
24	32	0
24	33	0
24	34	0
24	35	1
24	36	0
24	37	1
24	38	0
24	39	0
24	40	0
24	41	0
24	42	1
24	43	0
24	44	0
24	45	1
24	46	1
24	47	1
24	48	0
24	49	0
24	50	0
24	51	0
24	52	0
24	53	1
24	54	1
24	55	1
24	56	1
24	57	0
24	58	1
24	59	0
24	60	1
24	61	1
24	62	1
24	63	1
24	64	0
24	65	1
24	66	1
24	67	0
24	68	1
24	69	0
24	70	0
24	71	0
24	72	0
24	73	1
24	74	0
24	75	0
24	76	1
24	77	1
24	78	0
24	79	1
24	80	0
24	81	1
24	82	1
24	83	0
24	84	1
24	85	0
24	86	1
24	87	1
24	88	0
24	89	0
24	90	1
24	91	1
24	92	0
24	93	1
24	94	0
24	95	1
24	96	0
24	97	0
24	98	1
24	99	0
24	100	0
24	101	1
24	102	1
24	103	0
24	104	1
24	105	1
24	106	1
24	107	0
24	108	1
24	109	0
24	110	0
24	111	0
24	112	1
24	113	0
24	114	0
24	115	1
24	116	0
24	117	1
24	118	1
24	119	1
24	120	0
24	121	0
24	122	0
24	123	1
24	124	0
24	125	1
24	126	0
24	127	1
24	128	0
24	129	0
24	130	1
24	131	0
24	132	1
24	133	1
24	134	0
24	135	0
24	136	1
24	137	1
24	138	0
24	139	1
24	140	0
25	26	0
25	27	0
25	28	0
25	29	0
25	30	0
25	31	0
25	32	0
25	33	1
25	34	0
25	35	0
25	36	1
25	37	1
25	38	0
25	39	0
25	40	1
25	41	0
25	42	0
25	43	0
25	44	0
25	45	1
25	46	0
25	47	1
25	48	1
25	49	1
25	50	0
25	51	1
25	52	1
25	53	1
25	54	0
25	55	1
25	56	1
25	57	0
25	58	1
25	59	1
25	60	0
25	61	1
25	62	0
25	63	1
25	64	0
25	65	0
25	66	0
25	67	0
25	68	1
25	69	0
25	70	0
25	71	1
25	72	0
25	73	0
25	74	0
25	75	1
25	76	0
25	77	1
25	78	0
25	79	0
25	80	1
25	81	1
25	82	0
25	83	0
25	84	1
25	85	1
25	86	0
25	87	1
25	88	0
25	89	1
25	90	0
25	91	1
25	92	0
25	93	1
25	94	1
25	95	1
25	96	1
25	97	0
25	98	1
25	99	0
25	100	1
25	101	1
25	102	1
25	103	0
25	104	0
25	105	1
25	106	1
25	107	0
25	108	1
25	109	0
25	110	0
25	111	1
25	112	1
25	113	1
25	114	1
25	115	1
25	116	1
25	117	0
25	118	1
25	119	1
25	120	0
25	121	1
25	122	0
25	123	1
25	124	1
25	125	0
25	126	1
25	127	0
25	128	0
25	129	1
25	130	1
25	131	1
25	132	0
25	133	0
25	134	0
25	135	0
25	136	1
25	137	0
25	138	1
25	139	0
25	140	1
26	27	1
26	28	1
26	29	1
26	30	1
26	31	1
26	32	0
26	33	0
26	34	0
26	35	1
26	36	0
26	37	1
26	38	1
26	39	1
26	40	0
26	41	1
26	42	1
26	43	0
26	44	1
26	45	1
26	46	1
26	47	1
26	48	1
26	49	0
26	50	0
26	51	0
26	52	1
26	53	0
26	54	0
26	55	1
26	56	1
26	57	0
26	58	0
26	59	0
26	60	0
26	61	1
26	62	0
26	63	0
26	64	0
26	65	0
26	66	1
26	67	1
26	68	0
26	69	0
26	70	0
26	71	0
26	72	1
26	73	1
26	74	0
26	75	0
26	76	0
26	77	1
26	78	1
26	79	1
26	80	1
26	81	0
26	82	1
26	83	0
26	84	0
26	85	0
26	86	0
26	87	0
26	88	1
26	89	1
26	90	0
26	91	1
26	92	1
26	93	1
26	94	0
26	95	1
26	96	1
26	97	0
26	98	1
26	99	1
26	100	1
26	101	1
26	102	0
26	103	0
26	104	1
26	105	1
26	106	0
26	107	0
26	108	1
26	109	1
26	110	0
26	111	0
26	112	1
26	113	1
26	114	0
26	115	0
26	116	0
26	117	1
26	118	1
26	119	1
26	120	1
26	121	1
26	122	1
26	123	1
26	124	0
26	125	1
26	126	1
26	127	1
26	128	0
26	129	0
26	130	0
26	131	0
26	132	1
26	133	0
26	134	1
26	135	1
26	136	1
26	137	0
26	138	0
26	139	0
26	140	0
27	28	0
27	29	1
27	30	0
27	31	1
27	32	0
27	33	1
27	34	1
27	35	0
27	36	1
27	37	1
27	38	0
27	39	0
27	40	1
27	41	0
27	42	0
27	43	1
27	44	1
27	45	1
27	46	0
27	47	1
27	48	1
27	49	1
27	50	0
27	51	0
27	52	0
27	53	0
27	54	1
27	55	0
27	56	1
27	57	1
27	58	0
27	59	1
27	60	0
27	61	1
27	62	0
27	63	0
27	64	1
27	65	0
27	66	0
27	67	1
27	68	0
27	69	1
27	70	0
27	71	1
27	72	0
27	73	0
27	74	1
27	75	0
27	76	1
27	77	1
27	78	0
27	79	1
27	80	1
27	81	1
27	82	1
27	83	0
27	84	0
27	85	0
27	86	1
27	87	0
27	88	1
27	89	1
27	90	1
27	91	0
27	92	1
27	93	1
27	94	0
27	95	0
27	96	0
27	97	0
27	98	0
27	99	0
27	100	1
27	101	0
27	102	0
27	103	1
27	104	0
27	105	0
27	106	0
27	107	1
27	108	0
27	109	0
27	110	1
27	111	0
27	112	0
27	113	0
27	114	1
27	115	1
27	116	0
27	117	1
27	118	1
27	119	0
27	120	0
27	121	0
27	122	0
27	123	0
27	124	1
27	125	1
27	126	1
27	127	1
27	128	1
27	129	1
27	130	0
27	131	1
27	132	1
27	133	0
27	134	1
27	135	0
27	136	0
27	137	1
27	138	1
27	139	1
27	140	0
28	29	0
28	30	0
28	31	1
28	32	1
28	33	1
28	34	1
28	35	1
28	36	1
28	37	0
28	38	1
28	39	1
28	40	1
28	41	1
28	42	0
28	43	0
28	44	1
28	45	0
28	46	1
28	47	0
28	48	0
28	49	1
28	50	1
28	51	1
28	52	1
28	53	1
28	54	1
28	55	1
28	56	0
28	57	0
28	58	0
28	59	1
28	60	0
28	61	1
28	62	1
28	63	1
28	64	0
28	65	1
28	66	1
28	67	1
28	68	0
28	69	0
28	70	0
28	71	0
28	72	0
28	73	1
28	74	0
28	75	0
28	76	1
28	77	0
28	78	0
28	79	1
28	80	0
28	81	0
28	82	1
28	83	1
28	84	1
28	85	0
28	86	1
28	87	0
28	88	1
28	89	0
28	90	1
28	91	0
28	92	0
28	93	0
28	94	1
28	95	0
28	96	0
28	97	0
28	98	1
28	99	0
28	100	1
28	101	1
28	102	1
28	103	0
28	104	1
28	105	0
28	106	1
28	107	0
28	108	1
28	109	1
28	110	1
28	111	1
28	112	1
28	113	1
28	114	0
28	115	0
28	116	0
28	117	0
28	118	1
28	119	1
28	120	0
28	121	1
28	122	1
28	123	0
28	124	0
28	125	0
28	126	0
28	127	1
28	128	1
28	129	1
28	130	1
28	131	0
28	132	0
28	133	1
28	134	1
28	135	1
28	136	1
28	137	0
28	138	0
28	139	0
28	140	0
29	30	1
29	31	0
29	32	0
29	33	1
29	34	1
29	35	1
29	36	0
29	37	0
29	38	1
29	39	0
29	40	1
29	41	1
29	42	0
29	43	0
29	44	1
29	45	1
29	46	1
29	47	1
29	48	1
29	49	1
29	50	1
29	51	1
29	52	1
29	53	0
29	54	1
29	55	0
29	56	1
29	57	0
29	58	1
29	59	1
29	60	0
29	61	1
29	62	0
29	63	0
29	64	1
29	65	1
29	66	0
29	67	1
29	68	1
29	69	1
29	70	0
29	71	1
29	72	0
29	73	0
29	74	0
29	75	1
29	76	0
29	77	0
29	78	0
29	79	0
29	80	0
29	81	1
29	82	0
29	83	1
29	84	1
29	85	0
29	86	1
29	87	1
29	88	1
29	89	1
29	90	0
29	91	1
29	92	1
29	93	0
29	94	1
29	95	0
29	96	1
29	97	0
29	98	0
29	99	0
29	100	0
29	101	0
29	102	1
29	103	1
29	104	0
29	105	1
29	106	0
29	107	1
29	108	1
29	109	1
29	110	0
29	111	1
29	112	1
29	113	0
29	114	1
29	115	1
29	116	0
29	117	1
29	118	1
29	119	1
29	120	1
29	121	1
29	122	1
29	123	1
29	124	1
29	125	1
29	126	1
29	127	1
29	128	1
29	129	0
29	130	0
29	131	0
29	132	0
29	133	1
29	134	0
29	135	0
29	136	0
29	137	1
29	138	0
29	139	0
29	140	0
30	31	1
30	32	1
30	33	0
30	34	1
30	35	1
30	36	1
30	37	1
30	38	0
30	39	1
30	40	1
30	41	0
30	42	0
30	43	0
30	44	0
30	45	0
30	46	1
30	47	0
30	48	1
30	49	1
30	50	0
30	51	0
30	52	1
30	53	0
30	54	0
30	55	0
30	56	0
30	57	0
30	58	1
30	59	0
30	60	1
30	61	1
30	62	0
30	63	1
30	64	0
30	65	0
30	66	0
30	67	0
30	68	1
30	69	1
30	70	0
30	71	1
30	72	1
30	73	0
30	74	1
30	75	1
30	76	0
30	77	0
30	78	1
30	79	0
30	80	1
30	81	0
30	82	1
30	83	0
30	84	0
30	85	0
30	86	1
30	87	1
30	88	1
30	89	1
30	90	0
30	91	1
30	92	1
30	93	1
30	94	0
30	95	1
30	96	0
30	97	0
30	98	0
30	99	1
30	100	1
30	101	1
30	102	1
30	103	0
30	104	0
30	105	0
30	106	0
30	107	1
30	108	0
30	109	0
30	110	0
30	111	0
30	112	0
30	113	1
30	114	1
30	115	0
30	116	0
30	117	0
30	118	1
30	119	0
30	120	0
30	121	1
30	122	1
30	123	0
30	124	0
30	125	1
30	126	1
30	127	0
30	128	0
30	129	1
30	130	0
30	131	0
30	132	1
30	133	1
30	134	1
30	135	1
30	136	1
30	137	1
30	138	0
30	139	0
30	140	1
31	32	0
31	33	1
31	34	0
31	35	1
31	36	0
31	37	0
31	38	0
31	39	1
31	40	1
31	41	1
31	42	0
31	43	0
31	44	1
31	45	1
31	46	0
31	47	1
31	48	1
31	49	1
31	50	1
31	51	1
31	52	0
31	53	0
31	54	1
31	55	1
31	56	1
31	57	1
31	58	1
31	59	1
31	60	0
31	61	1
31	62	0
31	63	1
31	64	0
31	65	1
31	66	1
31	67	0
31	68	0
31	69	0
31	70	1
31	71	0
31	72	1
31	73	0
31	74	1
31	75	0
31	76	0
31	77	1
31	78	0
31	79	0
31	80	0
31	81	0
31	82	0
31	83	0
31	84	0
31	85	1
31	86	0
31	87	1
31	88	0
31	89	0
31	90	0
31	91	0
31	92	1
31	93	0
31	94	1
31	95	1
31	96	0
31	97	1
31	98	1
31	99	1
31	100	0
31	101	0
31	102	1
31	103	0
31	104	0
31	105	0
31	106	0
31	107	0
31	108	0
31	109	0
31	110	0
31	111	0
31	112	1
31	113	1
31	114	0
31	115	0
31	116	1
31	117	0
31	118	0
31	119	0
31	120	0
31	121	1
31	122	1
31	123	0
31	124	0
31	125	0
31	126	1
31	127	1
31	128	0
31	129	0
31	130	0
31	131	0
31	132	0
31	133	1
31	134	0
31	135	1
31	136	1
31	137	1
31	138	0
31	139	1
31	140	1
32	33	0
32	34	1
32	35	1
32	36	1
32	37	0
32	38	0
32	39	0
32	40	0
32	41	1
32	42	1
32	43	0
32	44	1
32	45	0
32	46	0
32	47	0
32	48	0
32	49	0
32	50	1
32	51	1
32	52	1
32	53	0
32	54	0
32	55	1
32	56	0
32	57	0
32	58	1
32	59	0
32	60	1
32	61	0
32	62	0
32	63	0
32	64	0
32	65	0
32	66	0
32	67	1
32	68	0
32	69	0
32	70	1
32	71	0
32	72	0
32	73	0
32	74	0
32	75	0
32	76	1
32	77	1
32	78	1
32	79	1
32	80	0
32	81	1
32	82	0
32	83	1
32	84	0
32	85	0
32	86	0
32	87	0
32	88	0
32	89	0
32	90	0
32	91	0
32	92	1
32	93	1
32	94	0
32	95	0
32	96	0
32	97	1
32	98	0
32	99	0
32	100	0
32	101	0
32	102	0
32	103	0
32	104	1
32	105	1
32	106	1
32	107	1
32	108	0
32	109	1
32	110	1
32	111	0
32	112	0
32	113	0
32	114	0
32	115	1
32	116	0
32	117	1
32	118	1
32	119	1
32	120	0
32	121	1
32	122	1
32	123	0
32	124	1
32	125	0
32	126	1
32	127	1
32	128	1
32	129	0
32	130	1
32	131	0
32	132	0
32	133	1
32	134	0
32	135	1
32	136	0
32	137	1
32	138	1
32	139	0
32	140	0
33	34	1
33	35	1
33	36	0
33	37	1
33	38	0
33	39	0
33	40	1
33	41	0
33	42	0
33	43	0
33	44	1
33	45	1
33	46	0
33	47	0
33	48	0
33	49	0
33	50	1
33	51	1
33	52	1
33	53	0
33	54	1
33	55	0
33	56	1
33	57	0
33	58	0
33	59	0
33	60	1
33	61	0
33	62	1
33	63	1
33	64	0
33	65	1
33	66	0
33	67	1
33	68	0
33	69	1
33	70	0
33	71	0
33	72	0
33	73	1
33	74	0
33	75	0
33	76	0
33	77	1
33	78	0
33	79	1
33	80	0
33	81	0
33	82	1
33	83	1
33	84	0
33	85	0
33	86	0
33	87	1
33	88	0
33	89	0
33	90	1
33	91	0
33	92	1
33	93	1
33	94	1
33	95	1
33	96	1
33	97	1
33	98	1
33	99	0
33	100	1
33	101	1
33	102	1
33	103	0
33	104	0
33	105	0
33	106	1
33	107	0
33	108	0
33	109	0
33	110	1
33	111	0
33	112	1
33	113	1
33	114	1
33	115	1
33	116	1
33	117	0
33	118	0
33	119	1
33	120	1
33	121	1
33	122	1
33	123	1
33	124	1
33	125	1
33	126	1
33	127	0
33	128	1
33	129	0
33	130	1
33	131	0
33	132	0
33	133	0
33	134	1
33	135	0
33	136	0
33	137	1
33	138	1
33	139	1
33	140	0
34	35	0
34	36	1
34	37	1
34	38	1
34	39	0
34	40	1
34	41	0
34	42	0
34	43	1
34	44	0
34	45	0
34	46	1
34	47	0
34	48	0
34	49	0
34	50	1
34	51	1
34	52	1
34	53	0
34	54	1
34	55	1
34	56	0
34	57	0
34	58	0
34	59	0
34	60	0
34	61	0
34	62	0
34	63	1
34	64	1
34	65	1
34	66	1
34	67	1
34	68	0
34	69	1
34	70	1
34	71	1
34	72	0
34	73	0
34	74	1
34	75	0
34	76	0
34	77	1
34	78	1
34	79	1
34	80	1
34	81	1
34	82	0
34	83	0
34	84	0
34	85	1
34	86	1
34	87	1
34	88	1
34	89	1
34	90	1
34	91	1
34	92	1
34	93	1
34	94	1
34	95	1
34	96	0
34	97	1
34	98	0
34	99	1
34	100	1
34	101	0
34	102	1
34	103	0
34	104	0
34	105	0
34	106	1
34	107	0
34	108	0
34	109	1
34	110	1
34	111	0
34	112	0
34	113	0
34	114	1
34	115	0
34	116	1
34	117	0
34	118	0
34	119	1
34	120	1
34	121	0
34	122	0
34	123	1
34	124	0
34	125	1
34	126	1
34	127	1
34	128	1
34	129	1
34	130	0
34	131	0
34	132	1
34	133	0
34	134	0
34	135	1
34	136	1
34	137	1
34	138	1
34	139	0
34	140	0
35	36	0
35	37	0
35	38	1
35	39	0
35	40	1
35	41	1
35	42	1
35	43	0
35	44	1
35	45	1
35	46	0
35	47	1
35	48	0
35	49	1
35	50	1
35	51	1
35	52	0
35	53	1
35	54	1
35	55	0
35	56	0
35	57	0
35	58	0
35	59	1
35	60	1
35	61	1
35	62	1
35	63	1
35	64	1
35	65	0
35	66	1
35	67	1
35	68	0
35	69	0
35	70	0
35	71	1
35	72	1
35	73	1
35	74	0
35	75	0
35	76	1
35	77	0
35	78	1
35	79	0
35	80	0
35	81	0
35	82	1
35	83	0
35	84	1
35	85	0
35	86	0
35	87	0
35	88	0
35	89	0
35	90	1
35	91	1
35	92	0
35	93	0
35	94	1
35	95	1
35	96	1
35	97	0
35	98	1
35	99	0
35	100	1
35	101	0
35	102	0
35	103	0
35	104	1
35	105	0
35	106	1
35	107	1
35	108	1
35	109	1
35	110	1
35	111	1
35	112	1
35	113	0
35	114	1
35	115	0
35	116	1
35	117	0
35	118	1
35	119	0
35	120	1
35	121	1
35	122	0
35	123	0
35	124	1
35	125	0
35	126	1
35	127	0
35	128	0
35	129	0
35	130	0
35	131	0
35	132	1
35	133	0
35	134	1
35	135	0
35	136	0
35	137	1
35	138	1
35	139	1
35	140	0
36	37	0
36	38	1
36	39	1
36	40	1
36	41	1
36	42	0
36	43	0
36	44	0
36	45	0
36	46	1
36	47	1
36	48	0
36	49	0
36	50	0
36	51	0
36	52	1
36	53	0
36	54	0
36	55	1
36	56	1
36	57	1
36	58	0
36	59	1
36	60	1
36	61	0
36	62	0
36	63	1
36	64	1
36	65	1
36	66	1
36	67	0
36	68	1
36	69	1
36	70	1
36	71	1
36	72	1
36	73	0
36	74	1
36	75	1
36	76	0
36	77	1
36	78	1
36	79	1
36	80	1
36	81	0
36	82	1
36	83	0
36	84	0
36	85	1
36	86	0
36	87	0
36	88	0
36	89	1
36	90	1
36	91	0
36	92	1
36	93	0
36	94	0
36	95	1
36	96	0
36	97	0
36	98	1
36	99	1
36	100	0
36	101	1
36	102	0
36	103	1
36	104	0
36	105	0
36	106	1
36	107	0
36	108	1
36	109	1
36	110	1
36	111	0
36	112	0
36	113	0
36	114	1
36	115	0
36	116	1
36	117	1
36	118	0
36	119	0
36	120	0
36	121	1
36	122	0
36	123	1
36	124	0
36	125	0
36	126	1
36	127	0
36	128	0
36	129	1
36	130	1
36	131	0
36	132	1
36	133	0
36	134	0
36	135	0
36	136	0
36	137	0
36	138	1
36	139	0
36	140	0
37	38	1
37	39	1
37	40	0
37	41	1
37	42	0
37	43	0
37	44	1
37	45	1
37	46	1
37	47	0
37	48	0
37	49	1
37	50	1
37	51	0
37	52	0
37	53	1
37	54	0
37	55	0
37	56	1
37	57	1
37	58	0
37	59	1
37	60	1
37	61	1
37	62	0
37	63	1
37	64	1
37	65	1
37	66	1
37	67	0
37	68	0
37	69	1
37	70	0
37	71	0
37	72	0
37	73	0
37	74	1
37	75	0
37	76	1
37	77	1
37	78	1
37	79	0
37	80	0
37	81	0
37	82	0
37	83	1
37	84	0
37	85	0
37	86	1
37	87	1
37	88	0
37	89	1
37	90	0
37	91	1
37	92	0
37	93	1
37	94	0
37	95	1
37	96	1
37	97	0
37	98	0
37	99	1
37	100	1
37	101	1
37	102	1
37	103	0
37	104	0
37	105	1
37	106	0
37	107	1
37	108	1
37	109	0
37	110	1
37	111	0
37	112	0
37	113	0
37	114	0
37	115	0
37	116	1
37	117	0
37	118	0
37	119	1
37	120	1
37	121	0
37	122	1
37	123	0
37	124	1
37	125	1
37	126	1
37	127	0
37	128	1
37	129	0
37	130	0
37	131	0
37	132	0
37	133	0
37	134	0
37	135	1
37	136	0
37	137	1
37	138	0
37	139	0
37	140	1
38	39	1
38	40	0
38	41	0
38	42	1
38	43	0
38	44	1
38	45	0
38	46	0
38	47	0
38	48	1
38	49	0
38	50	0
38	51	0
38	52	1
38	53	0
38	54	1
38	55	1
38	56	0
38	57	0
38	58	1
38	59	1
38	60	1
38	61	0
38	62	1
38	63	0
38	64	1
38	65	1
38	66	0
38	67	0
38	68	0
38	69	1
38	70	1
38	71	0
38	72	0
38	73	1
38	74	0
38	75	0
38	76	0
38	77	0
38	78	1
38	79	0
38	80	1
38	81	1
38	82	1
38	83	0
38	84	1
38	85	0
38	86	0
38	87	0
38	88	1
38	89	1
38	90	1
38	91	1
38	92	1
38	93	0
38	94	1
38	95	1
38	96	0
38	97	1
38	98	0
38	99	0
38	100	1
38	101	1
38	102	1
38	103	1
38	104	0
38	105	0
38	106	0
38	107	0
38	108	1
38	109	1
38	110	0
38	111	0
38	112	1
38	113	1
38	114	0
38	115	1
38	116	0
38	117	0
38	118	1
38	119	1
38	120	0
38	121	0
38	122	0
38	123	1
38	124	1
38	125	1
38	126	0
38	127	0
38	128	1
38	129	1
38	130	1
38	131	0
38	132	0
38	133	0
38	134	0
38	135	0
38	136	1
38	137	1
38	138	1
38	139	1
38	140	1
39	40	1
39	41	1
39	42	0
39	43	1
39	44	1
39	45	1
39	46	0
39	47	0
39	48	1
39	49	0
39	50	1
39	51	0
39	52	0
39	53	1
39	54	1
39	55	0
39	56	0
39	57	1
39	58	0
39	59	0
39	60	1
39	61	0
39	62	0
39	63	0
39	64	1
39	65	1
39	66	1
39	67	1
39	68	1
39	69	0
39	70	0
39	71	0
39	72	0
39	73	0
39	74	1
39	75	0
39	76	0
39	77	1
39	78	0
39	79	1
39	80	1
39	81	0
39	82	0
39	83	0
39	84	0
39	85	1
39	86	1
39	87	1
39	88	1
39	89	1
39	90	0
39	91	0
39	92	1
39	93	0
39	94	0
39	95	1
39	96	0
39	97	1
39	98	1
39	99	0
39	100	0
39	101	1
39	102	0
39	103	1
39	104	1
39	105	0
39	106	1
39	107	0
39	108	0
39	109	0
39	110	0
39	111	1
39	112	1
39	113	1
39	114	1
39	115	1
39	116	1
39	117	0
39	118	0
39	119	1
39	120	1
39	121	0
39	122	1
39	123	0
39	124	1
39	125	1
39	126	1
39	127	0
39	128	0
39	129	0
39	130	0
39	131	0
39	132	0
39	133	1
39	134	1
39	135	0
39	136	1
39	137	0
39	138	1
39	139	0
39	140	1
40	41	0
40	42	1
40	43	0
40	44	1
40	45	1
40	46	1
40	47	0
40	48	1
40	49	1
40	50	0
40	51	0
40	52	1
40	53	0
40	54	0
40	55	0
40	56	0
40	57	0
40	58	1
40	59	0
40	60	0
40	61	0
40	62	1
40	63	1
40	64	1
40	65	0
40	66	0
40	67	0
40	68	1
40	69	0
40	70	0
40	71	0
40	72	1
40	73	0
40	74	0
40	75	1
40	76	0
40	77	0
40	78	0
40	79	0
40	80	1
40	81	1
40	82	1
40	83	1
40	84	0
40	85	1
40	86	0
40	87	1
40	88	1
40	89	1
40	90	1
40	91	1
40	92	1
40	93	0
40	94	1
40	95	1
40	96	1
40	97	0
40	98	0
40	99	1
40	100	1
40	101	0
40	102	0
40	103	1
40	104	1
40	105	1
40	106	0
40	107	0
40	108	1
40	109	1
40	110	1
40	111	0
40	112	1
40	113	1
40	114	1
40	115	1
40	116	0
40	117	1
40	118	0
40	119	1
40	120	1
40	121	0
40	122	1
40	123	1
40	124	1
40	125	1
40	126	1
40	127	1
40	128	0
40	129	1
40	130	0
40	131	1
40	132	1
40	133	0
40	134	1
40	135	1
40	136	1
40	137	1
40	138	1
40	139	0
40	140	0
41	42	0
41	43	1
41	44	1
41	45	0
41	46	0
41	47	0
41	48	1
41	49	1
41	50	0
41	51	1
41	52	0
41	53	0
41	54	0
41	55	1
41	56	0
41	57	1
41	58	0
41	59	1
41	60	1
41	61	0
41	62	1
41	63	0
41	64	0
41	65	0
41	66	1
41	67	1
41	68	0
41	69	1
41	70	0
41	71	0
41	72	1
41	73	0
41	74	0
41	75	1
41	76	0
41	77	0
41	78	0
41	79	0
41	80	0
41	81	0
41	82	0
41	83	1
41	84	1
41	85	1
41	86	0
41	87	0
41	88	0
41	89	1
41	90	1
41	91	1
41	92	1
41	93	0
41	94	0
41	95	1
41	96	1
41	97	0
41	98	1
41	99	0
41	100	1
41	101	1
41	102	0
41	103	0
41	104	0
41	105	0
41	106	0
41	107	0
41	108	0
41	109	1
41	110	1
41	111	1
41	112	1
41	113	1
41	114	0
41	115	1
41	116	1
41	117	0
41	118	1
41	119	0
41	120	1
41	121	0
41	122	1
41	123	0
41	124	0
41	125	1
41	126	1
41	127	0
41	128	1
41	129	0
41	130	0
41	131	1
41	132	0
41	133	1
41	134	1
41	135	1
41	136	0
41	137	0
41	138	0
41	139	0
41	140	1
42	43	0
42	44	1
42	45	1
42	46	0
42	47	1
42	48	1
42	49	1
42	50	1
42	51	1
42	52	0
42	53	0
42	54	1
42	55	1
42	56	1
42	57	1
42	58	1
42	59	0
42	60	1
42	61	0
42	62	0
42	63	1
42	64	0
42	65	1
42	66	0
42	67	0
42	68	1
42	69	0
42	70	1
42	71	1
42	72	1
42	73	1
42	74	0
42	75	1
42	76	1
42	77	1
42	78	0
42	79	1
42	80	0
42	81	1
42	82	1
42	83	1
42	84	0
42	85	1
42	86	0
42	87	1
42	88	0
42	89	1
42	90	1
42	91	0
42	92	0
42	93	1
42	94	1
42	95	1
42	96	0
42	97	0
42	98	0
42	99	1
42	100	0
42	101	0
42	102	0
42	103	1
42	104	0
42	105	0
42	106	1
42	107	1
42	108	1
42	109	0
42	110	0
42	111	1
42	112	0
42	113	1
42	114	0
42	115	0
42	116	0
42	117	1
42	118	0
42	119	0
42	120	1
42	121	1
42	122	0
42	123	0
42	124	1
42	125	1
42	126	1
42	127	1
42	128	0
42	129	0
42	130	1
42	131	1
42	132	0
42	133	0
42	134	1
42	135	0
42	136	0
42	137	1
42	138	0
42	139	1
42	140	1
43	44	1
43	45	0
43	46	0
43	47	0
43	48	1
43	49	0
43	50	1
43	51	1
43	52	1
43	53	1
43	54	1
43	55	0
43	56	1
43	57	1
43	58	0
43	59	1
43	60	0
43	61	0
43	62	0
43	63	0
43	64	0
43	65	1
43	66	0
43	67	0
43	68	0
43	69	0
43	70	0
43	71	1
43	72	1
43	73	1
43	74	0
43	75	0
43	76	1
43	77	1
43	78	0
43	79	0
43	80	1
43	81	0
43	82	1
43	83	0
43	84	0
43	85	1
43	86	1
43	87	1
43	88	0
43	89	0
43	90	1
43	91	0
43	92	1
43	93	0
43	94	0
43	95	1
43	96	1
43	97	1
43	98	1
43	99	0
43	100	1
43	101	0
43	102	1
43	103	0
43	104	1
43	105	1
43	106	1
43	107	0
43	108	1
43	109	1
43	110	1
43	111	1
43	112	1
43	113	1
43	114	0
43	115	1
43	116	1
43	117	0
43	118	1
43	119	1
43	120	0
43	121	0
43	122	1
43	123	1
43	124	0
43	125	0
43	126	0
43	127	1
43	128	1
43	129	0
43	130	0
43	131	1
43	132	1
43	133	1
43	134	1
43	135	0
43	136	0
43	137	0
43	138	1
43	139	1
43	140	0
44	45	1
44	46	0
44	47	1
44	48	1
44	49	0
44	50	0
44	51	0
44	52	1
44	53	0
44	54	1
44	55	1
44	56	1
44	57	0
44	58	1
44	59	1
44	60	1
44	61	0
44	62	1
44	63	0
44	64	0
44	65	1
44	66	0
44	67	0
44	68	0
44	69	0
44	70	0
44	71	1
44	72	1
44	73	1
44	74	0
44	75	0
44	76	0
44	77	0
44	78	0
44	79	0
44	80	1
44	81	1
44	82	0
44	83	1
44	84	0
44	85	1
44	86	1
44	87	1
44	88	1
44	89	1
44	90	1
44	91	0
44	92	0
44	93	1
44	94	0
44	95	1
44	96	1
44	97	0
44	98	1
44	99	0
44	100	1
44	101	0
44	102	0
44	103	1
44	104	1
44	105	1
44	106	0
44	107	0
44	108	1
44	109	1
44	110	1
44	111	1
44	112	0
44	113	1
44	114	0
44	115	0
44	116	0
44	117	0
44	118	0
44	119	0
44	120	1
44	121	0
44	122	0
44	123	0
44	124	0
44	125	0
44	126	1
44	127	1
44	128	1
44	129	1
44	130	1
44	131	1
44	132	0
44	133	1
44	134	1
44	135	0
44	136	0
44	137	0
44	138	0
44	139	1
44	140	1
45	46	0
45	47	0
45	48	1
45	49	1
45	50	0
45	51	0
45	52	0
45	53	1
45	54	1
45	55	0
45	56	0
45	57	1
45	58	1
45	59	1
45	60	0
45	61	0
45	62	0
45	63	0
45	64	0
45	65	0
45	66	1
45	67	0
45	68	0
45	69	1
45	70	0
45	71	1
45	72	1
45	73	1
45	74	1
45	75	0
45	76	0
45	77	1
45	78	1
45	79	1
45	80	0
45	81	1
45	82	0
45	83	1
45	84	0
45	85	1
45	86	1
45	87	1
45	88	0
45	89	1
45	90	1
45	91	0
45	92	0
45	93	1
45	94	1
45	95	1
45	96	0
45	97	0
45	98	1
45	99	0
45	100	0
45	101	0
45	102	1
45	103	1
45	104	0
45	105	0
45	106	1
45	107	1
45	108	1
45	109	0
45	110	0
45	111	1
45	112	1
45	113	1
45	114	0
45	115	0
45	116	1
45	117	0
45	118	0
45	119	0
45	120	0
45	121	1
45	122	0
45	123	1
45	124	1
45	125	1
45	126	0
45	127	1
45	128	1
45	129	0
45	130	1
45	131	1
45	132	1
45	133	0
45	134	1
45	135	0
45	136	1
45	137	1
45	138	1
45	139	1
45	140	1
46	47	0
46	48	1
46	49	0
46	50	1
46	51	0
46	52	0
46	53	0
46	54	0
46	55	0
46	56	1
46	57	1
46	58	1
46	59	1
46	60	1
46	61	0
46	62	0
46	63	0
46	64	1
46	65	1
46	66	1
46	67	0
46	68	1
46	69	0
46	70	1
46	71	0
46	72	1
46	73	0
46	74	0
46	75	1
46	76	1
46	77	0
46	78	0
46	79	1
46	80	0
46	81	1
46	82	0
46	83	0
46	84	1
46	85	0
46	86	0
46	87	1
46	88	1
46	89	0
46	90	1
46	91	1
46	92	1
46	93	1
46	94	1
46	95	1
46	96	1
46	97	0
46	98	1
46	99	1
46	100	1
46	101	0
46	102	0
46	103	0
46	104	0
46	105	0
46	106	0
46	107	1
46	108	1
46	109	0
46	110	0
46	111	1
46	112	0
46	113	1
46	114	1
46	115	1
46	116	1
46	117	1
46	118	0
46	119	0
46	120	1
46	121	0
46	122	1
46	123	0
46	124	1
46	125	0
46	126	0
46	127	0
46	128	0
46	129	0
46	130	0
46	131	1
46	132	1
46	133	0
46	134	1
46	135	1
46	136	0
46	137	0
46	138	1
46	139	0
46	140	1
47	48	1
47	49	1
47	50	0
47	51	1
47	52	1
47	53	1
47	54	0
47	55	0
47	56	0
47	57	0
47	58	1
47	59	1
47	60	1
47	61	0
47	62	1
47	63	0
47	64	1
47	65	0
47	66	1
47	67	1
47	68	1
47	69	0
47	70	1
47	71	1
47	72	0
47	73	1
47	74	0
47	75	0
47	76	1
47	77	0
47	78	0
47	79	0
47	80	1
47	81	1
47	82	1
47	83	0
47	84	1
47	85	0
47	86	1
47	87	0
47	88	1
47	89	1
47	90	1
47	91	1
47	92	0
47	93	0
47	94	0
47	95	1
47	96	0
47	97	0
47	98	0
47	99	0
47	100	0
47	101	1
47	102	0
47	103	0
47	104	1
47	105	1
47	106	0
47	107	0
47	108	1
47	109	1
47	110	1
47	111	0
47	112	1
47	113	1
47	114	1
47	115	0
47	116	1
47	117	0
47	118	0
47	119	1
47	120	0
47	121	1
47	122	1
47	123	1
47	124	1
47	125	1
47	126	1
47	127	1
47	128	0
47	129	1
47	130	1
47	131	0
47	132	0
47	133	0
47	134	0
47	135	0
47	136	1
47	137	0
47	138	0
47	139	1
47	140	0
48	49	0
48	50	0
48	51	1
48	52	0
48	53	0
48	54	0
48	55	0
48	56	1
48	57	0
48	58	0
48	59	1
48	60	1
48	61	1
48	62	1
48	63	1
48	64	1
48	65	1
48	66	1
48	67	0
48	68	1
48	69	1
48	70	1
48	71	1
48	72	1
48	73	0
48	74	0
48	75	0
48	76	0
48	77	0
48	78	1
48	79	0
48	80	1
48	81	0
48	82	1
48	83	0
48	84	0
48	85	1
48	86	0
48	87	1
48	88	0
48	89	1
48	90	0
48	91	0
48	92	0
48	93	0
48	94	0
48	95	1
48	96	1
48	97	1
48	98	0
48	99	0
48	100	1
48	101	1
48	102	1
48	103	0
48	104	1
48	105	0
48	106	0
48	107	0
48	108	0
48	109	1
48	110	0
48	111	1
48	112	0
48	113	0
48	114	0
48	115	1
48	116	1
48	117	1
48	118	1
48	119	0
48	120	1
48	121	1
48	122	0
48	123	0
48	124	1
48	125	0
48	126	1
48	127	1
48	128	0
48	129	0
48	130	0
48	131	0
48	132	0
48	133	0
48	134	1
48	135	0
48	136	0
48	137	0
48	138	1
48	139	0
48	140	1
49	50	0
49	51	1
49	52	0
49	53	0
49	54	1
49	55	1
49	56	1
49	57	1
49	58	0
49	59	1
49	60	1
49	61	0
49	62	1
49	63	0
49	64	1
49	65	0
49	66	0
49	67	0
49	68	1
49	69	1
49	70	1
49	71	1
49	72	0
49	73	1
49	74	0
49	75	1
49	76	1
49	77	1
49	78	0
49	79	1
49	80	1
49	81	1
49	82	0
49	83	0
49	84	0
49	85	0
49	86	0
49	87	1
49	88	0
49	89	1
49	90	0
49	91	1
49	92	0
49	93	1
49	94	1
49	95	1
49	96	1
49	97	1
49	98	0
49	99	0
49	100	1
49	101	0
49	102	1
49	103	1
49	104	1
49	105	1
49	106	1
49	107	1
49	108	1
49	109	1
49	110	0
49	111	0
49	112	0
49	113	1
49	114	0
49	115	0
49	116	0
49	117	0
49	118	1
49	119	0
49	120	0
49	121	1
49	122	0
49	123	1
49	124	1
49	125	0
49	126	1
49	127	1
49	128	1
49	129	1
49	130	1
49	131	0
49	132	1
49	133	1
49	134	1
49	135	0
49	136	0
49	137	0
49	138	0
49	139	1
49	140	0
50	51	1
50	52	1
50	53	0
50	54	0
50	55	0
50	56	1
50	57	1
50	58	0
50	59	1
50	60	1
50	61	0
50	62	0
50	63	1
50	64	1
50	65	1
50	66	0
50	67	1
50	68	1
50	69	1
50	70	0
50	71	1
50	72	0
50	73	0
50	74	0
50	75	0
50	76	1
50	77	0
50	78	1
50	79	0
50	80	0
50	81	0
50	82	1
50	83	0
50	84	0
50	85	0
50	86	1
50	87	1
50	88	1
50	89	1
50	90	0
50	91	1
50	92	1
50	93	0
50	94	0
50	95	0
50	96	0
50	97	1
50	98	1
50	99	0
50	100	0
50	101	0
50	102	0
50	103	1
50	104	1
50	105	1
50	106	1
50	107	1
50	108	0
50	109	1
50	110	0
50	111	1
50	112	1
50	113	1
50	114	1
50	115	1
50	116	1
50	117	0
50	118	0
50	119	1
50	120	1
50	121	0
50	122	1
50	123	1
50	124	0
50	125	1
50	126	1
50	127	1
50	128	1
50	129	1
50	130	1
50	131	0
50	132	0
50	133	1
50	134	0
50	135	1
50	136	1
50	137	0
50	138	1
50	139	0
50	140	0
51	52	0
51	53	1
51	54	1
51	55	1
51	56	0
51	57	0
51	58	0
51	59	0
51	60	0
51	61	1
51	62	1
51	63	1
51	64	0
51	65	1
51	66	1
51	67	1
51	68	0
51	69	1
51	70	1
51	71	0
51	72	1
51	73	1
51	74	1
51	75	1
51	76	0
51	77	0
51	78	1
51	79	0
51	80	0
51	81	0
51	82	0
51	83	1
51	84	1
51	85	1
51	86	1
51	87	0
51	88	1
51	89	0
51	90	0
51	91	1
51	92	1
51	93	0
51	94	1
51	95	0
51	96	0
51	97	0
51	98	0
51	99	1
51	100	0
51	101	1
51	102	0
51	103	0
51	104	1
51	105	1
51	106	1
51	107	0
51	108	1
51	109	1
51	110	1
51	111	1
51	112	0
51	113	1
51	114	1
51	115	0
51	116	0
51	117	0
51	118	0
51	119	1
51	120	1
51	121	1
51	122	0
51	123	0
51	124	0
51	125	1
51	126	0
51	127	1
51	128	1
51	129	0
51	130	0
51	131	0
51	132	1
51	133	0
51	134	1
51	135	1
51	136	1
51	137	1
51	138	1
51	139	0
51	140	0
52	53	0
52	54	1
52	55	1
52	56	1
52	57	1
52	58	0
52	59	1
52	60	0
52	61	0
52	62	1
52	63	1
52	64	1
52	65	1
52	66	1
52	67	0
52	68	1
52	69	1
52	70	0
52	71	1
52	72	1
52	73	1
52	74	0
52	75	0
52	76	1
52	77	0
52	78	0
52	79	0
52	80	0
52	81	0
52	82	1
52	83	1
52	84	0
52	85	0
52	86	1
52	87	1
52	88	1
52	89	1
52	90	1
52	91	1
52	92	1
52	93	1
52	94	1
52	95	1
52	96	0
52	97	0
52	98	1
52	99	0
52	100	1
52	101	1
52	102	1
52	103	1
52	104	1
52	105	1
52	106	0
52	107	0
52	108	1
52	109	1
52	110	0
52	111	1
52	112	0
52	113	1
52	114	0
52	115	0
52	116	0
52	117	1
52	118	0
52	119	1
52	120	0
52	121	1
52	122	1
52	123	0
52	124	0
52	125	0
52	126	0
52	127	0
52	128	1
52	129	1
52	130	0
52	131	0
52	132	0
52	133	1
52	134	1
52	135	1
52	136	0
52	137	0
52	138	1
52	139	1
52	140	0
53	54	0
53	55	1
53	56	1
53	57	1
53	58	1
53	59	0
53	60	0
53	61	0
53	62	0
53	63	0
53	64	1
53	65	1
53	66	1
53	67	1
53	68	1
53	69	0
53	70	0
53	71	1
53	72	0
53	73	1
53	74	0
53	75	0
53	76	0
53	77	1
53	78	0
53	79	1
53	80	1
53	81	1
53	82	0
53	83	1
53	84	1
53	85	0
53	86	0
53	87	1
53	88	0
53	89	1
53	90	1
53	91	1
53	92	0
53	93	1
53	94	1
53	95	1
53	96	0
53	97	0
53	98	1
53	99	0
53	100	1
53	101	0
53	102	1
53	103	1
53	104	1
53	105	1
53	106	0
53	107	1
53	108	1
53	109	1
53	110	0
53	111	1
53	112	0
53	113	0
53	114	0
53	115	0
53	116	0
53	117	1
53	118	0
53	119	1
53	120	1
53	121	1
53	122	1
53	123	1
53	124	1
53	125	0
53	126	0
53	127	1
53	128	1
53	129	0
53	130	0
53	131	0
53	132	0
53	133	1
53	134	0
53	135	1
53	136	0
53	137	0
53	138	1
53	139	0
53	140	1
54	55	1
54	56	0
54	57	0
54	58	0
54	59	1
54	60	0
54	61	1
54	62	1
54	63	1
54	64	0
54	65	0
54	66	1
54	67	1
54	68	1
54	69	1
54	70	0
54	71	0
54	72	1
54	73	0
54	74	1
54	75	0
54	76	0
54	77	0
54	78	0
54	79	0
54	80	0
54	81	1
54	82	0
54	83	1
54	84	0
54	85	1
54	86	0
54	87	1
54	88	1
54	89	1
54	90	1
54	91	0
54	92	1
54	93	0
54	94	1
54	95	1
54	96	1
54	97	0
54	98	1
54	99	1
54	100	1
54	101	0
54	102	1
54	103	1
54	104	0
54	105	0
54	106	1
54	107	1
54	108	0
54	109	1
54	110	0
54	111	1
54	112	1
54	113	0
54	114	0
54	115	0
54	116	0
54	117	0
54	118	1
54	119	0
54	120	0
54	121	1
54	122	0
54	123	1
54	124	0
54	125	1
54	126	0
54	127	0
54	128	0
54	129	1
54	130	0
54	131	1
54	132	1
54	133	1
54	134	1
54	135	1
54	136	1
54	137	0
54	138	0
54	139	0
54	140	0
55	56	0
55	57	0
55	58	0
55	59	1
55	60	1
55	61	1
55	62	0
55	63	1
55	64	0
55	65	1
55	66	0
55	67	0
55	68	0
55	69	1
55	70	0
55	71	1
55	72	0
55	73	0
55	74	0
55	75	0
55	76	1
55	77	0
55	78	1
55	79	0
55	80	1
55	81	1
55	82	0
55	83	1
55	84	0
55	85	1
55	86	0
55	87	0
55	88	1
55	89	1
55	90	1
55	91	1
55	92	0
55	93	0
55	94	0
55	95	1
55	96	1
55	97	0
55	98	0
55	99	0
55	100	0
55	101	1
55	102	1
55	103	1
55	104	1
55	105	0
55	106	0
55	107	1
55	108	1
55	109	0
55	110	1
55	111	0
55	112	0
55	113	0
55	114	1
55	115	0
55	116	0
55	117	1
55	118	0
55	119	0
55	120	1
55	121	1
55	122	1
55	123	0
55	124	0
55	125	0
55	126	1
55	127	1
55	128	0
55	129	1
55	130	1
55	131	0
55	132	0
55	133	1
55	134	1
55	135	1
55	136	0
55	137	1
55	138	0
55	139	0
55	140	1
56	57	1
56	58	1
56	59	0
56	60	1
56	61	1
56	62	1
56	63	1
56	64	0
56	65	0
56	66	0
56	67	1
56	68	1
56	69	1
56	70	1
56	71	1
56	72	1
56	73	1
56	74	0
56	75	1
56	76	1
56	77	1
56	78	1
56	79	1
56	80	1
56	81	0
56	82	1
56	83	0
56	84	1
56	85	0
56	86	1
56	87	0
56	88	0
56	89	1
56	90	1
56	91	1
56	92	0
56	93	1
56	94	1
56	95	0
56	96	1
56	97	0
56	98	0
56	99	1
56	100	0
56	101	0
56	102	1
56	103	0
56	104	1
56	105	1
56	106	0
56	107	0
56	108	0
56	109	1
56	110	1
56	111	0
56	112	0
56	113	1
56	114	1
56	115	0
56	116	0
56	117	1
56	118	1
56	119	1
56	120	0
56	121	0
56	122	1
56	123	0
56	124	0
56	125	1
56	126	0
56	127	0
56	128	0
56	129	0
56	130	1
56	131	1
56	132	0
56	133	1
56	134	0
56	135	1
56	136	0
56	137	1
56	138	1
56	139	0
56	140	0
57	58	1
57	59	1
57	60	0
57	61	1
57	62	1
57	63	1
57	64	1
57	65	1
57	66	0
57	67	1
57	68	1
57	69	1
57	70	1
57	71	0
57	72	0
57	73	1
57	74	1
57	75	1
57	76	1
57	77	0
57	78	0
57	79	1
57	80	1
57	81	1
57	82	0
57	83	1
57	84	1
57	85	1
57	86	0
57	87	1
57	88	1
57	89	0
57	90	0
57	91	1
57	92	1
57	93	0
57	94	0
57	95	1
57	96	0
57	97	1
57	98	1
57	99	1
57	100	1
57	101	0
57	102	0
57	103	0
57	104	1
57	105	1
57	106	0
57	107	1
57	108	0
57	109	0
57	110	1
57	111	1
57	112	1
57	113	1
57	114	1
57	115	0
57	116	0
57	117	1
57	118	0
57	119	1
57	120	1
57	121	0
57	122	1
57	123	0
57	124	1
57	125	0
57	126	0
57	127	1
57	128	0
57	129	0
57	130	1
57	131	1
57	132	0
57	133	1
57	134	1
57	135	0
57	136	0
57	137	0
57	138	1
57	139	0
57	140	0
58	59	0
58	60	0
58	61	0
58	62	1
58	63	1
58	64	0
58	65	1
58	66	0
58	67	1
58	68	1
58	69	1
58	70	0
58	71	0
58	72	1
58	73	0
58	74	1
58	75	0
58	76	0
58	77	1
58	78	0
58	79	1
58	80	0
58	81	0
58	82	0
58	83	0
58	84	1
58	85	1
58	86	1
58	87	0
58	88	0
58	89	1
58	90	0
58	91	0
58	92	1
58	93	1
58	94	0
58	95	0
58	96	0
58	97	0
58	98	1
58	99	0
58	100	0
58	101	1
58	102	1
58	103	1
58	104	0
58	105	1
58	106	1
58	107	0
58	108	1
58	109	1
58	110	0
58	111	1
58	112	0
58	113	0
58	114	0
58	115	1
58	116	0
58	117	0
58	118	0
58	119	0
58	120	1
58	121	0
58	122	1
58	123	0
58	124	1
58	125	1
58	126	1
58	127	0
58	128	1
58	129	1
58	130	1
58	131	0
58	132	1
58	133	1
58	134	0
58	135	0
58	136	0
58	137	1
58	138	0
58	139	1
58	140	0
59	60	0
59	61	0
59	62	1
59	63	0
59	64	1
59	65	1
59	66	0
59	67	1
59	68	1
59	69	0
59	70	1
59	71	1
59	72	0
59	73	0
59	74	1
59	75	0
59	76	1
59	77	1
59	78	0
59	79	1
59	80	0
59	81	1
59	82	0
59	83	0
59	84	0
59	85	1
59	86	1
59	87	1
59	88	0
59	89	0
59	90	1
59	91	0
59	92	0
59	93	0
59	94	0
59	95	0
59	96	1
59	97	0
59	98	1
59	99	1
59	100	0
59	101	0
59	102	1
59	103	0
59	104	0
59	105	0
59	106	0
59	107	0
59	108	1
59	109	0
59	110	0
59	111	0
59	112	1
59	113	0
59	114	1
59	115	0
59	116	1
59	117	1
59	118	0
59	119	1
59	120	0
59	121	0
59	122	0
59	123	1
59	124	0
59	125	1
59	126	1
59	127	1
59	128	1
59	129	1
59	130	0
59	131	1
59	132	1
59	133	0
59	134	1
59	135	0
59	136	0
59	137	0
59	138	1
59	139	0
59	140	1
60	61	1
60	62	1
60	63	1
60	64	0
60	65	1
60	66	0
60	67	0
60	68	1
60	69	1
60	70	0
60	71	1
60	72	1
60	73	1
60	74	0
60	75	0
60	76	0
60	77	0
60	78	0
60	79	0
60	80	0
60	81	1
60	82	0
60	83	0
60	84	0
60	85	0
60	86	1
60	87	1
60	88	0
60	89	1
60	90	1
60	91	1
60	92	1
60	93	0
60	94	0
60	95	0
60	96	1
60	97	0
60	98	1
60	99	1
60	100	0
60	101	1
60	102	0
60	103	1
60	104	0
60	105	0
60	106	0
60	107	0
60	108	0
60	109	0
60	110	1
60	111	0
60	112	1
60	113	0
60	114	1
60	115	1
60	116	0
60	117	0
60	118	0
60	119	0
60	120	0
60	121	0
60	122	0
60	123	1
60	124	1
60	125	1
60	126	0
60	127	1
60	128	1
60	129	1
60	130	1
60	131	0
60	132	0
60	133	1
60	134	1
60	135	0
60	136	0
60	137	1
60	138	0
60	139	0
60	140	1
61	62	1
61	63	1
61	64	0
61	65	1
61	66	0
61	67	1
61	68	0
61	69	1
61	70	1
61	71	1
61	72	0
61	73	1
61	74	0
61	75	1
61	76	1
61	77	1
61	78	0
61	79	0
61	80	1
61	81	0
61	82	1
61	83	0
61	84	0
61	85	0
61	86	1
61	87	0
61	88	0
61	89	1
61	90	1
61	91	1
61	92	1
61	93	1
61	94	1
61	95	1
61	96	0
61	97	1
61	98	1
61	99	0
61	100	1
61	101	1
61	102	0
61	103	1
61	104	1
61	105	0
61	106	0
61	107	0
61	108	1
61	109	0
61	110	1
61	111	1
61	112	1
61	113	1
61	114	1
61	115	1
61	116	1
61	117	1
61	118	1
61	119	1
61	120	1
61	121	1
61	122	0
61	123	1
61	124	1
61	125	1
61	126	1
61	127	0
61	128	1
61	129	0
61	130	0
61	131	1
61	132	1
61	133	1
61	134	0
61	135	1
61	136	0
61	137	1
61	138	1
61	139	1
61	140	1
62	63	1
62	64	1
62	65	0
62	66	0
62	67	1
62	68	0
62	69	0
62	70	1
62	71	0
62	72	0
62	73	1
62	74	1
62	75	1
62	76	1
62	77	1
62	78	0
62	79	1
62	80	1
62	81	0
62	82	1
62	83	1
62	84	1
62	85	1
62	86	1
62	87	1
62	88	0
62	89	1
62	90	0
62	91	0
62	92	0
62	93	1
62	94	0
62	95	0
62	96	1
62	97	1
62	98	1
62	99	1
62	100	0
62	101	1
62	102	0
62	103	1
62	104	0
62	105	1
62	106	0
62	107	0
62	108	1
62	109	0
62	110	0
62	111	0
62	112	1
62	113	0
62	114	1
62	115	0
62	116	1
62	117	0
62	118	1
62	119	1
62	120	1
62	121	1
62	122	1
62	123	0
62	124	0
62	125	1
62	126	0
62	127	0
62	128	1
62	129	0
62	130	1
62	131	0
62	132	1
62	133	0
62	134	0
62	135	1
62	136	1
62	137	0
62	138	1
62	139	1
62	140	0
63	64	0
63	65	0
63	66	1
63	67	1
63	68	0
63	69	0
63	70	1
63	71	0
63	72	0
63	73	1
63	74	0
63	75	1
63	76	1
63	77	1
63	78	1
63	79	1
63	80	0
63	81	1
63	82	1
63	83	1
63	84	1
63	85	1
63	86	0
63	87	0
63	88	0
63	89	1
63	90	0
63	91	1
63	92	0
63	93	0
63	94	0
63	95	1
63	96	1
63	97	1
63	98	0
63	99	0
63	100	1
63	101	1
63	102	0
63	103	1
63	104	1
63	105	1
63	106	1
63	107	0
63	108	0
63	109	1
63	110	0
63	111	1
63	112	0
63	113	0
63	114	1
63	115	0
63	116	1
63	117	0
63	118	0
63	119	0
63	120	1
63	121	0
63	122	1
63	123	1
63	124	0
63	125	0
63	126	0
63	127	0
63	128	0
63	129	1
63	130	1
63	131	1
63	132	0
63	133	0
63	134	1
63	135	1
63	136	1
63	137	0
63	138	1
63	139	1
63	140	1
64	65	1
64	66	1
64	67	0
64	68	1
64	69	0
64	70	0
64	71	1
64	72	0
64	73	0
64	74	1
64	75	0
64	76	0
64	77	1
64	78	0
64	79	1
64	80	1
64	81	1
64	82	1
64	83	1
64	84	0
64	85	0
64	86	0
64	87	0
64	88	1
64	89	1
64	90	1
64	91	0
64	92	0
64	93	1
64	94	1
64	95	1
64	96	1
64	97	1
64	98	0
64	99	0
64	100	1
64	101	0
64	102	1
64	103	0
64	104	0
64	105	1
64	106	0
64	107	0
64	108	1
64	109	1
64	110	1
64	111	1
64	112	1
64	113	0
64	114	0
64	115	1
64	116	1
64	117	1
64	118	1
64	119	1
64	120	0
64	121	0
64	122	0
64	123	1
64	124	1
64	125	0
64	126	0
64	127	1
64	128	1
64	129	1
64	130	1
64	131	0
64	132	1
64	133	0
64	134	1
64	135	0
64	136	1
64	137	0
64	138	0
64	139	0
64	140	1
65	66	0
65	67	0
65	68	0
65	69	0
65	70	1
65	71	1
65	72	1
65	73	0
65	74	1
65	75	0
65	76	0
65	77	0
65	78	0
65	79	1
65	80	0
65	81	1
65	82	0
65	83	1
65	84	0
65	85	0
65	86	1
65	87	1
65	88	1
65	89	0
65	90	0
65	91	1
65	92	0
65	93	0
65	94	1
65	95	1
65	96	1
65	97	0
65	98	0
65	99	0
65	100	0
65	101	1
65	102	1
65	103	0
65	104	1
65	105	0
65	106	1
65	107	1
65	108	0
65	109	0
65	110	1
65	111	1
65	112	1
65	113	0
65	114	1
65	115	1
65	116	0
65	117	1
65	118	0
65	119	1
65	120	0
65	121	0
65	122	0
65	123	0
65	124	1
65	125	0
65	126	0
65	127	1
65	128	0
65	129	1
65	130	1
65	131	0
65	132	0
65	133	1
65	134	1
65	135	0
65	136	0
65	137	1
65	138	0
65	139	1
65	140	1
66	67	0
66	68	1
66	69	0
66	70	0
66	71	0
66	72	1
66	73	1
66	74	1
66	75	0
66	76	1
66	77	1
66	78	0
66	79	1
66	80	0
66	81	1
66	82	0
66	83	1
66	84	1
66	85	0
66	86	1
66	87	1
66	88	0
66	89	1
66	90	1
66	91	0
66	92	1
66	93	1
66	94	0
66	95	0
66	96	0
66	97	0
66	98	0
66	99	1
66	100	1
66	101	0
66	102	1
66	103	1
66	104	0
66	105	0
66	106	1
66	107	0
66	108	1
66	109	1
66	110	0
66	111	1
66	112	0
66	113	0
66	114	1
66	115	1
66	116	1
66	117	1
66	118	1
66	119	0
66	120	0
66	121	0
66	122	0
66	123	1
66	124	0
66	125	1
66	126	1
66	127	1
66	128	0
66	129	0
66	130	1
66	131	1
66	132	1
66	133	0
66	134	0
66	135	0
66	136	0
66	137	0
66	138	0
66	139	0
66	140	1
67	68	1
67	69	1
67	70	0
67	71	1
67	72	1
67	73	0
67	74	1
67	75	0
67	76	1
67	77	0
67	78	1
67	79	0
67	80	1
67	81	1
67	82	0
67	83	0
67	84	1
67	85	0
67	86	0
67	87	1
67	88	0
67	89	0
67	90	0
67	91	1
67	92	1
67	93	1
67	94	0
67	95	0
67	96	0
67	97	1
67	98	0
67	99	1
67	100	1
67	101	0
67	102	1
67	103	0
67	104	0
67	105	1
67	106	1
67	107	0
67	108	1
67	109	1
67	110	1
67	111	0
67	112	1
67	113	0
67	114	1
67	115	1
67	116	0
67	117	1
67	118	0
67	119	0
67	120	1
67	121	0
67	122	1
67	123	0
67	124	1
67	125	1
67	126	0
67	127	1
67	128	0
67	129	0
67	130	0
67	131	0
67	132	1
67	133	1
67	134	0
67	135	0
67	136	1
67	137	1
67	138	0
67	139	1
67	140	0
68	69	1
68	70	1
68	71	0
68	72	0
68	73	0
68	74	1
68	75	1
68	76	1
68	77	1
68	78	1
68	79	1
68	80	0
68	81	0
68	82	0
68	83	0
68	84	0
68	85	1
68	86	1
68	87	0
68	88	0
68	89	0
68	90	0
68	91	1
68	92	1
68	93	1
68	94	1
68	95	0
68	96	0
68	97	0
68	98	0
68	99	0
68	100	1
68	101	0
68	102	0
68	103	0
68	104	0
68	105	1
68	106	0
68	107	1
68	108	0
68	109	1
68	110	0
68	111	0
68	112	0
68	113	0
68	114	0
68	115	1
68	116	1
68	117	1
68	118	1
68	119	1
68	120	1
68	121	1
68	122	0
68	123	0
68	124	0
68	125	0
68	126	1
68	127	0
68	128	1
68	129	1
68	130	0
68	131	0
68	132	1
68	133	0
68	134	0
68	135	0
68	136	1
68	137	0
68	138	0
68	139	0
68	140	0
69	70	1
69	71	0
69	72	1
69	73	1
69	74	0
69	75	1
69	76	0
69	77	1
69	78	0
69	79	0
69	80	1
69	81	1
69	82	0
69	83	0
69	84	0
69	85	0
69	86	1
69	87	1
69	88	0
69	89	0
69	90	0
69	91	0
69	92	0
69	93	0
69	94	0
69	95	1
69	96	0
69	97	1
69	98	1
69	99	1
69	100	0
69	101	0
69	102	0
69	103	1
69	104	0
69	105	1
69	106	0
69	107	0
69	108	1
69	109	0
69	110	0
69	111	1
69	112	1
69	113	1
69	114	1
69	115	1
69	116	1
69	117	0
69	118	0
69	119	0
69	120	0
69	121	0
69	122	0
69	123	0
69	124	0
69	125	1
69	126	0
69	127	1
69	128	0
69	129	1
69	130	0
69	131	1
69	132	1
69	133	0
69	134	1
69	135	0
69	136	0
69	137	1
69	138	1
69	139	1
69	140	0
70	71	1
70	72	0
70	73	0
70	74	0
70	75	1
70	76	1
70	77	1
70	78	1
70	79	0
70	80	0
70	81	1
70	82	0
70	83	1
70	84	1
70	85	0
70	86	0
70	87	1
70	88	1
70	89	0
70	90	1
70	91	0
70	92	0
70	93	1
70	94	1
70	95	1
70	96	0
70	97	0
70	98	0
70	99	0
70	100	0
70	101	0
70	102	0
70	103	0
70	104	0
70	105	1
70	106	1
70	107	1
70	108	1
70	109	1
70	110	0
70	111	1
70	112	1
70	113	1
70	114	1
70	115	1
70	116	0
70	117	1
70	118	1
70	119	0
70	120	1
70	121	1
70	122	0
70	123	0
70	124	0
70	125	1
70	126	0
70	127	1
70	128	1
70	129	0
70	130	0
70	131	0
70	132	0
70	133	1
70	134	1
70	135	1
70	136	0
70	137	0
70	138	0
70	139	1
70	140	1
71	72	0
71	73	0
71	74	1
71	75	0
71	76	1
71	77	0
71	78	0
71	79	0
71	80	0
71	81	1
71	82	1
71	83	0
71	84	1
71	85	0
71	86	1
71	87	0
71	88	0
71	89	0
71	90	1
71	91	0
71	92	0
71	93	1
71	94	0
71	95	1
71	96	1
71	97	0
71	98	0
71	99	1
71	100	1
71	101	0
71	102	0
71	103	0
71	104	0
71	105	0
71	106	0
71	107	1
71	108	0
71	109	1
71	110	0
71	111	1
71	112	1
71	113	0
71	114	1
71	115	1
71	116	1
71	117	0
71	118	1
71	119	0
71	120	0
71	121	0
71	122	0
71	123	0
71	124	1
71	125	0
71	126	1
71	127	0
71	128	1
71	129	0
71	130	1
71	131	1
71	132	0
71	133	1
71	134	1
71	135	0
71	136	0
71	137	0
71	138	0
71	139	1
71	140	0
72	73	0
72	74	1
72	75	0
72	76	1
72	77	1
72	78	1
72	79	1
72	80	1
72	81	0
72	82	0
72	83	0
72	84	1
72	85	0
72	86	0
72	87	0
72	88	0
72	89	1
72	90	1
72	91	1
72	92	1
72	93	1
72	94	1
72	95	1
72	96	1
72	97	0
72	98	1
72	99	1
72	100	1
72	101	0
72	102	1
72	103	0
72	104	0
72	105	1
72	106	1
72	107	0
72	108	0
72	109	0
72	110	0
72	111	1
72	112	1
72	113	0
72	114	0
72	115	1
72	116	0
72	117	1
72	118	1
72	119	1
72	120	0
72	121	1
72	122	0
72	123	1
72	124	1
72	125	0
72	126	1
72	127	1
72	128	0
72	129	0
72	130	1
72	131	1
72	132	0
72	133	1
72	134	1
72	135	1
72	136	0
72	137	0
72	138	1
72	139	0
72	140	1
73	74	0
73	75	0
73	76	1
73	77	1
73	78	0
73	79	0
73	80	0
73	81	1
73	82	1
73	83	0
73	84	1
73	85	0
73	86	0
73	87	0
73	88	0
73	89	1
73	90	1
73	91	1
73	92	0
73	93	0
73	94	0
73	95	0
73	96	0
73	97	1
73	98	1
73	99	1
73	100	0
73	101	0
73	102	1
73	103	1
73	104	0
73	105	0
73	106	0
73	107	1
73	108	0
73	109	0
73	110	0
73	111	1
73	112	1
73	113	0
73	114	0
73	115	1
73	116	1
73	117	1
73	118	1
73	119	1
73	120	0
73	121	0
73	122	0
73	123	0
73	124	0
73	125	1
73	126	1
73	127	1
73	128	1
73	129	1
73	130	0
73	131	1
73	132	1
73	133	1
73	134	0
73	135	1
73	136	1
73	137	0
73	138	1
73	139	1
73	140	0
74	75	0
74	76	0
74	77	0
74	78	1
74	79	0
74	80	0
74	81	0
74	82	0
74	83	0
74	84	1
74	85	0
74	86	0
74	87	1
74	88	1
74	89	1
74	90	0
74	91	0
74	92	0
74	93	0
74	94	0
74	95	1
74	96	1
74	97	0
74	98	1
74	99	0
74	100	1
74	101	0
74	102	1
74	103	0
74	104	0
74	105	1
74	106	1
74	107	1
74	108	1
74	109	0
74	110	0
74	111	1
74	112	0
74	113	0
74	114	0
74	115	1
74	116	1
74	117	0
74	118	1
74	119	1
74	120	0
74	121	0
74	122	1
74	123	0
74	124	1
74	125	0
74	126	1
74	127	0
74	128	0
74	129	1
74	130	0
74	131	0
74	132	1
74	133	0
74	134	0
74	135	1
74	136	1
74	137	0
74	138	0
74	139	1
74	140	1
75	76	1
75	77	1
75	78	0
75	79	1
75	80	1
75	81	0
75	82	0
75	83	1
75	84	0
75	85	0
75	86	1
75	87	1
75	88	0
75	89	0
75	90	1
75	91	0
75	92	0
75	93	0
75	94	1
75	95	1
75	96	0
75	97	0
75	98	0
75	99	1
75	100	0
75	101	0
75	102	1
75	103	1
75	104	0
75	105	1
75	106	1
75	107	1
75	108	0
75	109	0
75	110	1
75	111	0
75	112	1
75	113	0
75	114	1
75	115	0
75	116	1
75	117	0
75	118	0
75	119	1
75	120	0
75	121	0
75	122	1
75	123	0
75	124	0
75	125	1
75	126	1
75	127	0
75	128	0
75	129	0
75	130	0
75	131	0
75	132	0
75	133	1
75	134	1
75	135	0
75	136	0
75	137	1
75	138	0
75	139	0
75	140	1
76	77	1
76	78	0
76	79	0
76	80	0
76	81	0
76	82	0
76	83	0
76	84	0
76	85	0
76	86	1
76	87	0
76	88	1
76	89	0
76	90	0
76	91	0
76	92	0
76	93	0
76	94	0
76	95	1
76	96	0
76	97	0
76	98	1
76	99	1
76	100	1
76	101	1
76	102	1
76	103	1
76	104	1
76	105	0
76	106	0
76	107	1
76	108	1
76	109	0
76	110	0
76	111	0
76	112	0
76	113	0
76	114	1
76	115	1
76	116	0
76	117	0
76	118	1
76	119	0
76	120	0
76	121	1
76	122	0
76	123	0
76	124	0
76	125	1
76	126	0
76	127	0
76	128	0
76	129	1
76	130	1
76	131	0
76	132	0
76	133	1
76	134	0
76	135	0
76	136	0
76	137	1
76	138	0
76	139	1
76	140	0
77	78	1
77	79	0
77	80	0
77	81	1
77	82	1
77	83	0
77	84	0
77	85	1
77	86	1
77	87	1
77	88	0
77	89	0
77	90	0
77	91	1
77	92	0
77	93	1
77	94	0
77	95	1
77	96	1
77	97	0
77	98	1
77	99	0
77	100	0
77	101	0
77	102	1
77	103	1
77	104	0
77	105	1
77	106	0
77	107	0
77	108	1
77	109	0
77	110	0
77	111	0
77	112	1
77	113	0
77	114	1
77	115	0
77	116	0
77	117	1
77	118	1
77	119	1
77	120	0
77	121	0
77	122	0
77	123	1
77	124	1
77	125	1
77	126	1
77	127	0
77	128	1
77	129	0
77	130	0
77	131	0
77	132	1
77	133	0
77	134	1
77	135	1
77	136	1
77	137	0
77	138	1
77	139	1
77	140	0
78	79	1
78	80	0
78	81	1
78	82	0
78	83	1
78	84	1
78	85	1
78	86	0
78	87	0
78	88	0
78	89	1
78	90	1
78	91	1
78	92	1
78	93	1
78	94	0
78	95	1
78	96	1
78	97	1
78	98	0
78	99	1
78	100	0
78	101	1
78	102	1
78	103	0
78	104	1
78	105	0
78	106	0
78	107	1
78	108	0
78	109	0
78	110	1
78	111	0
78	112	1
78	113	1
78	114	0
78	115	0
78	116	1
78	117	0
78	118	1
78	119	0
78	120	1
78	121	0
78	122	0
78	123	0
78	124	0
78	125	1
78	126	0
78	127	0
78	128	0
78	129	0
78	130	0
78	131	0
78	132	1
78	133	0
78	134	1
78	135	0
78	136	0
78	137	1
78	138	0
78	139	1
78	140	1
79	80	0
79	81	1
79	82	1
79	83	0
79	84	1
79	85	0
79	86	0
79	87	0
79	88	0
79	89	1
79	90	1
79	91	0
79	92	1
79	93	0
79	94	0
79	95	0
79	96	0
79	97	0
79	98	1
79	99	0
79	100	0
79	101	1
79	102	0
79	103	0
79	104	1
79	105	0
79	106	1
79	107	1
79	108	0
79	109	1
79	110	0
79	111	1
79	112	0
79	113	1
79	114	0
79	115	0
79	116	1
79	117	1
79	118	0
79	119	0
79	120	1
79	121	0
79	122	1
79	123	0
79	124	0
79	125	1
79	126	0
79	127	1
79	128	1
79	129	0
79	130	0
79	131	0
79	132	1
79	133	1
79	134	0
79	135	1
79	136	1
79	137	1
79	138	0
79	139	0
79	140	1
80	81	1
80	82	0
80	83	1
80	84	1
80	85	1
80	86	0
80	87	1
80	88	1
80	89	1
80	90	1
80	91	0
80	92	1
80	93	1
80	94	1
80	95	0
80	96	0
80	97	0
80	98	1
80	99	1
80	100	1
80	101	1
80	102	0
80	103	1
80	104	0
80	105	1
80	106	0
80	107	1
80	108	1
80	109	0
80	110	1
80	111	0
80	112	0
80	113	1
80	114	0
80	115	0
80	116	1
80	117	1
80	118	0
80	119	1
80	120	1
80	121	1
80	122	1
80	123	1
80	124	0
80	125	1
80	126	1
80	127	0
80	128	0
80	129	1
80	130	1
80	131	0
80	132	0
80	133	0
80	134	0
80	135	1
80	136	0
80	137	0
80	138	0
80	139	1
80	140	0
81	82	0
81	83	1
81	84	0
81	85	1
81	86	0
81	87	0
81	88	0
81	89	1
81	90	0
81	91	0
81	92	1
81	93	0
81	94	1
81	95	1
81	96	1
81	97	1
81	98	1
81	99	1
81	100	0
81	101	0
81	102	1
81	103	0
81	104	1
81	105	0
81	106	0
81	107	0
81	108	1
81	109	1
81	110	0
81	111	1
81	112	1
81	113	0
81	114	1
81	115	0
81	116	0
81	117	1
81	118	0
81	119	1
81	120	1
81	121	0
81	122	0
81	123	0
81	124	1
81	125	1
81	126	0
81	127	1
81	128	0
81	129	0
81	130	0
81	131	0
81	132	0
81	133	1
81	134	0
81	135	1
81	136	1
81	137	0
81	138	0
81	139	0
81	140	1
82	83	0
82	84	1
82	85	1
82	86	0
82	87	1
82	88	0
82	89	0
82	90	1
82	91	1
82	92	0
82	93	1
82	94	0
82	95	1
82	96	1
82	97	1
82	98	1
82	99	0
82	100	1
82	101	0
82	102	1
82	103	1
82	104	0
82	105	1
82	106	0
82	107	1
82	108	0
82	109	1
82	110	1
82	111	1
82	112	1
82	113	1
82	114	1
82	115	1
82	116	0
82	117	0
82	118	1
82	119	0
82	120	0
82	121	1
82	122	1
82	123	0
82	124	0
82	125	1
82	126	1
82	127	0
82	128	0
82	129	0
82	130	1
82	131	1
82	132	0
82	133	1
82	134	1
82	135	1
82	136	0
82	137	0
82	138	0
82	139	0
82	140	0
83	84	0
83	85	0
83	86	1
83	87	1
83	88	1
83	89	0
83	90	0
83	91	1
83	92	0
83	93	0
83	94	1
83	95	1
83	96	1
83	97	1
83	98	0
83	99	1
83	100	0
83	101	1
83	102	1
83	103	0
83	104	0
83	105	0
83	106	0
83	107	0
83	108	0
83	109	0
83	110	0
83	111	1
83	112	1
83	113	1
83	114	1
83	115	1
83	116	0
83	117	0
83	118	1
83	119	1
83	120	1
83	121	0
83	122	1
83	123	1
83	124	1
83	125	0
83	126	1
83	127	1
83	128	0
83	129	0
83	130	0
83	131	0
83	132	1
83	133	1
83	134	0
83	135	0
83	136	1
83	137	0
83	138	1
83	139	1
83	140	1
84	85	1
84	86	0
84	87	0
84	88	0
84	89	0
84	90	1
84	91	0
84	92	0
84	93	1
84	94	1
84	95	1
84	96	1
84	97	0
84	98	1
84	99	0
84	100	0
84	101	1
84	102	1
84	103	0
84	104	1
84	105	1
84	106	1
84	107	0
84	108	0
84	109	1
84	110	0
84	111	0
84	112	1
84	113	0
84	114	1
84	115	1
84	116	1
84	117	1
84	118	1
84	119	0
84	120	0
84	121	0
84	122	0
84	123	0
84	124	0
84	125	1
84	126	0
84	127	0
84	128	0
84	129	1
84	130	1
84	131	0
84	132	1
84	133	1
84	134	1
84	135	0
84	136	0
84	137	1
84	138	1
84	139	0
84	140	0
85	86	0
85	87	0
85	88	0
85	89	1
85	90	0
85	91	1
85	92	0
85	93	0
85	94	0
85	95	1
85	96	1
85	97	1
85	98	1
85	99	0
85	100	0
85	101	1
85	102	0
85	103	1
85	104	1
85	105	1
85	106	0
85	107	0
85	108	0
85	109	0
85	110	0
85	111	1
85	112	0
85	113	1
85	114	1
85	115	1
85	116	1
85	117	0
85	118	1
85	119	1
85	120	1
85	121	0
85	122	0
85	123	1
85	124	0
85	125	1
85	126	1
85	127	1
85	128	1
85	129	0
85	130	1
85	131	0
85	132	1
85	133	1
85	134	0
85	135	1
85	136	1
85	137	1
85	138	1
85	139	0
85	140	1
86	87	0
86	88	0
86	89	1
86	90	1
86	91	0
86	92	0
86	93	0
86	94	1
86	95	0
86	96	0
86	97	1
86	98	1
86	99	1
86	100	0
86	101	0
86	102	1
86	103	0
86	104	0
86	105	1
86	106	0
86	107	0
86	108	0
86	109	0
86	110	1
86	111	1
86	112	0
86	113	0
86	114	1
86	115	1
86	116	0
86	117	1
86	118	1
86	119	0
86	120	0
86	121	1
86	122	0
86	123	1
86	124	0
86	125	1
86	126	0
86	127	1
86	128	1
86	129	1
86	130	1
86	131	0
86	132	1
86	133	0
86	134	1
86	135	0
86	136	1
86	137	0
86	138	0
86	139	1
86	140	0
87	88	0
87	89	0
87	90	1
87	91	1
87	92	1
87	93	1
87	94	0
87	95	0
87	96	0
87	97	1
87	98	1
87	99	1
87	100	1
87	101	0
87	102	1
87	103	1
87	104	1
87	105	1
87	106	1
87	107	0
87	108	1
87	109	1
87	110	0
87	111	0
87	112	1
87	113	1
87	114	0
87	115	1
87	116	0
87	117	0
87	118	1
87	119	1
87	120	1
87	121	0
87	122	1
87	123	0
87	124	0
87	125	0
87	126	1
87	127	1
87	128	0
87	129	0
87	130	1
87	131	0
87	132	0
87	133	1
87	134	1
87	135	0
87	136	1
87	137	1
87	138	1
87	139	0
87	140	1
88	89	1
88	90	1
88	91	0
88	92	1
88	93	1
88	94	0
88	95	1
88	96	0
88	97	0
88	98	1
88	99	0
88	100	1
88	101	0
88	102	0
88	103	1
88	104	0
88	105	1
88	106	0
88	107	1
88	108	0
88	109	0
88	110	1
88	111	1
88	112	1
88	113	0
88	114	0
88	115	0
88	116	0
88	117	0
88	118	1
88	119	0
88	120	1
88	121	1
88	122	0
88	123	1
88	124	1
88	125	1
88	126	1
88	127	0
88	128	0
88	129	0
88	130	1
88	131	1
88	132	1
88	133	0
88	134	1
88	135	0
88	136	1
88	137	1
88	138	1
88	139	1
88	140	1
89	90	0
89	91	1
89	92	0
89	93	1
89	94	1
89	95	0
89	96	1
89	97	0
89	98	0
89	99	0
89	100	1
89	101	0
89	102	1
89	103	1
89	104	1
89	105	0
89	106	0
89	107	1
89	108	1
89	109	0
89	110	0
89	111	0
89	112	0
89	113	1
89	114	1
89	115	0
89	116	0
89	117	1
89	118	0
89	119	0
89	120	1
89	121	1
89	122	0
89	123	1
89	124	1
89	125	0
89	126	0
89	127	0
89	128	1
89	129	0
89	130	0
89	131	1
89	132	1
89	133	0
89	134	0
89	135	0
89	136	0
89	137	0
89	138	1
89	139	1
89	140	1
90	91	0
90	92	1
90	93	0
90	94	1
90	95	1
90	96	1
90	97	0
90	98	0
90	99	1
90	100	1
90	101	0
90	102	1
90	103	1
90	104	0
90	105	1
90	106	0
90	107	0
90	108	1
90	109	0
90	110	0
90	111	1
90	112	1
90	113	1
90	114	1
90	115	1
90	116	1
90	117	1
90	118	1
90	119	0
90	120	1
90	121	1
90	122	0
90	123	1
90	124	0
90	125	1
90	126	0
90	127	0
90	128	0
90	129	1
90	130	0
90	131	1
90	132	0
90	133	1
90	134	0
90	135	1
90	136	0
90	137	1
90	138	1
90	139	1
90	140	0
91	92	0
91	93	1
91	94	0
91	95	0
91	96	1
91	97	1
91	98	1
91	99	1
91	100	1
91	101	0
91	102	0
91	103	0
91	104	0
91	105	1
91	106	0
91	107	0
91	108	1
91	109	0
91	110	0
91	111	1
91	112	1
91	113	1
91	114	1
91	115	1
91	116	0
91	117	0
91	118	1
91	119	0
91	120	0
91	121	0
91	122	0
91	123	1
91	124	0
91	125	1
91	126	0
91	127	1
91	128	1
91	129	0
91	130	0
91	131	0
91	132	0
91	133	1
91	134	1
91	135	1
91	136	0
91	137	0
91	138	0
91	139	0
91	140	1
92	93	0
92	94	1
92	95	0
92	96	0
92	97	1
92	98	1
92	99	1
92	100	1
92	101	1
92	102	1
92	103	0
92	104	0
92	105	0
92	106	1
92	107	1
92	108	0
92	109	1
92	110	1
92	111	1
92	112	1
92	113	1
92	114	0
92	115	0
92	116	1
92	117	1
92	118	1
92	119	0
92	120	0
92	121	1
92	122	1
92	123	0
92	124	0
92	125	0
92	126	1
92	127	1
92	128	0
92	129	1
92	130	1
92	131	1
92	132	0
92	133	1
92	134	1
92	135	1
92	136	1
92	137	0
92	138	0
92	139	1
92	140	0
93	94	1
93	95	0
93	96	0
93	97	0
93	98	0
93	99	1
93	100	1
93	101	0
93	102	0
93	103	0
93	104	0
93	105	0
93	106	0
93	107	0
93	108	1
93	109	1
93	110	0
93	111	0
93	112	0
93	113	1
93	114	0
93	115	1
93	116	0
93	117	1
93	118	1
93	119	1
93	120	1
93	121	0
93	122	0
93	123	1
93	124	0
93	125	0
93	126	0
93	127	0
93	128	0
93	129	1
93	130	1
93	131	1
93	132	0
93	133	0
93	134	0
93	135	0
93	136	0
93	137	0
93	138	1
93	139	1
93	140	1
94	95	1
94	96	1
94	97	0
94	98	0
94	99	1
94	100	1
94	101	0
94	102	0
94	103	0
94	104	1
94	105	0
94	106	1
94	107	0
94	108	1
94	109	1
94	110	0
94	111	0
94	112	1
94	113	1
94	114	0
94	115	1
94	116	0
94	117	0
94	118	0
94	119	1
94	120	0
94	121	1
94	122	1
94	123	1
94	124	1
94	125	0
94	126	1
94	127	0
94	128	1
94	129	0
94	130	0
94	131	1
94	132	0
94	133	0
94	134	0
94	135	0
94	136	0
94	137	0
94	138	1
94	139	1
94	140	0
95	96	0
95	97	1
95	98	1
95	99	1
95	100	0
95	101	1
95	102	0
95	103	0
95	104	1
95	105	0
95	106	0
95	107	1
95	108	1
95	109	0
95	110	1
95	111	1
95	112	0
95	113	0
95	114	0
95	115	1
95	116	1
95	117	1
95	118	1
95	119	1
95	120	0
95	121	0
95	122	0
95	123	1
95	124	0
95	125	1
95	126	1
95	127	0
95	128	0
95	129	0
95	130	0
95	131	1
95	132	1
95	133	0
95	134	1
95	135	0
95	136	0
95	137	1
95	138	1
95	139	0
95	140	1
96	97	1
96	98	1
96	99	1
96	100	1
96	101	1
96	102	0
96	103	0
96	104	1
96	105	1
96	106	0
96	107	1
96	108	0
96	109	0
96	110	0
96	111	1
96	112	1
96	113	0
96	114	0
96	115	1
96	116	1
96	117	0
96	118	1
96	119	1
96	120	1
96	121	0
96	122	0
96	123	1
96	124	0
96	125	0
96	126	1
96	127	1
96	128	1
96	129	1
96	130	1
96	131	1
96	132	1
96	133	1
96	134	1
96	135	1
96	136	0
96	137	1
96	138	0
96	139	0
96	140	1
97	98	0
97	99	1
97	100	0
97	101	1
97	102	1
97	103	1
97	104	0
97	105	0
97	106	0
97	107	1
97	108	0
97	109	1
97	110	1
97	111	0
97	112	0
97	113	0
97	114	0
97	115	0
97	116	0
97	117	1
97	118	0
97	119	0
97	120	1
97	121	0
97	122	1
97	123	1
97	124	1
97	125	0
97	126	1
97	127	1
97	128	1
97	129	0
97	130	1
97	131	1
97	132	0
97	133	1
97	134	1
97	135	0
97	136	1
97	137	1
97	138	1
97	139	1
97	140	0
98	99	1
98	100	0
98	101	0
98	102	0
98	103	0
98	104	1
98	105	1
98	106	0
98	107	1
98	108	1
98	109	1
98	110	0
98	111	1
98	112	1
98	113	0
98	114	1
98	115	0
98	116	0
98	117	0
98	118	0
98	119	1
98	120	0
98	121	0
98	122	0
98	123	0
98	124	1
98	125	0
98	126	0
98	127	0
98	128	0
98	129	1
98	130	0
98	131	1
98	132	1
98	133	1
98	134	1
98	135	0
98	136	0
98	137	0
98	138	1
98	139	1
98	140	1
99	100	1
99	101	1
99	102	1
99	103	0
99	104	1
99	105	0
99	106	1
99	107	0
99	108	1
99	109	0
99	110	1
99	111	1
99	112	0
99	113	1
99	114	1
99	115	0
99	116	1
99	117	1
99	118	1
99	119	0
99	120	1
99	121	1
99	122	0
99	123	0
99	124	1
99	125	0
99	126	0
99	127	1
99	128	1
99	129	1
99	130	1
99	131	1
99	132	1
99	133	0
99	134	1
99	135	0
99	136	1
99	137	0
99	138	1
99	139	1
99	140	1
100	101	0
100	102	0
100	103	1
100	104	0
100	105	1
100	106	0
100	107	1
100	108	0
100	109	1
100	110	0
100	111	0
100	112	0
100	113	1
100	114	0
100	115	0
100	116	0
100	117	1
100	118	0
100	119	1
100	120	0
100	121	0
100	122	0
100	123	0
100	124	0
100	125	0
100	126	1
100	127	0
100	128	1
100	129	0
100	130	0
100	131	1
100	132	0
100	133	0
100	134	1
100	135	0
100	136	0
100	137	1
100	138	1
100	139	1
100	140	1
101	102	0
101	103	1
101	104	1
101	105	0
101	106	0
101	107	1
101	108	0
101	109	1
101	110	1
101	111	1
101	112	0
101	113	0
101	114	1
101	115	1
101	116	0
101	117	0
101	118	0
101	119	1
101	120	0
101	121	0
101	122	0
101	123	1
101	124	0
101	125	0
101	126	0
101	127	1
101	128	0
101	129	1
101	130	1
101	131	0
101	132	1
101	133	0
101	134	1
101	135	0
101	136	1
101	137	0
101	138	1
101	139	0
101	140	1
102	103	0
102	104	1
102	105	0
102	106	1
102	107	1
102	108	1
102	109	0
102	110	1
102	111	0
102	112	1
102	113	0
102	114	0
102	115	0
102	116	0
102	117	1
102	118	0
102	119	1
102	120	0
102	121	1
102	122	0
102	123	0
102	124	1
102	125	1
102	126	0
102	127	1
102	128	0
102	129	0
102	130	1
102	131	0
102	132	0
102	133	0
102	134	0
102	135	1
102	136	0
102	137	0
102	138	0
102	139	1
102	140	1
103	104	1
103	105	0
103	106	1
103	107	1
103	108	1
103	109	1
103	110	1
103	111	1
103	112	1
103	113	1
103	114	1
103	115	0
103	116	1
103	117	0
103	118	1
103	119	1
103	120	0
103	121	0
103	122	0
103	123	1
103	124	1
103	125	1
103	126	1
103	127	0
103	128	1
103	129	0
103	130	1
103	131	1
103	132	0
103	133	0
103	134	0
103	135	1
103	136	0
103	137	0
103	138	1
103	139	0
103	140	1
104	105	1
104	106	0
104	107	0
104	108	1
104	109	1
104	110	0
104	111	0
104	112	1
104	113	1
104	114	0
104	115	0
104	116	1
104	117	1
104	118	0
104	119	1
104	120	1
104	121	1
104	122	0
104	123	1
104	124	0
104	125	0
104	126	0
104	127	0
104	128	0
104	129	0
104	130	1
104	131	0
104	132	0
104	133	0
104	134	0
104	135	0
104	136	0
104	137	1
104	138	1
104	139	0
104	140	0
105	106	0
105	107	0
105	108	1
105	109	1
105	110	1
105	111	0
105	112	0
105	113	0
105	114	1
105	115	0
105	116	0
105	117	0
105	118	1
105	119	0
105	120	1
105	121	1
105	122	1
105	123	1
105	124	0
105	125	1
105	126	1
105	127	1
105	128	0
105	129	1
105	130	1
105	131	0
105	132	1
105	133	1
105	134	1
105	135	0
105	136	1
105	137	0
105	138	1
105	139	1
105	140	1
106	107	0
106	108	0
106	109	1
106	110	0
106	111	1
106	112	0
106	113	1
106	114	1
106	115	0
106	116	1
106	117	0
106	118	0
106	119	1
106	120	1
106	121	1
106	122	0
106	123	0
106	124	1
106	125	1
106	126	1
106	127	0
106	128	0
106	129	0
106	130	0
106	131	0
106	132	0
106	133	0
106	134	1
106	135	0
106	136	0
106	137	1
106	138	1
106	139	1
106	140	1
107	108	1
107	109	0
107	110	1
107	111	1
107	112	0
107	113	0
107	114	0
107	115	0
107	116	0
107	117	0
107	118	0
107	119	1
107	120	0
107	121	1
107	122	0
107	123	0
107	124	1
107	125	0
107	126	1
107	127	0
107	128	0
107	129	0
107	130	0
107	131	0
107	132	0
107	133	0
107	134	1
107	135	1
107	136	1
107	137	0
107	138	0
107	139	1
107	140	0
108	109	0
108	110	1
108	111	1
108	112	0
108	113	1
108	114	1
108	115	0
108	116	1
108	117	1
108	118	0
108	119	1
108	120	0
108	121	1
108	122	0
108	123	1
108	124	0
108	125	1
108	126	0
108	127	0
108	128	1
108	129	1
108	130	1
108	131	1
108	132	1
108	133	0
108	134	1
108	135	1
108	136	1
108	137	0
108	138	0
108	139	0
108	140	1
109	110	0
109	111	0
109	112	0
109	113	1
109	114	1
109	115	0
109	116	0
109	117	0
109	118	1
109	119	0
109	120	1
109	121	0
109	122	0
109	123	0
109	124	0
109	125	1
109	126	0
109	127	0
109	128	0
109	129	1
109	130	1
109	131	1
109	132	0
109	133	1
109	134	1
109	135	0
109	136	1
109	137	0
109	138	0
109	139	0
109	140	0
110	111	1
110	112	1
110	113	1
110	114	0
110	115	0
110	116	0
110	117	0
110	118	0
110	119	1
110	120	1
110	121	1
110	122	0
110	123	0
110	124	1
110	125	1
110	126	0
110	127	1
110	128	0
110	129	0
110	130	1
110	131	0
110	132	1
110	133	0
110	134	0
110	135	0
110	136	1
110	137	1
110	138	1
110	139	0
110	140	1
111	112	1
111	113	0
111	114	1
111	115	0
111	116	0
111	117	0
111	118	0
111	119	0
111	120	1
111	121	0
111	122	0
111	123	0
111	124	0
111	125	0
111	126	0
111	127	1
111	128	1
111	129	1
111	130	0
111	131	0
111	132	1
111	133	0
111	134	1
111	135	0
111	136	0
111	137	1
111	138	0
111	139	1
111	140	1
112	113	1
112	114	0
112	115	1
112	116	1
112	117	1
112	118	0
112	119	1
112	120	0
112	121	0
112	122	1
112	123	0
112	124	1
112	125	1
112	126	1
112	127	0
112	128	1
112	129	0
112	130	1
112	131	0
112	132	1
112	133	1
112	134	0
112	135	1
112	136	1
112	137	0
112	138	0
112	139	1
112	140	1
113	114	1
113	115	0
113	116	0
113	117	1
113	118	1
113	119	0
113	120	0
113	121	1
113	122	1
113	123	1
113	124	1
113	125	1
113	126	0
113	127	0
113	128	0
113	129	1
113	130	0
113	131	0
113	132	0
113	133	0
113	134	0
113	135	1
113	136	1
113	137	1
113	138	1
113	139	1
113	140	1
114	115	0
114	116	0
114	117	1
114	118	1
114	119	1
114	120	0
114	121	1
114	122	1
114	123	1
114	124	0
114	125	1
114	126	0
114	127	1
114	128	0
114	129	0
114	130	1
114	131	1
114	132	0
114	133	0
114	134	1
114	135	1
114	136	0
114	137	1
114	138	0
114	139	0
114	140	1
115	116	0
115	117	1
115	118	1
115	119	1
115	120	0
115	121	1
115	122	0
115	123	1
115	124	1
115	125	1
115	126	1
115	127	0
115	128	1
115	129	1
115	130	1
115	131	1
115	132	0
115	133	0
115	134	0
115	135	1
115	136	0
115	137	1
115	138	0
115	139	1
115	140	1
116	117	0
116	118	0
116	119	0
116	120	1
116	121	0
116	122	1
116	123	1
116	124	0
116	125	1
116	126	1
116	127	0
116	128	1
116	129	1
116	130	1
116	131	1
116	132	0
116	133	1
116	134	1
116	135	0
116	136	1
116	137	0
116	138	0
116	139	1
116	140	1
117	118	0
117	119	1
117	120	0
117	121	1
117	122	0
117	123	1
117	124	1
117	125	1
117	126	0
117	127	0
117	128	0
117	129	1
117	130	0
117	131	0
117	132	0
117	133	0
117	134	0
117	135	1
117	136	1
117	137	0
117	138	1
117	139	0
117	140	1
118	119	0
118	120	1
118	121	1
118	122	1
118	123	1
118	124	0
118	125	1
118	126	1
118	127	0
118	128	0
118	129	0
118	130	0
118	131	0
118	132	1
118	133	0
118	134	1
118	135	0
118	136	0
118	137	1
118	138	0
118	139	0
118	140	1
119	120	0
119	121	0
119	122	1
119	123	0
119	124	0
119	125	1
119	126	1
119	127	1
119	128	0
119	129	0
119	130	0
119	131	0
119	132	1
119	133	1
119	134	0
119	135	0
119	136	0
119	137	1
119	138	1
119	139	0
119	140	1
120	121	1
120	122	1
120	123	1
120	124	1
120	125	0
120	126	1
120	127	0
120	128	0
120	129	0
120	130	1
120	131	0
120	132	0
120	133	0
120	134	0
120	135	1
120	136	0
120	137	1
120	138	1
120	139	0
120	140	0
121	122	1
121	123	1
121	124	0
121	125	0
121	126	0
121	127	0
121	128	1
121	129	0
121	130	1
121	131	1
121	132	1
121	133	0
121	134	1
121	135	0
121	136	1
121	137	0
121	138	0
121	139	1
121	140	1
122	123	1
122	124	0
122	125	1
122	126	1
122	127	0
122	128	0
122	129	0
122	130	1
122	131	1
122	132	0
122	133	0
122	134	0
122	135	1
122	136	1
122	137	0
122	138	0
122	139	0
122	140	0
123	124	1
123	125	1
123	126	1
123	127	0
123	128	0
123	129	0
123	130	1
123	131	0
123	132	0
123	133	0
123	134	1
123	135	0
123	136	0
123	137	0
123	138	1
123	139	0
123	140	0
124	125	0
124	126	0
124	127	1
124	128	0
124	129	1
124	130	1
124	131	0
124	132	1
124	133	1
124	134	0
124	135	1
124	136	1
124	137	1
124	138	0
124	139	1
124	140	1
125	126	0
125	127	1
125	128	1
125	129	1
125	130	0
125	131	0
125	132	1
125	133	1
125	134	1
125	135	0
125	136	0
125	137	1
125	138	1
125	139	0
125	140	0
126	127	0
126	128	0
126	129	1
126	130	1
126	131	1
126	132	1
126	133	0
126	134	1
126	135	1
126	136	0
126	137	1
126	138	1
126	139	1
126	140	1
127	128	1
127	129	0
127	130	1
127	131	0
127	132	0
127	133	1
127	134	1
127	135	1
127	136	1
127	137	0
127	138	1
127	139	1
127	140	1
128	129	0
128	130	0
128	131	0
128	132	0
128	133	0
128	134	0
128	135	0
128	136	0
128	137	1
128	138	0
128	139	0
128	140	1
129	130	1
129	131	1
129	132	1
129	133	1
129	134	1
129	135	0
129	136	1
129	137	1
129	138	1
129	139	1
129	140	1
130	131	0
130	132	1
130	133	0
130	134	0
130	135	0
130	136	1
130	137	1
130	138	0
130	139	1
130	140	0
131	132	0
131	133	1
131	134	1
131	135	1
131	136	0
131	137	0
131	138	1
131	139	1
131	140	0
132	133	0
132	134	0
132	135	0
132	136	0
132	137	1
132	138	0
132	139	0
132	140	1
133	134	0
133	135	1
133	136	1
133	137	0
133	138	1
133	139	1
133	140	1
134	135	0
134	136	1
134	137	0
134	138	0
134	139	1
134	140	0
135	136	0
135	137	0
135	138	0
135	139	0
135	140	1
136	137	1
136	138	1
136	139	1
136	140	1
137	138	1
137	139	0
137	140	1
138	139	0
138	140	1
139	140	0
