140	9730	0
1	2	0
1	3	0
1	4	0
1	5	0
1	6	0
1	7	1
1	8	1
1	9	0
1	10	0
1	11	1
1	12	0
1	13	1
1	14	0
1	15	1
1	16	0
1	17	0
1	18	1
1	19	1
1	20	1
1	21	1
1	22	1
1	23	1
1	24	0
1	25	1
1	26	0
1	27	0
1	28	0
1	29	0
1	30	0
1	31	0
1	32	0
1	33	1
1	34	0
1	35	1
1	36	0
1	37	0
1	38	1
1	39	0
1	40	0
1	41	0
1	42	1
1	43	0
1	44	0
1	45	1
1	46	0
1	47	1
1	48	1
1	49	0
1	50	1
1	51	0
1	52	0
1	53	0
1	54	1
1	55	0
1	56	0
1	57	1
1	58	0
1	59	0
1	60	1
1	61	0
1	62	1
1	63	0
1	64	0
1	65	1
1	66	1
1	67	0
1	68	1
1	69	0
1	70	0
1	71	1
1	72	0
1	73	0
1	74	1
1	75	0
1	76	1
1	77	0
1	78	0
1	79	1
1	80	0
1	81	0
1	82	1
1	83	0
1	84	1
1	85	1
1	86	0
1	87	0
1	88	0
1	89	1
1	90	0
1	91	1
1	92	0
1	93	1
1	94	0
1	95	0
1	96	1
1	97	0
1	98	1
1	99	0
1	100	1
1	101	0
1	102	1
1	103	0
1	104	0
1	105	0
1	106	1
1	107	1
1	108	1
1	109	0
1	110	1
1	111	0
1	112	0
1	113	1
1	114	1
1	115	0
1	116	0
1	117	1
1	118	1
1	119	0
1	120	0
1	121	1
1	122	0
1	123	0
1	124	0
1	125	1
1	126	0
1	127	1
1	128	1
1	129	1
1	130	0
1	131	1
1	132	0
1	133	0
1	134	0
1	135	1
1	136	1
1	137	1
1	138	1
1	139	0
1	140	0
2	3	0
2	4	1
2	5	0
2	6	1
2	7	1
2	8	1
2	9	0
2	10	0
2	11	0
2	12	0
2	13	1
2	14	1
2	15	1
2	16	1
2	17	1
2	18	0
2	19	1
2	20	0
2	21	0
2	22	0
2	23	0
2	24	1
2	25	0
2	26	0
2	27	1
2	28	0
2	29	0
2	30	0
2	31	1
2	32	1
2	33	1
2	34	0
2	35	0
2	36	0
2	37	0
2	38	1
2	39	1
2	40	0
2	41	0
2	42	1
2	43	1
2	44	1
2	45	0
2	46	1
2	47	1
2	48	0
2	49	1
2	50	1
2	51	0
2	52	0
2	53	0
2	54	1
2	55	0
2	56	1
2	57	0
2	58	1
2	59	1
2	60	0
2	61	0
2	62	1
2	63	0
2	64	0
2	65	1
2	66	1
2	67	1
2	68	1
2	69	0
2	70	1
2	71	1
2	72	0
2	73	1
2	74	0
2	75	0
2	76	0
2	77	0
2	78	1
2	79	1
2	80	0
2	81	0
2	82	1
2	83	1
2	84	1
2	85	1
2	86	0
2	87	1
2	88	1
2	89	0
2	90	1
2	91	1
2	92	0
2	93	1
2	94	0
2	95	0
2	96	1
2	97	1
2	98	1
2	99	0
2	100	1
2	101	1
2	102	1
2	103	0
2	104	1
2	105	1
2	106	0
2	107	1
2	108	0
2	109	0
2	110	1
2	111	0
2	112	0
2	113	1
2	114	0
2	115	1
2	116	1
2	117	0
2	118	0
2	119	1
2	120	1
2	121	0
2	122	1
2	123	1
2	124	0
2	125	1
2	126	0
2	127	0
2	128	1
2	129	0
2	130	0
2	131	1
2	132	0
2	133	0
2	134	0
2	135	1
2	136	1
2	137	0
2	138	1
2	139	0
2	140	0
3	4	1
3	5	0
3	6	0
3	7	1
3	8	1
3	9	0
3	10	1
3	11	0
3	12	1
3	13	1
3	14	0
3	15	1
3	16	1
3	17	1
3	18	0
3	19	0
3	20	0
3	21	1
3	22	0
3	23	1
3	24	1
3	25	0
3	26	1
3	27	1
3	28	1
3	29	1
3	30	0
3	31	1
3	32	0
3	33	1
3	34	1
3	35	1
3	36	0
3	37	0
3	38	1
3	39	1
3	40	0
3	41	0
3	42	0
3	43	1
3	44	0
3	45	1
3	46	0
3	47	0
3	48	0
3	49	0
3	50	1
3	51	1
3	52	1
3	53	0
3	54	1
3	55	1
3	56	1
3	57	1
3	58	1
3	59	0
3	60	1
3	61	0
3	62	1
3	63	1
3	64	1
3	65	0
3	66	1
3	67	1
3	68	1
3	69	0
3	70	1
3	71	0
3	72	1
3	73	0
3	74	1
3	75	1
3	76	0
3	77	1
3	78	1
3	79	1
3	80	0
3	81	1
3	82	0
3	83	1
3	84	1
3	85	0
3	86	0
3	87	1
3	88	0
3	89	1
3	90	1
3	91	1
3	92	0
3	93	1
3	94	0
3	95	1
3	96	0
3	97	1
3	98	1
3	99	1
3	100	1
3	101	1
3	102	0
3	103	1
3	104	1
3	105	0
3	106	0
3	107	0
3	108	0
3	109	0
3	110	0
3	111	0
3	112	0
3	113	0
3	114	0
3	115	1
3	116	1
3	117	1
3	118	0
3	119	0
3	120	1
3	121	1
3	122	1
3	123	1
3	124	0
3	125	0
3	126	1
3	127	1
3	128	0
3	129	1
3	130	1
3	131	0
3	132	0
3	133	1
3	134	0
3	135	1
3	136	1
3	137	0
3	138	1
3	139	0
3	140	1
4	5	0
4	6	0
4	7	0
4	8	1
4	9	1
4	10	1
4	11	1
4	12	0
4	13	0
4	14	0
4	15	1
4	16	0
4	17	0
4	18	1
4	19	0
4	20	1
4	21	1
4	22	1
4	23	0
4	24	1
4	25	1
4	26	0
4	27	0
4	28	1
4	29	0
4	30	1
4	31	1
4	32	0
4	33	0
4	34	0
4	35	0
4	36	0
4	37	0
4	38	0
4	39	1
4	40	1
4	41	0
4	42	0
4	43	1
4	44	0
4	45	1
4	46	1
4	47	1
4	48	0
4	49	1
4	50	1
4	51	1
4	52	1
4	53	1
4	54	0
4	55	1
4	56	1
4	57	1
4	58	1
4	59	1
4	60	0
4	61	0
4	62	0
4	63	1
4	64	0
4	65	0
4	66	1
4	67	1
4	68	0
4	69	0
4	70	0
4	71	1
4	72	1
4	73	0
4	74	1
4	75	1
4	76	1
4	77	0
4	78	1
4	79	0
4	80	1
4	81	1
4	82	1
4	83	0
4	84	1
4	85	1
4	86	0
4	87	1
4	88	1
4	89	1
4	90	1
4	91	1
4	92	1
4	93	0
4	94	1
4	95	0
4	96	1
4	97	1
4	98	1
4	99	1
4	100	0
4	101	1
4	102	1
4	103	0
4	104	1
4	105	1
4	106	0
4	107	0
4	108	1
4	109	1
4	110	0
4	111	0
4	112	0
4	113	0
4	114	0
4	115	1
4	116	1
4	117	1
4	118	1
4	119	0
4	120	0
4	121	1
4	122	0
4	123	1
4	124	0
4	125	1
4	126	1
4	127	0
4	128	0
4	129	0
4	130	0
4	131	1
4	132	1
4	133	0
4	134	0
4	135	0
4	136	1
4	137	1
4	138	1
4	139	0
4	140	0
5	6	0
5	7	1
5	8	0
5	9	1
5	10	1
5	11	1
5	12	0
5	13	1
5	14	1
5	15	1
5	16	1
5	17	0
5	18	1
5	19	0
5	20	1
5	21	1
5	22	0
5	23	1
5	24	0
5	25	0
5	26	1
5	27	0
5	28	0
5	29	1
5	30	1
5	31	0
5	32	1
5	33	0
5	34	0
5	35	1
5	36	0
5	37	0
5	38	0
5	39	0
5	40	0
5	41	0
5	42	0
5	43	0
5	44	0
5	45	0
5	46	1
5	47	0
5	48	1
5	49	1
5	50	0
5	51	1
5	52	1
5	53	0
5	54	1
5	55	1
5	56	1
5	57	0
5	58	1
5	59	1
5	60	1
5	61	1
5	62	1
5	63	1
5	64	0
5	65	1
5	66	0
5	67	1
5	68	1
5	69	1
5	70	1
5	71	0
5	72	0
5	73	0
5	74	1
5	75	0
5	76	1
5	77	1
5	78	0
5	79	0
5	80	0
5	81	0
5	82	1
5	83	1
5	84	0
5	85	0
5	86	0
5	87	1
5	88	1
5	89	0
5	90	1
5	91	0
5	92	0
5	93	1
5	94	0
5	95	1
5	96	1
5	97	0
5	98	1
5	99	0
5	100	0
5	101	1
5	102	0
5	103	0
5	104	0
5	105	0
5	106	0
5	107	0
5	108	1
5	109	1
5	110	0
5	111	0
5	112	1
5	113	1
5	114	0
5	115	1
5	116	1
5	117	0
5	118	1
5	119	0
5	120	0
5	121	1
5	122	0
5	123	0
5	124	0
5	125	0
5	126	0
5	127	0
5	128	1
5	129	1
5	130	0
5	131	1
5	132	0
5	133	1
5	134	1
5	135	1
5	136	1
5	137	0
5	138	1
5	139	1
5	140	1
6	7	1
6	8	0
6	9	0
6	10	0
6	11	0
6	12	1
6	13	1
6	14	0
6	15	1
6	16	1
6	17	0
6	18	1
6	19	0
6	20	0
6	21	1
6	22	1
6	23	1
6	24	1
6	25	0
6	26	0
6	27	1
6	28	0
6	29	1
6	30	0
6	31	1
6	32	0
6	33	0
6	34	0
6	35	1
6	36	0
6	37	0
6	38	1
6	39	0
6	40	0
6	41	0
6	42	0
6	43	0
6	44	0
6	45	0
6	46	1
6	47	1
6	48	1
6	49	1
6	50	1
6	51	1
6	52	0
6	53	1
6	54	0
6	55	1
6	56	1
6	57	1
6	58	0
6	59	1
6	60	1
6	61	1
6	62	0
6	63	0
6	64	0
6	65	0
6	66	1
6	67	0
6	68	0
6	69	0
6	70	1
6	71	0
6	72	1
6	73	1
6	74	0
6	75	0
6	76	1
6	77	0
6	78	1
6	79	1
6	80	0
6	81	1
6	82	0
6	83	0
6	84	1
6	85	0
6	86	1
6	87	0
6	88	0
6	89	1
6	90	1
6	91	1
6	92	0
6	93	1
6	94	1
6	95	0
6	96	1
6	97	0
6	98	1
6	99	1
6	100	1
6	101	1
6	102	0
6	103	0
6	104	1
6	105	0
6	106	0
6	107	1
6	108	1
6	109	0
6	110	1
6	111	0
6	112	1
6	113	0
6	114	1
6	115	0
6	116	1
6	117	0
6	118	1
6	119	1
6	120	1
6	121	1
6	122	0
6	123	1
6	124	1
6	125	1
6	126	1
6	127	0
6	128	1
6	129	1
6	130	1
6	131	0
6	132	0
6	133	0
6	134	0
6	135	0
6	136	1
6	137	0
6	138	1
6	139	0
6	140	0
7	8	1
7	9	1
7	10	1
7	11	0
7	12	1
7	13	0
7	14	0
7	15	1
7	16	0
7	17	0
7	18	0
7	19	0
7	20	0
7	21	0
7	22	0
7	23	0
7	24	1
7	25	1
7	26	1
7	27	1
7	28	0
7	29	1
7	30	0
7	31	0
7	32	0
7	33	1
7	34	1
7	35	1
7	36	1
7	37	1
7	38	0
7	39	1
7	40	1
7	41	1
7	42	0
7	43	1
7	44	0
7	45	0
7	46	0
7	47	1
7	48	0
7	49	1
7	50	0
7	51	0
7	52	1
7	53	1
7	54	0
7	55	1
7	56	0
7	57	0
7	58	1
7	59	1
7	60	0
7	61	0
7	62	1
7	63	0
7	64	0
7	65	1
7	66	0
7	67	1
7	68	1
7	69	1
7	70	0
7	71	1
7	72	0
7	73	0
7	74	0
7	75	0
7	76	1
7	77	1
7	78	1
7	79	1
7	80	1
7	81	0
7	82	1
7	83	0
7	84	0
7	85	0
7	86	1
7	87	0
7	88	0
7	89	0
7	90	1
7	91	0
7	92	1
7	93	0
7	94	0
7	95	0
7	96	1
7	97	1
7	98	1
7	99	1
7	100	0
7	101	1
7	102	0
7	103	0
7	104	1
7	105	1
7	106	1
7	107	0
7	108	0
7	109	1
7	110	0
7	111	1
7	112	1
7	113	1
7	114	1
7	115	0
7	116	0
7	117	1
7	118	1
7	119	0
7	120	1
7	121	0
7	122	0
7	123	0
7	124	1
7	125	0
7	126	0
7	127	0
7	128	0
7	129	1
7	130	1
7	131	0
7	132	1
7	133	1
7	134	0
7	135	0
7	136	0
7	137	0
7	138	0
7	139	1
7	140	1
8	9	0
8	10	0
8	11	0
8	12	1
8	13	0
8	14	1
8	15	1
8	16	1
8	17	1
8	18	0
8	19	1
8	20	1
8	21	1
8	22	0
8	23	0
8	24	0
8	25	0
8	26	1
8	27	0
8	28	0
8	29	0
8	30	0
8	31	1
8	32	0
8	33	0
8	34	1
8	35	0
8	36	0
8	37	0
8	38	1
8	39	0
8	40	0
8	41	0
8	42	1
8	43	0
8	44	0
8	45	1
8	46	1
8	47	1
8	48	1
8	49	1
8	50	0
8	51	1
8	52	1
8	53	0
8	54	0
8	55	1
8	56	1
8	57	0
8	58	0
8	59	0
8	60	0
8	61	0
8	62	1
8	63	1
8	64	1
8	65	0
8	66	1
8	67	0
8	68	0
8	69	0
8	70	0
8	71	0
8	72	0
8	73	0
8	74	1
8	75	0
8	76	0
8	77	0
8	78	1
8	79	1
8	80	0
8	81	1
8	82	1
8	83	0
8	84	1
8	85	0
8	86	1
8	87	0
8	88	1
8	89	1
8	90	1
8	91	0
8	92	1
8	93	1
8	94	1
8	95	0
8	96	1
8	97	0
8	98	1
8	99	1
8	100	1
8	101	0
8	102	1
8	103	0
8	104	1
8	105	1
8	106	0
8	107	0
8	108	0
8	109	0
8	110	0
8	111	0
8	112	1
8	113	1
8	114	0
8	115	0
8	116	0
8	117	1
8	118	1
8	119	0
8	120	0
8	121	0
8	122	0
8	123	0
8	124	0
8	125	1
8	126	0
8	127	1
8	128	0
8	129	0
8	130	0
8	131	1
8	132	1
8	133	0
8	134	0
8	135	0
8	136	1
8	137	1
8	138	0
8	139	1
8	140	1
9	10	1
9	11	1
9	12	0
9	13	1
9	14	1
9	15	1
9	16	1
9	17	0
9	18	1
9	19	1
9	20	1
9	21	1
9	22	0
9	23	1
9	24	0
9	25	1
9	26	1
9	27	1
9	28	1
9	29	0
9	30	1
9	31	0
9	32	0
9	33	0
9	34	1
9	35	1
9	36	0
9	37	0
9	38	1
9	39	0
9	40	0
9	41	1
9	42	0
9	43	1
9	44	0
9	45	1
9	46	0
9	47	1
9	48	1
9	49	0
9	50	1
9	51	0
9	52	1
9	53	1
9	54	0
9	55	0
9	56	1
9	57	0
9	58	1
9	59	1
9	60	1
9	61	1
9	62	0
9	63	1
9	64	1
9	65	0
9	66	0
9	67	1
9	68	1
9	69	1
9	70	1
9	71	0
9	72	0
9	73	1
9	74	1
9	75	1
9	76	1
9	77	1
9	78	1
9	79	1
9	80	0
9	81	1
9	82	0
9	83	0
9	84	0
9	85	0
9	86	1
9	87	0
9	88	1
9	89	0
9	90	1
9	91	1
9	92	1
9	93	0
9	94	0
9	95	1
9	96	1
9	97	1
9	98	1
9	99	0
9	100	1
9	101	0
9	102	1
9	103	0
9	104	1
9	105	1
9	106	0
9	107	0
9	108	1
9	109	1
9	110	1
9	111	1
9	112	1
9	113	1
9	114	0
9	115	0
9	116	1
9	117	1
9	118	0
9	119	0
9	120	1
9	121	0
9	122	1
9	123	0
9	124	0
9	125	1
9	126	1
9	127	1
9	128	1
9	129	1
9	130	1
9	131	1
9	132	1
9	133	0
9	134	1
9	135	0
9	136	0
9	137	0
9	138	1
9	139	0
9	140	1
10	11	0
10	12	1
10	13	1
10	14	0
10	15	0
10	16	1
10	17	0
10	18	1
10	19	1
10	20	0
10	21	0
10	22	0
10	23	0
10	24	0
10	25	1
10	26	1
10	27	1
10	28	0
10	29	1
10	30	1
10	31	1
10	32	1
10	33	0
10	34	1
10	35	0
10	36	1
10	37	0
10	38	0
10	39	0
10	40	0
10	41	0
10	42	0
10	43	0
10	44	0
10	45	0
10	46	0
10	47	1
10	48	1
10	49	0
10	50	0
10	51	1
10	52	0
10	53	1
10	54	0
10	55	1
10	56	0
10	57	0
10	58	0
10	59	0
10	60	0
10	61	1
10	62	0
10	63	0
10	64	0
10	65	1
10	66	0
10	67	0
10	68	1
10	69	1
10	70	1
10	71	0
10	72	1
10	73	0
10	74	0
10	75	0
10	76	1
10	77	0
10	78	1
10	79	0
10	80	1
10	81	0
10	82	1
10	83	1
10	84	0
10	85	0
10	86	0
10	87	0
10	88	1
10	89	0
10	90	1
10	91	0
10	92	1
10	93	1
10	94	0
10	95	0
10	96	0
10	97	1
10	98	1
10	99	1
10	100	0
10	101	1
10	102	1
10	103	0
10	104	0
10	105	1
10	106	1
10	107	1
10	108	1
10	109	0
10	110	0
10	111	1
10	112	0
10	113	0
10	114	1
10	115	1
10	116	0
10	117	1
10	118	0
10	119	1
10	120	0
10	121	1
10	122	0
10	123	1
10	124	1
10	125	1
10	126	0
10	127	1
10	128	1
10	129	1
10	130	1
10	131	0
10	132	1
10	133	0
10	134	1
10	135	0
10	136	0
10	137	0
10	138	0
10	139	0
10	140	1
11	12	0
11	13	0
11	14	0
11	15	1
11	16	0
11	17	1
11	18	1
11	19	0
11	20	0
11	21	0
11	22	1
11	23	1
11	24	0
11	25	1
11	26	0
11	27	1
11	28	0
11	29	1
11	30	0
11	31	1
11	32	0
11	33	0
11	34	1
11	35	1
11	36	0
11	37	1
11	38	1
11	39	0
11	40	0
11	41	0
11	42	1
11	43	1
11	44	1
11	45	0
11	46	1
11	47	1
11	48	1
11	49	1
11	50	0
11	51	0
11	52	0
11	53	1
11	54	1
11	55	1
11	56	1
11	57	1
11	58	1
11	59	0
11	60	1
11	61	0
11	62	1
11	63	1
11	64	0
11	65	0
11	66	1
11	67	0
11	68	1
11	69	1
11	70	1
11	71	1
11	72	0
11	73	0
11	74	0
11	75	0
11	76	0
11	77	1
11	78	1
11	79	1
11	80	0
11	81	0
11	82	0
11	83	0
11	84	0
11	85	0
11	86	0
11	87	0
11	88	0
11	89	1
11	90	1
11	91	1
11	92	1
11	93	0
11	94	0
11	95	1
11	96	0
11	97	1
11	98	1
11	99	1
11	100	1
11	101	1
11	102	0
11	103	0
11	104	1
11	105	1
11	106	1
11	107	1
11	108	1
11	109	0
11	110	1
11	111	0
11	112	1
11	113	1
11	114	0
11	115	0
11	116	1
11	117	1
11	118	1
11	119	0
11	120	1
11	121	0
11	122	0
11	123	1
11	124	1
11	125	1
11	126	0
11	127	0
11	128	0
11	129	1
11	130	0
11	131	0
11	132	1
11	133	0
11	134	1
11	135	1
11	136	0
11	137	0
11	138	0
11	139	1
11	140	1
12	13	0
12	14	0
12	15	1
12	16	1
12	17	0
12	18	1
12	19	1
12	20	0
12	21	1
12	22	0
12	23	0
12	24	0
12	25	0
12	26	0
12	27	1
12	28	1
12	29	1
12	30	0
12	31	0
12	32	1
12	33	1
12	34	0
12	35	1
12	36	0
12	37	0
12	38	0
12	39	1
12	40	1
12	41	0
12	42	1
12	43	1
12	44	1
12	45	0
12	46	1
12	47	0
12	48	0
12	49	1
12	50	0
12	51	1
12	52	1
12	53	0
12	54	1
12	55	0
12	56	0
12	57	1
12	58	0
12	59	0
12	60	0
12	61	0
12	62	1
12	63	1
12	64	0
12	65	0
12	66	0
12	67	1
12	68	1
12	69	0
12	70	1
12	71	1
12	72	0
12	73	0
12	74	0
12	75	0
12	76	0
12	77	0
12	78	0
12	79	0
12	80	1
12	81	1
12	82	0
12	83	1
12	84	1
12	85	1
12	86	1
12	87	1
12	88	1
12	89	1
12	90	1
12	91	1
12	92	0
12	93	1
12	94	1
12	95	0
12	96	0
12	97	0
12	98	0
12	99	0
12	100	1
12	101	0
12	102	1
12	103	0
12	104	0
12	105	1
12	106	0
12	107	1
12	108	1
12	109	0
12	110	1
12	111	1
12	112	1
12	113	1
12	114	0
12	115	1
12	116	1
12	117	1
12	118	1
12	119	1
12	120	1
12	121	1
12	122	1
12	123	0
12	124	1
12	125	1
12	126	0
12	127	1
12	128	0
12	129	0
12	130	1
12	131	1
12	132	0
12	133	1
12	134	1
12	135	0
12	136	0
12	137	0
12	138	0
12	139	0
12	140	1
13	14	0
13	15	1
13	16	0
13	17	1
13	18	0
13	19	0
13	20	0
13	21	1
13	22	0
13	23	1
13	24	0
13	25	1
13	26	1
13	27	1
13	28	0
13	29	0
13	30	0
13	31	1
13	32	0
13	33	1
13	34	1
13	35	0
13	36	1
13	37	1
13	38	0
13	39	1
13	40	0
13	41	1
13	42	1
13	43	0
13	44	0
13	45	1
13	46	0
13	47	0
13	48	0
13	49	0
13	50	0
13	51	0
13	52	0
13	53	0
13	54	1
13	55	1
13	56	0
13	57	0
13	58	1
13	59	1
13	60	1
13	61	0
13	62	0
13	63	1
13	64	1
13	65	0
13	66	1
13	67	1
13	68	1
13	69	0
13	70	0
13	71	0
13	72	1
13	73	1
13	74	0
13	75	1
13	76	0
13	77	1
13	78	0
13	79	0
13	80	0
13	81	1
13	82	0
13	83	1
13	84	0
13	85	1
13	86	1
13	87	0
13	88	1
13	89	0
13	90	0
13	91	1
13	92	0
13	93	1
13	94	0
13	95	0
13	96	1
13	97	1
13	98	0
13	99	0
13	100	0
13	101	1
13	102	1
13	103	1
13	104	0
13	105	0
13	106	1
13	107	1
13	108	0
13	109	0
13	110	1
13	111	0
13	112	0
13	113	1
13	114	1
13	115	0
13	116	1
13	117	0
13	118	1
13	119	0
13	120	0
13	121	0
13	122	0
13	123	1
13	124	1
13	125	1
13	126	0
13	127	1
13	128	1
13	129	1
13	130	1
13	131	1
13	132	0
13	133	1
13	134	1
13	135	0
13	136	1
13	137	1
13	138	0
13	139	0
13	140	1
14	15	0
14	16	0
14	17	1
14	18	0
14	19	0
14	20	0
14	21	1
14	22	0
14	23	0
14	24	0
14	25	0
14	26	1
14	27	0
14	28	0
14	29	1
14	30	1
14	31	1
14	32	1
14	33	1
14	34	0
14	35	0
14	36	1
14	37	1
14	38	1
14	39	0
14	40	0
14	41	1
14	42	1
14	43	1
14	44	0
14	45	0
14	46	0
14	47	0
14	48	0
14	49	0
14	50	1
14	51	1
14	52	1
14	53	1
14	54	0
14	55	0
14	56	1
14	57	0
14	58	1
14	59	0
14	60	1
14	61	1
14	62	1
14	63	0
14	64	1
14	65	0
14	66	0
14	67	0
14	68	1
14	69	0
14	70	0
14	71	1
14	72	1
14	73	0
14	74	1
14	75	0
14	76	0
14	77	0
14	78	0
14	79	1
14	80	0
14	81	0
14	82	0
14	83	0
14	84	1
14	85	1
14	86	1
14	87	1
14	88	0
14	89	0
14	90	1
14	91	0
14	92	0
14	93	0
14	94	1
14	95	0
14	96	1
14	97	0
14	98	0
14	99	1
14	100	0
14	101	1
14	102	1
14	103	0
14	104	1
14	105	1
14	106	0
14	107	1
14	108	1
14	109	1
14	110	1
14	111	0
14	112	0
14	113	1
14	114	0
14	115	1
14	116	1
14	117	1
14	118	0
14	119	1
14	120	0
14	121	1
14	122	0
14	123	1
14	124	0
14	125	1
14	126	1
14	127	1
14	128	1
14	129	0
14	130	0
14	131	1
14	132	0
14	133	1
14	134	0
14	135	1
14	136	0
14	137	0
14	138	0
14	139	1
14	140	1
15	16	0
15	17	0
15	18	1
15	19	1
15	20	0
15	21	1
15	22	1
15	23	1
15	24	1
15	25	1
15	26	0
15	27	0
15	28	0
15	29	1
15	30	1
15	31	1
15	32	1
15	33	0
15	34	1
15	35	1
15	36	1
15	37	1
15	38	0
15	39	0
15	40	0
15	41	1
15	42	0
15	43	0
15	44	1
15	45	1
15	46	0
15	47	0
15	48	0
15	49	0
15	50	0
15	51	1
15	52	1
15	53	0
15	54	0
15	55	1
15	56	0
15	57	0
15	58	1
15	59	1
15	60	1
15	61	0
15	62	1
15	63	1
15	64	1
15	65	0
15	66	1
15	67	0
15	68	1
15	69	1
15	70	0
15	71	1
15	72	0
15	73	0
15	74	1
15	75	1
15	76	1
15	77	1
15	78	1
15	79	0
15	80	1
15	81	0
15	82	1
15	83	1
15	84	1
15	85	0
15	86	1
15	87	1
15	88	0
15	89	0
15	90	0
15	91	0
15	92	0
15	93	1
15	94	1
15	95	1
15	96	1
15	97	1
15	98	1
15	99	1
15	100	1
15	101	0
15	102	0
15	103	0
15	104	0
15	105	1
15	106	0
15	107	0
15	108	1
15	109	0
15	110	0
15	111	1
15	112	1
15	113	1
15	114	1
15	115	1
15	116	0
15	117	1
15	118	0
15	119	0
15	120	0
15	121	0
15	122	0
15	123	0
15	124	0
15	125	1
15	126	1
15	127	1
15	128	1
15	129	0
15	130	1
15	131	0
15	132	0
15	133	1
15	134	0
15	135	0
15	136	0
15	137	1
15	138	0
15	139	0
15	140	1
16	17	1
16	18	0
16	19	0
16	20	0
16	21	0
16	22	0
16	23	0
16	24	1
16	25	1
16	26	1
16	27	0
16	28	0
16	29	1
16	30	1
16	31	1
16	32	1
16	33	1
16	34	1
16	35	0
16	36	0
16	37	0
16	38	0
16	39	1
16	40	1
16	41	0
16	42	0
16	43	0
16	44	1
16	45	0
16	46	1
16	47	0
16	48	0
16	49	1
16	50	1
16	51	0
16	52	0
16	53	1
16	54	0
16	55	1
16	56	1
16	57	1
16	58	1
16	59	0
16	60	0
16	61	1
16	62	0
16	63	1
16	64	0
16	65	0
16	66	0
16	67	0
16	68	1
16	69	1
16	70	0
16	71	1
16	72	1
16	73	0
16	74	0
16	75	1
16	76	1
16	77	1
16	78	1
16	79	0
16	80	0
16	81	1
16	82	1
16	83	0
16	84	0
16	85	1
16	86	1
16	87	1
16	88	1
16	89	1
16	90	0
16	91	0
16	92	1
16	93	0
16	94	1
16	95	0
16	96	0
16	97	0
16	98	1
16	99	1
16	100	1
16	101	0
16	102	1
16	103	1
16	104	0
16	105	1
16	106	0
16	107	0
16	108	1
16	109	0
16	110	1
16	111	1
16	112	1
16	113	1
16	114	0
16	115	1
16	116	1
16	117	1
16	118	1
16	119	1
16	120	0
16	121	1
16	122	1
16	123	1
16	124	1
16	125	1
16	126	1
16	127	1
16	128	0
16	129	1
16	130	1
16	131	0
16	132	0
16	133	0
16	134	1
16	135	0
16	136	1
16	137	0
16	138	1
16	139	0
16	140	1
17	18	1
17	19	0
17	20	0
17	21	1
17	22	1
17	23	1
17	24	0
17	25	1
17	26	0
17	27	1
17	28	0
17	29	1
17	30	1
17	31	1
17	32	1
17	33	1
17	34	0
17	35	1
17	36	0
17	37	1
17	38	1
17	39	0
17	40	0
17	41	1
17	42	1
17	43	1
17	44	0
17	45	0
17	46	1
17	47	0
17	48	0
17	49	1
17	50	1
17	51	0
17	52	1
17	53	0
17	54	1
17	55	0
17	56	0
17	57	1
17	58	1
17	59	1
17	60	1
17	61	1
17	62	0
17	63	1
17	64	1
17	65	1
17	66	1
17	67	0
17	68	1
17	69	0
17	70	1
17	71	0
17	72	1
17	73	0
17	74	1
17	75	0
17	76	1
17	77	1
17	78	0
17	79	0
17	80	1
17	81	0
17	82	0
17	83	0
17	84	1
17	85	1
17	86	1
17	87	0
17	88	1
17	89	0
17	90	0
17	91	0
17	92	1
17	93	0
17	94	0
17	95	1
17	96	0
17	97	0
17	98	1
17	99	1
17	100	1
17	101	1
17	102	1
17	103	1
17	104	1
17	105	0
17	106	1
17	107	1
17	108	1
17	109	0
17	110	0
17	111	0
17	112	0
17	113	0
17	114	1
17	115	1
17	116	0
17	117	1
17	118	1
17	119	0
17	120	1
17	121	1
17	122	1
17	123	0
17	124	1
17	125	1
17	126	1
17	127	1
17	128	1
17	129	0
17	130	0
17	131	0
17	132	0
17	133	0
17	134	0
17	135	1
17	136	0
17	137	0
17	138	0
17	139	1
17	140	1
18	19	0
18	20	1
18	21	1
18	22	0
18	23	1
18	24	0
18	25	0
18	26	1
18	27	1
18	28	1
18	29	0
18	30	1
18	31	1
18	32	1
18	33	1
18	34	0
18	35	0
18	36	0
18	37	0
18	38	0
18	39	0
18	40	1
18	41	0
18	42	0
18	43	1
18	44	0
18	45	0
18	46	0
18	47	1
18	48	1
18	49	0
18	50	0
18	51	1
18	52	1
18	53	1
18	54	1
18	55	1
18	56	0
18	57	1
18	58	1
18	59	1
18	60	1
18	61	0
18	62	0
18	63	0
18	64	1
18	65	1
18	66	1
18	67	0
18	68	1
18	69	0
18	70	0
18	71	1
18	72	0
18	73	0
18	74	0
18	75	1
18	76	0
18	77	0
18	78	1
18	79	0
18	80	1
18	81	0
18	82	0
18	83	0
18	84	1
18	85	1
18	86	0
18	87	1
18	88	0
18	89	1
18	90	1
18	91	0
18	92	0
18	93	0
18	94	0
18	95	1
18	96	0
18	97	1
18	98	0
18	99	0
18	100	1
18	101	1
18	102	0
18	103	1
18	104	1
18	105	1
18	106	0
18	107	0
18	108	1
18	109	0
18	110	1
18	111	0
18	112	0
18	113	1
18	114	0
18	115	0
18	116	1
18	117	0
18	118	1
18	119	1
18	120	0
18	121	1
18	122	1
18	123	1
18	124	0
18	125	1
18	126	0
18	127	0
18	128	1
18	129	0
18	130	0
18	131	1
18	132	1
18	133	1
18	134	1
18	135	0
18	136	0
18	137	1
18	138	0
18	139	1
18	140	1
19	20	0
19	21	1
19	22	0
19	23	1
19	24	0
19	25	0
19	26	0
19	27	0
19	28	1
19	29	1
19	30	1
19	31	1
19	32	0
19	33	0
19	34	1
19	35	0
19	36	1
19	37	0
19	38	1
19	39	1
19	40	0
19	41	1
19	42	0
19	43	0
19	44	0
19	45	0
19	46	0
19	47	0
19	48	0
19	49	0
19	50	1
19	51	1
19	52	1
19	53	1
19	54	0
19	55	0
19	56	0
19	57	0
19	58	1
19	59	0
19	60	0
19	61	0
19	62	1
19	63	1
19	64	1
19	65	0
19	66	0
19	67	1
19	68	0
19	69	0
19	70	1
19	71	0
19	72	1
19	73	0
19	74	0
19	75	0
19	76	0
19	77	1
19	78	1
19	79	0
19	80	0
19	81	1
19	82	1
19	83	0
19	84	1
19	85	0
19	86	0
19	87	0
19	88	0
19	89	1
19	90	0
19	91	1
19	92	1
19	93	0
19	94	0
19	95	0
19	96	1
19	97	1
19	98	1
19	99	1
19	100	0
19	101	1
19	102	1
19	103	1
19	104	0
19	105	1
19	106	1
19	107	0
19	108	1
19	109	0
19	110	0
19	111	1
19	112	1
19	113	1
19	114	0
19	115	1
19	116	0
19	117	1
19	118	0
19	119	0
19	120	1
19	121	1
19	122	0
19	123	1
19	124	0
19	125	0
19	126	1
19	127	0
19	128	0
19	129	1
19	130	0
19	131	1
19	132	1
19	133	0
19	134	1
19	135	1
19	136	0
19	137	0
19	138	0
19	139	1
19	140	1
20	21	1
20	22	0
20	23	1
20	24	0
20	25	0
20	26	0
20	27	0
20	28	0
20	29	0
20	30	1
20	31	1
20	32	0
20	33	1
20	34	0
20	35	1
20	36	0
20	37	1
20	38	0
20	39	0
20	40	0
20	41	1
20	42	1
20	43	1
20	44	0
20	45	1
20	46	0
20	47	1
20	48	1
20	49	0
20	50	1
20	51	1
20	52	1
20	53	0
20	54	0
20	55	0
20	56	1
20	57	0
20	58	1
20	59	0
20	60	1
20	61	0
20	62	0
20	63	1
20	64	0
20	65	1
20	66	0
20	67	0
20	68	0
20	69	0
20	70	0
20	71	1
20	72	0
20	73	1
20	74	1
20	75	1
20	76	1
20	77	0
20	78	0
20	79	0
20	80	0
20	81	1
20	82	0
20	83	0
20	84	0
20	85	1
20	86	1
20	87	0
20	88	1
20	89	1
20	90	0
20	91	1
20	92	0
20	93	0
20	94	1
20	95	1
20	96	0
20	97	1
20	98	1
20	99	0
20	100	0
20	101	0
20	102	0
20	103	1
20	104	0
20	105	1
20	106	1
20	107	1
20	108	1
20	109	1
20	110	0
20	111	1
20	112	1
20	113	1
20	114	1
20	115	0
20	116	0
20	117	1
20	118	1
20	119	1
20	120	1
20	121	0
20	122	1
20	123	0
20	124	0
20	125	1
20	126	1
20	127	0
20	128	1
20	129	0
20	130	1
20	131	1
20	132	1
20	133	0
20	134	1
20	135	0
20	136	0
20	137	1
20	138	0
20	139	1
20	140	0
21	22	1
21	23	0
21	24	0
21	25	1
21	26	1
21	27	0
21	28	1
21	29	1
21	30	1
21	31	1
21	32	1
21	33	1
21	34	0
21	35	1
21	36	1
21	37	0
21	38	0
21	39	1
21	40	1
21	41	0
21	42	0
21	43	1
21	44	0
21	45	1
21	46	0
21	47	1
21	48	1
21	49	0
21	50	1
21	51	1
21	52	1
21	53	1
21	54	0
21	55	1
21	56	1
21	57	0
21	58	1
21	59	0
21	60	1
21	61	0
21	62	0
21	63	1
21	64	1
21	65	0
21	66	0
21	67	0
21	68	1
21	69	0
21	70	0
21	71	0
21	72	0
21	73	1
21	74	0
21	75	0
21	76	0
21	77	1
21	78	1
21	79	1
21	80	1
21	81	0
21	82	0
21	83	0
21	84	0
21	85	1
21	86	1
21	87	1
21	88	1
21	89	1
21	90	0
21	91	1
21	92	0
21	93	1
21	94	1
21	95	0
21	96	1
21	97	1
21	98	0
21	99	0
21	100	0
21	101	0
21	102	1
21	103	1
21	104	1
21	105	1
21	106	1
21	107	0
21	108	0
21	109	0
21	110	0
21	111	1
21	112	1
21	113	0
21	114	1
21	115	1
21	116	1
21	117	1
21	118	1
21	119	0
21	120	0
21	121	0
21	122	0
21	123	1
21	124	1
21	125	0
21	126	1
21	127	1
21	128	1
21	129	0
21	130	1
21	131	1
21	132	0
21	133	0
21	134	1
21	135	0
21	136	0
21	137	1
21	138	0
21	139	1
21	140	0
22	23	1
22	24	0
22	25	1
22	26	1
22	27	1
22	28	0
22	29	0
22	30	1
22	31	1
22	32	0
22	33	1
22	34	1
22	35	1
22	36	1
22	37	0
22	38	1
22	39	0
22	40	0
22	41	1
22	42	0
22	43	0
22	44	1
22	45	1
22	46	0
22	47	0
22	48	1
22	49	1
22	50	0
22	51	0
22	52	1
22	53	1
22	54	1
22	55	0
22	56	1
22	57	0
22	58	0
22	59	1
22	60	1
22	61	0
22	62	1
22	63	0
22	64	0
22	65	0
22	66	1
22	67	1
22	68	0
22	69	0
22	70	1
22	71	0
22	72	0
22	73	1
22	74	0
22	75	0
22	76	1
22	77	1
22	78	1
22	79	0
22	80	0
22	81	0
22	82	0
22	83	0
22	84	1
22	85	1
22	86	1
22	87	1
22	88	1
22	89	0
22	90	1
22	91	1
22	92	0
22	93	1
22	94	1
22	95	1
22	96	1
22	97	0
22	98	0
22	99	0
22	100	1
22	101	0
22	102	0
22	103	0
22	104	0
22	105	1
22	106	0
22	107	1
22	108	1
22	109	0
22	110	1
22	111	1
22	112	1
22	113	0
22	114	1
22	115	1
22	116	0
22	117	1
22	118	0
22	119	0
22	120	0
22	121	1
22	122	0
22	123	0
22	124	1
22	125	1
22	126	0
22	127	1
22	128	0
22	129	1
22	130	0
22	131	0
22	132	1
22	133	1
22	134	1
22	135	1
22	136	1
22	137	0
22	138	0
22	139	0
22	140	1
23	24	1
23	25	1
23	26	0
23	27	1
23	28	0
23	29	1
23	30	0
23	31	0
23	32	0
23	33	1
23	34	0
23	35	1
23	36	1
23	37	1
23	38	1
23	39	1
23	40	0
23	41	0
23	42	1
23	43	0
23	44	1
23	45	1
23	46	1
23	47	0
23	48	0
23	49	0
23	50	0
23	51	1
23	52	0
23	53	1
23	54	0
23	55	0
23	56	1
23	57	1
23	58	1
23	59	1
23	60	1
23	61	0
23	62	0
23	63	0
23	64	1
23	65	0
23	66	1
23	67	0
23	68	1
23	69	1
23	70	0
23	71	0
23	72	1
23	73	1
23	74	0
23	75	0
23	76	0
23	77	0
23	78	1
23	79	0
23	80	0
23	81	0
23	82	0
23	83	1
23	84	1
23	85	1
23	86	0
23	87	0
23	88	1
23	89	0
23	90	1
23	91	0
23	92	0
23	93	0
23	94	1
23	95	0
23	96	0
23	97	1
23	98	0
23	99	0
23	100	0
23	101	1
23	102	1
23	103	1
23	104	1
23	105	0
23	106	1
23	107	0
23	108	1
23	109	0
23	110	1
23	111	1
23	112	1
23	113	1
23	114	1
23	115	0
23	116	1
23	117	1
23	118	0
23	119	1
23	120	0
23	121	1
23	122	0
23	123	0
23	124	1
23	125	0
23	126	0
23	127	1
23	128	1
23	129	0
23	130	1
23	131	1
23	132	0
23	133	0
23	134	0
23	135	1
23	136	1
23	137	1
23	138	0
23	139	1
23	140	0
24	25	0
24	26	0
24	27	0
24	28	1
24	29	1
24	30	0
24	31	0
24	32	0
24	33	1
24	34	1
24	35	1
24	36	1
24	37	0
24	38	0
24	39	1
24	40	1
24	41	0
24	42	0
24	43	1
24	44	1
24	45	1
24	46	1
24	47	0
24	48	0
24	49	1
24	50	0
24	51	1
24	52	1
24	53	1
24	54	0
24	55	1
24	56	1
24	57	0
24	58	0
24	59	0
24	60	1
24	61	0
24	62	1
24	63	0
24	64	0
24	65	0
24	66	1
24	67	0
24	68	1
24	69	0
24	70	0
24	71	1
24	72	1
24	73	0
24	74	1
24	75	0
24	76	0
24	77	1
24	78	1
24	79	0
24	80	1
24	81	1
24	82	0
24	83	1
24	84	1
24	85	1
24	86	1
24	87	1
24	88	0
24	89	1
24	90	0
24	91	0
24	92	0
24	93	1
24	94	1
24	95	1
24	96	1
24	97	1
24	98	0
24	99	0
24	100	1
24	101	1
24	102	0
24	103	1
24	104	0
24	105	0
24	106	1
24	107	0
24	108	1
24	109	1
24	110	0
24	111	0
24	112	0
24	113	1
24	114	1
24	115	1
24	116	0
24	117	1
24	118	1
24	119	0
24	120	1
24	121	1
24	122	0
24	123	0
24	124	0
24	125	1
24	126	1
24	127	0
24	128	1
24	129	1
24	130	0
24	131	0
24	132	1
24	133	0
24	134	1
24	135	0
24	136	0
24	137	1
24	138	0
24	139	0
24	140	0
25	26	0
25	27	0
25	28	1
25	29	0
25	30	1
25	31	1
25	32	1
25	33	0
25	34	1
25	35	1
25	36	1
25	37	1
25	38	0
25	39	0
25	40	1
25	41	1
25	42	0
25	43	0
25	44	0
25	45	1
25	46	0
25	47	0
25	48	1
25	49	1
25	50	0
25	51	1
25	52	1
25	53	0
25	54	1
25	55	0
25	56	0
25	57	1
25	58	1
25	59	1
25	60	0
25	61	1
25	62	0
25	63	0
25	64	1
25	65	1
25	66	1
25	67	1
25	68	0
25	69	1
25	70	1
25	71	1
25	72	0
25	73	1
25	74	0
25	75	1
25	76	1
25	77	0
25	78	0
25	79	1
25	80	0
25	81	1
25	82	0
25	83	1
25	84	0
25	85	0
25	86	0
25	87	0
25	88	0
25	89	0
25	90	1
25	91	0
25	92	0
25	93	1
25	94	1
25	95	1
25	96	0
25	97	1
25	98	0
25	99	0
25	100	1
25	101	1
25	102	0
25	103	0
25	104	1
25	105	0
25	106	1
25	107	1
25	108	1
25	109	1
25	110	1
25	111	0
25	112	0
25	113	0
25	114	0
25	115	1
25	116	1
25	117	1
25	118	0
25	119	1
25	120	0
25	121	1
25	122	0
25	123	0
25	124	0
25	125	0
25	126	1
25	127	0
25	128	0
25	129	0
25	130	0
25	131	1
25	132	0
25	133	1
25	134	0
25	135	1
25	136	1
25	137	1
25	138	1
25	139	0
25	140	1
26	27	1
26	28	1
26	29	1
26	30	1
26	31	0
26	32	0
26	33	1
26	34	0
26	35	1
26	36	0
26	37	1
26	38	1
26	39	1
26	40	1
26	41	1
26	42	1
26	43	1
26	44	1
26	45	1
26	46	0
26	47	1
26	48	1
26	49	1
26	50	1
26	51	0
26	52	1
26	53	0
26	54	1
26	55	0
26	56	1
26	57	0
26	58	0
26	59	0
26	60	1
26	61	0
26	62	0
26	63	0
26	64	1
26	65	1
26	66	1
26	67	0
26	68	0
26	69	1
26	70	0
26	71	1
26	72	1
26	73	1
26	74	1
26	75	0
26	76	0
26	77	1
26	78	0
26	79	1
26	80	1
26	81	0
26	82	0
26	83	1
26	84	1
26	85	1
26	86	0
26	87	0
26	88	1
26	89	0
26	90	0
26	91	0
26	92	0
26	93	0
26	94	1
26	95	0
26	96	0
26	97	0
26	98	1
26	99	0
26	100	1
26	101	0
26	102	0
26	103	1
26	104	1
26	105	1
26	106	1
26	107	1
26	108	1
26	109	1
26	110	0
26	111	1
26	112	0
26	113	0
26	114	0
26	115	1
26	116	0
26	117	0
26	118	1
26	119	1
26	120	1
26	121	0
26	122	1
26	123	1
26	124	0
26	125	1
26	126	0
26	127	0
26	128	1
26	129	1
26	130	0
26	131	1
26	132	0
26	133	1
26	134	0
26	135	0
26	136	0
26	137	0
26	138	1
26	139	1
26	140	0
27	28	1
27	29	0
27	30	1
27	31	1
27	32	0
27	33	0
27	34	1
27	35	0
27	36	1
27	37	0
27	38	1
27	39	0
27	40	1
27	41	1
27	42	1
27	43	1
27	44	1
27	45	1
27	46	0
27	47	0
27	48	0
27	49	0
27	50	0
27	51	0
27	52	0
27	53	0
27	54	1
27	55	1
27	56	1
27	57	0
27	58	1
27	59	0
27	60	1
27	61	1
27	62	1
27	63	0
27	64	0
27	65	1
27	66	1
27	67	1
27	68	1
27	69	1
27	70	1
27	71	0
27	72	0
27	73	1
27	74	0
27	75	0
27	76	0
27	77	1
27	78	1
27	79	1
27	80	0
27	81	1
27	82	1
27	83	1
27	84	1
27	85	1
27	86	0
27	87	1
27	88	1
27	89	0
27	90	0
27	91	0
27	92	0
27	93	1
27	94	0
27	95	0
27	96	0
27	97	1
27	98	1
27	99	0
27	100	0
27	101	0
27	102	0
27	103	0
27	104	1
27	105	0
27	106	0
27	107	0
27	108	0
27	109	1
27	110	1
27	111	0
27	112	1
27	113	1
27	114	0
27	115	0
27	116	1
27	117	1
27	118	1
27	119	1
27	120	1
27	121	1
27	122	1
27	123	1
27	124	1
27	125	0
27	126	0
27	127	0
27	128	0
27	129	1
27	130	0
27	131	0
27	132	1
27	133	0
27	134	0
27	135	1
27	136	0
27	137	0
27	138	1
27	139	0
27	140	0
28	29	1
28	30	0
28	31	0
28	32	1
28	33	1
28	34	1
28	35	0
28	36	1
28	37	1
28	38	0
28	39	1
28	40	0
28	41	1
28	42	1
28	43	0
28	44	1
28	45	1
28	46	1
28	47	1
28	48	1
28	49	0
28	50	1
28	51	0
28	52	0
28	53	0
28	54	0
28	55	0
28	56	1
28	57	1
28	58	0
28	59	1
28	60	0
28	61	1
28	62	0
28	63	1
28	64	0
28	65	1
28	66	1
28	67	0
28	68	0
28	69	1
28	70	0
28	71	0
28	72	1
28	73	0
28	74	1
28	75	0
28	76	0
28	77	1
28	78	1
28	79	0
28	80	0
28	81	1
28	82	0
28	83	0
28	84	0
28	85	1
28	86	1
28	87	0
28	88	0
28	89	0
28	90	1
28	91	1
28	92	0
28	93	1
28	94	1
28	95	1
28	96	1
28	97	1
28	98	0
28	99	1
28	100	1
28	101	1
28	102	0
28	103	1
28	104	1
28	105	0
28	106	1
28	107	0
28	108	1
28	109	0
28	110	0
28	111	1
28	112	0
28	113	0
28	114	0
28	115	1
28	116	1
28	117	0
28	118	0
28	119	1
28	120	0
28	121	1
28	122	1
28	123	1
28	124	0
28	125	1
28	126	0
28	127	0
28	128	1
28	129	1
28	130	0
28	131	1
28	132	1
28	133	1
28	134	1
28	135	1
28	136	0
28	137	1
28	138	0
28	139	1
28	140	1
29	30	1
29	31	1
29	32	1
29	33	0
29	34	0
29	35	1
29	36	1
29	37	0
29	38	1
29	39	1
29	40	0
29	41	0
29	42	1
29	43	0
29	44	0
29	45	1
29	46	0
29	47	0
29	48	1
29	49	0
29	50	0
29	51	0
29	52	0
29	53	0
29	54	1
29	55	1
29	56	1
29	57	0
29	58	1
29	59	1
29	60	1
29	61	0
29	62	0
29	63	0
29	64	0
29	65	0
29	66	0
29	67	1
29	68	1
29	69	1
29	70	1
29	71	1
29	72	0
29	73	0
29	74	0
29	75	1
29	76	0
29	77	1
29	78	1
29	79	1
29	80	0
29	81	0
29	82	0
29	83	0
29	84	1
29	85	1
29	86	1
29	87	1
29	88	0
29	89	1
29	90	1
29	91	1
29	92	0
29	93	0
29	94	0
29	95	0
29	96	0
29	97	1
29	98	0
29	99	1
29	100	1
29	101	0
29	102	0
29	103	1
29	104	0
29	105	1
29	106	1
29	107	0
29	108	0
29	109	1
29	110	1
29	111	0
29	112	0
29	113	1
29	114	1
29	115	0
29	116	0
29	117	1
29	118	0
29	119	1
29	120	0
29	121	0
29	122	0
29	123	0
29	124	1
29	125	1
29	126	0
29	127	0
29	128	0
29	129	1
29	130	0
29	131	0
29	132	0
29	133	1
29	134	0
29	135	1
29	136	0
29	137	0
29	138	0
29	139	0
29	140	0
30	31	0
30	32	1
30	33	1
30	34	1
30	35	1
30	36	1
30	37	0
30	38	0
30	39	0
30	40	0
30	41	0
30	42	0
30	43	1
30	44	0
30	45	0
30	46	0
30	47	1
30	48	1
30	49	0
30	50	0
30	51	0
30	52	0
30	53	1
30	54	1
30	55	0
30	56	1
30	57	1
30	58	0
30	59	0
30	60	1
30	61	0
30	62	1
30	63	1
30	64	1
30	65	1
30	66	1
30	67	1
30	68	1
30	69	0
30	70	0
30	71	1
30	72	1
30	73	1
30	74	0
30	75	1
30	76	1
30	77	0
30	78	1
30	79	0
30	80	1
30	81	0
30	82	0
30	83	0
30	84	1
30	85	0
30	86	1
30	87	0
30	88	1
30	89	0
30	90	1
30	91	1
30	92	0
30	93	0
30	94	1
30	95	0
30	96	0
30	97	0
30	98	0
30	99	1
30	100	0
30	101	1
30	102	0
30	103	1
30	104	1
30	105	0
30	106	0
30	107	0
30	108	0
30	109	0
30	110	1
30	111	0
30	112	1
30	113	1
30	114	0
30	115	0
30	116	0
30	117	1
30	118	1
30	119	1
30	120	0
30	121	1
30	122	1
30	123	1
30	124	0
30	125	0
30	126	0
30	127	1
30	128	1
30	129	1
30	130	0
30	131	0
30	132	0
30	133	0
30	134	0
30	135	0
30	136	1
30	137	0
30	138	0
30	139	0
30	140	0
31	32	0
31	33	0
31	34	0
31	35	1
31	36	1
31	37	0
31	38	1
31	39	1
31	40	1
31	41	0
31	42	1
31	43	1
31	44	0
31	45	1
31	46	0
31	47	1
31	48	0
31	49	1
31	50	0
31	51	1
31	52	0
31	53	0
31	54	0
31	55	0
31	56	0
31	57	0
31	58	1
31	59	0
31	60	0
31	61	0
31	62	1
31	63	1
31	64	1
31	65	0
31	66	1
31	67	1
31	68	0
31	69	0
31	70	1
31	71	1
31	72	1
31	73	0
31	74	0
31	75	0
31	76	0
31	77	0
31	78	0
31	79	1
31	80	1
31	81	1
31	82	0
31	83	0
31	84	0
31	85	1
31	86	1
31	87	0
31	88	0
31	89	1
31	90	1
31	91	1
31	92	0
31	93	1
31	94	0
31	95	1
31	96	0
31	97	0
31	98	1
31	99	0
31	100	1
31	101	0
31	102	0
31	103	1
31	104	0
31	105	0
31	106	0
31	107	0
31	108	0
31	109	1
31	110	1
31	111	0
31	112	1
31	113	1
31	114	1
31	115	1
31	116	1
31	117	0
31	118	1
31	119	1
31	120	1
31	121	1
31	122	1
31	123	0
31	124	1
31	125	0
31	126	0
31	127	0
31	128	1
31	129	1
31	130	0
31	131	1
31	132	0
31	133	1
31	134	0
31	135	1
31	136	0
31	137	0
31	138	0
31	139	1
31	140	1
32	33	0
32	34	0
32	35	1
32	36	1
32	37	1
32	38	1
32	39	1
32	40	1
32	41	1
32	42	0
32	43	1
32	44	1
32	45	0
32	46	1
32	47	1
32	48	0
32	49	1
32	50	1
32	51	0
32	52	1
32	53	1
32	54	0
32	55	1
32	56	0
32	57	1
32	58	1
32	59	1
32	60	1
32	61	0
32	62	0
32	63	1
32	64	0
32	65	1
32	66	1
32	67	0
32	68	0
32	69	1
32	70	0
32	71	1
32	72	1
32	73	1
32	74	1
32	75	1
32	76	1
32	77	0
32	78	1
32	79	0
32	80	0
32	81	0
32	82	0
32	83	1
32	84	0
32	85	1
32	86	1
32	87	0
32	88	0
32	89	1
32	90	1
32	91	1
32	92	1
32	93	1
32	94	1
32	95	1
32	96	0
32	97	0
32	98	0
32	99	0
32	100	1
32	101	0
32	102	1
32	103	0
32	104	0
32	105	0
32	106	1
32	107	0
32	108	1
32	109	0
32	110	0
32	111	0
32	112	0
32	113	1
32	114	0
32	115	0
32	116	0
32	117	0
32	118	1
32	119	0
32	120	0
32	121	1
32	122	1
32	123	0
32	124	0
32	125	0
32	126	1
32	127	0
32	128	0
32	129	0
32	130	1
32	131	1
32	132	1
32	133	1
32	134	1
32	135	0
32	136	1
32	137	0
32	138	1
32	139	0
32	140	1
33	34	0
33	35	1
33	36	1
33	37	1
33	38	0
33	39	0
33	40	0
33	41	1
33	42	1
33	43	0
33	44	0
33	45	1
33	46	0
33	47	1
33	48	1
33	49	0
33	50	1
33	51	0
33	52	1
33	53	0
33	54	1
33	55	0
33	56	0
33	57	0
33	58	0
33	59	0
33	60	0
33	61	0
33	62	0
33	63	1
33	64	1
33	65	0
33	66	1
33	67	1
33	68	0
33	69	1
33	70	0
33	71	1
33	72	1
33	73	1
33	74	1
33	75	1
33	76	0
33	77	1
33	78	0
33	79	0
33	80	0
33	81	0
33	82	1
33	83	1
33	84	0
33	85	1
33	86	0
33	87	1
33	88	0
33	89	0
33	90	1
33	91	1
33	92	1
33	93	0
33	94	1
33	95	1
33	96	0
33	97	0
33	98	0
33	99	1
33	100	0
33	101	0
33	102	0
33	103	0
33	104	1
33	105	0
33	106	1
33	107	1
33	108	0
33	109	0
33	110	1
33	111	0
33	112	1
33	113	0
33	114	1
33	115	0
33	116	0
33	117	1
33	118	1
33	119	0
33	120	1
33	121	1
33	122	1
33	123	0
33	124	0
33	125	1
33	126	1
33	127	1
33	128	0
33	129	0
33	130	1
33	131	0
33	132	1
33	133	1
33	134	1
33	135	1
33	136	0
33	137	1
33	138	1
33	139	0
33	140	0
34	35	0
34	36	1
34	37	1
34	38	0
34	39	1
34	40	1
34	41	1
34	42	0
34	43	0
34	44	1
34	45	0
34	46	1
34	47	0
34	48	1
34	49	0
34	50	0
34	51	1
34	52	0
34	53	0
34	54	1
34	55	1
34	56	0
34	57	1
34	58	1
34	59	1
34	60	1
34	61	1
34	62	0
34	63	0
34	64	1
34	65	0
34	66	1
34	67	1
34	68	0
34	69	1
34	70	1
34	71	0
34	72	1
34	73	1
34	74	1
34	75	1
34	76	1
34	77	1
34	78	1
34	79	1
34	80	0
34	81	1
34	82	0
34	83	1
34	84	0
34	85	1
34	86	1
34	87	0
34	88	0
34	89	1
34	90	1
34	91	0
34	92	0
34	93	1
34	94	0
34	95	1
34	96	0
34	97	0
34	98	1
34	99	1
34	100	1
34	101	0
34	102	1
34	103	1
34	104	1
34	105	0
34	106	0
34	107	1
34	108	1
34	109	1
34	110	1
34	111	1
34	112	1
34	113	1
34	114	1
34	115	0
34	116	1
34	117	0
34	118	0
34	119	1
34	120	1
34	121	0
34	122	0
34	123	1
34	124	1
34	125	0
34	126	1
34	127	0
34	128	0
34	129	0
34	130	0
34	131	1
34	132	0
34	133	0
34	134	0
34	135	0
34	136	0
34	137	1
34	138	0
34	139	0
34	140	0
35	36	1
35	37	1
35	38	0
35	39	1
35	40	1
35	41	1
35	42	1
35	43	1
35	44	0
35	45	1
35	46	0
35	47	1
35	48	0
35	49	1
35	50	0
35	51	0
35	52	1
35	53	0
35	54	0
35	55	0
35	56	1
35	57	0
35	58	0
35	59	1
35	60	1
35	61	1
35	62	1
35	63	0
35	64	0
35	65	0
35	66	1
35	67	1
35	68	1
35	69	0
35	70	1
35	71	1
35	72	1
35	73	1
35	74	0
35	75	1
35	76	1
35	77	1
35	78	0
35	79	0
35	80	0
35	81	1
35	82	0
35	83	1
35	84	1
35	85	1
35	86	1
35	87	0
35	88	0
35	89	1
35	90	0
35	91	0
35	92	0
35	93	0
35	94	0
35	95	0
35	96	1
35	97	1
35	98	0
35	99	1
35	100	1
35	101	0
35	102	1
35	103	1
35	104	0
35	105	0
35	106	0
35	107	0
35	108	1
35	109	0
35	110	1
35	111	0
35	112	0
35	113	0
35	114	0
35	115	0
35	116	0
35	117	0
35	118	1
35	119	1
35	120	1
35	121	0
35	122	1
35	123	1
35	124	1
35	125	1
35	126	1
35	127	0
35	128	0
35	129	0
35	130	1
35	131	0
35	132	0
35	133	1
35	134	0
35	135	1
35	136	1
35	137	1
35	138	0
35	139	0
35	140	0
36	37	1
36	38	0
36	39	1
36	40	1
36	41	1
36	42	0
36	43	1
36	44	1
36	45	1
36	46	0
36	47	0
36	48	0
36	49	1
36	50	1
36	51	0
36	52	1
36	53	1
36	54	1
36	55	1
36	56	1
36	57	1
36	58	1
36	59	0
36	60	1
36	61	1
36	62	0
36	63	0
36	64	0
36	65	0
36	66	0
36	67	1
36	68	1
36	69	0
36	70	1
36	71	0
36	72	0
36	73	0
36	74	1
36	75	1
36	76	0
36	77	1
36	78	0
36	79	0
36	80	1
36	81	0
36	82	1
36	83	0
36	84	1
36	85	0
36	86	1
36	87	1
36	88	1
36	89	1
36	90	1
36	91	0
36	92	0
36	93	0
36	94	1
36	95	1
36	96	1
36	97	0
36	98	0
36	99	0
36	100	0
36	101	0
36	102	0
36	103	0
36	104	0
36	105	1
36	106	0
36	107	0
36	108	1
36	109	0
36	110	1
36	111	0
36	112	0
36	113	1
36	114	1
36	115	1
36	116	1
36	117	0
36	118	0
36	119	1
36	120	0
36	121	1
36	122	0
36	123	1
36	124	1
36	125	0
36	126	1
36	127	1
36	128	1
36	129	0
36	130	0
36	131	1
36	132	0
36	133	1
36	134	0
36	135	1
36	136	0
36	137	1
36	138	1
36	139	1
36	140	1
37	38	1
37	39	0
37	40	1
37	41	0
37	42	1
37	43	1
37	44	0
37	45	0
37	46	0
37	47	0
37	48	1
37	49	0
37	50	0
37	51	0
37	52	0
37	53	1
37	54	0
37	55	0
37	56	0
37	57	1
37	58	1
37	59	0
37	60	1
37	61	1
37	62	1
37	63	1
37	64	1
37	65	0
37	66	0
37	67	0
37	68	0
37	69	0
37	70	0
37	71	0
37	72	1
37	73	1
37	74	0
37	75	1
37	76	1
37	77	1
37	78	0
37	79	1
37	80	1
37	81	0
37	82	0
37	83	0
37	84	1
37	85	1
37	86	1
37	87	1
37	88	0
37	89	1
37	90	1
37	91	0
37	92	1
37	93	1
37	94	1
37	95	1
37	96	1
37	97	1
37	98	1
37	99	1
37	100	1
37	101	1
37	102	1
37	103	1
37	104	0
37	105	1
37	106	0
37	107	1
37	108	0
37	109	0
37	110	0
37	111	0
37	112	1
37	113	1
37	114	1
37	115	0
37	116	1
37	117	0
37	118	0
37	119	1
37	120	0
37	121	0
37	122	0
37	123	0
37	124	1
37	125	1
37	126	1
37	127	0
37	128	1
37	129	1
37	130	0
37	131	0
37	132	1
37	133	0
37	134	0
37	135	0
37	136	1
37	137	0
37	138	0
37	139	1
37	140	0
38	39	0
38	40	0
38	41	1
38	42	1
38	43	1
38	44	0
38	45	1
38	46	1
38	47	1
38	48	0
38	49	1
38	50	0
38	51	1
38	52	0
38	53	0
38	54	1
38	55	1
38	56	1
38	57	1
38	58	0
38	59	1
38	60	1
38	61	0
38	62	1
38	63	1
38	64	1
38	65	0
38	66	0
38	67	0
38	68	1
38	69	1
38	70	1
38	71	1
38	72	1
38	73	1
38	74	1
38	75	0
38	76	0
38	77	0
38	78	1
38	79	0
38	80	1
38	81	0
38	82	1
38	83	1
38	84	1
38	85	1
38	86	1
38	87	1
38	88	0
38	89	0
38	90	1
38	91	0
38	92	1
38	93	0
38	94	1
38	95	0
38	96	0
38	97	0
38	98	1
38	99	0
38	100	0
38	101	0
38	102	0
38	103	1
38	104	1
38	105	0
38	106	0
38	107	0
38	108	1
38	109	1
38	110	0
38	111	0
38	112	0
38	113	0
38	114	1
38	115	1
38	116	0
38	117	0
38	118	0
38	119	0
38	120	0
38	121	0
38	122	1
38	123	0
38	124	0
38	125	0
38	126	1
38	127	1
38	128	1
38	129	0
38	130	0
38	131	1
38	132	0
38	133	1
38	134	1
38	135	0
38	136	0
38	137	0
38	138	1
38	139	1
38	140	0
39	40	0
39	41	0
39	42	1
39	43	1
39	44	1
39	45	1
39	46	1
39	47	0
39	48	0
39	49	0
39	50	0
39	51	1
39	52	1
39	53	1
39	54	0
39	55	0
39	56	1
39	57	0
39	58	1
39	59	0
39	60	1
39	61	1
39	62	1
39	63	1
39	64	1
39	65	1
39	66	0
39	67	1
39	68	0
39	69	1
39	70	1
39	71	1
39	72	0
39	73	0
39	74	0
39	75	0
39	76	1
39	77	0
39	78	1
39	79	0
39	80	0
39	81	0
39	82	1
39	83	0
39	84	1
39	85	1
39	86	1
39	87	1
39	88	0
39	89	0
39	90	0
39	91	1
39	92	1
39	93	0
39	94	1
39	95	1
39	96	0
39	97	0
39	98	1
39	99	1
39	100	0
39	101	0
39	102	1
39	103	0
39	104	1
39	105	0
39	106	0
39	107	1
39	108	1
39	109	0
39	110	0
39	111	1
39	112	1
39	113	1
39	114	0
39	115	0
39	116	1
39	117	0
39	118	1
39	119	1
39	120	1
39	121	0
39	122	0
39	123	1
39	124	0
39	125	1
39	126	1
39	127	0
39	128	1
39	129	0
39	130	0
39	131	0
39	132	1
39	133	0
39	134	0
39	135	1
39	136	0
39	137	1
39	138	0
39	139	0
39	140	1
40	41	0
40	42	1
40	43	1
40	44	1
40	45	0
40	46	1
40	47	1
40	48	1
40	49	0
40	50	0
40	51	1
40	52	1
40	53	0
40	54	0
40	55	1
40	56	0
40	57	1
40	58	0
40	59	0
40	60	1
40	61	1
40	62	0
40	63	0
40	64	1
40	65	1
40	66	0
40	67	0
40	68	0
40	69	1
40	70	1
40	71	1
40	72	0
40	73	1
40	74	0
40	75	1
40	76	1
40	77	1
40	78	0
40	79	0
40	80	1
40	81	1
40	82	1
40	83	1
40	84	1
40	85	1
40	86	0
40	87	1
40	88	0
40	89	0
40	90	1
40	91	1
40	92	0
40	93	1
40	94	0
40	95	1
40	96	0
40	97	1
40	98	0
40	99	0
40	100	1
40	101	0
40	102	1
40	103	0
40	104	0
40	105	0
40	106	1
40	107	1
40	108	0
40	109	0
40	110	1
40	111	1
40	112	0
40	113	1
40	114	1
40	115	1
40	116	1
40	117	0
40	118	1
40	119	1
40	120	0
40	121	1
40	122	1
40	123	0
40	124	1
40	125	0
40	126	1
40	127	1
40	128	0
40	129	0
40	130	1
40	131	1
40	132	0
40	133	1
40	134	1
40	135	1
40	136	0
40	137	0
40	138	1
40	139	1
40	140	1
41	42	1
41	43	0
41	44	0
41	45	0
41	46	0
41	47	0
41	48	0
41	49	0
41	50	1
41	51	0
41	52	1
41	53	0
41	54	0
41	55	1
41	56	1
41	57	0
41	58	1
41	59	0
41	60	0
41	61	1
41	62	1
41	63	0
41	64	0
41	65	1
41	66	1
41	67	0
41	68	0
41	69	0
41	70	1
41	71	1
41	72	1
41	73	1
41	74	0
41	75	1
41	76	0
41	77	1
41	78	0
41	79	0
41	80	1
41	81	1
41	82	0
41	83	0
41	84	0
41	85	0
41	86	0
41	87	1
41	88	1
41	89	1
41	90	0
41	91	0
41	92	0
41	93	0
41	94	1
41	95	0
41	96	1
41	97	0
41	98	0
41	99	1
41	100	0
41	101	1
41	102	0
41	103	1
41	104	1
41	105	0
41	106	0
41	107	0
41	108	1
41	109	1
41	110	1
41	111	1
41	112	0
41	113	0
41	114	0
41	115	0
41	116	1
41	117	0
41	118	1
41	119	0
41	120	0
41	121	1
41	122	0
41	123	0
41	124	0
41	125	0
41	126	0
41	127	0
41	128	1
41	129	1
41	130	1
41	131	1
41	132	1
41	133	0
41	134	0
41	135	0
41	136	0
41	137	1
41	138	1
41	139	1
41	140	0
42	43	1
42	44	1
42	45	1
42	46	0
42	47	0
42	48	0
42	49	1
42	50	0
42	51	1
42	52	0
42	53	0
42	54	1
42	55	0
42	56	1
42	57	0
42	58	0
42	59	1
42	60	0
42	61	1
42	62	0
42	63	0
42	64	1
42	65	1
42	66	1
42	67	1
42	68	1
42	69	1
42	70	0
42	71	0
42	72	1
42	73	0
42	74	1
42	75	0
42	76	0
42	77	1
42	78	1
42	79	1
42	80	1
42	81	1
42	82	1
42	83	0
42	84	0
42	85	1
42	86	1
42	87	0
42	88	0
42	89	0
42	90	0
42	91	0
42	92	1
42	93	1
42	94	1
42	95	0
42	96	1
42	97	1
42	98	1
42	99	1
42	100	0
42	101	1
42	102	0
42	103	0
42	104	0
42	105	1
42	106	1
42	107	0
42	108	1
42	109	0
42	110	0
42	111	0
42	112	0
42	113	0
42	114	0
42	115	0
42	116	1
42	117	1
42	118	1
42	119	0
42	120	1
42	121	0
42	122	1
42	123	1
42	124	0
42	125	1
42	126	0
42	127	0
42	128	0
42	129	0
42	130	0
42	131	1
42	132	0
42	133	0
42	134	1
42	135	0
42	136	0
42	137	0
42	138	0
42	139	0
42	140	0
43	44	0
43	45	1
43	46	0
43	47	0
43	48	0
43	49	0
43	50	0
43	51	1
43	52	1
43	53	0
43	54	0
43	55	1
43	56	1
43	57	1
43	58	0
43	59	1
43	60	1
43	61	0
43	62	1
43	63	0
43	64	0
43	65	0
43	66	0
43	67	1
43	68	1
43	69	0
43	70	1
43	71	1
43	72	0
43	73	1
43	74	0
43	75	0
43	76	0
43	77	0
43	78	0
43	79	1
43	80	1
43	81	0
43	82	0
43	83	0
43	84	1
43	85	1
43	86	0
43	87	1
43	88	1
43	89	0
43	90	0
43	91	1
43	92	1
43	93	1
43	94	0
43	95	0
43	96	1
43	97	0
43	98	0
43	99	1
43	100	0
43	101	0
43	102	1
43	103	1
43	104	1
43	105	0
43	106	0
43	107	0
43	108	1
43	109	1
43	110	0
43	111	1
43	112	0
43	113	0
43	114	1
43	115	0
43	116	0
43	117	1
43	118	1
43	119	0
43	120	0
43	121	0
43	122	0
43	123	0
43	124	1
43	125	1
43	126	0
43	127	1
43	128	0
43	129	1
43	130	1
43	131	0
43	132	1
43	133	1
43	134	0
43	135	1
43	136	0
43	137	0
43	138	1
43	139	0
43	140	1
44	45	1
44	46	1
44	47	0
44	48	1
44	49	0
44	50	0
44	51	0
44	52	1
44	53	0
44	54	0
44	55	0
44	56	0
44	57	0
44	58	1
44	59	1
44	60	0
44	61	0
44	62	1
44	63	1
44	64	1
44	65	1
44	66	0
44	67	1
44	68	0
44	69	1
44	70	0
44	71	1
44	72	1
44	73	0
44	74	0
44	75	1
44	76	0
44	77	0
44	78	0
44	79	0
44	80	1
44	81	1
44	82	0
44	83	1
44	84	1
44	85	1
44	86	1
44	87	1
44	88	0
44	89	0
44	90	0
44	91	0
44	92	0
44	93	0
44	94	1
44	95	0
44	96	1
44	97	0
44	98	1
44	99	1
44	100	0
44	101	1
44	102	1
44	103	0
44	104	1
44	105	0
44	106	0
44	107	1
44	108	0
44	109	0
44	110	1
44	111	0
44	112	0
44	113	0
44	114	0
44	115	1
44	116	0
44	117	0
44	118	1
44	119	0
44	120	0
44	121	0
44	122	1
44	123	0
44	124	0
44	125	0
44	126	1
44	127	0
44	128	0
44	129	1
44	130	0
44	131	1
44	132	0
44	133	0
44	134	0
44	135	1
44	136	1
44	137	1
44	138	0
44	139	1
44	140	0
45	46	1
45	47	1
45	48	0
45	49	1
45	50	1
45	51	0
45	52	0
45	53	1
45	54	1
45	55	0
45	56	0
45	57	1
45	58	0
45	59	1
45	60	1
45	61	1
45	62	1
45	63	1
45	64	0
45	65	1
45	66	0
45	67	0
45	68	0
45	69	0
45	70	0
45	71	1
45	72	1
45	73	0
45	74	1
45	75	1
45	76	1
45	77	1
45	78	1
45	79	1
45	80	1
45	81	0
45	82	0
45	83	0
45	84	1
45	85	0
45	86	1
45	87	1
45	88	0
45	89	0
45	90	0
45	91	1
45	92	1
45	93	1
45	94	1
45	95	1
45	96	0
45	97	1
45	98	1
45	99	1
45	100	1
45	101	1
45	102	0
45	103	1
45	104	0
45	105	1
45	106	1
45	107	0
45	108	1
45	109	1
45	110	1
45	111	1
45	112	1
45	113	0
45	114	1
45	115	1
45	116	0
45	117	0
45	118	1
45	119	0
45	120	1
45	121	0
45	122	0
45	123	0
45	124	1
45	125	0
45	126	0
45	127	1
45	128	1
45	129	1
45	130	1
45	131	0
45	132	0
45	133	1
45	134	0
45	135	0
45	136	1
45	137	1
45	138	0
45	139	1
45	140	1
46	47	1
46	48	1
46	49	0
46	50	0
46	51	1
46	52	0
46	53	1
46	54	1
46	55	1
46	56	0
46	57	1
46	58	1
46	59	0
46	60	1
46	61	1
46	62	0
46	63	0
46	64	1
46	65	0
46	66	0
46	67	1
46	68	1
46	69	0
46	70	0
46	71	0
46	72	1
46	73	1
46	74	0
46	75	0
46	76	0
46	77	0
46	78	0
46	79	1
46	80	1
46	81	1
46	82	0
46	83	1
46	84	1
46	85	0
46	86	0
46	87	0
46	88	1
46	89	0
46	90	0
46	91	1
46	92	1
46	93	1
46	94	1
46	95	0
46	96	1
46	97	1
46	98	1
46	99	0
46	100	1
46	101	0
46	102	1
46	103	1
46	104	1
46	105	1
46	106	0
46	107	1
46	108	1
46	109	0
46	110	1
46	111	1
46	112	1
46	113	1
46	114	1
46	115	0
46	116	0
46	117	1
46	118	1
46	119	1
46	120	1
46	121	1
46	122	1
46	123	1
46	124	0
46	125	1
46	126	1
46	127	1
46	128	1
46	129	0
46	130	1
46	131	1
46	132	0
46	133	1
46	134	1
46	135	1
46	136	0
46	137	1
46	138	1
46	139	0
46	140	1
47	48	0
47	49	0
47	50	1
47	51	1
47	52	0
47	53	0
47	54	1
47	55	0
47	56	0
47	57	1
47	58	1
47	59	0
47	60	1
47	61	1
47	62	0
47	63	0
47	64	0
47	65	0
47	66	1
47	67	1
47	68	0
47	69	1
47	70	1
47	71	0
47	72	0
47	73	1
47	74	0
47	75	0
47	76	1
47	77	1
47	78	0
47	79	0
47	80	0
47	81	0
47	82	0
47	83	0
47	84	0
47	85	1
47	86	1
47	87	1
47	88	1
47	89	0
47	90	0
47	91	1
47	92	1
47	93	1
47	94	0
47	95	0
47	96	0
47	97	0
47	98	1
47	99	1
47	100	0
47	101	0
47	102	1
47	103	0
47	104	1
47	105	1
47	106	1
47	107	1
47	108	1
47	109	1
47	110	1
47	111	0
47	112	0
47	113	1
47	114	1
47	115	0
47	116	0
47	117	1
47	118	0
47	119	1
47	120	0
47	121	0
47	122	1
47	123	0
47	124	0
47	125	0
47	126	0
47	127	0
47	128	1
47	129	1
47	130	1
47	131	0
47	132	0
47	133	1
47	134	1
47	135	0
47	136	1
47	137	1
47	138	1
47	139	1
47	140	0
48	49	1
48	50	1
48	51	0
48	52	0
48	53	0
48	54	0
48	55	0
48	56	1
48	57	0
48	58	0
48	59	1
48	60	0
48	61	1
48	62	1
48	63	1
48	64	1
48	65	1
48	66	1
48	67	1
48	68	1
48	69	0
48	70	0
48	71	0
48	72	1
48	73	0
48	74	1
48	75	1
48	76	0
48	77	1
48	78	0
48	79	0
48	80	1
48	81	1
48	82	0
48	83	1
48	84	0
48	85	0
48	86	1
48	87	1
48	88	1
48	89	0
48	90	1
48	91	1
48	92	0
48	93	1
48	94	0
48	95	1
48	96	1
48	97	1
48	98	0
48	99	0
48	100	0
48	101	0
48	102	0
48	103	0
48	104	0
48	105	0
48	106	0
48	107	0
48	108	0
48	109	1
48	110	0
48	111	1
48	112	1
48	113	1
48	114	1
48	115	1
48	116	0
48	117	1
48	118	1
48	119	0
48	120	0
48	121	1
48	122	1
48	123	1
48	124	0
48	125	1
48	126	1
48	127	1
48	128	1
48	129	1
48	130	0
48	131	0
48	132	0
48	133	1
48	134	0
48	135	0
48	136	0
48	137	1
48	138	0
48	139	0
48	140	1
49	50	0
49	51	0
49	52	0
49	53	0
49	54	1
49	55	1
49	56	0
49	57	0
49	58	0
49	59	0
49	60	0
49	61	1
49	62	0
49	63	0
49	64	0
49	65	1
49	66	0
49	67	1
49	68	1
49	69	1
49	70	1
49	71	0
49	72	0
49	73	1
49	74	0
49	75	0
49	76	1
49	77	0
49	78	0
49	79	1
49	80	1
49	81	1
49	82	0
49	83	0
49	84	1
49	85	0
49	86	0
49	87	1
49	88	0
49	89	1
49	90	1
49	91	0
49	92	0
49	93	1
49	94	1
49	95	0
49	96	0
49	97	0
49	98	0
49	99	1
49	100	1
49	101	1
49	102	1
49	103	0
49	104	0
49	105	0
49	106	1
49	107	1
49	108	1
49	109	0
49	110	0
49	111	1
49	112	1
49	113	1
49	114	1
49	115	0
49	116	0
49	117	0
49	118	0
49	119	0
49	120	0
49	121	1
49	122	0
49	123	0
49	124	0
49	125	1
49	126	0
49	127	1
49	128	1
49	129	0
49	130	1
49	131	0
49	132	1
49	133	1
49	134	0
49	135	1
49	136	1
49	137	0
49	138	0
49	139	0
49	140	0
50	51	1
50	52	0
50	53	1
50	54	1
50	55	1
50	56	0
50	57	1
50	58	1
50	59	0
50	60	0
50	61	0
50	62	1
50	63	0
50	64	0
50	65	1
50	66	1
50	67	1
50	68	0
50	69	1
50	70	0
50	71	1
50	72	1
50	73	1
50	74	0
50	75	1
50	76	1
50	77	1
50	78	1
50	79	0
50	80	0
50	81	0
50	82	0
50	83	0
50	84	0
50	85	1
50	86	0
50	87	1
50	88	1
50	89	0
50	90	1
50	91	1
50	92	0
50	93	0
50	94	1
50	95	0
50	96	1
50	97	1
50	98	0
50	99	0
50	100	1
50	101	0
50	102	0
50	103	0
50	104	0
50	105	1
50	106	1
50	107	0
50	108	0
50	109	0
50	110	1
50	111	1
50	112	1
50	113	0
50	114	0
50	115	1
50	116	0
50	117	0
50	118	0
50	119	1
50	120	0
50	121	0
50	122	0
50	123	1
50	124	1
50	125	1
50	126	0
50	127	1
50	128	0
50	129	0
50	130	0
50	131	0
50	132	1
50	133	1
50	134	1
50	135	0
50	136	0
50	137	1
50	138	1
50	139	0
50	140	1
51	52	1
51	53	1
51	54	0
51	55	0
51	56	1
51	57	0
51	58	1
51	59	0
51	60	1
51	61	1
51	62	1
51	63	1
51	64	0
51	65	0
51	66	1
51	67	0
51	68	0
51	69	1
51	70	0
51	71	0
51	72	1
51	73	0
51	74	0
51	75	0
51	76	1
51	77	0
51	78	0
51	79	0
51	80	1
51	81	0
51	82	0
51	83	0
51	84	0
51	85	0
51	86	0
51	87	0
51	88	0
51	89	1
51	90	0
51	91	0
51	92	1
51	93	1
51	94	0
51	95	0
51	96	1
51	97	1
51	98	0
51	99	0
51	100	0
51	101	0
51	102	1
51	103	1
51	104	1
51	105	0
51	106	0
51	107	0
51	108	0
51	109	1
51	110	0
51	111	1
51	112	1
51	113	1
51	114	0
51	115	1
51	116	1
51	117	1
51	118	1
51	119	1
51	120	1
51	121	1
51	122	1
51	123	0
51	124	0
51	125	1
51	126	1
51	127	0
51	128	1
51	129	1
51	130	0
51	131	0
51	132	0
51	133	1
51	134	1
51	135	1
51	136	0
51	137	0
51	138	0
51	139	1
51	140	0
52	53	1
52	54	1
52	55	0
52	56	0
52	57	1
52	58	1
52	59	0
52	60	1
52	61	1
52	62	0
52	63	1
52	64	0
52	65	1
52	66	0
52	67	0
52	68	0
52	69	0
52	70	0
52	71	0
52	72	1
52	73	0
52	74	1
52	75	1
52	76	1
52	77	0
52	78	1
52	79	0
52	80	0
52	81	0
52	82	1
52	83	0
52	84	1
52	85	1
52	86	0
52	87	0
52	88	1
52	89	0
52	90	0
52	91	1
52	92	0
52	93	1
52	94	1
52	95	0
52	96	1
52	97	1
52	98	0
52	99	0
52	100	1
52	101	1
52	102	1
52	103	1
52	104	1
52	105	0
52	106	1
52	107	1
52	108	1
52	109	0
52	110	0
52	111	1
52	112	1
52	113	1
52	114	0
52	115	0
52	116	1
52	117	1
52	118	0
52	119	0
52	120	0
52	121	1
52	122	0
52	123	0
52	124	0
52	125	1
52	126	1
52	127	1
52	128	0
52	129	0
52	130	0
52	131	0
52	132	1
52	133	0
52	134	1
52	135	1
52	136	1
52	137	1
52	138	0
52	139	0
52	140	0
53	54	0
53	55	1
53	56	1
53	57	1
53	58	0
53	59	1
53	60	0
53	61	0
53	62	0
53	63	1
53	64	1
53	65	1
53	66	0
53	67	0
53	68	1
53	69	0
53	70	0
53	71	1
53	72	1
53	73	1
53	74	1
53	75	1
53	76	1
53	77	0
53	78	0
53	79	0
53	80	0
53	81	1
53	82	1
53	83	1
53	84	1
53	85	1
53	86	1
53	87	1
53	88	0
53	89	0
53	90	1
53	91	1
53	92	0
53	93	1
53	94	0
53	95	1
53	96	0
53	97	1
53	98	0
53	99	0
53	100	0
53	101	1
53	102	1
53	103	0
53	104	1
53	105	0
53	106	0
53	107	0
53	108	1
53	109	1
53	110	1
53	111	0
53	112	1
53	113	0
53	114	0
53	115	1
53	116	0
53	117	1
53	118	1
53	119	1
53	120	0
53	121	0
53	122	1
53	123	1
53	124	1
53	125	0
53	126	1
53	127	0
53	128	0
53	129	1
53	130	0
53	131	1
53	132	0
53	133	0
53	134	1
53	135	1
53	136	0
53	137	1
53	138	0
53	139	0
53	140	0
54	55	1
54	56	0
54	57	0
54	58	1
54	59	0
54	60	1
54	61	0
54	62	1
54	63	0
54	64	0
54	65	1
54	66	0
54	67	0
54	68	0
54	69	0
54	70	0
54	71	0
54	72	1
54	73	0
54	74	0
54	75	1
54	76	1
54	77	0
54	78	0
54	79	0
54	80	1
54	81	1
54	82	1
54	83	1
54	84	1
54	85	0
54	86	0
54	87	1
54	88	1
54	89	0
54	90	0
54	91	0
54	92	1
54	93	0
54	94	1
54	95	0
54	96	1
54	97	0
54	98	0
54	99	1
54	100	0
54	101	1
54	102	1
54	103	1
54	104	1
54	105	0
54	106	1
54	107	0
54	108	0
54	109	0
54	110	1
54	111	1
54	112	0
54	113	1
54	114	1
54	115	0
54	116	1
54	117	1
54	118	1
54	119	1
54	120	1
54	121	0
54	122	1
54	123	0
54	124	0
54	125	1
54	126	0
54	127	1
54	128	0
54	129	0
54	130	0
54	131	0
54	132	1
54	133	1
54	134	1
54	135	0
54	136	0
54	137	0
54	138	0
54	139	0
54	140	1
55	56	1
55	57	0
55	58	0
55	59	1
55	60	1
55	61	1
55	62	1
55	63	1
55	64	1
55	65	1
55	66	0
55	67	0
55	68	0
55	69	0
55	70	1
55	71	0
55	72	0
55	73	1
55	74	0
55	75	0
55	76	1
55	77	0
55	78	0
55	79	1
55	80	1
55	81	0
55	82	1
55	83	1
55	84	1
55	85	0
55	86	1
55	87	1
55	88	0
55	89	0
55	90	1
55	91	0
55	92	1
55	93	1
55	94	0
55	95	0
55	96	1
55	97	0
55	98	0
55	99	0
55	100	1
55	101	1
55	102	1
55	103	0
55	104	1
55	105	0
55	106	1
55	107	0
55	108	1
55	109	1
55	110	1
55	111	1
55	112	0
55	113	0
55	114	0
55	115	1
55	116	0
55	117	1
55	118	1
55	119	1
55	120	0
55	121	1
55	122	1
55	123	0
55	124	0
55	125	0
55	126	1
55	127	0
55	128	1
55	129	1
55	130	0
55	131	0
55	132	0
55	133	1
55	134	1
55	135	1
55	136	0
55	137	0
55	138	0
55	139	1
55	140	0
56	57	0
56	58	0
56	59	1
56	60	1
56	61	1
56	62	0
56	63	1
56	64	1
56	65	0
56	66	0
56	67	0
56	68	1
56	69	1
56	70	0
56	71	0
56	72	1
56	73	0
56	74	0
56	75	1
56	76	1
56	77	0
56	78	1
56	79	1
56	80	0
56	81	1
56	82	0
56	83	1
56	84	1
56	85	0
56	86	1
56	87	0
56	88	0
56	89	0
56	90	0
56	91	1
56	92	1
56	93	1
56	94	0
56	95	0
56	96	1
56	97	0
56	98	1
56	99	1
56	100	0
56	101	0
56	102	0
56	103	1
56	104	0
56	105	0
56	106	1
56	107	1
56	108	0
56	109	1
56	110	1
56	111	1
56	112	0
56	113	0
56	114	0
56	115	0
56	116	1
56	117	0
56	118	1
56	119	0
56	120	1
56	121	1
56	122	1
56	123	1
56	124	0
56	125	1
56	126	0
56	127	0
56	128	1
56	129	1
56	130	0
56	131	0
56	132	0
56	133	0
56	134	1
56	135	0
56	136	1
56	137	0
56	138	1
56	139	0
56	140	0
57	58	1
57	59	1
57	60	0
57	61	0
57	62	1
57	63	0
57	64	1
57	65	1
57	66	0
57	67	1
57	68	0
57	69	0
57	70	0
57	71	0
57	72	1
57	73	1
57	74	0
57	75	1
57	76	0
57	77	1
57	78	1
57	79	0
57	80	1
57	81	0
57	82	1
57	83	1
57	84	1
57	85	0
57	86	0
57	87	1
57	88	1
57	89	1
57	90	0
57	91	1
57	92	0
57	93	0
57	94	1
57	95	1
57	96	1
57	97	0
57	98	0
57	99	1
57	100	1
57	101	1
57	102	0
57	103	0
57	104	0
57	105	0
57	106	1
57	107	0
57	108	0
57	109	1
57	110	1
57	111	0
57	112	1
57	113	1
57	114	0
57	115	1
57	116	0
57	117	1
57	118	0
57	119	1
57	120	0
57	121	0
57	122	0
57	123	1
57	124	1
57	125	1
57	126	0
57	127	1
57	128	1
57	129	1
57	130	1
57	131	1
57	132	0
57	133	1
57	134	0
57	135	0
57	136	1
57	137	0
57	138	0
57	139	1
57	140	0
58	59	0
58	60	1
58	61	0
58	62	0
58	63	1
58	64	1
58	65	1
58	66	1
58	67	0
58	68	1
58	69	1
58	70	0
58	71	0
58	72	1
58	73	0
58	74	1
58	75	0
58	76	0
58	77	0
58	78	1
58	79	0
58	80	1
58	81	0
58	82	1
58	83	0
58	84	0
58	85	1
58	86	0
58	87	0
58	88	1
58	89	1
58	90	0
58	91	0
58	92	1
58	93	0
58	94	0
58	95	0
58	96	0
58	97	1
58	98	0
58	99	0
58	100	0
58	101	0
58	102	0
58	103	1
58	104	0
58	105	1
58	106	0
58	107	1
58	108	1
58	109	0
58	110	1
58	111	0
58	112	1
58	113	0
58	114	0
58	115	0
58	116	1
58	117	0
58	118	0
58	119	1
58	120	0
58	121	0
58	122	0
58	123	1
58	124	1
58	125	1
58	126	1
58	127	0
58	128	0
58	129	1
58	130	0
58	131	0
58	132	0
58	133	0
58	134	0
58	135	0
58	136	0
58	137	0
58	138	0
58	139	0
58	140	1
59	60	0
59	61	1
59	62	0
59	63	0
59	64	1
59	65	1
59	66	0
59	67	1
59	68	0
59	69	1
59	70	1
59	71	1
59	72	1
59	73	1
59	74	0
59	75	1
59	76	0
59	77	1
59	78	1
59	79	1
59	80	1
59	81	0
59	82	0
59	83	0
59	84	0
59	85	0
59	86	0
59	87	1
59	88	0
59	89	0
59	90	0
59	91	0
59	92	0
59	93	1
59	94	0
59	95	0
59	96	1
59	97	0
59	98	0
59	99	0
59	100	1
59	101	0
59	102	0
59	103	1
59	104	0
59	105	0
59	106	1
59	107	1
59	108	1
59	109	1
59	110	0
59	111	0
59	112	1
59	113	1
59	114	1
59	115	0
59	116	0
59	117	0
59	118	0
59	119	1
59	120	1
59	121	1
59	122	1
59	123	0
59	124	0
59	125	1
59	126	1
59	127	0
59	128	1
59	129	0
59	130	0
59	131	0
59	132	1
59	133	0
59	134	1
59	135	0
59	136	0
59	137	0
59	138	0
59	139	1
59	140	1
60	61	0
60	62	1
60	63	1
60	64	1
60	65	1
60	66	1
60	67	0
60	68	0
60	69	1
60	70	0
60	71	0
60	72	1
60	73	0
60	74	1
60	75	1
60	76	1
60	77	1
60	78	0
60	79	1
60	80	0
60	81	1
60	82	1
60	83	1
60	84	0
60	85	0
60	86	0
60	87	1
60	88	1
60	89	0
60	90	0
60	91	0
60	92	1
60	93	1
60	94	1
60	95	0
60	96	1
60	97	0
60	98	1
60	99	1
60	100	0
60	101	1
60	102	1
60	103	1
60	104	1
60	105	1
60	106	0
60	107	0
60	108	1
60	109	0
60	110	0
60	111	1
60	112	0
60	113	0
60	114	1
60	115	1
60	116	1
60	117	0
60	118	1
60	119	1
60	120	1
60	121	1
60	122	0
60	123	0
60	124	0
60	125	0
60	126	0
60	127	0
60	128	1
60	129	1
60	130	0
60	131	1
60	132	1
60	133	1
60	134	0
60	135	0
60	136	1
60	137	0
60	138	1
60	139	1
60	140	1
61	62	0
61	63	0
61	64	0
61	65	1
61	66	1
61	67	0
61	68	1
61	69	1
61	70	0
61	71	1
61	72	0
61	73	0
61	74	0
61	75	1
61	76	0
61	77	0
61	78	0
61	79	1
61	80	0
61	81	0
61	82	0
61	83	0
61	84	1
61	85	0
61	86	1
61	87	1
61	88	1
61	89	1
61	90	0
61	91	1
61	92	1
61	93	1
61	94	0
61	95	1
61	96	0
61	97	1
61	98	0
61	99	1
61	100	1
61	101	0
61	102	0
61	103	1
61	104	0
61	105	0
61	106	0
61	107	1
61	108	0
61	109	1
61	110	1
61	111	1
61	112	0
61	113	0
61	114	0
61	115	1
61	116	1
61	117	1
61	118	0
61	119	1
61	120	1
61	121	1
61	122	1
61	123	0
61	124	0
61	125	1
61	126	0
61	127	0
61	128	0
61	129	0
61	130	1
61	131	0
61	132	1
61	133	0
61	134	0
61	135	0
61	136	0
61	137	1
61	138	1
61	139	0
61	140	0
62	63	1
62	64	0
62	65	0
62	66	1
62	67	1
62	68	1
62	69	1
62	70	0
62	71	0
62	72	0
62	73	1
62	74	1
62	75	0
62	76	0
62	77	1
62	78	1
62	79	1
62	80	0
62	81	0
62	82	1
62	83	0
62	84	0
62	85	1
62	86	1
62	87	1
62	88	1
62	89	0
62	90	1
62	91	0
62	92	1
62	93	1
62	94	1
62	95	0
62	96	0
62	97	1
62	98	1
62	99	1
62	100	0
62	101	0
62	102	1
62	103	1
62	104	1
62	105	1
62	106	1
62	107	1
62	108	0
62	109	0
62	110	0
62	111	1
62	112	1
62	113	1
62	114	1
62	115	0
62	116	1
62	117	0
62	118	1
62	119	1
62	120	1
62	121	1
62	122	0
62	123	1
62	124	1
62	125	0
62	126	0
62	127	0
62	128	0
62	129	1
62	130	0
62	131	1
62	132	0
62	133	0
62	134	1
62	135	0
62	136	1
62	137	1
62	138	0
62	139	1
62	140	1
63	64	0
63	65	1
63	66	1
63	67	0
63	68	1
63	69	1
63	70	0
63	71	1
63	72	1
63	73	1
63	74	0
63	75	1
63	76	1
63	77	0
63	78	1
63	79	1
63	80	0
63	81	0
63	82	1
63	83	0
63	84	0
63	85	0
63	86	1
63	87	1
63	88	1
63	89	1
63	90	1
63	91	0
63	92	1
63	93	0
63	94	0
63	95	0
63	96	0
63	97	1
63	98	1
63	99	1
63	100	0
63	101	1
63	102	0
63	103	0
63	104	0
63	105	0
63	106	1
63	107	0
63	108	0
63	109	1
63	110	1
63	111	0
63	112	0
63	113	0
63	114	1
63	115	1
63	116	0
63	117	0
63	118	1
63	119	1
63	120	0
63	121	0
63	122	0
63	123	0
63	124	1
63	125	0
63	126	0
63	127	1
63	128	0
63	129	1
63	130	1
63	131	1
63	132	0
63	133	0
63	134	1
63	135	0
63	136	0
63	137	1
63	138	0
63	139	1
63	140	1
64	65	0
64	66	0
64	67	0
64	68	0
64	69	1
64	70	0
64	71	0
64	72	0
64	73	1
64	74	0
64	75	0
64	76	0
64	77	1
64	78	0
64	79	1
64	80	0
64	81	0
64	82	1
64	83	1
64	84	0
64	85	1
64	86	0
64	87	1
64	88	1
64	89	0
64	90	1
64	91	1
64	92	1
64	93	0
64	94	0
64	95	1
64	96	1
64	97	0
64	98	1
64	99	1
64	100	1
64	101	1
64	102	0
64	103	1
64	104	1
64	105	0
64	106	0
64	107	1
64	108	1
64	109	1
64	110	1
64	111	0
64	112	0
64	113	0
64	114	1
64	115	1
64	116	0
64	117	0
64	118	0
64	119	1
64	120	0
64	121	1
64	122	0
64	123	0
64	124	0
64	125	0
64	126	1
64	127	1
64	128	1
64	129	1
64	130	1
64	131	1
64	132	1
64	133	0
64	134	0
64	135	1
64	136	1
64	137	1
64	138	1
64	139	0
64	140	1
65	66	1
65	67	1
65	68	0
65	69	0
65	70	0
65	71	0
65	72	1
65	73	0
65	74	0
65	75	0
65	76	0
65	77	1
65	78	1
65	79	0
65	80	1
65	81	0
65	82	1
65	83	1
65	84	1
65	85	1
65	86	1
65	87	1
65	88	1
65	89	1
65	90	0
65	91	1
65	92	1
65	93	1
65	94	0
65	95	0
65	96	1
65	97	0
65	98	0
65	99	1
65	100	1
65	101	0
65	102	1
65	103	0
65	104	0
65	105	1
65	106	0
65	107	0
65	108	0
65	109	0
65	110	0
65	111	1
65	112	1
65	113	0
65	114	1
65	115	0
65	116	0
65	117	1
65	118	0
65	119	1
65	120	1
65	121	1
65	122	0
65	123	0
65	124	1
65	125	1
65	126	1
65	127	1
65	128	0
65	129	0
65	130	0
65	131	1
65	132	0
65	133	0
65	134	1
65	135	1
65	136	0
65	137	1
65	138	1
65	139	0
65	140	1
66	67	1
66	68	0
66	69	1
66	70	0
66	71	1
66	72	0
66	73	0
66	74	1
66	75	0
66	76	1
66	77	1
66	78	1
66	79	0
66	80	0
66	81	1
66	82	1
66	83	1
66	84	0
66	85	0
66	86	1
66	87	1
66	88	0
66	89	1
66	90	1
66	91	1
66	92	1
66	93	0
66	94	0
66	95	1
66	96	0
66	97	1
66	98	1
66	99	1
66	100	0
66	101	0
66	102	0
66	103	1
66	104	1
66	105	1
66	106	1
66	107	1
66	108	0
66	109	1
66	110	0
66	111	1
66	112	0
66	113	1
66	114	1
66	115	1
66	116	0
66	117	1
66	118	1
66	119	1
66	120	1
66	121	0
66	122	1
66	123	0
66	124	1
66	125	1
66	126	1
66	127	0
66	128	0
66	129	1
66	130	0
66	131	1
66	132	1
66	133	0
66	134	1
66	135	1
66	136	1
66	137	0
66	138	0
66	139	0
66	140	0
67	68	1
67	69	1
67	70	1
67	71	0
67	72	0
67	73	1
67	74	1
67	75	1
67	76	1
67	77	0
67	78	0
67	79	0
67	80	1
67	81	1
67	82	0
67	83	1
67	84	1
67	85	1
67	86	1
67	87	0
67	88	1
67	89	0
67	90	0
67	91	1
67	92	1
67	93	0
67	94	0
67	95	1
67	96	0
67	97	0
67	98	0
67	99	1
67	100	1
67	101	1
67	102	0
67	103	0
67	104	1
67	105	1
67	106	1
67	107	1
67	108	0
67	109	1
67	110	0
67	111	0
67	112	1
67	113	0
67	114	0
67	115	0
67	116	1
67	117	1
67	118	1
67	119	1
67	120	0
67	121	0
67	122	1
67	123	1
67	124	1
67	125	0
67	126	0
67	127	1
67	128	0
67	129	1
67	130	0
67	131	0
67	132	0
67	133	0
67	134	1
67	135	0
67	136	0
67	137	1
67	138	0
67	139	1
67	140	0
68	69	1
68	70	1
68	71	0
68	72	1
68	73	0
68	74	1
68	75	1
68	76	0
68	77	0
68	78	0
68	79	0
68	80	1
68	81	0
68	82	0
68	83	1
68	84	1
68	85	1
68	86	1
68	87	0
68	88	0
68	89	1
68	90	1
68	91	1
68	92	1
68	93	0
68	94	1
68	95	0
68	96	1
68	97	1
68	98	0
68	99	0
68	100	0
68	101	0
68	102	0
68	103	1
68	104	1
68	105	0
68	106	0
68	107	0
68	108	0
68	109	1
68	110	1
68	111	1
68	112	0
68	113	1
68	114	0
68	115	1
68	116	0
68	117	0
68	118	1
68	119	1
68	120	1
68	121	0
68	122	1
68	123	1
68	124	0
68	125	0
68	126	0
68	127	0
68	128	1
68	129	0
68	130	1
68	131	1
68	132	1
68	133	0
68	134	0
68	135	1
68	136	1
68	137	1
68	138	1
68	139	0
68	140	1
69	70	1
69	71	1
69	72	1
69	73	1
69	74	1
69	75	0
69	76	1
69	77	1
69	78	1
69	79	1
69	80	0
69	81	0
69	82	0
69	83	1
69	84	1
69	85	0
69	86	0
69	87	1
69	88	0
69	89	0
69	90	0
69	91	1
69	92	1
69	93	1
69	94	0
69	95	1
69	96	0
69	97	0
69	98	1
69	99	1
69	100	1
69	101	0
69	102	1
69	103	1
69	104	0
69	105	1
69	106	0
69	107	0
69	108	1
69	109	0
69	110	1
69	111	0
69	112	1
69	113	0
69	114	0
69	115	1
69	116	1
69	117	1
69	118	0
69	119	0
69	120	1
69	121	0
69	122	1
69	123	0
69	124	1
69	125	1
69	126	1
69	127	0
69	128	0
69	129	0
69	130	0
69	131	0
69	132	1
69	133	0
69	134	0
69	135	0
69	136	1
69	137	1
69	138	1
69	139	1
69	140	1
70	71	0
70	72	1
70	73	0
70	74	0
70	75	1
70	76	0
70	77	0
70	78	0
70	79	0
70	80	1
70	81	0
70	82	1
70	83	1
70	84	0
70	85	1
70	86	0
70	87	0
70	88	0
70	89	0
70	90	1
70	91	0
70	92	0
70	93	1
70	94	1
70	95	1
70	96	1
70	97	1
70	98	1
70	99	0
70	100	0
70	101	0
70	102	0
70	103	1
70	104	1
70	105	1
70	106	0
70	107	0
70	108	1
70	109	1
70	110	0
70	111	1
70	112	0
70	113	1
70	114	1
70	115	1
70	116	1
70	117	1
70	118	0
70	119	0
70	120	1
70	121	0
70	122	0
70	123	0
70	124	1
70	125	1
70	126	1
70	127	1
70	128	1
70	129	1
70	130	0
70	131	1
70	132	1
70	133	1
70	134	0
70	135	0
70	136	0
70	137	1
70	138	1
70	139	1
70	140	1
71	72	1
71	73	0
71	74	1
71	75	1
71	76	1
71	77	0
71	78	0
71	79	0
71	80	0
71	81	0
71	82	0
71	83	1
71	84	0
71	85	1
71	86	1
71	87	0
71	88	1
71	89	0
71	90	1
71	91	1
71	92	1
71	93	0
71	94	1
71	95	0
71	96	0
71	97	1
71	98	0
71	99	1
71	100	0
71	101	0
71	102	0
71	103	1
71	104	0
71	105	0
71	106	1
71	107	1
71	108	0
71	109	0
71	110	0
71	111	0
71	112	0
71	113	0
71	114	1
71	115	1
71	116	0
71	117	0
71	118	0
71	119	0
71	120	0
71	121	0
71	122	1
71	123	1
71	124	0
71	125	0
71	126	1
71	127	0
71	128	0
71	129	0
71	130	1
71	131	1
71	132	1
71	133	0
71	134	0
71	135	0
71	136	0
71	137	0
71	138	1
71	139	1
71	140	1
72	73	0
72	74	0
72	75	1
72	76	0
72	77	0
72	78	0
72	79	1
72	80	1
72	81	0
72	82	0
72	83	0
72	84	1
72	85	0
72	86	1
72	87	0
72	88	1
72	89	1
72	90	0
72	91	0
72	92	1
72	93	0
72	94	0
72	95	0
72	96	0
72	97	0
72	98	1
72	99	1
72	100	1
72	101	0
72	102	0
72	103	1
72	104	1
72	105	1
72	106	1
72	107	1
72	108	1
72	109	1
72	110	1
72	111	1
72	112	1
72	113	1
72	114	1
72	115	0
72	116	1
72	117	0
72	118	0
72	119	1
72	120	1
72	121	0
72	122	1
72	123	1
72	124	0
72	125	1
72	126	0
72	127	0
72	128	0
72	129	0
72	130	1
72	131	1
72	132	0
72	133	1
72	134	1
72	135	1
72	136	0
72	137	0
72	138	1
72	139	1
72	140	1
73	74	0
73	75	0
73	76	1
73	77	1
73	78	0
73	79	1
73	80	1
73	81	1
73	82	1
73	83	0
73	84	1
73	85	1
73	86	0
73	87	1
73	88	1
73	89	0
73	90	0
73	91	1
73	92	1
73	93	0
73	94	1
73	95	0
73	96	1
73	97	0
73	98	1
73	99	0
73	100	1
73	101	1
73	102	0
73	103	0
73	104	1
73	105	1
73	106	1
73	107	0
73	108	1
73	109	1
73	110	1
73	111	0
73	112	1
73	113	0
73	114	1
73	115	0
73	116	0
73	117	1
73	118	0
73	119	0
73	120	0
73	121	1
73	122	0
73	123	0
73	124	1
73	125	1
73	126	1
73	127	0
73	128	1
73	129	1
73	130	0
73	131	0
73	132	0
73	133	1
73	134	0
73	135	0
73	136	0
73	137	1
73	138	1
73	139	1
73	140	1
74	75	1
74	76	1
74	77	1
74	78	0
74	79	1
74	80	1
74	81	1
74	82	0
74	83	0
74	84	0
74	85	1
74	86	0
74	87	1
74	88	1
74	89	0
74	90	0
74	91	0
74	92	1
74	93	1
74	94	1
74	95	1
74	96	1
74	97	1
74	98	1
74	99	0
74	100	1
74	101	0
74	102	1
74	103	1
74	104	1
74	105	1
74	106	1
74	107	0
74	108	0
74	109	0
74	110	1
74	111	0
74	112	0
74	113	1
74	114	1
74	115	1
74	116	1
74	117	0
74	118	0
74	119	0
74	120	0
74	121	0
74	122	0
74	123	0
74	124	1
74	125	0
74	126	0
74	127	1
74	128	1
74	129	0
74	130	1
74	131	0
74	132	0
74	133	0
74	134	0
74	135	0
74	136	0
74	137	0
74	138	1
74	139	1
74	140	1
75	76	0
75	77	1
75	78	0
75	79	0
75	80	0
75	81	0
75	82	1
75	83	1
75	84	1
75	85	1
75	86	1
75	87	1
75	88	0
75	89	1
75	90	0
75	91	1
75	92	0
75	93	1
75	94	1
75	95	1
75	96	1
75	97	1
75	98	1
75	99	0
75	100	0
75	101	0
75	102	1
75	103	0
75	104	1
75	105	0
75	106	0
75	107	0
75	108	1
75	109	1
75	110	0
75	111	0
75	112	1
75	113	0
75	114	1
75	115	1
75	116	1
75	117	1
75	118	0
75	119	0
75	120	1
75	121	1
75	122	0
75	123	1
75	124	1
75	125	1
75	126	0
75	127	0
75	128	1
75	129	0
75	130	1
75	131	0
75	132	1
75	133	1
75	134	0
75	135	0
75	136	0
75	137	0
75	138	0
75	139	1
75	140	1
76	77	0
76	78	1
76	79	0
76	80	0
76	81	0
76	82	1
76	83	0
76	84	1
76	85	0
76	86	1
76	87	1
76	88	1
76	89	1
76	90	0
76	91	1
76	92	1
76	93	1
76	94	1
76	95	0
76	96	1
76	97	1
76	98	1
76	99	0
76	100	0
76	101	1
76	102	1
76	103	0
76	104	1
76	105	1
76	106	0
76	107	1
76	108	1
76	109	0
76	110	1
76	111	1
76	112	0
76	113	1
76	114	1
76	115	0
76	116	0
76	117	1
76	118	1
76	119	1
76	120	0
76	121	0
76	122	0
76	123	1
76	124	0
76	125	0
76	126	0
76	127	1
76	128	0
76	129	1
76	130	1
76	131	1
76	132	1
76	133	0
76	134	0
76	135	0
76	136	0
76	137	1
76	138	0
76	139	1
76	140	0
77	78	0
77	79	1
77	80	1
77	81	1
77	82	1
77	83	1
77	84	1
77	85	0
77	86	0
77	87	0
77	88	0
77	89	1
77	90	0
77	91	1
77	92	0
77	93	1
77	94	0
77	95	1
77	96	0
77	97	1
77	98	0
77	99	0
77	100	0
77	101	1
77	102	1
77	103	1
77	104	1
77	105	0
77	106	1
77	107	0
77	108	1
77	109	1
77	110	1
77	111	0
77	112	0
77	113	1
77	114	1
77	115	1
77	116	1
77	117	0
77	118	1
77	119	0
77	120	1
77	121	1
77	122	0
77	123	1
77	124	1
77	125	0
77	126	1
77	127	0
77	128	0
77	129	0
77	130	1
77	131	1
77	132	1
77	133	1
77	134	1
77	135	1
77	136	0
77	137	1
77	138	0
77	139	1
77	140	1
78	79	1
78	80	0
78	81	1
78	82	1
78	83	1
78	84	1
78	85	0
78	86	1
78	87	0
78	88	0
78	89	1
78	90	1
78	91	0
78	92	1
78	93	1
78	94	1
78	95	1
78	96	1
78	97	0
78	98	1
78	99	0
78	100	0
78	101	0
78	102	1
78	103	0
78	104	0
78	105	0
78	106	1
78	107	1
78	108	1
78	109	1
78	110	0
78	111	1
78	112	0
78	113	1
78	114	0
78	115	0
78	116	0
78	117	0
78	118	0
78	119	0
78	120	1
78	121	1
78	122	0
78	123	1
78	124	1
78	125	0
78	126	1
78	127	1
78	128	1
78	129	1
78	130	1
78	131	1
78	132	1
78	133	1
78	134	1
78	135	1
78	136	1
78	137	0
78	138	0
78	139	0
78	140	0
79	80	1
79	81	1
79	82	0
79	83	1
79	84	1
79	85	0
79	86	1
79	87	0
79	88	0
79	89	1
79	90	1
79	91	0
79	92	1
79	93	1
79	94	1
79	95	0
79	96	0
79	97	0
79	98	1
79	99	1
79	100	0
79	101	0
79	102	1
79	103	0
79	104	0
79	105	1
79	106	0
79	107	0
79	108	0
79	109	0
79	110	1
79	111	1
79	112	1
79	113	0
79	114	0
79	115	1
79	116	1
79	117	1
79	118	1
79	119	0
79	120	1
79	121	0
79	122	0
79	123	1
79	124	0
79	125	0
79	126	1
79	127	1
79	128	1
79	129	0
79	130	0
79	131	1
79	132	1
79	133	1
79	134	0
79	135	1
79	136	1
79	137	1
79	138	1
79	139	0
79	140	0
80	81	0
80	82	0
80	83	1
80	84	1
80	85	1
80	86	0
80	87	0
80	88	1
80	89	0
80	90	0
80	91	0
80	92	1
80	93	1
80	94	0
80	95	0
80	96	1
80	97	1
80	98	1
80	99	1
80	100	0
80	101	1
80	102	0
80	103	1
80	104	1
80	105	1
80	106	1
80	107	1
80	108	1
80	109	0
80	110	0
80	111	0
80	112	1
80	113	0
80	114	1
80	115	1
80	116	1
80	117	0
80	118	0
80	119	0
80	120	0
80	121	1
80	122	0
80	123	0
80	124	1
80	125	0
80	126	0
80	127	0
80	128	0
80	129	1
80	130	1
80	131	1
80	132	1
80	133	0
80	134	1
80	135	0
80	136	1
80	137	1
80	138	1
80	139	1
80	140	1
81	82	0
81	83	0
81	84	0
81	85	0
81	86	0
81	87	0
81	88	1
81	89	0
81	90	0
81	91	1
81	92	0
81	93	0
81	94	0
81	95	0
81	96	0
81	97	1
81	98	1
81	99	0
81	100	1
81	101	1
81	102	0
81	103	0
81	104	0
81	105	1
81	106	1
81	107	0
81	108	0
81	109	1
81	110	0
81	111	0
81	112	1
81	113	0
81	114	0
81	115	0
81	116	1
81	117	1
81	118	0
81	119	1
81	120	1
81	121	0
81	122	1
81	123	1
81	124	0
81	125	1
81	126	0
81	127	1
81	128	0
81	129	1
81	130	1
81	131	0
81	132	1
81	133	1
81	134	1
81	135	1
81	136	1
81	137	1
81	138	1
81	139	0
81	140	1
82	83	1
82	84	1
82	85	0
82	86	1
82	87	1
82	88	1
82	89	1
82	90	1
82	91	0
82	92	1
82	93	1
82	94	0
82	95	0
82	96	1
82	97	0
82	98	1
82	99	0
82	100	0
82	101	1
82	102	1
82	103	0
82	104	0
82	105	1
82	106	0
82	107	1
82	108	1
82	109	0
82	110	0
82	111	1
82	112	0
82	113	0
82	114	1
82	115	0
82	116	0
82	117	1
82	118	0
82	119	0
82	120	0
82	121	1
82	122	0
82	123	0
82	124	1
82	125	1
82	126	0
82	127	0
82	128	1
82	129	1
82	130	1
82	131	1
82	132	1
82	133	0
82	134	0
82	135	1
82	136	1
82	137	0
82	138	0
82	139	1
82	140	0
83	84	1
83	85	1
83	86	1
83	87	0
83	88	0
83	89	1
83	90	0
83	91	0
83	92	1
83	93	0
83	94	0
83	95	1
83	96	0
83	97	1
83	98	1
83	99	1
83	100	0
83	101	0
83	102	0
83	103	1
83	104	0
83	105	1
83	106	1
83	107	1
83	108	0
83	109	0
83	110	0
83	111	0
83	112	0
83	113	0
83	114	1
83	115	0
83	116	0
83	117	1
83	118	1
83	119	0
83	120	1
83	121	0
83	122	1
83	123	1
83	124	1
83	125	0
83	126	1
83	127	1
83	128	1
83	129	1
83	130	0
83	131	0
83	132	0
83	133	0
83	134	1
83	135	1
83	136	1
83	137	0
83	138	1
83	139	0
83	140	0
84	85	1
84	86	0
84	87	1
84	88	1
84	89	0
84	90	1
84	91	1
84	92	1
84	93	0
84	94	1
84	95	1
84	96	0
84	97	0
84	98	0
84	99	0
84	100	1
84	101	0
84	102	0
84	103	1
84	104	0
84	105	0
84	106	1
84	107	0
84	108	1
84	109	0
84	110	1
84	111	0
84	112	1
84	113	0
84	114	1
84	115	0
84	116	1
84	117	1
84	118	1
84	119	1
84	120	1
84	121	0
84	122	1
84	123	0
84	124	1
84	125	1
84	126	1
84	127	1
84	128	0
84	129	1
84	130	1
84	131	0
84	132	1
84	133	0
84	134	1
84	135	1
84	136	0
84	137	0
84	138	0
84	139	1
84	140	1
85	86	0
85	87	1
85	88	1
85	89	1
85	90	0
85	91	1
85	92	0
85	93	1
85	94	0
85	95	0
85	96	1
85	97	0
85	98	0
85	99	1
85	100	0
85	101	0
85	102	0
85	103	1
85	104	0
85	105	0
85	106	1
85	107	1
85	108	0
85	109	0
85	110	0
85	111	0
85	112	1
85	113	1
85	114	1
85	115	0
85	116	1
85	117	1
85	118	1
85	119	0
85	120	1
85	121	0
85	122	0
85	123	1
85	124	0
85	125	0
85	126	0
85	127	0
85	128	1
85	129	0
85	130	0
85	131	0
85	132	0
85	133	1
85	134	0
85	135	1
85	136	1
85	137	0
85	138	1
85	139	1
85	140	1
86	87	0
86	88	0
86	89	1
86	90	0
86	91	1
86	92	1
86	93	1
86	94	1
86	95	0
86	96	0
86	97	1
86	98	1
86	99	0
86	100	1
86	101	0
86	102	0
86	103	0
86	104	0
86	105	1
86	106	1
86	107	1
86	108	0
86	109	0
86	110	1
86	111	1
86	112	1
86	113	1
86	114	0
86	115	1
86	116	1
86	117	1
86	118	1
86	119	0
86	120	0
86	121	1
86	122	0
86	123	1
86	124	1
86	125	0
86	126	0
86	127	0
86	128	1
86	129	0
86	130	0
86	131	0
86	132	0
86	133	1
86	134	0
86	135	1
86	136	0
86	137	1
86	138	0
86	139	0
86	140	0
87	88	0
87	89	0
87	90	1
87	91	0
87	92	0
87	93	1
87	94	1
87	95	1
87	96	1
87	97	0
87	98	0
87	99	1
87	100	0
87	101	1
87	102	1
87	103	0
87	104	0
87	105	1
87	106	0
87	107	1
87	108	1
87	109	1
87	110	0
87	111	0
87	112	1
87	113	0
87	114	0
87	115	1
87	116	1
87	117	1
87	118	1
87	119	1
87	120	1
87	121	0
87	122	0
87	123	1
87	124	1
87	125	0
87	126	1
87	127	0
87	128	1
87	129	1
87	130	0
87	131	0
87	132	0
87	133	1
87	134	0
87	135	0
87	136	0
87	137	0
87	138	0
87	139	1
87	140	0
88	89	0
88	90	0
88	91	0
88	92	1
88	93	0
88	94	0
88	95	1
88	96	0
88	97	1
88	98	1
88	99	0
88	100	0
88	101	0
88	102	0
88	103	1
88	104	1
88	105	0
88	106	1
88	107	1
88	108	1
88	109	0
88	110	0
88	111	1
88	112	1
88	113	1
88	114	0
88	115	0
88	116	1
88	117	0
88	118	1
88	119	1
88	120	0
88	121	0
88	122	1
88	123	1
88	124	1
88	125	1
88	126	0
88	127	1
88	128	1
88	129	1
88	130	1
88	131	1
88	132	1
88	133	1
88	134	1
88	135	1
88	136	0
88	137	0
88	138	0
88	139	0
88	140	1
89	90	0
89	91	1
89	92	0
89	93	0
89	94	0
89	95	0
89	96	1
89	97	0
89	98	0
89	99	0
89	100	1
89	101	1
89	102	1
89	103	0
89	104	0
89	105	0
89	106	1
89	107	0
89	108	1
89	109	1
89	110	0
89	111	0
89	112	0
89	113	1
89	114	1
89	115	0
89	116	1
89	117	1
89	118	0
89	119	1
89	120	0
89	121	1
89	122	1
89	123	1
89	124	0
89	125	1
89	126	0
89	127	0
89	128	0
89	129	1
89	130	1
89	131	0
89	132	0
89	133	0
89	134	0
89	135	0
89	136	1
89	137	1
89	138	1
89	139	0
89	140	1
90	91	1
90	92	0
90	93	0
90	94	1
90	95	0
90	96	0
90	97	0
90	98	0
90	99	1
90	100	1
90	101	0
90	102	1
90	103	1
90	104	0
90	105	1
90	106	0
90	107	0
90	108	0
90	109	0
90	110	1
90	111	0
90	112	1
90	113	1
90	114	0
90	115	0
90	116	1
90	117	1
90	118	1
90	119	0
90	120	1
90	121	0
90	122	0
90	123	0
90	124	0
90	125	0
90	126	0
90	127	1
90	128	0
90	129	0
90	130	1
90	131	0
90	132	0
90	133	1
90	134	0
90	135	1
90	136	1
90	137	0
90	138	1
90	139	1
90	140	1
91	92	0
91	93	1
91	94	0
91	95	1
91	96	0
91	97	1
91	98	0
91	99	1
91	100	0
91	101	1
91	102	0
91	103	0
91	104	1
91	105	1
91	106	0
91	107	1
91	108	1
91	109	1
91	110	0
91	111	0
91	112	0
91	113	0
91	114	0
91	115	0
91	116	0
91	117	0
91	118	1
91	119	1
91	120	1
91	121	0
91	122	1
91	123	1
91	124	1
91	125	0
91	126	0
91	127	0
91	128	0
91	129	1
91	130	0
91	131	0
91	132	1
91	133	1
91	134	1
91	135	1
91	136	1
91	137	1
91	138	1
91	139	1
91	140	1
92	93	1
92	94	0
92	95	1
92	96	1
92	97	1
92	98	1
92	99	0
92	100	0
92	101	0
92	102	1
92	103	1
92	104	1
92	105	1
92	106	1
92	107	1
92	108	1
92	109	0
92	110	0
92	111	0
92	112	0
92	113	1
92	114	1
92	115	1
92	116	0
92	117	0
92	118	0
92	119	1
92	120	0
92	121	1
92	122	1
92	123	0
92	124	0
92	125	0
92	126	0
92	127	1
92	128	0
92	129	0
92	130	0
92	131	0
92	132	1
92	133	1
92	134	0
92	135	0
92	136	0
92	137	1
92	138	1
92	139	0
92	140	1
93	94	0
93	95	0
93	96	0
93	97	1
93	98	0
93	99	0
93	100	0
93	101	0
93	102	1
93	103	0
93	104	0
93	105	1
93	106	1
93	107	1
93	108	1
93	109	0
93	110	0
93	111	1
93	112	0
93	113	1
93	114	0
93	115	1
93	116	0
93	117	0
93	118	0
93	119	0
93	120	0
93	121	1
93	122	0
93	123	1
93	124	1
93	125	0
93	126	1
93	127	1
93	128	0
93	129	1
93	130	0
93	131	0
93	132	1
93	133	0
93	134	1
93	135	1
93	136	0
93	137	0
93	138	0
93	139	1
93	140	1
94	95	1
94	96	1
94	97	1
94	98	0
94	99	0
94	100	0
94	101	0
94	102	0
94	103	1
94	104	1
94	105	1
94	106	0
94	107	1
94	108	0
94	109	0
94	110	0
94	111	1
94	112	1
94	113	0
94	114	1
94	115	0
94	116	1
94	117	1
94	118	0
94	119	0
94	120	0
94	121	1
94	122	0
94	123	0
94	124	0
94	125	1
94	126	0
94	127	1
94	128	0
94	129	0
94	130	0
94	131	1
94	132	0
94	133	1
94	134	0
94	135	1
94	136	0
94	137	0
94	138	1
94	139	0
94	140	0
95	96	0
95	97	0
95	98	0
95	99	1
95	100	0
95	101	0
95	102	0
95	103	1
95	104	0
95	105	0
95	106	1
95	107	0
95	108	0
95	109	0
95	110	1
95	111	1
95	112	1
95	113	0
95	114	1
95	115	1
95	116	0
95	117	0
95	118	1
95	119	0
95	120	1
95	121	1
95	122	0
95	123	1
95	124	0
95	125	0
95	126	1
95	127	1
95	128	0
95	129	0
95	130	1
95	131	1
95	132	0
95	133	0
95	134	1
95	135	0
95	136	0
95	137	0
95	138	1
95	139	0
95	140	0
96	97	0
96	98	0
96	99	1
96	100	0
96	101	1
96	102	1
96	103	0
96	104	0
96	105	1
96	106	0
96	107	0
96	108	0
96	109	1
96	110	1
96	111	0
96	112	0
96	113	1
96	114	0
96	115	0
96	116	0
96	117	1
96	118	0
96	119	1
96	120	1
96	121	1
96	122	0
96	123	0
96	124	0
96	125	0
96	126	0
96	127	0
96	128	1
96	129	1
96	130	0
96	131	0
96	132	1
96	133	0
96	134	0
96	135	1
96	136	0
96	137	0
96	138	0
96	139	1
96	140	1
97	98	1
97	99	0
97	100	1
97	101	1
97	102	0
97	103	1
97	104	1
97	105	1
97	106	0
97	107	0
97	108	0
97	109	0
97	110	1
97	111	0
97	112	0
97	113	0
97	114	1
97	115	1
97	116	1
97	117	0
97	118	0
97	119	1
97	120	1
97	121	1
97	122	1
97	123	0
97	124	0
97	125	1
97	126	0
97	127	1
97	128	0
97	129	0
97	130	1
97	131	1
97	132	1
97	133	0
97	134	0
97	135	1
97	136	0
97	137	0
97	138	0
97	139	0
97	140	0
98	99	1
98	100	0
98	101	0
98	102	1
98	103	0
98	104	0
98	105	1
98	106	1
98	107	1
98	108	0
98	109	0
98	110	1
98	111	0
98	112	0
98	113	1
98	114	0
98	115	0
98	116	1
98	117	0
98	118	0
98	119	1
98	120	1
98	121	1
98	122	1
98	123	1
98	124	0
98	125	1
98	126	1
98	127	1
98	128	0
98	129	1
98	130	0
98	131	1
98	132	1
98	133	1
98	134	0
98	135	1
98	136	0
98	137	0
98	138	0
98	139	1
98	140	0
99	100	0
99	101	1
99	102	1
99	103	1
99	104	0
99	105	1
99	106	0
99	107	1
99	108	0
99	109	1
99	110	0
99	111	0
99	112	0
99	113	0
99	114	1
99	115	0
99	116	1
99	117	0
99	118	1
99	119	1
99	120	0
99	121	0
99	122	1
99	123	0
99	124	0
99	125	1
99	126	0
99	127	0
99	128	1
99	129	0
99	130	1
99	131	0
99	132	1
99	133	0
99	134	1
99	135	1
99	136	1
99	137	1
99	138	1
99	139	1
99	140	1
100	101	0
100	102	0
100	103	1
100	104	1
100	105	0
100	106	0
100	107	0
100	108	1
100	109	0
100	110	1
100	111	0
100	112	1
100	113	1
100	114	1
100	115	0
100	116	1
100	117	1
100	118	0
100	119	1
100	120	1
100	121	1
100	122	1
100	123	1
100	124	1
100	125	1
100	126	0
100	127	0
100	128	1
100	129	1
100	130	0
100	131	1
100	132	1
100	133	1
100	134	0
100	135	1
100	136	0
100	137	1
100	138	1
100	139	0
100	140	1
101	102	0
101	103	0
101	104	0
101	105	1
101	106	0
101	107	0
101	108	0
101	109	0
101	110	0
101	111	0
101	112	1
101	113	0
101	114	1
101	115	0
101	116	0
101	117	1
101	118	1
101	119	0
101	120	1
101	121	0
101	122	1
101	123	0
101	124	0
101	125	0
101	126	0
101	127	1
101	128	0
101	129	0
101	130	0
101	131	1
101	132	1
101	133	1
101	134	1
101	135	1
101	136	0
101	137	0
101	138	0
101	139	1
101	140	0
102	103	0
102	104	0
102	105	1
102	106	0
102	107	0
102	108	1
102	109	0
102	110	0
102	111	0
102	112	0
102	113	0
102	114	0
102	115	1
102	116	1
102	117	1
102	118	1
102	119	1
102	120	1
102	121	1
102	122	1
102	123	1
102	124	1
102	125	0
102	126	0
102	127	1
102	128	1
102	129	0
102	130	1
102	131	1
102	132	1
102	133	0
102	134	1
102	135	1
102	136	1
102	137	1
102	138	1
102	139	1
102	140	1
103	104	0
103	105	0
103	106	0
103	107	0
103	108	0
103	109	1
103	110	0
103	111	1
103	112	0
103	113	0
103	114	0
103	115	0
103	116	0
103	117	1
103	118	1
103	119	0
103	120	0
103	121	1
103	122	1
103	123	0
103	124	1
103	125	1
103	126	0
103	127	0
103	128	1
103	129	0
103	130	0
103	131	0
103	132	0
103	133	1
103	134	0
103	135	0
103	136	0
103	137	1
103	138	0
103	139	0
103	140	0
104	105	1
104	106	0
104	107	0
104	108	1
104	109	0
104	110	1
104	111	1
104	112	0
104	113	1
104	114	0
104	115	1
104	116	1
104	117	1
104	118	0
104	119	0
104	120	1
104	121	0
104	122	1
104	123	0
104	124	1
104	125	1
104	126	1
104	127	1
104	128	0
104	129	1
104	130	0
104	131	0
104	132	0
104	133	1
104	134	0
104	135	0
104	136	0
104	137	0
104	138	0
104	139	0
104	140	0
105	106	0
105	107	0
105	108	0
105	109	0
105	110	1
105	111	0
105	112	1
105	113	1
105	114	1
105	115	0
105	116	0
105	117	1
105	118	1
105	119	1
105	120	0
105	121	0
105	122	1
105	123	0
105	124	0
105	125	0
105	126	0
105	127	0
105	128	1
105	129	1
105	130	1
105	131	1
105	132	1
105	133	1
105	134	0
105	135	1
105	136	0
105	137	1
105	138	0
105	139	0
105	140	0
106	107	0
106	108	1
106	109	0
106	110	0
106	111	1
106	112	0
106	113	0
106	114	1
106	115	0
106	116	1
106	117	1
106	118	0
106	119	0
106	120	1
106	121	1
106	122	0
106	123	1
106	124	0
106	125	0
106	126	0
106	127	0
106	128	0
106	129	1
106	130	1
106	131	0
106	132	0
106	133	0
106	134	1
106	135	0
106	136	0
106	137	1
106	138	1
106	139	0
106	140	0
107	108	1
107	109	0
107	110	1
107	111	1
107	112	1
107	113	1
107	114	1
107	115	1
107	116	1
107	117	0
107	118	0
107	119	0
107	120	1
107	121	1
107	122	0
107	123	1
107	124	0
107	125	1
107	126	0
107	127	0
107	128	1
107	129	1
107	130	1
107	131	1
107	132	1
107	133	0
107	134	0
107	135	1
107	136	0
107	137	0
107	138	0
107	139	0
107	140	1
108	109	0
108	110	1
108	111	1
108	112	0
108	113	0
108	114	1
108	115	1
108	116	0
108	117	1
108	118	0
108	119	1
108	120	0
108	121	0
108	122	1
108	123	0
108	124	1
108	125	0
108	126	1
108	127	1
108	128	0
108	129	1
108	130	0
108	131	1
108	132	0
108	133	0
108	134	0
108	135	1
108	136	1
108	137	1
108	138	1
108	139	1
108	140	1
109	110	0
109	111	0
109	112	0
109	113	1
109	114	1
109	115	0
109	116	1
109	117	0
109	118	0
109	119	1
109	120	0
109	121	1
109	122	0
109	123	1
109	124	1
109	125	0
109	126	1
109	127	0
109	128	1
109	129	0
109	130	1
109	131	1
109	132	0
109	133	0
109	134	1
109	135	0
109	136	1
109	137	0
109	138	0
109	139	0
109	140	0
110	111	1
110	112	0
110	113	0
110	114	1
110	115	0
110	116	0
110	117	1
110	118	1
110	119	0
110	120	1
110	121	0
110	122	0
110	123	0
110	124	1
110	125	1
110	126	1
110	127	0
110	128	0
110	129	0
110	130	1
110	131	0
110	132	1
110	133	0
110	134	1
110	135	0
110	136	0
110	137	1
110	138	0
110	139	0
110	140	0
111	112	1
111	113	0
111	114	0
111	115	0
111	116	1
111	117	0
111	118	0
111	119	0
111	120	0
111	121	0
111	122	0
111	123	0
111	124	0
111	125	1
111	126	1
111	127	0
111	128	1
111	129	0
111	130	0
111	131	0
111	132	0
111	133	0
111	134	0
111	135	0
111	136	1
111	137	0
111	138	1
111	139	0
111	140	1
112	113	1
112	114	1
112	115	0
112	116	1
112	117	0
112	118	0
112	119	0
112	120	1
112	121	0
112	122	0
112	123	1
112	124	1
112	125	1
112	126	0
112	127	0
112	128	0
112	129	1
112	130	1
112	131	0
112	132	0
112	133	1
112	134	0
112	135	0
112	136	0
112	137	1
112	138	0
112	139	0
112	140	0
113	114	0
113	115	1
113	116	1
113	117	1
113	118	0
113	119	1
113	120	1
113	121	0
113	122	0
113	123	1
113	124	0
113	125	0
113	126	1
113	127	0
113	128	0
113	129	1
113	130	1
113	131	0
113	132	1
113	133	0
113	134	1
113	135	0
113	136	1
113	137	1
113	138	0
113	139	0
113	140	1
114	115	0
114	116	0
114	117	0
114	118	0
114	119	0
114	120	0
114	121	0
114	122	1
114	123	1
114	124	0
114	125	0
114	126	1
114	127	1
114	128	0
114	129	1
114	130	0
114	131	0
114	132	1
114	133	0
114	134	0
114	135	0
114	136	0
114	137	1
114	138	1
114	139	0
114	140	1
115	116	0
115	117	0
115	118	1
115	119	1
115	120	1
115	121	1
115	122	1
115	123	0
115	124	0
115	125	0
115	126	0
115	127	0
115	128	1
115	129	0
115	130	1
115	131	0
115	132	1
115	133	1
115	134	0
115	135	1
115	136	1
115	137	1
115	138	1
115	139	0
115	140	0
116	117	1
116	118	1
116	119	1
116	120	0
116	121	1
116	122	1
116	123	1
116	124	0
116	125	1
116	126	1
116	127	1
116	128	1
116	129	0
116	130	0
116	131	1
116	132	0
116	133	0
116	134	0
116	135	0
116	136	1
116	137	1
116	138	1
116	139	0
116	140	1
117	118	1
117	119	0
117	120	0
117	121	1
117	122	1
117	123	1
117	124	0
117	125	1
117	126	1
117	127	1
117	128	0
117	129	1
117	130	0
117	131	1
117	132	0
117	133	1
117	134	1
117	135	0
117	136	1
117	137	1
117	138	0
117	139	0
117	140	1
118	119	0
118	120	1
118	121	0
118	122	1
118	123	1
118	124	0
118	125	1
118	126	0
118	127	0
118	128	1
118	129	1
118	130	0
118	131	1
118	132	0
118	133	0
118	134	1
118	135	0
118	136	1
118	137	1
118	138	1
118	139	1
118	140	1
119	120	1
119	121	0
119	122	0
119	123	0
119	124	1
119	125	0
119	126	0
119	127	1
119	128	1
119	129	1
119	130	0
119	131	1
119	132	0
119	133	0
119	134	0
119	135	0
119	136	0
119	137	0
119	138	0
119	139	0
119	140	0
120	121	1
120	122	1
120	123	0
120	124	1
120	125	1
120	126	0
120	127	0
120	128	1
120	129	1
120	130	1
120	131	0
120	132	0
120	133	1
120	134	0
120	135	0
120	136	0
120	137	1
120	138	0
120	139	0
120	140	0
121	122	0
121	123	1
121	124	0
121	125	0
121	126	0
121	127	1
121	128	0
121	129	1
121	130	1
121	131	0
121	132	0
121	133	0
121	134	0
121	135	0
121	136	0
121	137	0
121	138	0
121	139	1
121	140	0
122	123	1
122	124	1
122	125	0
122	126	1
122	127	1
122	128	1
122	129	1
122	130	0
122	131	0
122	132	0
122	133	0
122	134	0
122	135	0
122	136	0
122	137	0
122	138	1
122	139	1
122	140	1
123	124	1
123	125	1
123	126	0
123	127	1
123	128	1
123	129	0
123	130	1
123	131	0
123	132	1
123	133	1
123	134	1
123	135	0
123	136	1
123	137	1
123	138	0
123	139	1
123	140	0
124	125	1
124	126	0
124	127	0
124	128	1
124	129	0
124	130	1
124	131	1
124	132	0
124	133	0
124	134	1
124	135	0
124	136	0
124	137	1
124	138	1
124	139	1
124	140	0
125	126	0
125	127	0
125	128	0
125	129	1
125	130	1
125	131	1
125	132	0
125	133	0
125	134	1
125	135	1
125	136	0
125	137	0
125	138	0
125	139	0
125	140	0
126	127	0
126	128	0
126	129	0
126	130	1
126	131	1
126	132	1
126	133	0
126	134	1
126	135	1
126	136	0
126	137	1
126	138	1
126	139	0
126	140	0
127	128	0
127	129	0
127	130	1
127	131	0
127	132	0
127	133	1
127	134	0
127	135	0
127	136	1
127	137	1
127	138	1
127	139	1
127	140	1
128	129	1
128	130	0
128	131	1
128	132	1
128	133	0
128	134	0
128	135	1
128	136	1
128	137	0
128	138	1
128	139	0
128	140	1
129	130	0
129	131	0
129	132	1
129	133	1
129	134	1
129	135	0
129	136	0
129	137	0
129	138	1
129	139	0
129	140	0
130	131	0
130	132	0
130	133	1
130	134	0
130	135	0
130	136	0
130	137	0
130	138	1
130	139	1
130	140	1
131	132	0
131	133	1
131	134	0
131	135	0
131	136	1
131	137	0
131	138	1
131	139	1
131	140	0
132	133	1
132	134	0
132	135	1
132	136	1
132	137	1
132	138	0
132	139	1
132	140	1
133	134	1
133	135	0
133	136	1
133	137	1
133	138	0
133	139	0
133	140	1
134	135	1
134	136	0
134	137	0
134	138	1
134	139	1
134	140	1
135	136	1
135	137	1
135	138	1
135	139	1
135	140	1
136	137	1
136	138	1
136	139	0
136	140	1
137	138	0
137	139	1
137	140	0
138	139	0
138	140	0
139	140	0
