140	9730	0
1	2	1
1	3	0
1	4	0
1	5	0
1	6	0
1	7	0
1	8	1
1	9	0
1	10	1
1	11	0
1	12	0
1	13	0
1	14	0
1	15	1
1	16	1
1	17	0
1	18	1
1	19	0
1	20	0
1	21	1
1	22	1
1	23	0
1	24	0
1	25	1
1	26	0
1	27	0
1	28	1
1	29	0
1	30	0
1	31	1
1	32	1
1	33	1
1	34	1
1	35	1
1	36	0
1	37	1
1	38	0
1	39	1
1	40	0
1	41	0
1	42	1
1	43	0
1	44	0
1	45	1
1	46	0
1	47	0
1	48	0
1	49	1
1	50	0
1	51	1
1	52	1
1	53	0
1	54	1
1	55	0
1	56	1
1	57	1
1	58	0
1	59	1
1	60	1
1	61	1
1	62	1
1	63	1
1	64	1
1	65	1
1	66	1
1	67	1
1	68	0
1	69	1
1	70	1
1	71	1
1	72	0
1	73	1
1	74	0
1	75	0
1	76	0
1	77	1
1	78	0
1	79	0
1	80	1
1	81	1
1	82	0
1	83	0
1	84	0
1	85	1
1	86	0
1	87	0
1	88	1
1	89	0
1	90	1
1	91	0
1	92	0
1	93	0
1	94	1
1	95	1
1	96	1
1	97	1
1	98	0
1	99	1
1	100	1
1	101	0
1	102	1
1	103	0
1	104	1
1	105	0
1	106	1
1	107	1
1	108	0
1	109	1
1	110	1
1	111	0
1	112	0
1	113	1
1	114	0
1	115	1
1	116	1
1	117	1
1	118	0
1	119	1
1	120	1
1	121	1
1	122	1
1	123	0
1	124	1
1	125	1
1	126	0
1	127	1
1	128	0
1	129	1
1	130	1
1	131	1
1	132	0
1	133	0
1	134	1
1	135	0
1	136	0
1	137	1
1	138	0
1	139	0
1	140	1
2	3	1
2	4	1
2	5	0
2	6	1
2	7	1
2	8	0
2	9	1
2	10	0
2	11	0
2	12	0
2	13	0
2	14	1
2	15	1
2	16	1
2	17	0
2	18	0
2	19	1
2	20	0
2	21	0
2	22	0
2	23	1
2	24	1
2	25	1
2	26	1
2	27	1
2	28	0
2	29	0
2	30	1
2	31	0
2	32	0
2	33	0
2	34	1
2	35	1
2	36	1
2	37	0
2	38	0
2	39	0
2	40	1
2	41	1
2	42	1
2	43	1
2	44	0
2	45	1
2	46	0
2	47	0
2	48	0
2	49	1
2	50	0
2	51	1
2	52	0
2	53	1
2	54	1
2	55	1
2	56	0
2	57	0
2	58	0
2	59	1
2	60	0
2	61	1
2	62	1
2	63	1
2	64	0
2	65	0
2	66	1
2	67	1
2	68	0
2	69	1
2	70	1
2	71	1
2	72	1
2	73	0
2	74	1
2	75	0
2	76	1
2	77	1
2	78	0
2	79	0
2	80	1
2	81	1
2	82	1
2	83	1
2	84	0
2	85	0
2	86	1
2	87	0
2	88	1
2	89	1
2	90	0
2	91	0
2	92	0
2	93	1
2	94	1
2	95	1
2	96	1
2	97	1
2	98	0
2	99	0
2	100	1
2	101	0
2	102	1
2	103	1
2	104	0
2	105	1
2	106	1
2	107	1
2	108	1
2	109	1
2	110	1
2	111	0
2	112	1
2	113	1
2	114	0
2	115	0
2	116	0
2	117	1
2	118	1
2	119	0
2	120	1
2	121	0
2	122	1
2	123	0
2	124	1
2	125	0
2	126	0
2	127	0
2	128	1
2	129	0
2	130	0
2	131	1
2	132	0
2	133	0
2	134	0
2	135	1
2	136	1
2	137	0
2	138	1
2	139	0
2	140	1
3	4	0
3	5	0
3	6	1
3	7	1
3	8	1
3	9	0
3	10	1
3	11	1
3	12	0
3	13	0
3	14	1
3	15	1
3	16	0
3	17	1
3	18	0
3	19	0
3	20	0
3	21	0
3	22	1
3	23	0
3	24	0
3	25	1
3	26	0
3	27	0
3	28	0
3	29	0
3	30	0
3	31	1
3	32	0
3	33	1
3	34	0
3	35	0
3	36	1
3	37	0
3	38	1
3	39	0
3	40	0
3	41	1
3	42	0
3	43	0
3	44	1
3	45	1
3	46	0
3	47	0
3	48	1
3	49	0
3	50	0
3	51	1
3	52	1
3	53	1
3	54	0
3	55	0
3	56	1
3	57	0
3	58	0
3	59	1
3	60	1
3	61	0
3	62	0
3	63	1
3	64	1
3	65	0
3	66	0
3	67	0
3	68	1
3	69	1
3	70	1
3	71	1
3	72	1
3	73	0
3	74	0
3	75	1
3	76	1
3	77	0
3	78	1
3	79	1
3	80	1
3	81	1
3	82	0
3	83	0
3	84	0
3	85	1
3	86	1
3	87	1
3	88	0
3	89	1
3	90	1
3	91	1
3	92	0
3	93	1
3	94	1
3	95	0
3	96	0
3	97	0
3	98	0
3	99	0
3	100	1
3	101	1
3	102	1
3	103	0
3	104	0
3	105	1
3	106	0
3	107	1
3	108	1
3	109	1
3	110	1
3	111	0
3	112	0
3	113	1
3	114	0
3	115	0
3	116	1
3	117	0
3	118	1
3	119	1
3	120	0
3	121	0
3	122	1
3	123	1
3	124	0
3	125	1
3	126	0
3	127	1
3	128	0
3	129	1
3	130	1
3	131	0
3	132	0
3	133	1
3	134	1
3	135	0
3	136	1
3	137	1
3	138	0
3	139	1
3	140	1
4	5	0
4	6	1
4	7	1
4	8	1
4	9	1
4	10	0
4	11	1
4	12	0
4	13	1
4	14	0
4	15	1
4	16	0
4	17	1
4	18	0
4	19	1
4	20	1
4	21	1
4	22	0
4	23	0
4	24	1
4	25	0
4	26	0
4	27	0
4	28	1
4	29	0
4	30	0
4	31	1
4	32	0
4	33	1
4	34	1
4	35	0
4	36	1
4	37	1
4	38	0
4	39	1
4	40	0
4	41	0
4	42	1
4	43	1
4	44	0
4	45	0
4	46	0
4	47	1
4	48	0
4	49	1
4	50	1
4	51	1
4	52	0
4	53	1
4	54	0
4	55	1
4	56	1
4	57	0
4	58	1
4	59	1
4	60	1
4	61	1
4	62	0
4	63	1
4	64	1
4	65	0
4	66	1
4	67	0
4	68	1
4	69	0
4	70	0
4	71	1
4	72	1
4	73	1
4	74	1
4	75	0
4	76	0
4	77	0
4	78	1
4	79	1
4	80	0
4	81	0
4	82	1
4	83	1
4	84	1
4	85	0
4	86	1
4	87	0
4	88	0
4	89	0
4	90	0
4	91	1
4	92	1
4	93	0
4	94	1
4	95	0
4	96	0
4	97	0
4	98	1
4	99	0
4	100	1
4	101	0
4	102	0
4	103	1
4	104	1
4	105	0
4	106	0
4	107	0
4	108	1
4	109	1
4	110	1
4	111	0
4	112	0
4	113	1
4	114	0
4	115	0
4	116	0
4	117	1
4	118	1
4	119	1
4	120	0
4	121	1
4	122	0
4	123	0
4	124	1
4	125	1
4	126	0
4	127	0
4	128	1
4	129	0
4	130	0
4	131	0
4	132	0
4	133	1
4	134	1
4	135	1
4	136	1
4	137	1
4	138	1
4	139	0
4	140	1
5	6	1
5	7	1
5	8	0
5	9	0
5	10	1
5	11	0
5	12	1
5	13	0
5	14	1
5	15	1
5	16	0
5	17	1
5	18	1
5	19	1
5	20	0
5	21	0
5	22	0
5	23	0
5	24	0
5	25	0
5	26	0
5	27	1
5	28	0
5	29	0
5	30	1
5	31	1
5	32	0
5	33	0
5	34	1
5	35	0
5	36	0
5	37	1
5	38	1
5	39	0
5	40	0
5	41	1
5	42	0
5	43	1
5	44	0
5	45	1
5	46	1
5	47	1
5	48	0
5	49	0
5	50	1
5	51	0
5	52	1
5	53	0
5	54	1
5	55	0
5	56	1
5	57	0
5	58	0
5	59	0
5	60	1
5	61	0
5	62	0
5	63	1
5	64	1
5	65	0
5	66	1
5	67	0
5	68	1
5	69	0
5	70	1
5	71	1
5	72	0
5	73	0
5	74	1
5	75	1
5	76	0
5	77	1
5	78	1
5	79	1
5	80	0
5	81	1
5	82	1
5	83	1
5	84	1
5	85	0
5	86	1
5	87	0
5	88	1
5	89	1
5	90	1
5	91	0
5	92	0
5	93	1
5	94	0
5	95	0
5	96	0
5	97	0
5	98	1
5	99	0
5	100	1
5	101	0
5	102	1
5	103	0
5	104	1
5	105	1
5	106	1
5	107	1
5	108	1
5	109	1
5	110	1
5	111	0
5	112	0
5	113	0
5	114	0
5	115	0
5	116	1
5	117	0
5	118	1
5	119	1
5	120	0
5	121	0
5	122	0
5	123	1
5	124	0
5	125	1
5	126	0
5	127	0
5	128	0
5	129	1
5	130	0
5	131	0
5	132	0
5	133	0
5	134	1
5	135	0
5	136	0
5	137	0
5	138	0
5	139	1
5	140	1
6	7	1
6	8	1
6	9	0
6	10	0
6	11	1
6	12	0
6	13	0
6	14	1
6	15	0
6	16	1
6	17	0
6	18	1
6	19	1
6	20	0
6	21	1
6	22	0
6	23	1
6	24	1
6	25	0
6	26	0
6	27	0
6	28	0
6	29	0
6	30	0
6	31	0
6	32	0
6	33	0
6	34	0
6	35	1
6	36	1
6	37	0
6	38	1
6	39	1
6	40	0
6	41	1
6	42	1
6	43	1
6	44	0
6	45	1
6	46	1
6	47	0
6	48	1
6	49	1
6	50	0
6	51	1
6	52	1
6	53	1
6	54	0
6	55	0
6	56	0
6	57	1
6	58	0
6	59	1
6	60	0
6	61	1
6	62	1
6	63	1
6	64	0
6	65	0
6	66	0
6	67	0
6	68	0
6	69	0
6	70	1
6	71	1
6	72	0
6	73	0
6	74	1
6	75	0
6	76	0
6	77	1
6	78	0
6	79	0
6	80	0
6	81	1
6	82	1
6	83	0
6	84	1
6	85	1
6	86	0
6	87	1
6	88	1
6	89	0
6	90	1
6	91	1
6	92	0
6	93	0
6	94	1
6	95	0
6	96	0
6	97	1
6	98	0
6	99	1
6	100	0
6	101	1
6	102	0
6	103	1
6	104	0
6	105	0
6	106	1
6	107	1
6	108	0
6	109	0
6	110	0
6	111	0
6	112	1
6	113	0
6	114	1
6	115	0
6	116	1
6	117	0
6	118	1
6	119	1
6	120	1
6	121	1
6	122	1
6	123	0
6	124	0
6	125	1
6	126	1
6	127	0
6	128	0
6	129	0
6	130	0
6	131	1
6	132	1
6	133	0
6	134	0
6	135	1
6	136	0
6	137	1
6	138	0
6	139	0
6	140	0
7	8	1
7	9	1
7	10	1
7	11	0
7	12	1
7	13	0
7	14	0
7	15	1
7	16	1
7	17	1
7	18	0
7	19	0
7	20	0
7	21	0
7	22	1
7	23	1
7	24	1
7	25	1
7	26	1
7	27	0
7	28	0
7	29	1
7	30	0
7	31	0
7	32	1
7	33	1
7	34	0
7	35	1
7	36	0
7	37	0
7	38	1
7	39	0
7	40	1
7	41	1
7	42	0
7	43	0
7	44	1
7	45	1
7	46	1
7	47	0
7	48	1
7	49	0
7	50	0
7	51	1
7	52	0
7	53	1
7	54	0
7	55	0
7	56	1
7	57	0
7	58	1
7	59	0
7	60	0
7	61	1
7	62	0
7	63	1
7	64	1
7	65	0
7	66	1
7	67	0
7	68	1
7	69	0
7	70	1
7	71	0
7	72	0
7	73	0
7	74	0
7	75	0
7	76	1
7	77	1
7	78	0
7	79	0
7	80	0
7	81	0
7	82	1
7	83	1
7	84	1
7	85	1
7	86	0
7	87	1
7	88	0
7	89	1
7	90	1
7	91	0
7	92	1
7	93	0
7	94	1
7	95	1
7	96	0
7	97	1
7	98	1
7	99	0
7	100	0
7	101	0
7	102	1
7	103	0
7	104	0
7	105	1
7	106	0
7	107	0
7	108	0
7	109	1
7	110	1
7	111	1
7	112	1
7	113	1
7	114	1
7	115	0
7	116	0
7	117	0
7	118	1
7	119	1
7	120	0
7	121	0
7	122	0
7	123	1
7	124	0
7	125	0
7	126	0
7	127	0
7	128	0
7	129	1
7	130	0
7	131	1
7	132	1
7	133	1
7	134	1
7	135	0
7	136	1
7	137	1
7	138	0
7	139	0
7	140	0
8	9	0
8	10	0
8	11	1
8	12	0
8	13	0
8	14	1
8	15	0
8	16	1
8	17	1
8	18	0
8	19	1
8	20	1
8	21	1
8	22	0
8	23	1
8	24	0
8	25	0
8	26	1
8	27	0
8	28	1
8	29	1
8	30	0
8	31	1
8	32	1
8	33	0
8	34	0
8	35	1
8	36	1
8	37	0
8	38	1
8	39	1
8	40	1
8	41	1
8	42	1
8	43	0
8	44	0
8	45	0
8	46	1
8	47	0
8	48	1
8	49	0
8	50	0
8	51	1
8	52	1
8	53	1
8	54	1
8	55	1
8	56	1
8	57	1
8	58	0
8	59	0
8	60	1
8	61	1
8	62	0
8	63	1
8	64	0
8	65	0
8	66	1
8	67	0
8	68	0
8	69	1
8	70	1
8	71	1
8	72	0
8	73	1
8	74	0
8	75	1
8	76	1
8	77	0
8	78	1
8	79	1
8	80	1
8	81	1
8	82	1
8	83	1
8	84	1
8	85	1
8	86	1
8	87	1
8	88	1
8	89	1
8	90	1
8	91	1
8	92	1
8	93	1
8	94	1
8	95	0
8	96	1
8	97	0
8	98	0
8	99	0
8	100	0
8	101	0
8	102	1
8	103	0
8	104	1
8	105	1
8	106	0
8	107	1
8	108	1
8	109	1
8	110	1
8	111	0
8	112	1
8	113	1
8	114	1
8	115	0
8	116	0
8	117	0
8	118	1
8	119	1
8	120	1
8	121	1
8	122	1
8	123	0
8	124	1
8	125	1
8	126	1
8	127	1
8	128	1
8	129	1
8	130	1
8	131	0
8	132	0
8	133	1
8	134	1
8	135	0
8	136	1
8	137	0
8	138	0
8	139	1
8	140	0
9	10	1
9	11	0
9	12	0
9	13	1
9	14	0
9	15	0
9	16	1
9	17	0
9	18	0
9	19	1
9	20	0
9	21	1
9	22	1
9	23	0
9	24	0
9	25	1
9	26	1
9	27	0
9	28	1
9	29	1
9	30	0
9	31	0
9	32	1
9	33	1
9	34	1
9	35	0
9	36	1
9	37	0
9	38	0
9	39	0
9	40	0
9	41	1
9	42	1
9	43	1
9	44	1
9	45	1
9	46	1
9	47	0
9	48	0
9	49	1
9	50	0
9	51	1
9	52	1
9	53	1
9	54	1
9	55	0
9	56	1
9	57	0
9	58	0
9	59	1
9	60	0
9	61	1
9	62	0
9	63	0
9	64	0
9	65	1
9	66	1
9	67	1
9	68	1
9	69	1
9	70	1
9	71	0
9	72	1
9	73	1
9	74	1
9	75	1
9	76	1
9	77	1
9	78	0
9	79	1
9	80	0
9	81	0
9	82	1
9	83	0
9	84	0
9	85	1
9	86	0
9	87	0
9	88	1
9	89	0
9	90	0
9	91	1
9	92	1
9	93	1
9	94	0
9	95	1
9	96	1
9	97	1
9	98	0
9	99	0
9	100	1
9	101	1
9	102	1
9	103	0
9	104	0
9	105	1
9	106	0
9	107	0
9	108	1
9	109	0
9	110	0
9	111	0
9	112	1
9	113	0
9	114	1
9	115	1
9	116	1
9	117	1
9	118	0
9	119	1
9	120	0
9	121	0
9	122	1
9	123	0
9	124	1
9	125	0
9	126	0
9	127	0
9	128	1
9	129	1
9	130	0
9	131	1
9	132	0
9	133	1
9	134	0
9	135	1
9	136	0
9	137	0
9	138	0
9	139	0
9	140	1
10	11	0
10	12	1
10	13	1
10	14	0
10	15	1
10	16	0
10	17	1
10	18	0
10	19	1
10	20	1
10	21	1
10	22	0
10	23	0
10	24	1
10	25	0
10	26	1
10	27	0
10	28	1
10	29	0
10	30	0
10	31	0
10	32	0
10	33	0
10	34	1
10	35	1
10	36	1
10	37	1
10	38	0
10	39	1
10	40	0
10	41	1
10	42	1
10	43	0
10	44	0
10	45	0
10	46	0
10	47	0
10	48	1
10	49	0
10	50	0
10	51	1
10	52	1
10	53	1
10	54	0
10	55	1
10	56	1
10	57	0
10	58	1
10	59	0
10	60	0
10	61	0
10	62	1
10	63	1
10	64	1
10	65	1
10	66	1
10	67	1
10	68	0
10	69	0
10	70	0
10	71	0
10	72	0
10	73	1
10	74	0
10	75	0
10	76	1
10	77	1
10	78	1
10	79	1
10	80	0
10	81	1
10	82	0
10	83	1
10	84	0
10	85	0
10	86	1
10	87	1
10	88	0
10	89	1
10	90	0
10	91	0
10	92	1
10	93	1
10	94	0
10	95	0
10	96	0
10	97	1
10	98	0
10	99	0
10	100	1
10	101	0
10	102	0
10	103	0
10	104	0
10	105	1
10	106	0
10	107	0
10	108	1
10	109	1
10	110	0
10	111	0
10	112	0
10	113	1
10	114	0
10	115	0
10	116	0
10	117	0
10	118	0
10	119	1
10	120	0
10	121	1
10	122	0
10	123	1
10	124	1
10	125	0
10	126	0
10	127	1
10	128	0
10	129	1
10	130	0
10	131	0
10	132	1
10	133	0
10	134	1
10	135	0
10	136	0
10	137	1
10	138	0
10	139	1
10	140	0
11	12	1
11	13	1
11	14	0
11	15	0
11	16	0
11	17	0
11	18	1
11	19	0
11	20	0
11	21	1
11	22	0
11	23	0
11	24	0
11	25	0
11	26	1
11	27	0
11	28	0
11	29	1
11	30	1
11	31	0
11	32	0
11	33	0
11	34	0
11	35	1
11	36	0
11	37	0
11	38	1
11	39	1
11	40	1
11	41	0
11	42	0
11	43	0
11	44	0
11	45	1
11	46	1
11	47	1
11	48	1
11	49	1
11	50	0
11	51	0
11	52	1
11	53	0
11	54	0
11	55	0
11	56	1
11	57	0
11	58	0
11	59	0
11	60	0
11	61	0
11	62	1
11	63	1
11	64	0
11	65	1
11	66	1
11	67	0
11	68	1
11	69	1
11	70	0
11	71	0
11	72	1
11	73	1
11	74	0
11	75	1
11	76	0
11	77	0
11	78	0
11	79	1
11	80	0
11	81	0
11	82	1
11	83	1
11	84	1
11	85	1
11	86	1
11	87	1
11	88	1
11	89	0
11	90	1
11	91	1
11	92	1
11	93	0
11	94	0
11	95	0
11	96	0
11	97	0
11	98	0
11	99	1
11	100	1
11	101	1
11	102	0
11	103	0
11	104	1
11	105	1
11	106	1
11	107	1
11	108	1
11	109	1
11	110	1
11	111	1
11	112	0
11	113	0
11	114	0
11	115	1
11	116	0
11	117	1
11	118	1
11	119	0
11	120	1
11	121	1
11	122	0
11	123	1
11	124	1
11	125	1
11	126	1
11	127	1
11	128	0
11	129	1
11	130	1
11	131	1
11	132	0
11	133	1
11	134	1
11	135	1
11	136	0
11	137	0
11	138	0
11	139	0
11	140	1
12	13	1
12	14	1
12	15	0
12	16	1
12	17	1
12	18	0
12	19	1
12	20	1
12	21	0
12	22	1
12	23	1
12	24	0
12	25	1
12	26	1
12	27	1
12	28	0
12	29	0
12	30	1
12	31	1
12	32	0
12	33	1
12	34	1
12	35	1
12	36	1
12	37	1
12	38	1
12	39	0
12	40	1
12	41	1
12	42	1
12	43	0
12	44	0
12	45	0
12	46	1
12	47	0
12	48	0
12	49	0
12	50	1
12	51	1
12	52	1
12	53	0
12	54	0
12	55	0
12	56	0
12	57	0
12	58	1
12	59	0
12	60	1
12	61	0
12	62	0
12	63	1
12	64	0
12	65	0
12	66	0
12	67	0
12	68	0
12	69	0
12	70	0
12	71	1
12	72	0
12	73	1
12	74	1
12	75	0
12	76	0
12	77	1
12	78	0
12	79	1
12	80	0
12	81	1
12	82	0
12	83	0
12	84	0
12	85	1
12	86	1
12	87	0
12	88	0
12	89	1
12	90	0
12	91	0
12	92	0
12	93	0
12	94	1
12	95	0
12	96	0
12	97	1
12	98	1
12	99	1
12	100	1
12	101	0
12	102	1
12	103	1
12	104	1
12	105	0
12	106	1
12	107	0
12	108	1
12	109	1
12	110	0
12	111	0
12	112	0
12	113	0
12	114	1
12	115	0
12	116	1
12	117	1
12	118	0
12	119	1
12	120	0
12	121	0
12	122	0
12	123	0
12	124	0
12	125	0
12	126	0
12	127	1
12	128	0
12	129	1
12	130	0
12	131	0
12	132	0
12	133	1
12	134	1
12	135	0
12	136	1
12	137	1
12	138	1
12	139	0
12	140	1
13	14	1
13	15	0
13	16	0
13	17	0
13	18	0
13	19	0
13	20	1
13	21	1
13	22	1
13	23	0
13	24	0
13	25	0
13	26	1
13	27	1
13	28	1
13	29	1
13	30	1
13	31	1
13	32	0
13	33	1
13	34	1
13	35	1
13	36	0
13	37	0
13	38	1
13	39	1
13	40	1
13	41	1
13	42	0
13	43	0
13	44	0
13	45	1
13	46	1
13	47	0
13	48	1
13	49	0
13	50	0
13	51	1
13	52	0
13	53	0
13	54	0
13	55	1
13	56	1
13	57	1
13	58	1
13	59	1
13	60	0
13	61	0
13	62	0
13	63	1
13	64	0
13	65	1
13	66	0
13	67	1
13	68	0
13	69	0
13	70	0
13	71	0
13	72	0
13	73	1
13	74	1
13	75	1
13	76	0
13	77	0
13	78	1
13	79	0
13	80	1
13	81	0
13	82	1
13	83	0
13	84	0
13	85	1
13	86	1
13	87	0
13	88	1
13	89	1
13	90	1
13	91	0
13	92	0
13	93	1
13	94	0
13	95	1
13	96	0
13	97	1
13	98	0
13	99	1
13	100	1
13	101	0
13	102	1
13	103	0
13	104	0
13	105	1
13	106	0
13	107	0
13	108	0
13	109	1
13	110	1
13	111	0
13	112	0
13	113	1
13	114	0
13	115	0
13	116	0
13	117	0
13	118	1
13	119	0
13	120	1
13	121	0
13	122	0
13	123	1
13	124	1
13	125	1
13	126	0
13	127	0
13	128	1
13	129	0
13	130	0
13	131	1
13	132	1
13	133	0
13	134	1
13	135	1
13	136	0
13	137	1
13	138	1
13	139	1
13	140	1
14	15	1
14	16	0
14	17	0
14	18	0
14	19	1
14	20	0
14	21	1
14	22	0
14	23	1
14	24	1
14	25	1
14	26	0
14	27	0
14	28	1
14	29	0
14	30	1
14	31	1
14	32	0
14	33	1
14	34	1
14	35	0
14	36	0
14	37	1
14	38	1
14	39	1
14	40	0
14	41	0
14	42	1
14	43	0
14	44	1
14	45	1
14	46	0
14	47	0
14	48	1
14	49	0
14	50	1
14	51	0
14	52	1
14	53	0
14	54	1
14	55	1
14	56	0
14	57	1
14	58	0
14	59	1
14	60	1
14	61	1
14	62	0
14	63	0
14	64	0
14	65	0
14	66	1
14	67	1
14	68	0
14	69	1
14	70	1
14	71	0
14	72	1
14	73	1
14	74	1
14	75	0
14	76	0
14	77	1
14	78	0
14	79	1
14	80	1
14	81	0
14	82	0
14	83	0
14	84	0
14	85	1
14	86	1
14	87	0
14	88	1
14	89	1
14	90	1
14	91	0
14	92	1
14	93	1
14	94	1
14	95	1
14	96	1
14	97	1
14	98	0
14	99	0
14	100	0
14	101	0
14	102	0
14	103	0
14	104	1
14	105	0
14	106	0
14	107	1
14	108	1
14	109	0
14	110	1
14	111	0
14	112	0
14	113	1
14	114	1
14	115	1
14	116	0
14	117	1
14	118	0
14	119	0
14	120	0
14	121	1
14	122	1
14	123	0
14	124	0
14	125	1
14	126	0
14	127	1
14	128	1
14	129	1
14	130	0
14	131	0
14	132	1
14	133	0
14	134	0
14	135	0
14	136	1
14	137	1
14	138	0
14	139	0
14	140	1
15	16	1
15	17	0
15	18	0
15	19	0
15	20	1
15	21	0
15	22	0
15	23	1
15	24	1
15	25	1
15	26	0
15	27	1
15	28	1
15	29	0
15	30	1
15	31	1
15	32	1
15	33	0
15	34	1
15	35	0
15	36	1
15	37	1
15	38	1
15	39	0
15	40	1
15	41	0
15	42	0
15	43	1
15	44	1
15	45	1
15	46	1
15	47	1
15	48	1
15	49	0
15	50	1
15	51	1
15	52	1
15	53	0
15	54	1
15	55	1
15	56	0
15	57	0
15	58	0
15	59	1
15	60	0
15	61	1
15	62	1
15	63	1
15	64	1
15	65	0
15	66	0
15	67	1
15	68	0
15	69	1
15	70	1
15	71	0
15	72	0
15	73	1
15	74	0
15	75	1
15	76	1
15	77	1
15	78	0
15	79	0
15	80	1
15	81	1
15	82	1
15	83	0
15	84	0
15	85	1
15	86	0
15	87	0
15	88	1
15	89	0
15	90	0
15	91	0
15	92	1
15	93	1
15	94	0
15	95	1
15	96	1
15	97	1
15	98	1
15	99	0
15	100	1
15	101	1
15	102	0
15	103	1
15	104	0
15	105	0
15	106	0
15	107	1
15	108	1
15	109	1
15	110	1
15	111	0
15	112	1
15	113	0
15	114	1
15	115	0
15	116	0
15	117	1
15	118	0
15	119	1
15	120	1
15	121	0
15	122	1
15	123	0
15	124	1
15	125	1
15	126	1
15	127	0
15	128	1
15	129	0
15	130	1
15	131	1
15	132	1
15	133	1
15	134	1
15	135	1
15	136	1
15	137	1
15	138	1
15	139	1
15	140	0
16	17	1
16	18	1
16	19	1
16	20	0
16	21	0
16	22	0
16	23	0
16	24	1
16	25	0
16	26	0
16	27	1
16	28	1
16	29	1
16	30	1
16	31	1
16	32	1
16	33	0
16	34	1
16	35	0
16	36	0
16	37	1
16	38	0
16	39	0
16	40	0
16	41	1
16	42	1
16	43	0
16	44	0
16	45	0
16	46	0
16	47	1
16	48	0
16	49	1
16	50	1
16	51	0
16	52	0
16	53	0
16	54	1
16	55	0
16	56	0
16	57	0
16	58	0
16	59	1
16	60	1
16	61	0
16	62	1
16	63	0
16	64	1
16	65	1
16	66	1
16	67	1
16	68	0
16	69	0
16	70	1
16	71	1
16	72	1
16	73	1
16	74	0
16	75	0
16	76	1
16	77	0
16	78	1
16	79	1
16	80	1
16	81	0
16	82	1
16	83	0
16	84	0
16	85	1
16	86	1
16	87	1
16	88	1
16	89	0
16	90	1
16	91	0
16	92	1
16	93	1
16	94	0
16	95	0
16	96	0
16	97	0
16	98	1
16	99	1
16	100	0
16	101	0
16	102	1
16	103	1
16	104	1
16	105	1
16	106	1
16	107	0
16	108	1
16	109	0
16	110	1
16	111	1
16	112	1
16	113	1
16	114	0
16	115	0
16	116	1
16	117	0
16	118	1
16	119	0
16	120	1
16	121	1
16	122	0
16	123	1
16	124	0
16	125	0
16	126	1
16	127	1
16	128	1
16	129	1
16	130	1
16	131	0
16	132	0
16	133	1
16	134	1
16	135	0
16	136	1
16	137	1
16	138	0
16	139	1
16	140	1
17	18	0
17	19	0
17	20	0
17	21	1
17	22	1
17	23	0
17	24	0
17	25	1
17	26	0
17	27	1
17	28	0
17	29	1
17	30	1
17	31	0
17	32	1
17	33	1
17	34	1
17	35	0
17	36	0
17	37	1
17	38	0
17	39	0
17	40	0
17	41	1
17	42	0
17	43	0
17	44	1
17	45	1
17	46	1
17	47	0
17	48	0
17	49	0
17	50	0
17	51	0
17	52	0
17	53	0
17	54	1
17	55	0
17	56	0
17	57	1
17	58	1
17	59	1
17	60	1
17	61	1
17	62	1
17	63	0
17	64	0
17	65	0
17	66	1
17	67	0
17	68	1
17	69	0
17	70	0
17	71	0
17	72	0
17	73	1
17	74	0
17	75	0
17	76	0
17	77	0
17	78	1
17	79	1
17	80	1
17	81	1
17	82	1
17	83	1
17	84	0
17	85	1
17	86	0
17	87	1
17	88	1
17	89	1
17	90	1
17	91	1
17	92	0
17	93	1
17	94	1
17	95	0
17	96	1
17	97	0
17	98	0
17	99	1
17	100	0
17	101	0
17	102	1
17	103	0
17	104	1
17	105	1
17	106	0
17	107	0
17	108	1
17	109	1
17	110	1
17	111	0
17	112	1
17	113	1
17	114	0
17	115	0
17	116	0
17	117	1
17	118	1
17	119	0
17	120	1
17	121	0
17	122	0
17	123	1
17	124	1
17	125	0
17	126	1
17	127	1
17	128	0
17	129	1
17	130	1
17	131	0
17	132	0
17	133	0
17	134	1
17	135	0
17	136	1
17	137	0
17	138	0
17	139	1
17	140	1
18	19	1
18	20	0
18	21	1
18	22	0
18	23	1
18	24	1
18	25	0
18	26	0
18	27	1
18	28	0
18	29	0
18	30	0
18	31	0
18	32	1
18	33	0
18	34	0
18	35	0
18	36	1
18	37	0
18	38	0
18	39	1
18	40	0
18	41	1
18	42	0
18	43	1
18	44	0
18	45	0
18	46	1
18	47	0
18	48	0
18	49	1
18	50	0
18	51	1
18	52	1
18	53	1
18	54	0
18	55	0
18	56	0
18	57	0
18	58	1
18	59	0
18	60	1
18	61	0
18	62	1
18	63	1
18	64	0
18	65	1
18	66	1
18	67	1
18	68	1
18	69	1
18	70	0
18	71	0
18	72	1
18	73	0
18	74	1
18	75	1
18	76	0
18	77	1
18	78	0
18	79	0
18	80	1
18	81	0
18	82	0
18	83	1
18	84	1
18	85	0
18	86	0
18	87	1
18	88	1
18	89	0
18	90	0
18	91	1
18	92	1
18	93	0
18	94	1
18	95	0
18	96	0
18	97	1
18	98	0
18	99	1
18	100	0
18	101	0
18	102	0
18	103	0
18	104	0
18	105	1
18	106	1
18	107	1
18	108	1
18	109	0
18	110	1
18	111	0
18	112	1
18	113	0
18	114	1
18	115	1
18	116	1
18	117	1
18	118	1
18	119	0
18	120	0
18	121	0
18	122	1
18	123	1
18	124	0
18	125	1
18	126	0
18	127	1
18	128	0
18	129	0
18	130	1
18	131	0
18	132	1
18	133	0
18	134	1
18	135	0
18	136	1
18	137	1
18	138	1
18	139	1
18	140	0
19	20	0
19	21	0
19	22	1
19	23	1
19	24	1
19	25	0
19	26	0
19	27	0
19	28	0
19	29	1
19	30	1
19	31	0
19	32	0
19	33	0
19	34	1
19	35	1
19	36	1
19	37	0
19	38	1
19	39	0
19	40	0
19	41	0
19	42	0
19	43	1
19	44	1
19	45	1
19	46	0
19	47	0
19	48	1
19	49	0
19	50	1
19	51	1
19	52	0
19	53	1
19	54	1
19	55	0
19	56	1
19	57	1
19	58	0
19	59	0
19	60	0
19	61	0
19	62	1
19	63	1
19	64	0
19	65	0
19	66	0
19	67	0
19	68	1
19	69	0
19	70	1
19	71	0
19	72	1
19	73	0
19	74	0
19	75	0
19	76	0
19	77	1
19	78	1
19	79	1
19	80	0
19	81	0
19	82	1
19	83	1
19	84	1
19	85	1
19	86	0
19	87	0
19	88	1
19	89	0
19	90	1
19	91	1
19	92	0
19	93	0
19	94	1
19	95	0
19	96	0
19	97	1
19	98	0
19	99	1
19	100	1
19	101	0
19	102	1
19	103	0
19	104	0
19	105	1
19	106	1
19	107	0
19	108	0
19	109	0
19	110	0
19	111	1
19	112	0
19	113	1
19	114	0
19	115	1
19	116	1
19	117	0
19	118	0
19	119	0
19	120	1
19	121	1
19	122	0
19	123	1
19	124	1
19	125	1
19	126	0
19	127	0
19	128	0
19	129	0
19	130	0
19	131	0
19	132	0
19	133	1
19	134	1
19	135	0
19	136	1
19	137	0
19	138	1
19	139	0
19	140	1
20	21	0
20	22	0
20	23	0
20	24	0
20	25	1
20	26	0
20	27	1
20	28	1
20	29	0
20	30	1
20	31	1
20	32	0
20	33	1
20	34	0
20	35	1
20	36	0
20	37	0
20	38	1
20	39	0
20	40	0
20	41	0
20	42	1
20	43	0
20	44	0
20	45	0
20	46	0
20	47	0
20	48	0
20	49	1
20	50	1
20	51	1
20	52	0
20	53	0
20	54	1
20	55	0
20	56	1
20	57	0
20	58	0
20	59	1
20	60	1
20	61	1
20	62	0
20	63	1
20	64	0
20	65	0
20	66	1
20	67	1
20	68	1
20	69	0
20	70	0
20	71	1
20	72	0
20	73	0
20	74	0
20	75	0
20	76	0
20	77	1
20	78	0
20	79	0
20	80	0
20	81	1
20	82	0
20	83	0
20	84	0
20	85	0
20	86	1
20	87	0
20	88	0
20	89	1
20	90	0
20	91	1
20	92	0
20	93	0
20	94	1
20	95	1
20	96	0
20	97	1
20	98	1
20	99	0
20	100	1
20	101	1
20	102	0
20	103	0
20	104	0
20	105	1
20	106	0
20	107	1
20	108	0
20	109	1
20	110	0
20	111	0
20	112	1
20	113	1
20	114	1
20	115	1
20	116	1
20	117	1
20	118	0
20	119	0
20	120	0
20	121	0
20	122	0
20	123	0
20	124	1
20	125	0
20	126	0
20	127	0
20	128	0
20	129	0
20	130	1
20	131	0
20	132	0
20	133	0
20	134	0
20	135	1
20	136	0
20	137	1
20	138	0
20	139	1
20	140	1
21	22	1
21	23	1
21	24	1
21	25	1
21	26	0
21	27	0
21	28	1
21	29	0
21	30	1
21	31	1
21	32	0
21	33	0
21	34	0
21	35	1
21	36	1
21	37	0
21	38	1
21	39	1
21	40	0
21	41	1
21	42	0
21	43	1
21	44	0
21	45	1
21	46	0
21	47	0
21	48	0
21	49	0
21	50	0
21	51	1
21	52	1
21	53	0
21	54	0
21	55	1
21	56	0
21	57	1
21	58	0
21	59	0
21	60	1
21	61	1
21	62	1
21	63	0
21	64	0
21	65	0
21	66	0
21	67	1
21	68	1
21	69	0
21	70	1
21	71	0
21	72	0
21	73	1
21	74	0
21	75	0
21	76	0
21	77	1
21	78	1
21	79	1
21	80	1
21	81	1
21	82	1
21	83	0
21	84	1
21	85	1
21	86	0
21	87	0
21	88	0
21	89	1
21	90	1
21	91	0
21	92	0
21	93	1
21	94	1
21	95	0
21	96	1
21	97	1
21	98	1
21	99	0
21	100	1
21	101	1
21	102	1
21	103	0
21	104	1
21	105	0
21	106	0
21	107	1
21	108	0
21	109	0
21	110	0
21	111	1
21	112	1
21	113	0
21	114	1
21	115	1
21	116	1
21	117	0
21	118	1
21	119	1
21	120	1
21	121	1
21	122	0
21	123	1
21	124	0
21	125	1
21	126	1
21	127	0
21	128	0
21	129	0
21	130	0
21	131	0
21	132	1
21	133	0
21	134	1
21	135	0
21	136	0
21	137	1
21	138	1
21	139	0
21	140	0
22	23	1
22	24	1
22	25	1
22	26	0
22	27	0
22	28	0
22	29	1
22	30	0
22	31	1
22	32	0
22	33	0
22	34	1
22	35	1
22	36	1
22	37	0
22	38	1
22	39	1
22	40	1
22	41	0
22	42	0
22	43	0
22	44	0
22	45	1
22	46	0
22	47	0
22	48	1
22	49	1
22	50	0
22	51	0
22	52	0
22	53	1
22	54	1
22	55	0
22	56	0
22	57	1
22	58	0
22	59	1
22	60	1
22	61	1
22	62	1
22	63	0
22	64	1
22	65	1
22	66	1
22	67	0
22	68	1
22	69	1
22	70	0
22	71	1
22	72	0
22	73	0
22	74	1
22	75	1
22	76	1
22	77	0
22	78	0
22	79	0
22	80	1
22	81	1
22	82	1
22	83	1
22	84	1
22	85	1
22	86	1
22	87	1
22	88	0
22	89	1
22	90	0
22	91	0
22	92	1
22	93	0
22	94	0
22	95	0
22	96	1
22	97	1
22	98	1
22	99	0
22	100	1
22	101	0
22	102	0
22	103	1
22	104	1
22	105	0
22	106	1
22	107	0
22	108	0
22	109	0
22	110	0
22	111	1
22	112	1
22	113	1
22	114	0
22	115	1
22	116	1
22	117	1
22	118	0
22	119	0
22	120	1
22	121	0
22	122	0
22	123	0
22	124	0
22	125	0
22	126	0
22	127	1
22	128	0
22	129	0
22	130	0
22	131	1
22	132	0
22	133	1
22	134	0
22	135	0
22	136	1
22	137	0
22	138	1
22	139	0
22	140	0
23	24	1
23	25	1
23	26	1
23	27	0
23	28	1
23	29	1
23	30	0
23	31	1
23	32	0
23	33	0
23	34	0
23	35	0
23	36	1
23	37	1
23	38	0
23	39	0
23	40	0
23	41	0
23	42	0
23	43	1
23	44	1
23	45	1
23	46	0
23	47	0
23	48	1
23	49	1
23	50	0
23	51	1
23	52	1
23	53	0
23	54	1
23	55	0
23	56	0
23	57	1
23	58	0
23	59	0
23	60	0
23	61	1
23	62	1
23	63	1
23	64	0
23	65	0
23	66	0
23	67	1
23	68	1
23	69	0
23	70	0
23	71	1
23	72	1
23	73	0
23	74	1
23	75	0
23	76	1
23	77	0
23	78	0
23	79	1
23	80	0
23	81	0
23	82	0
23	83	1
23	84	0
23	85	1
23	86	1
23	87	1
23	88	0
23	89	0
23	90	1
23	91	0
23	92	1
23	93	1
23	94	1
23	95	1
23	96	1
23	97	1
23	98	1
23	99	0
23	100	0
23	101	0
23	102	0
23	103	1
23	104	1
23	105	1
23	106	1
23	107	0
23	108	1
23	109	0
23	110	1
23	111	1
23	112	1
23	113	0
23	114	1
23	115	1
23	116	1
23	117	0
23	118	1
23	119	0
23	120	0
23	121	0
23	122	0
23	123	0
23	124	1
23	125	0
23	126	0
23	127	1
23	128	1
23	129	1
23	130	1
23	131	1
23	132	1
23	133	1
23	134	0
23	135	1
23	136	0
23	137	0
23	138	0
23	139	0
23	140	1
24	25	0
24	26	0
24	27	0
24	28	0
24	29	1
24	30	0
24	31	0
24	32	1
24	33	0
24	34	1
24	35	0
24	36	0
24	37	1
24	38	0
24	39	0
24	40	0
24	41	1
24	42	1
24	43	0
24	44	1
24	45	0
24	46	1
24	47	0
24	48	0
24	49	1
24	50	1
24	51	0
24	52	1
24	53	0
24	54	0
24	55	1
24	56	1
24	57	1
24	58	1
24	59	0
24	60	1
24	61	0
24	62	1
24	63	1
24	64	0
24	65	1
24	66	1
24	67	0
24	68	1
24	69	1
24	70	0
24	71	0
24	72	1
24	73	1
24	74	1
24	75	1
24	76	1
24	77	1
24	78	0
24	79	0
24	80	1
24	81	1
24	82	0
24	83	0
24	84	0
24	85	0
24	86	1
24	87	0
24	88	1
24	89	1
24	90	0
24	91	1
24	92	1
24	93	1
24	94	0
24	95	1
24	96	0
24	97	1
24	98	1
24	99	0
24	100	1
24	101	0
24	102	0
24	103	1
24	104	0
24	105	0
24	106	0
24	107	1
24	108	0
24	109	0
24	110	1
24	111	0
24	112	1
24	113	0
24	114	1
24	115	0
24	116	0
24	117	1
24	118	0
24	119	0
24	120	1
24	121	0
24	122	1
24	123	0
24	124	0
24	125	1
24	126	1
24	127	1
24	128	1
24	129	1
24	130	0
24	131	1
24	132	0
24	133	1
24	134	0
24	135	1
24	136	1
24	137	1
24	138	0
24	139	0
24	140	0
25	26	1
25	27	1
25	28	0
25	29	1
25	30	0
25	31	1
25	32	0
25	33	1
25	34	1
25	35	0
25	36	0
25	37	0
25	38	0
25	39	1
25	40	1
25	41	0
25	42	1
25	43	0
25	44	0
25	45	1
25	46	0
25	47	1
25	48	0
25	49	0
25	50	0
25	51	0
25	52	1
25	53	0
25	54	1
25	55	1
25	56	1
25	57	1
25	58	1
25	59	0
25	60	1
25	61	1
25	62	0
25	63	0
25	64	0
25	65	1
25	66	0
25	67	0
25	68	1
25	69	1
25	70	1
25	71	1
25	72	0
25	73	0
25	74	0
25	75	0
25	76	1
25	77	1
25	78	1
25	79	1
25	80	0
25	81	0
25	82	1
25	83	1
25	84	1
25	85	0
25	86	0
25	87	1
25	88	1
25	89	0
25	90	0
25	91	1
25	92	0
25	93	1
25	94	1
25	95	1
25	96	0
25	97	0
25	98	1
25	99	1
25	100	0
25	101	0
25	102	0
25	103	0
25	104	1
25	105	0
25	106	1
25	107	0
25	108	1
25	109	0
25	110	1
25	111	1
25	112	0
25	113	0
25	114	0
25	115	0
25	116	0
25	117	0
25	118	0
25	119	1
25	120	1
25	121	1
25	122	0
25	123	1
25	124	0
25	125	0
25	126	1
25	127	0
25	128	1
25	129	0
25	130	0
25	131	1
25	132	1
25	133	1
25	134	1
25	135	0
25	136	0
25	137	0
25	138	1
25	139	0
25	140	0
26	27	0
26	28	1
26	29	1
26	30	1
26	31	0
26	32	1
26	33	0
26	34	0
26	35	1
26	36	0
26	37	1
26	38	0
26	39	0
26	40	1
26	41	0
26	42	1
26	43	1
26	44	0
26	45	1
26	46	0
26	47	1
26	48	0
26	49	1
26	50	1
26	51	1
26	52	0
26	53	0
26	54	1
26	55	1
26	56	1
26	57	0
26	58	0
26	59	0
26	60	1
26	61	1
26	62	0
26	63	0
26	64	0
26	65	0
26	66	0
26	67	0
26	68	0
26	69	1
26	70	0
26	71	1
26	72	0
26	73	0
26	74	0
26	75	1
26	76	0
26	77	0
26	78	1
26	79	0
26	80	0
26	81	1
26	82	1
26	83	0
26	84	0
26	85	0
26	86	0
26	87	0
26	88	1
26	89	0
26	90	0
26	91	0
26	92	1
26	93	1
26	94	0
26	95	1
26	96	0
26	97	0
26	98	1
26	99	1
26	100	0
26	101	0
26	102	1
26	103	1
26	104	1
26	105	0
26	106	1
26	107	0
26	108	1
26	109	1
26	110	1
26	111	0
26	112	1
26	113	1
26	114	1
26	115	0
26	116	0
26	117	0
26	118	0
26	119	1
26	120	0
26	121	0
26	122	1
26	123	1
26	124	0
26	125	1
26	126	0
26	127	1
26	128	1
26	129	1
26	130	1
26	131	1
26	132	1
26	133	1
26	134	0
26	135	0
26	136	1
26	137	1
26	138	1
26	139	1
26	140	0
27	28	0
27	29	0
27	30	0
27	31	1
27	32	0
27	33	1
27	34	1
27	35	1
27	36	0
27	37	0
27	38	0
27	39	1
27	40	1
27	41	0
27	42	1
27	43	1
27	44	1
27	45	1
27	46	0
27	47	1
27	48	1
27	49	1
27	50	1
27	51	0
27	52	1
27	53	1
27	54	1
27	55	1
27	56	0
27	57	1
27	58	1
27	59	1
27	60	0
27	61	1
27	62	0
27	63	0
27	64	1
27	65	1
27	66	0
27	67	1
27	68	1
27	69	1
27	70	0
27	71	0
27	72	1
27	73	1
27	74	0
27	75	1
27	76	1
27	77	1
27	78	1
27	79	1
27	80	1
27	81	0
27	82	0
27	83	0
27	84	0
27	85	0
27	86	1
27	87	0
27	88	1
27	89	0
27	90	1
27	91	1
27	92	1
27	93	0
27	94	0
27	95	1
27	96	0
27	97	1
27	98	1
27	99	0
27	100	1
27	101	1
27	102	1
27	103	0
27	104	1
27	105	0
27	106	0
27	107	0
27	108	1
27	109	0
27	110	0
27	111	1
27	112	0
27	113	1
27	114	1
27	115	1
27	116	0
27	117	0
27	118	0
27	119	0
27	120	1
27	121	0
27	122	0
27	123	0
27	124	1
27	125	0
27	126	1
27	127	1
27	128	0
27	129	1
27	130	1
27	131	0
27	132	1
27	133	1
27	134	1
27	135	0
27	136	1
27	137	0
27	138	1
27	139	1
27	140	0
28	29	0
28	30	0
28	31	0
28	32	0
28	33	1
28	34	0
28	35	0
28	36	0
28	37	0
28	38	1
28	39	1
28	40	0
28	41	0
28	42	1
28	43	0
28	44	0
28	45	1
28	46	0
28	47	1
28	48	0
28	49	0
28	50	1
28	51	0
28	52	0
28	53	1
28	54	1
28	55	1
28	56	1
28	57	0
28	58	0
28	59	0
28	60	0
28	61	1
28	62	0
28	63	0
28	64	1
28	65	0
28	66	1
28	67	1
28	68	1
28	69	0
28	70	0
28	71	0
28	72	0
28	73	0
28	74	1
28	75	0
28	76	0
28	77	0
28	78	1
28	79	1
28	80	1
28	81	0
28	82	1
28	83	1
28	84	1
28	85	0
28	86	0
28	87	1
28	88	1
28	89	0
28	90	1
28	91	1
28	92	1
28	93	1
28	94	0
28	95	1
28	96	1
28	97	0
28	98	1
28	99	1
28	100	0
28	101	0
28	102	0
28	103	1
28	104	0
28	105	1
28	106	0
28	107	0
28	108	0
28	109	0
28	110	1
28	111	0
28	112	0
28	113	1
28	114	1
28	115	1
28	116	0
28	117	0
28	118	1
28	119	1
28	120	1
28	121	0
28	122	0
28	123	1
28	124	0
28	125	0
28	126	0
28	127	1
28	128	1
28	129	1
28	130	0
28	131	0
28	132	1
28	133	1
28	134	1
28	135	1
28	136	0
28	137	0
28	138	1
28	139	0
28	140	0
29	30	0
29	31	1
29	32	1
29	33	0
29	34	0
29	35	0
29	36	0
29	37	0
29	38	1
29	39	0
29	40	1
29	41	1
29	42	1
29	43	1
29	44	1
29	45	0
29	46	0
29	47	1
29	48	0
29	49	0
29	50	1
29	51	1
29	52	1
29	53	1
29	54	1
29	55	0
29	56	1
29	57	1
29	58	1
29	59	0
29	60	1
29	61	0
29	62	1
29	63	0
29	64	1
29	65	0
29	66	1
29	67	0
29	68	0
29	69	1
29	70	1
29	71	0
29	72	0
29	73	0
29	74	0
29	75	0
29	76	0
29	77	1
29	78	1
29	79	0
29	80	0
29	81	1
29	82	0
29	83	0
29	84	0
29	85	0
29	86	1
29	87	0
29	88	1
29	89	0
29	90	0
29	91	0
29	92	0
29	93	1
29	94	0
29	95	0
29	96	1
29	97	0
29	98	1
29	99	1
29	100	0
29	101	0
29	102	1
29	103	1
29	104	0
29	105	1
29	106	1
29	107	1
29	108	0
29	109	1
29	110	0
29	111	0
29	112	0
29	113	0
29	114	1
29	115	1
29	116	1
29	117	1
29	118	1
29	119	1
29	120	0
29	121	0
29	122	0
29	123	0
29	124	1
29	125	1
29	126	0
29	127	0
29	128	0
29	129	1
29	130	0
29	131	1
29	132	1
29	133	0
29	134	0
29	135	1
29	136	0
29	137	0
29	138	1
29	139	1
29	140	0
30	31	0
30	32	1
30	33	0
30	34	0
30	35	0
30	36	0
30	37	0
30	38	1
30	39	1
30	40	1
30	41	1
30	42	0
30	43	0
30	44	1
30	45	1
30	46	1
30	47	1
30	48	1
30	49	0
30	50	0
30	51	1
30	52	0
30	53	0
30	54	0
30	55	1
30	56	1
30	57	1
30	58	1
30	59	0
30	60	0
30	61	1
30	62	1
30	63	1
30	64	1
30	65	1
30	66	0
30	67	1
30	68	1
30	69	0
30	70	0
30	71	0
30	72	0
30	73	0
30	74	0
30	75	0
30	76	0
30	77	1
30	78	0
30	79	1
30	80	1
30	81	0
30	82	1
30	83	1
30	84	0
30	85	1
30	86	0
30	87	0
30	88	1
30	89	0
30	90	0
30	91	1
30	92	0
30	93	0
30	94	0
30	95	0
30	96	0
30	97	1
30	98	0
30	99	1
30	100	1
30	101	1
30	102	1
30	103	0
30	104	1
30	105	1
30	106	1
30	107	0
30	108	1
30	109	1
30	110	0
30	111	1
30	112	1
30	113	0
30	114	1
30	115	1
30	116	0
30	117	1
30	118	0
30	119	1
30	120	1
30	121	0
30	122	1
30	123	0
30	124	1
30	125	1
30	126	0
30	127	0
30	128	0
30	129	1
30	130	0
30	131	0
30	132	1
30	133	0
30	134	1
30	135	1
30	136	0
30	137	0
30	138	1
30	139	1
30	140	0
31	32	1
31	33	1
31	34	0
31	35	0
31	36	1
31	37	0
31	38	1
31	39	1
31	40	0
31	41	1
31	42	0
31	43	1
31	44	0
31	45	1
31	46	0
31	47	0
31	48	1
31	49	0
31	50	0
31	51	1
31	52	1
31	53	0
31	54	0
31	55	1
31	56	0
31	57	0
31	58	0
31	59	0
31	60	1
31	61	0
31	62	1
31	63	0
31	64	0
31	65	1
31	66	0
31	67	0
31	68	1
31	69	1
31	70	1
31	71	0
31	72	0
31	73	0
31	74	1
31	75	0
31	76	1
31	77	1
31	78	1
31	79	0
31	80	1
31	81	1
31	82	0
31	83	0
31	84	1
31	85	0
31	86	0
31	87	0
31	88	1
31	89	0
31	90	1
31	91	1
31	92	1
31	93	1
31	94	0
31	95	0
31	96	1
31	97	0
31	98	0
31	99	0
31	100	0
31	101	1
31	102	1
31	103	1
31	104	0
31	105	0
31	106	0
31	107	1
31	108	0
31	109	1
31	110	1
31	111	1
31	112	1
31	113	1
31	114	1
31	115	1
31	116	1
31	117	0
31	118	0
31	119	0
31	120	0
31	121	0
31	122	0
31	123	0
31	124	1
31	125	1
31	126	1
31	127	0
31	128	0
31	129	0
31	130	1
31	131	0
31	132	0
31	133	0
31	134	1
31	135	1
31	136	0
31	137	0
31	138	1
31	139	1
31	140	1
32	33	1
32	34	1
32	35	0
32	36	0
32	37	1
32	38	0
32	39	0
32	40	1
32	41	1
32	42	1
32	43	0
32	44	1
32	45	0
32	46	1
32	47	0
32	48	1
32	49	1
32	50	0
32	51	0
32	52	0
32	53	0
32	54	0
32	55	1
32	56	1
32	57	0
32	58	0
32	59	0
32	60	0
32	61	0
32	62	0
32	63	1
32	64	1
32	65	0
32	66	1
32	67	1
32	68	1
32	69	1
32	70	1
32	71	1
32	72	1
32	73	0
32	74	0
32	75	0
32	76	0
32	77	0
32	78	0
32	79	0
32	80	0
32	81	1
32	82	0
32	83	0
32	84	0
32	85	0
32	86	1
32	87	0
32	88	1
32	89	1
32	90	0
32	91	0
32	92	1
32	93	0
32	94	0
32	95	0
32	96	1
32	97	1
32	98	0
32	99	1
32	100	0
32	101	0
32	102	1
32	103	0
32	104	0
32	105	1
32	106	1
32	107	1
32	108	1
32	109	1
32	110	1
32	111	1
32	112	0
32	113	1
32	114	0
32	115	0
32	116	1
32	117	0
32	118	1
32	119	1
32	120	1
32	121	0
32	122	1
32	123	0
32	124	1
32	125	0
32	126	0
32	127	1
32	128	1
32	129	1
32	130	0
32	131	0
32	132	1
32	133	1
32	134	0
32	135	0
32	136	1
32	137	0
32	138	1
32	139	1
32	140	1
33	34	0
33	35	1
33	36	0
33	37	1
33	38	0
33	39	1
33	40	1
33	41	0
33	42	0
33	43	1
33	44	0
33	45	0
33	46	1
33	47	0
33	48	0
33	49	1
33	50	0
33	51	0
33	52	0
33	53	0
33	54	0
33	55	1
33	56	1
33	57	1
33	58	1
33	59	1
33	60	0
33	61	0
33	62	1
33	63	1
33	64	0
33	65	1
33	66	0
33	67	0
33	68	1
33	69	0
33	70	1
33	71	0
33	72	0
33	73	1
33	74	1
33	75	0
33	76	1
33	77	0
33	78	1
33	79	0
33	80	1
33	81	0
33	82	0
33	83	1
33	84	1
33	85	1
33	86	1
33	87	0
33	88	1
33	89	1
33	90	1
33	91	1
33	92	1
33	93	1
33	94	0
33	95	0
33	96	0
33	97	1
33	98	0
33	99	1
33	100	1
33	101	0
33	102	0
33	103	0
33	104	0
33	105	0
33	106	1
33	107	1
33	108	0
33	109	1
33	110	1
33	111	1
33	112	0
33	113	0
33	114	1
33	115	1
33	116	0
33	117	1
33	118	0
33	119	0
33	120	0
33	121	0
33	122	0
33	123	0
33	124	1
33	125	1
33	126	1
33	127	0
33	128	1
33	129	1
33	130	1
33	131	1
33	132	1
33	133	0
33	134	1
33	135	1
33	136	1
33	137	1
33	138	0
33	139	1
33	140	1
34	35	1
34	36	0
34	37	0
34	38	0
34	39	0
34	40	0
34	41	0
34	42	0
34	43	0
34	44	1
34	45	1
34	46	1
34	47	0
34	48	1
34	49	1
34	50	1
34	51	1
34	52	1
34	53	0
34	54	0
34	55	1
34	56	0
34	57	0
34	58	1
34	59	0
34	60	0
34	61	0
34	62	1
34	63	0
34	64	1
34	65	0
34	66	0
34	67	1
34	68	1
34	69	1
34	70	1
34	71	0
34	72	1
34	73	1
34	74	0
34	75	1
34	76	0
34	77	1
34	78	0
34	79	1
34	80	1
34	81	1
34	82	0
34	83	1
34	84	1
34	85	0
34	86	1
34	87	0
34	88	1
34	89	0
34	90	0
34	91	1
34	92	1
34	93	1
34	94	1
34	95	0
34	96	1
34	97	1
34	98	0
34	99	0
34	100	1
34	101	1
34	102	0
34	103	1
34	104	1
34	105	0
34	106	0
34	107	0
34	108	0
34	109	0
34	110	0
34	111	0
34	112	1
34	113	0
34	114	0
34	115	0
34	116	0
34	117	0
34	118	1
34	119	1
34	120	0
34	121	1
34	122	1
34	123	0
34	124	0
34	125	0
34	126	1
34	127	0
34	128	1
34	129	1
34	130	1
34	131	1
34	132	0
34	133	1
34	134	0
34	135	1
34	136	0
34	137	1
34	138	1
34	139	0
34	140	0
35	36	0
35	37	1
35	38	1
35	39	0
35	40	1
35	41	0
35	42	1
35	43	0
35	44	0
35	45	1
35	46	1
35	47	0
35	48	1
35	49	0
35	50	1
35	51	1
35	52	1
35	53	1
35	54	1
35	55	1
35	56	0
35	57	1
35	58	0
35	59	1
35	60	0
35	61	0
35	62	0
35	63	1
35	64	0
35	65	1
35	66	1
35	67	1
35	68	1
35	69	1
35	70	0
35	71	0
35	72	0
35	73	0
35	74	0
35	75	1
35	76	0
35	77	1
35	78	0
35	79	1
35	80	1
35	81	0
35	82	1
35	83	0
35	84	0
35	85	1
35	86	1
35	87	0
35	88	0
35	89	0
35	90	0
35	91	1
35	92	1
35	93	1
35	94	0
35	95	0
35	96	1
35	97	1
35	98	0
35	99	1
35	100	1
35	101	1
35	102	0
35	103	1
35	104	0
35	105	0
35	106	1
35	107	1
35	108	1
35	109	1
35	110	0
35	111	0
35	112	0
35	113	1
35	114	0
35	115	1
35	116	0
35	117	0
35	118	0
35	119	1
35	120	1
35	121	1
35	122	1
35	123	0
35	124	1
35	125	1
35	126	0
35	127	0
35	128	1
35	129	0
35	130	1
35	131	1
35	132	1
35	133	1
35	134	0
35	135	0
35	136	1
35	137	1
35	138	0
35	139	1
35	140	1
36	37	1
36	38	0
36	39	1
36	40	0
36	41	1
36	42	1
36	43	1
36	44	0
36	45	1
36	46	1
36	47	1
36	48	1
36	49	1
36	50	0
36	51	0
36	52	1
36	53	0
36	54	0
36	55	0
36	56	0
36	57	0
36	58	0
36	59	1
36	60	0
36	61	0
36	62	0
36	63	1
36	64	0
36	65	0
36	66	0
36	67	1
36	68	1
36	69	1
36	70	0
36	71	0
36	72	1
36	73	1
36	74	1
36	75	0
36	76	1
36	77	0
36	78	1
36	79	1
36	80	0
36	81	0
36	82	1
36	83	1
36	84	1
36	85	0
36	86	1
36	87	0
36	88	1
36	89	1
36	90	0
36	91	0
36	92	1
36	93	0
36	94	1
36	95	1
36	96	0
36	97	0
36	98	1
36	99	1
36	100	1
36	101	0
36	102	0
36	103	0
36	104	0
36	105	1
36	106	0
36	107	0
36	108	1
36	109	1
36	110	0
36	111	1
36	112	1
36	113	1
36	114	0
36	115	0
36	116	0
36	117	0
36	118	0
36	119	1
36	120	0
36	121	0
36	122	0
36	123	0
36	124	0
36	125	1
36	126	0
36	127	0
36	128	1
36	129	0
36	130	1
36	131	0
36	132	1
36	133	0
36	134	1
36	135	1
36	136	1
36	137	1
36	138	0
36	139	1
36	140	1
37	38	1
37	39	0
37	40	0
37	41	1
37	42	0
37	43	0
37	44	1
37	45	0
37	46	1
37	47	0
37	48	0
37	49	1
37	50	0
37	51	0
37	52	0
37	53	0
37	54	1
37	55	1
37	56	0
37	57	1
37	58	1
37	59	0
37	60	1
37	61	0
37	62	0
37	63	0
37	64	1
37	65	1
37	66	0
37	67	0
37	68	0
37	69	1
37	70	0
37	71	0
37	72	0
37	73	1
37	74	0
37	75	0
37	76	0
37	77	1
37	78	1
37	79	0
37	80	0
37	81	0
37	82	0
37	83	1
37	84	0
37	85	0
37	86	1
37	87	1
37	88	0
37	89	1
37	90	1
37	91	0
37	92	1
37	93	1
37	94	0
37	95	0
37	96	0
37	97	0
37	98	0
37	99	0
37	100	1
37	101	0
37	102	0
37	103	0
37	104	1
37	105	1
37	106	1
37	107	0
37	108	1
37	109	1
37	110	1
37	111	1
37	112	1
37	113	1
37	114	1
37	115	1
37	116	1
37	117	1
37	118	1
37	119	0
37	120	1
37	121	1
37	122	1
37	123	0
37	124	0
37	125	1
37	126	0
37	127	0
37	128	1
37	129	0
37	130	0
37	131	0
37	132	1
37	133	0
37	134	0
37	135	0
37	136	1
37	137	1
37	138	0
37	139	1
37	140	1
38	39	0
38	40	1
38	41	0
38	42	1
38	43	1
38	44	1
38	45	0
38	46	0
38	47	1
38	48	1
38	49	1
38	50	0
38	51	1
38	52	0
38	53	1
38	54	0
38	55	0
38	56	1
38	57	1
38	58	1
38	59	0
38	60	0
38	61	0
38	62	0
38	63	0
38	64	1
38	65	1
38	66	0
38	67	0
38	68	1
38	69	1
38	70	0
38	71	0
38	72	1
38	73	1
38	74	1
38	75	1
38	76	0
38	77	1
38	78	1
38	79	0
38	80	0
38	81	1
38	82	1
38	83	1
38	84	0
38	85	1
38	86	1
38	87	1
38	88	1
38	89	0
38	90	0
38	91	0
38	92	0
38	93	0
38	94	0
38	95	0
38	96	1
38	97	1
38	98	0
38	99	0
38	100	1
38	101	0
38	102	1
38	103	0
38	104	1
38	105	1
38	106	1
38	107	1
38	108	0
38	109	1
38	110	1
38	111	0
38	112	0
38	113	1
38	114	0
38	115	0
38	116	0
38	117	0
38	118	0
38	119	0
38	120	1
38	121	1
38	122	0
38	123	0
38	124	0
38	125	0
38	126	0
38	127	0
38	128	0
38	129	0
38	130	1
38	131	1
38	132	0
38	133	0
38	134	0
38	135	1
38	136	0
38	137	1
38	138	1
38	139	1
38	140	0
39	40	0
39	41	0
39	42	1
39	43	0
39	44	1
39	45	1
39	46	0
39	47	0
39	48	0
39	49	1
39	50	1
39	51	0
39	52	1
39	53	0
39	54	1
39	55	0
39	56	1
39	57	0
39	58	1
39	59	1
39	60	1
39	61	0
39	62	1
39	63	0
39	64	1
39	65	1
39	66	1
39	67	1
39	68	1
39	69	1
39	70	1
39	71	0
39	72	0
39	73	0
39	74	0
39	75	0
39	76	1
39	77	1
39	78	0
39	79	0
39	80	0
39	81	1
39	82	0
39	83	1
39	84	0
39	85	1
39	86	0
39	87	1
39	88	0
39	89	0
39	90	1
39	91	1
39	92	0
39	93	1
39	94	0
39	95	0
39	96	1
39	97	0
39	98	1
39	99	1
39	100	0
39	101	0
39	102	1
39	103	0
39	104	1
39	105	1
39	106	1
39	107	1
39	108	0
39	109	0
39	110	1
39	111	0
39	112	0
39	113	0
39	114	1
39	115	1
39	116	1
39	117	1
39	118	1
39	119	1
39	120	0
39	121	0
39	122	1
39	123	0
39	124	1
39	125	1
39	126	0
39	127	0
39	128	1
39	129	0
39	130	0
39	131	0
39	132	1
39	133	1
39	134	1
39	135	0
39	136	1
39	137	0
39	138	1
39	139	0
39	140	1
40	41	1
40	42	1
40	43	0
40	44	0
40	45	1
40	46	0
40	47	1
40	48	1
40	49	0
40	50	1
40	51	0
40	52	0
40	53	0
40	54	1
40	55	1
40	56	1
40	57	0
40	58	1
40	59	0
40	60	0
40	61	1
40	62	1
40	63	1
40	64	0
40	65	1
40	66	0
40	67	1
40	68	1
40	69	1
40	70	0
40	71	0
40	72	1
40	73	0
40	74	0
40	75	1
40	76	0
40	77	0
40	78	0
40	79	0
40	80	1
40	81	1
40	82	1
40	83	1
40	84	1
40	85	1
40	86	0
40	87	0
40	88	1
40	89	0
40	90	1
40	91	0
40	92	1
40	93	1
40	94	1
40	95	1
40	96	0
40	97	0
40	98	0
40	99	0
40	100	0
40	101	0
40	102	0
40	103	1
40	104	0
40	105	1
40	106	1
40	107	1
40	108	1
40	109	1
40	110	0
40	111	1
40	112	1
40	113	1
40	114	1
40	115	1
40	116	0
40	117	1
40	118	1
40	119	1
40	120	0
40	121	0
40	122	1
40	123	1
40	124	1
40	125	1
40	126	1
40	127	0
40	128	0
40	129	0
40	130	0
40	131	0
40	132	1
40	133	0
40	134	1
40	135	0
40	136	1
40	137	0
40	138	1
40	139	1
40	140	1
41	42	1
41	43	0
41	44	1
41	45	0
41	46	1
41	47	0
41	48	0
41	49	1
41	50	0
41	51	0
41	52	1
41	53	1
41	54	0
41	55	0
41	56	0
41	57	1
41	58	1
41	59	0
41	60	0
41	61	1
41	62	0
41	63	0
41	64	1
41	65	1
41	66	0
41	67	0
41	68	1
41	69	1
41	70	1
41	71	0
41	72	0
41	73	1
41	74	0
41	75	0
41	76	1
41	77	0
41	78	0
41	79	0
41	80	1
41	81	0
41	82	0
41	83	1
41	84	0
41	85	1
41	86	0
41	87	1
41	88	0
41	89	1
41	90	0
41	91	1
41	92	1
41	93	0
41	94	1
41	95	0
41	96	0
41	97	0
41	98	0
41	99	0
41	100	0
41	101	1
41	102	1
41	103	0
41	104	1
41	105	0
41	106	0
41	107	1
41	108	0
41	109	1
41	110	1
41	111	0
41	112	0
41	113	1
41	114	1
41	115	0
41	116	0
41	117	0
41	118	1
41	119	1
41	120	0
41	121	0
41	122	1
41	123	1
41	124	0
41	125	1
41	126	0
41	127	1
41	128	0
41	129	0
41	130	1
41	131	0
41	132	1
41	133	0
41	134	1
41	135	0
41	136	0
41	137	1
41	138	0
41	139	1
41	140	1
42	43	1
42	44	0
42	45	0
42	46	0
42	47	1
42	48	0
42	49	0
42	50	0
42	51	1
42	52	0
42	53	0
42	54	1
42	55	0
42	56	1
42	57	0
42	58	0
42	59	1
42	60	0
42	61	0
42	62	1
42	63	1
42	64	0
42	65	0
42	66	0
42	67	0
42	68	1
42	69	0
42	70	1
42	71	1
42	72	1
42	73	1
42	74	0
42	75	1
42	76	1
42	77	1
42	78	1
42	79	1
42	80	1
42	81	1
42	82	0
42	83	1
42	84	1
42	85	0
42	86	0
42	87	0
42	88	1
42	89	1
42	90	1
42	91	1
42	92	0
42	93	1
42	94	0
42	95	1
42	96	0
42	97	1
42	98	0
42	99	0
42	100	0
42	101	1
42	102	1
42	103	1
42	104	0
42	105	1
42	106	1
42	107	0
42	108	1
42	109	0
42	110	0
42	111	1
42	112	0
42	113	1
42	114	0
42	115	0
42	116	1
42	117	0
42	118	1
42	119	0
42	120	1
42	121	0
42	122	0
42	123	1
42	124	1
42	125	1
42	126	0
42	127	0
42	128	1
42	129	1
42	130	1
42	131	0
42	132	0
42	133	0
42	134	0
42	135	1
42	136	0
42	137	0
42	138	1
42	139	0
42	140	1
43	44	1
43	45	1
43	46	0
43	47	0
43	48	1
43	49	0
43	50	0
43	51	1
43	52	1
43	53	0
43	54	1
43	55	0
43	56	0
43	57	1
43	58	1
43	59	1
43	60	0
43	61	0
43	62	1
43	63	0
43	64	1
43	65	1
43	66	1
43	67	0
43	68	0
43	69	1
43	70	1
43	71	1
43	72	0
43	73	1
43	74	0
43	75	1
43	76	1
43	77	1
43	78	1
43	79	1
43	80	0
43	81	1
43	82	0
43	83	1
43	84	0
43	85	0
43	86	1
43	87	0
43	88	0
43	89	0
43	90	1
43	91	0
43	92	1
43	93	0
43	94	1
43	95	1
43	96	0
43	97	0
43	98	0
43	99	0
43	100	1
43	101	1
43	102	1
43	103	0
43	104	0
43	105	1
43	106	0
43	107	0
43	108	0
43	109	1
43	110	1
43	111	0
43	112	0
43	113	1
43	114	0
43	115	0
43	116	1
43	117	1
43	118	0
43	119	0
43	120	1
43	121	0
43	122	0
43	123	0
43	124	1
43	125	1
43	126	1
43	127	1
43	128	0
43	129	1
43	130	1
43	131	1
43	132	1
43	133	0
43	134	1
43	135	1
43	136	0
43	137	0
43	138	1
43	139	0
43	140	0
44	45	1
44	46	1
44	47	1
44	48	1
44	49	0
44	50	0
44	51	0
44	52	1
44	53	1
44	54	1
44	55	0
44	56	1
44	57	0
44	58	1
44	59	0
44	60	1
44	61	1
44	62	0
44	63	1
44	64	1
44	65	1
44	66	0
44	67	1
44	68	0
44	69	0
44	70	1
44	71	1
44	72	0
44	73	0
44	74	1
44	75	1
44	76	1
44	77	1
44	78	1
44	79	1
44	80	1
44	81	0
44	82	0
44	83	0
44	84	0
44	85	0
44	86	1
44	87	1
44	88	1
44	89	0
44	90	0
44	91	1
44	92	1
44	93	0
44	94	0
44	95	0
44	96	1
44	97	0
44	98	0
44	99	1
44	100	1
44	101	1
44	102	0
44	103	0
44	104	0
44	105	0
44	106	0
44	107	0
44	108	0
44	109	1
44	110	0
44	111	0
44	112	1
44	113	1
44	114	1
44	115	0
44	116	0
44	117	1
44	118	0
44	119	1
44	120	0
44	121	1
44	122	0
44	123	0
44	124	0
44	125	1
44	126	0
44	127	1
44	128	0
44	129	1
44	130	0
44	131	0
44	132	1
44	133	0
44	134	1
44	135	1
44	136	1
44	137	1
44	138	0
44	139	1
44	140	1
45	46	1
45	47	1
45	48	0
45	49	1
45	50	0
45	51	0
45	52	0
45	53	1
45	54	1
45	55	0
45	56	0
45	57	1
45	58	0
45	59	0
45	60	1
45	61	0
45	62	0
45	63	1
45	64	1
45	65	0
45	66	0
45	67	1
45	68	1
45	69	1
45	70	0
45	71	1
45	72	1
45	73	1
45	74	1
45	75	1
45	76	0
45	77	1
45	78	0
45	79	0
45	80	1
45	81	1
45	82	1
45	83	1
45	84	0
45	85	1
45	86	1
45	87	0
45	88	0
45	89	1
45	90	0
45	91	0
45	92	1
45	93	1
45	94	0
45	95	1
45	96	1
45	97	1
45	98	0
45	99	0
45	100	1
45	101	1
45	102	1
45	103	1
45	104	0
45	105	0
45	106	0
45	107	0
45	108	0
45	109	1
45	110	0
45	111	1
45	112	0
45	113	1
45	114	0
45	115	0
45	116	1
45	117	1
45	118	0
45	119	1
45	120	1
45	121	0
45	122	0
45	123	1
45	124	0
45	125	0
45	126	0
45	127	0
45	128	1
45	129	0
45	130	1
45	131	1
45	132	0
45	133	0
45	134	1
45	135	0
45	136	0
45	137	1
45	138	1
45	139	1
45	140	0
46	47	0
46	48	0
46	49	0
46	50	1
46	51	1
46	52	1
46	53	1
46	54	1
46	55	1
46	56	1
46	57	0
46	58	0
46	59	1
46	60	1
46	61	0
46	62	0
46	63	0
46	64	0
46	65	1
46	66	1
46	67	1
46	68	0
46	69	0
46	70	0
46	71	0
46	72	0
46	73	1
46	74	1
46	75	1
46	76	0
46	77	0
46	78	1
46	79	1
46	80	0
46	81	1
46	82	1
46	83	1
46	84	0
46	85	1
46	86	1
46	87	0
46	88	0
46	89	1
46	90	1
46	91	1
46	92	1
46	93	1
46	94	1
46	95	1
46	96	1
46	97	0
46	98	1
46	99	0
46	100	0
46	101	0
46	102	0
46	103	1
46	104	1
46	105	1
46	106	0
46	107	1
46	108	1
46	109	0
46	110	1
46	111	1
46	112	1
46	113	1
46	114	1
46	115	1
46	116	1
46	117	1
46	118	1
46	119	0
46	120	0
46	121	0
46	122	0
46	123	1
46	124	1
46	125	1
46	126	0
46	127	1
46	128	0
46	129	0
46	130	0
46	131	0
46	132	1
46	133	0
46	134	0
46	135	1
46	136	1
46	137	1
46	138	1
46	139	0
46	140	1
47	48	0
47	49	1
47	50	0
47	51	0
47	52	1
47	53	1
47	54	0
47	55	1
47	56	0
47	57	1
47	58	0
47	59	0
47	60	1
47	61	1
47	62	0
47	63	0
47	64	0
47	65	0
47	66	0
47	67	1
47	68	0
47	69	1
47	70	0
47	71	1
47	72	0
47	73	0
47	74	0
47	75	0
47	76	0
47	77	0
47	78	1
47	79	1
47	80	0
47	81	1
47	82	0
47	83	0
47	84	1
47	85	0
47	86	1
47	87	1
47	88	0
47	89	1
47	90	1
47	91	0
47	92	1
47	93	1
47	94	1
47	95	0
47	96	0
47	97	0
47	98	1
47	99	0
47	100	1
47	101	0
47	102	0
47	103	1
47	104	0
47	105	1
47	106	0
47	107	0
47	108	0
47	109	0
47	110	1
47	111	0
47	112	1
47	113	1
47	114	1
47	115	1
47	116	0
47	117	1
47	118	1
47	119	0
47	120	1
47	121	0
47	122	1
47	123	1
47	124	1
47	125	1
47	126	1
47	127	0
47	128	1
47	129	0
47	130	1
47	131	1
47	132	1
47	133	1
47	134	0
47	135	0
47	136	0
47	137	0
47	138	1
47	139	0
47	140	1
48	49	0
48	50	0
48	51	0
48	52	1
48	53	1
48	54	0
48	55	1
48	56	1
48	57	0
48	58	0
48	59	0
48	60	0
48	61	1
48	62	0
48	63	1
48	64	0
48	65	0
48	66	1
48	67	1
48	68	1
48	69	0
48	70	1
48	71	1
48	72	1
48	73	0
48	74	1
48	75	1
48	76	0
48	77	0
48	78	1
48	79	1
48	80	1
48	81	1
48	82	1
48	83	0
48	84	1
48	85	1
48	86	0
48	87	0
48	88	0
48	89	0
48	90	1
48	91	0
48	92	0
48	93	1
48	94	1
48	95	1
48	96	0
48	97	0
48	98	0
48	99	1
48	100	1
48	101	1
48	102	1
48	103	0
48	104	0
48	105	0
48	106	1
48	107	0
48	108	1
48	109	1
48	110	0
48	111	1
48	112	0
48	113	1
48	114	1
48	115	1
48	116	1
48	117	1
48	118	0
48	119	0
48	120	0
48	121	0
48	122	0
48	123	0
48	124	1
48	125	0
48	126	1
48	127	0
48	128	1
48	129	1
48	130	0
48	131	0
48	132	1
48	133	1
48	134	1
48	135	0
48	136	0
48	137	0
48	138	0
48	139	0
48	140	0
49	50	0
49	51	0
49	52	1
49	53	0
49	54	1
49	55	0
49	56	0
49	57	1
49	58	0
49	59	1
49	60	0
49	61	0
49	62	0
49	63	0
49	64	1
49	65	0
49	66	0
49	67	1
49	68	1
49	69	0
49	70	0
49	71	0
49	72	0
49	73	1
49	74	0
49	75	1
49	76	0
49	77	1
49	78	1
49	79	0
49	80	0
49	81	0
49	82	0
49	83	0
49	84	0
49	85	1
49	86	1
49	87	1
49	88	1
49	89	0
49	90	0
49	91	1
49	92	1
49	93	0
49	94	1
49	95	0
49	96	1
49	97	1
49	98	0
49	99	0
49	100	0
49	101	0
49	102	0
49	103	0
49	104	0
49	105	1
49	106	1
49	107	0
49	108	0
49	109	0
49	110	1
49	111	1
49	112	1
49	113	0
49	114	0
49	115	1
49	116	0
49	117	0
49	118	0
49	119	1
49	120	1
49	121	1
49	122	1
49	123	0
49	124	0
49	125	0
49	126	1
49	127	1
49	128	0
49	129	1
49	130	1
49	131	0
49	132	1
49	133	1
49	134	1
49	135	1
49	136	0
49	137	0
49	138	1
49	139	1
49	140	0
50	51	0
50	52	0
50	53	1
50	54	0
50	55	0
50	56	0
50	57	1
50	58	1
50	59	1
50	60	0
50	61	0
50	62	0
50	63	0
50	64	0
50	65	1
50	66	1
50	67	0
50	68	0
50	69	0
50	70	0
50	71	1
50	72	0
50	73	0
50	74	0
50	75	0
50	76	1
50	77	1
50	78	0
50	79	0
50	80	0
50	81	1
50	82	1
50	83	0
50	84	0
50	85	1
50	86	1
50	87	0
50	88	1
50	89	0
50	90	0
50	91	1
50	92	0
50	93	0
50	94	1
50	95	0
50	96	0
50	97	0
50	98	0
50	99	1
50	100	0
50	101	1
50	102	0
50	103	1
50	104	1
50	105	0
50	106	0
50	107	0
50	108	1
50	109	1
50	110	1
50	111	0
50	112	1
50	113	0
50	114	0
50	115	1
50	116	0
50	117	0
50	118	1
50	119	0
50	120	0
50	121	0
50	122	0
50	123	0
50	124	1
50	125	1
50	126	1
50	127	0
50	128	0
50	129	0
50	130	0
50	131	1
50	132	1
50	133	0
50	134	0
50	135	0
50	136	1
50	137	0
50	138	1
50	139	0
50	140	1
51	52	1
51	53	1
51	54	1
51	55	0
51	56	1
51	57	0
51	58	1
51	59	0
51	60	1
51	61	1
51	62	0
51	63	1
51	64	0
51	65	0
51	66	0
51	67	0
51	68	1
51	69	0
51	70	0
51	71	1
51	72	0
51	73	1
51	74	1
51	75	0
51	76	0
51	77	1
51	78	1
51	79	0
51	80	0
51	81	0
51	82	1
51	83	1
51	84	0
51	85	0
51	86	0
51	87	1
51	88	1
51	89	0
51	90	0
51	91	1
51	92	0
51	93	0
51	94	1
51	95	0
51	96	1
51	97	1
51	98	0
51	99	1
51	100	1
51	101	0
51	102	0
51	103	1
51	104	0
51	105	0
51	106	0
51	107	1
51	108	1
51	109	0
51	110	0
51	111	1
51	112	1
51	113	1
51	114	0
51	115	1
51	116	1
51	117	0
51	118	0
51	119	0
51	120	1
51	121	0
51	122	1
51	123	1
51	124	0
51	125	1
51	126	0
51	127	0
51	128	1
51	129	0
51	130	0
51	131	0
51	132	0
51	133	1
51	134	1
51	135	0
51	136	0
51	137	1
51	138	0
51	139	1
51	140	1
52	53	1
52	54	0
52	55	0
52	56	1
52	57	0
52	58	0
52	59	0
52	60	1
52	61	0
52	62	0
52	63	1
52	64	0
52	65	1
52	66	0
52	67	1
52	68	0
52	69	0
52	70	0
52	71	0
52	72	1
52	73	0
52	74	1
52	75	0
52	76	1
52	77	0
52	78	1
52	79	1
52	80	0
52	81	0
52	82	0
52	83	0
52	84	1
52	85	1
52	86	0
52	87	0
52	88	0
52	89	0
52	90	1
52	91	0
52	92	0
52	93	0
52	94	0
52	95	1
52	96	1
52	97	0
52	98	0
52	99	1
52	100	1
52	101	0
52	102	1
52	103	1
52	104	0
52	105	1
52	106	0
52	107	1
52	108	0
52	109	1
52	110	1
52	111	1
52	112	0
52	113	0
52	114	0
52	115	0
52	116	1
52	117	0
52	118	1
52	119	0
52	120	0
52	121	1
52	122	1
52	123	0
52	124	0
52	125	1
52	126	1
52	127	0
52	128	1
52	129	1
52	130	0
52	131	0
52	132	0
52	133	0
52	134	0
52	135	0
52	136	0
52	137	1
52	138	1
52	139	0
52	140	0
53	54	1
53	55	0
53	56	0
53	57	0
53	58	1
53	59	1
53	60	0
53	61	1
53	62	1
53	63	0
53	64	0
53	65	1
53	66	1
53	67	0
53	68	1
53	69	0
53	70	0
53	71	1
53	72	1
53	73	0
53	74	0
53	75	1
53	76	1
53	77	1
53	78	1
53	79	1
53	80	1
53	81	0
53	82	1
53	83	0
53	84	1
53	85	1
53	86	0
53	87	0
53	88	1
53	89	0
53	90	0
53	91	0
53	92	0
53	93	1
53	94	1
53	95	1
53	96	1
53	97	0
53	98	0
53	99	1
53	100	1
53	101	0
53	102	0
53	103	0
53	104	1
53	105	0
53	106	1
53	107	0
53	108	1
53	109	0
53	110	0
53	111	0
53	112	1
53	113	0
53	114	1
53	115	1
53	116	0
53	117	1
53	118	1
53	119	1
53	120	1
53	121	0
53	122	1
53	123	1
53	124	0
53	125	0
53	126	0
53	127	1
53	128	0
53	129	0
53	130	0
53	131	0
53	132	1
53	133	1
53	134	0
53	135	1
53	136	0
53	137	1
53	138	0
53	139	1
53	140	0
54	55	0
54	56	0
54	57	1
54	58	0
54	59	0
54	60	1
54	61	1
54	62	0
54	63	0
54	64	1
54	65	0
54	66	0
54	67	1
54	68	0
54	69	0
54	70	1
54	71	1
54	72	1
54	73	1
54	74	1
54	75	1
54	76	0
54	77	0
54	78	1
54	79	1
54	80	1
54	81	0
54	82	1
54	83	1
54	84	0
54	85	1
54	86	0
54	87	1
54	88	0
54	89	1
54	90	1
54	91	1
54	92	0
54	93	0
54	94	1
54	95	1
54	96	1
54	97	0
54	98	0
54	99	0
54	100	1
54	101	1
54	102	0
54	103	0
54	104	1
54	105	1
54	106	0
54	107	0
54	108	0
54	109	1
54	110	0
54	111	1
54	112	1
54	113	1
54	114	0
54	115	1
54	116	0
54	117	1
54	118	1
54	119	0
54	120	1
54	121	1
54	122	0
54	123	0
54	124	1
54	125	0
54	126	0
54	127	0
54	128	1
54	129	0
54	130	1
54	131	1
54	132	0
54	133	1
54	134	0
54	135	0
54	136	0
54	137	0
54	138	1
54	139	0
54	140	0
55	56	1
55	57	1
55	58	0
55	59	1
55	60	0
55	61	0
55	62	1
55	63	0
55	64	1
55	65	1
55	66	0
55	67	0
55	68	0
55	69	0
55	70	1
55	71	1
55	72	0
55	73	1
55	74	1
55	75	1
55	76	1
55	77	0
55	78	0
55	79	0
55	80	1
55	81	1
55	82	0
55	83	1
55	84	0
55	85	1
55	86	1
55	87	1
55	88	1
55	89	0
55	90	1
55	91	1
55	92	1
55	93	1
55	94	1
55	95	1
55	96	1
55	97	0
55	98	0
55	99	0
55	100	1
55	101	0
55	102	1
55	103	0
55	104	0
55	105	1
55	106	0
55	107	1
55	108	0
55	109	1
55	110	1
55	111	1
55	112	1
55	113	0
55	114	0
55	115	1
55	116	0
55	117	0
55	118	0
55	119	1
55	120	0
55	121	0
55	122	1
55	123	0
55	124	0
55	125	1
55	126	0
55	127	0
55	128	0
55	129	1
55	130	0
55	131	0
55	132	0
55	133	1
55	134	0
55	135	0
55	136	1
55	137	1
55	138	0
55	139	0
55	140	1
56	57	1
56	58	0
56	59	0
56	60	0
56	61	1
56	62	0
56	63	0
56	64	0
56	65	1
56	66	1
56	67	0
56	68	0
56	69	1
56	70	0
56	71	0
56	72	1
56	73	0
56	74	0
56	75	0
56	76	1
56	77	0
56	78	1
56	79	0
56	80	0
56	81	0
56	82	0
56	83	0
56	84	1
56	85	0
56	86	0
56	87	0
56	88	0
56	89	1
56	90	0
56	91	1
56	92	0
56	93	1
56	94	0
56	95	1
56	96	0
56	97	0
56	98	0
56	99	0
56	100	0
56	101	0
56	102	0
56	103	1
56	104	1
56	105	0
56	106	1
56	107	0
56	108	1
56	109	0
56	110	0
56	111	1
56	112	0
56	113	1
56	114	0
56	115	0
56	116	0
56	117	0
56	118	1
56	119	0
56	120	0
56	121	0
56	122	0
56	123	0
56	124	0
56	125	0
56	126	1
56	127	0
56	128	0
56	129	0
56	130	0
56	131	1
56	132	0
56	133	1
56	134	1
56	135	0
56	136	0
56	137	1
56	138	1
56	139	0
56	140	1
57	58	1
57	59	1
57	60	1
57	61	0
57	62	0
57	63	1
57	64	0
57	65	1
57	66	0
57	67	0
57	68	0
57	69	0
57	70	0
57	71	1
57	72	1
57	73	1
57	74	1
57	75	1
57	76	1
57	77	0
57	78	0
57	79	1
57	80	1
57	81	1
57	82	0
57	83	0
57	84	1
57	85	0
57	86	0
57	87	0
57	88	1
57	89	0
57	90	1
57	91	1
57	92	1
57	93	1
57	94	1
57	95	1
57	96	1
57	97	1
57	98	0
57	99	0
57	100	1
57	101	0
57	102	0
57	103	1
57	104	0
57	105	1
57	106	1
57	107	0
57	108	0
57	109	0
57	110	0
57	111	1
57	112	0
57	113	0
57	114	1
57	115	1
57	116	1
57	117	1
57	118	0
57	119	1
57	120	1
57	121	0
57	122	0
57	123	1
57	124	0
57	125	0
57	126	1
57	127	1
57	128	1
57	129	1
57	130	1
57	131	1
57	132	1
57	133	0
57	134	0
57	135	1
57	136	0
57	137	0
57	138	0
57	139	1
57	140	0
58	59	1
58	60	1
58	61	0
58	62	0
58	63	0
58	64	1
58	65	0
58	66	1
58	67	1
58	68	1
58	69	0
58	70	1
58	71	0
58	72	1
58	73	0
58	74	0
58	75	1
58	76	0
58	77	1
58	78	0
58	79	0
58	80	1
58	81	1
58	82	0
58	83	1
58	84	0
58	85	0
58	86	1
58	87	0
58	88	1
58	89	1
58	90	0
58	91	0
58	92	1
58	93	1
58	94	1
58	95	0
58	96	0
58	97	0
58	98	0
58	99	1
58	100	0
58	101	1
58	102	0
58	103	1
58	104	1
58	105	1
58	106	1
58	107	1
58	108	1
58	109	1
58	110	0
58	111	0
58	112	0
58	113	1
58	114	1
58	115	0
58	116	0
58	117	0
58	118	1
58	119	0
58	120	0
58	121	0
58	122	0
58	123	1
58	124	1
58	125	0
58	126	0
58	127	1
58	128	0
58	129	0
58	130	1
58	131	0
58	132	1
58	133	0
58	134	0
58	135	1
58	136	1
58	137	1
58	138	1
58	139	1
58	140	0
59	60	0
59	61	1
59	62	1
59	63	0
59	64	1
59	65	1
59	66	1
59	67	1
59	68	1
59	69	0
59	70	1
59	71	1
59	72	0
59	73	0
59	74	1
59	75	0
59	76	1
59	77	0
59	78	1
59	79	0
59	80	1
59	81	0
59	82	0
59	83	0
59	84	1
59	85	0
59	86	1
59	87	1
59	88	0
59	89	1
59	90	0
59	91	0
59	92	1
59	93	1
59	94	0
59	95	0
59	96	0
59	97	0
59	98	0
59	99	0
59	100	1
59	101	0
59	102	1
59	103	0
59	104	1
59	105	1
59	106	0
59	107	1
59	108	0
59	109	0
59	110	1
59	111	0
59	112	1
59	113	0
59	114	0
59	115	1
59	116	1
59	117	0
59	118	0
59	119	0
59	120	1
59	121	0
59	122	0
59	123	1
59	124	0
59	125	0
59	126	1
59	127	0
59	128	0
59	129	0
59	130	1
59	131	0
59	132	0
59	133	1
59	134	0
59	135	0
59	136	1
59	137	1
59	138	0
59	139	1
59	140	0
60	61	1
60	62	1
60	63	0
60	64	0
60	65	1
60	66	0
60	67	1
60	68	0
60	69	1
60	70	1
60	71	0
60	72	1
60	73	1
60	74	0
60	75	1
60	76	1
60	77	1
60	78	0
60	79	1
60	80	1
60	81	0
60	82	1
60	83	1
60	84	0
60	85	1
60	86	0
60	87	1
60	88	0
60	89	1
60	90	1
60	91	1
60	92	1
60	93	0
60	94	0
60	95	0
60	96	1
60	97	0
60	98	1
60	99	1
60	100	0
60	101	0
60	102	0
60	103	0
60	104	1
60	105	0
60	106	0
60	107	1
60	108	1
60	109	1
60	110	1
60	111	0
60	112	1
60	113	0
60	114	0
60	115	0
60	116	1
60	117	1
60	118	1
60	119	0
60	120	1
60	121	1
60	122	1
60	123	1
60	124	1
60	125	0
60	126	1
60	127	1
60	128	1
60	129	0
60	130	1
60	131	0
60	132	0
60	133	0
60	134	1
60	135	0
60	136	0
60	137	1
60	138	0
60	139	0
60	140	0
61	62	1
61	63	1
61	64	0
61	65	0
61	66	1
61	67	1
61	68	0
61	69	1
61	70	1
61	71	1
61	72	1
61	73	1
61	74	1
61	75	0
61	76	0
61	77	0
61	78	0
61	79	0
61	80	0
61	81	1
61	82	0
61	83	1
61	84	1
61	85	1
61	86	0
61	87	0
61	88	1
61	89	1
61	90	0
61	91	1
61	92	0
61	93	1
61	94	1
61	95	1
61	96	1
61	97	0
61	98	0
61	99	0
61	100	1
61	101	1
61	102	1
61	103	0
61	104	1
61	105	1
61	106	1
61	107	1
61	108	1
61	109	0
61	110	1
61	111	0
61	112	0
61	113	1
61	114	0
61	115	0
61	116	1
61	117	1
61	118	0
61	119	0
61	120	0
61	121	1
61	122	1
61	123	0
61	124	1
61	125	0
61	126	0
61	127	1
61	128	1
61	129	0
61	130	0
61	131	1
61	132	0
61	133	1
61	134	0
61	135	0
61	136	1
61	137	1
61	138	1
61	139	0
61	140	0
62	63	0
62	64	0
62	65	0
62	66	1
62	67	1
62	68	1
62	69	1
62	70	0
62	71	1
62	72	0
62	73	0
62	74	1
62	75	1
62	76	1
62	77	1
62	78	0
62	79	0
62	80	1
62	81	1
62	82	0
62	83	1
62	84	1
62	85	1
62	86	1
62	87	0
62	88	0
62	89	1
62	90	1
62	91	1
62	92	1
62	93	1
62	94	1
62	95	1
62	96	0
62	97	1
62	98	1
62	99	0
62	100	0
62	101	1
62	102	1
62	103	1
62	104	0
62	105	1
62	106	1
62	107	0
62	108	0
62	109	0
62	110	1
62	111	0
62	112	0
62	113	0
62	114	0
62	115	1
62	116	0
62	117	1
62	118	1
62	119	0
62	120	1
62	121	1
62	122	0
62	123	1
62	124	0
62	125	1
62	126	0
62	127	0
62	128	0
62	129	1
62	130	0
62	131	1
62	132	1
62	133	1
62	134	0
62	135	0
62	136	0
62	137	0
62	138	1
62	139	0
62	140	0
63	64	0
63	65	1
63	66	1
63	67	1
63	68	0
63	69	0
63	70	1
63	71	0
63	72	0
63	73	0
63	74	1
63	75	0
63	76	0
63	77	1
63	78	1
63	79	0
63	80	0
63	81	1
63	82	1
63	83	1
63	84	0
63	85	1
63	86	1
63	87	0
63	88	1
63	89	0
63	90	0
63	91	0
63	92	0
63	93	1
63	94	0
63	95	1
63	96	0
63	97	1
63	98	1
63	99	1
63	100	0
63	101	1
63	102	0
63	103	1
63	104	1
63	105	1
63	106	1
63	107	1
63	108	0
63	109	1
63	110	0
63	111	1
63	112	1
63	113	1
63	114	1
63	115	0
63	116	0
63	117	0
63	118	0
63	119	0
63	120	1
63	121	1
63	122	0
63	123	0
63	124	0
63	125	1
63	126	0
63	127	0
63	128	1
63	129	0
63	130	0
63	131	0
63	132	1
63	133	1
63	134	1
63	135	0
63	136	1
63	137	0
63	138	0
63	139	1
63	140	1
64	65	0
64	66	0
64	67	1
64	68	0
64	69	1
64	70	0
64	71	1
64	72	1
64	73	0
64	74	0
64	75	0
64	76	1
64	77	1
64	78	0
64	79	0
64	80	0
64	81	1
64	82	1
64	83	0
64	84	1
64	85	0
64	86	1
64	87	0
64	88	1
64	89	0
64	90	1
64	91	0
64	92	1
64	93	0
64	94	1
64	95	0
64	96	1
64	97	0
64	98	1
64	99	0
64	100	0
64	101	1
64	102	1
64	103	1
64	104	0
64	105	1
64	106	0
64	107	0
64	108	1
64	109	1
64	110	0
64	111	1
64	112	0
64	113	0
64	114	1
64	115	1
64	116	0
64	117	0
64	118	1
64	119	1
64	120	1
64	121	1
64	122	1
64	123	0
64	124	1
64	125	1
64	126	0
64	127	1
64	128	0
64	129	1
64	130	0
64	131	1
64	132	1
64	133	1
64	134	0
64	135	1
64	136	0
64	137	0
64	138	1
64	139	0
64	140	1
65	66	0
65	67	0
65	68	1
65	69	1
65	70	1
65	71	1
65	72	1
65	73	1
65	74	1
65	75	1
65	76	0
65	77	1
65	78	0
65	79	1
65	80	1
65	81	1
65	82	1
65	83	1
65	84	1
65	85	0
65	86	1
65	87	1
65	88	1
65	89	1
65	90	1
65	91	0
65	92	0
65	93	1
65	94	0
65	95	1
65	96	0
65	97	0
65	98	1
65	99	1
65	100	1
65	101	0
65	102	0
65	103	1
65	104	1
65	105	1
65	106	1
65	107	1
65	108	0
65	109	1
65	110	1
65	111	0
65	112	1
65	113	1
65	114	1
65	115	1
65	116	1
65	117	1
65	118	1
65	119	1
65	120	0
65	121	0
65	122	0
65	123	0
65	124	1
65	125	1
65	126	0
65	127	1
65	128	0
65	129	0
65	130	1
65	131	1
65	132	0
65	133	0
65	134	0
65	135	0
65	136	1
65	137	1
65	138	1
65	139	0
65	140	1
66	67	1
66	68	0
66	69	0
66	70	1
66	71	1
66	72	1
66	73	1
66	74	0
66	75	0
66	76	0
66	77	0
66	78	0
66	79	1
66	80	0
66	81	0
66	82	0
66	83	0
66	84	0
66	85	1
66	86	1
66	87	0
66	88	0
66	89	1
66	90	0
66	91	1
66	92	1
66	93	0
66	94	1
66	95	1
66	96	0
66	97	0
66	98	0
66	99	0
66	100	1
66	101	0
66	102	1
66	103	1
66	104	1
66	105	0
66	106	1
66	107	1
66	108	0
66	109	0
66	110	1
66	111	1
66	112	0
66	113	1
66	114	0
66	115	0
66	116	1
66	117	1
66	118	1
66	119	1
66	120	1
66	121	0
66	122	1
66	123	0
66	124	1
66	125	0
66	126	1
66	127	1
66	128	0
66	129	0
66	130	0
66	131	0
66	132	1
66	133	1
66	134	1
66	135	1
66	136	1
66	137	0
66	138	1
66	139	0
66	140	0
67	68	1
67	69	1
67	70	1
67	71	0
67	72	1
67	73	0
67	74	0
67	75	0
67	76	0
67	77	1
67	78	1
67	79	1
67	80	1
67	81	1
67	82	1
67	83	0
67	84	0
67	85	0
67	86	1
67	87	0
67	88	1
67	89	1
67	90	0
67	91	0
67	92	1
67	93	1
67	94	1
67	95	0
67	96	0
67	97	1
67	98	0
67	99	1
67	100	1
67	101	1
67	102	0
67	103	1
67	104	0
67	105	0
67	106	1
67	107	1
67	108	1
67	109	1
67	110	0
67	111	1
67	112	0
67	113	0
67	114	1
67	115	0
67	116	1
67	117	1
67	118	0
67	119	1
67	120	1
67	121	1
67	122	1
67	123	1
67	124	1
67	125	0
67	126	0
67	127	1
67	128	1
67	129	0
67	130	0
67	131	1
67	132	1
67	133	0
67	134	1
67	135	0
67	136	0
67	137	1
67	138	0
67	139	0
67	140	0
68	69	0
68	70	1
68	71	0
68	72	1
68	73	1
68	74	0
68	75	0
68	76	1
68	77	0
68	78	1
68	79	0
68	80	0
68	81	1
68	82	0
68	83	1
68	84	0
68	85	1
68	86	1
68	87	1
68	88	1
68	89	1
68	90	1
68	91	1
68	92	0
68	93	1
68	94	0
68	95	1
68	96	0
68	97	0
68	98	0
68	99	0
68	100	1
68	101	0
68	102	0
68	103	1
68	104	1
68	105	0
68	106	1
68	107	1
68	108	0
68	109	0
68	110	1
68	111	0
68	112	1
68	113	0
68	114	1
68	115	0
68	116	0
68	117	0
68	118	0
68	119	1
68	120	1
68	121	1
68	122	1
68	123	0
68	124	0
68	125	1
68	126	1
68	127	0
68	128	1
68	129	0
68	130	0
68	131	0
68	132	0
68	133	0
68	134	1
68	135	1
68	136	0
68	137	0
68	138	0
68	139	0
68	140	0
69	70	1
69	71	1
69	72	1
69	73	0
69	74	0
69	75	0
69	76	0
69	77	0
69	78	0
69	79	1
69	80	0
69	81	1
69	82	1
69	83	1
69	84	0
69	85	1
69	86	0
69	87	0
69	88	0
69	89	0
69	90	1
69	91	0
69	92	1
69	93	0
69	94	1
69	95	1
69	96	1
69	97	1
69	98	1
69	99	1
69	100	0
69	101	1
69	102	0
69	103	1
69	104	1
69	105	1
69	106	1
69	107	0
69	108	0
69	109	0
69	110	0
69	111	0
69	112	1
69	113	0
69	114	0
69	115	0
69	116	1
69	117	0
69	118	1
69	119	0
69	120	1
69	121	1
69	122	0
69	123	0
69	124	0
69	125	1
69	126	0
69	127	0
69	128	0
69	129	0
69	130	0
69	131	0
69	132	0
69	133	1
69	134	0
69	135	0
69	136	0
69	137	0
69	138	0
69	139	1
69	140	1
70	71	1
70	72	1
70	73	0
70	74	0
70	75	1
70	76	1
70	77	1
70	78	1
70	79	0
70	80	1
70	81	1
70	82	1
70	83	0
70	84	0
70	85	1
70	86	0
70	87	0
70	88	0
70	89	0
70	90	0
70	91	1
70	92	0
70	93	0
70	94	1
70	95	1
70	96	1
70	97	1
70	98	1
70	99	1
70	100	1
70	101	1
70	102	1
70	103	0
70	104	1
70	105	1
70	106	1
70	107	1
70	108	1
70	109	0
70	110	0
70	111	0
70	112	0
70	113	0
70	114	1
70	115	0
70	116	1
70	117	0
70	118	1
70	119	0
70	120	0
70	121	0
70	122	0
70	123	1
70	124	0
70	125	0
70	126	0
70	127	0
70	128	1
70	129	1
70	130	1
70	131	1
70	132	1
70	133	1
70	134	1
70	135	0
70	136	0
70	137	0
70	138	1
70	139	1
70	140	1
71	72	0
71	73	1
71	74	0
71	75	1
71	76	0
71	77	1
71	78	1
71	79	0
71	80	0
71	81	0
71	82	1
71	83	1
71	84	0
71	85	0
71	86	1
71	87	0
71	88	1
71	89	0
71	90	0
71	91	0
71	92	0
71	93	0
71	94	1
71	95	1
71	96	1
71	97	0
71	98	0
71	99	0
71	100	1
71	101	0
71	102	0
71	103	0
71	104	0
71	105	1
71	106	0
71	107	1
71	108	0
71	109	0
71	110	0
71	111	0
71	112	1
71	113	0
71	114	1
71	115	1
71	116	1
71	117	1
71	118	0
71	119	0
71	120	0
71	121	0
71	122	0
71	123	0
71	124	0
71	125	1
71	126	1
71	127	1
71	128	1
71	129	0
71	130	0
71	131	0
71	132	1
71	133	0
71	134	0
71	135	1
71	136	0
71	137	0
71	138	0
71	139	1
71	140	0
72	73	0
72	74	0
72	75	0
72	76	1
72	77	0
72	78	0
72	79	1
72	80	1
72	81	0
72	82	0
72	83	1
72	84	1
72	85	1
72	86	1
72	87	1
72	88	1
72	89	1
72	90	1
72	91	0
72	92	0
72	93	0
72	94	1
72	95	0
72	96	0
72	97	1
72	98	0
72	99	1
72	100	1
72	101	1
72	102	0
72	103	0
72	104	1
72	105	1
72	106	1
72	107	0
72	108	1
72	109	1
72	110	1
72	111	1
72	112	0
72	113	0
72	114	1
72	115	0
72	116	0
72	117	1
72	118	0
72	119	0
72	120	0
72	121	0
72	122	0
72	123	1
72	124	1
72	125	1
72	126	1
72	127	1
72	128	0
72	129	0
72	130	1
72	131	0
72	132	1
72	133	0
72	134	0
72	135	0
72	136	1
72	137	1
72	138	0
72	139	0
72	140	1
73	74	0
73	75	0
73	76	0
73	77	1
73	78	0
73	79	0
73	80	0
73	81	1
73	82	0
73	83	1
73	84	1
73	85	1
73	86	0
73	87	0
73	88	1
73	89	1
73	90	1
73	91	1
73	92	0
73	93	0
73	94	1
73	95	1
73	96	1
73	97	1
73	98	0
73	99	0
73	100	1
73	101	1
73	102	0
73	103	0
73	104	0
73	105	1
73	106	1
73	107	0
73	108	1
73	109	1
73	110	1
73	111	0
73	112	1
73	113	1
73	114	1
73	115	0
73	116	1
73	117	1
73	118	0
73	119	0
73	120	0
73	121	0
73	122	0
73	123	0
73	124	1
73	125	1
73	126	0
73	127	0
73	128	0
73	129	0
73	130	0
73	131	1
73	132	1
73	133	0
73	134	0
73	135	1
73	136	1
73	137	0
73	138	1
73	139	0
73	140	1
74	75	1
74	76	1
74	77	1
74	78	0
74	79	0
74	80	1
74	81	0
74	82	1
74	83	1
74	84	1
74	85	1
74	86	0
74	87	0
74	88	0
74	89	1
74	90	0
74	91	1
74	92	1
74	93	0
74	94	1
74	95	0
74	96	0
74	97	1
74	98	0
74	99	0
74	100	1
74	101	1
74	102	0
74	103	1
74	104	0
74	105	0
74	106	0
74	107	0
74	108	1
74	109	1
74	110	0
74	111	0
74	112	1
74	113	1
74	114	0
74	115	0
74	116	0
74	117	1
74	118	0
74	119	1
74	120	0
74	121	1
74	122	1
74	123	1
74	124	0
74	125	1
74	126	0
74	127	1
74	128	1
74	129	1
74	130	0
74	131	0
74	132	1
74	133	1
74	134	0
74	135	1
74	136	1
74	137	0
74	138	1
74	139	0
74	140	0
75	76	0
75	77	0
75	78	1
75	79	1
75	80	1
75	81	1
75	82	0
75	83	0
75	84	0
75	85	1
75	86	1
75	87	0
75	88	1
75	89	0
75	90	1
75	91	0
75	92	1
75	93	1
75	94	0
75	95	0
75	96	1
75	97	1
75	98	0
75	99	1
75	100	0
75	101	0
75	102	0
75	103	1
75	104	1
75	105	0
75	106	0
75	107	0
75	108	1
75	109	1
75	110	1
75	111	1
75	112	0
75	113	0
75	114	0
75	115	1
75	116	1
75	117	1
75	118	0
75	119	0
75	120	0
75	121	1
75	122	0
75	123	0
75	124	0
75	125	1
75	126	1
75	127	1
75	128	1
75	129	1
75	130	1
75	131	1
75	132	1
75	133	0
75	134	0
75	135	0
75	136	1
75	137	1
75	138	1
75	139	0
75	140	1
76	77	1
76	78	0
76	79	1
76	80	0
76	81	0
76	82	1
76	83	0
76	84	1
76	85	0
76	86	0
76	87	1
76	88	1
76	89	0
76	90	0
76	91	1
76	92	0
76	93	1
76	94	1
76	95	1
76	96	0
76	97	0
76	98	0
76	99	0
76	100	1
76	101	1
76	102	0
76	103	0
76	104	0
76	105	1
76	106	1
76	107	0
76	108	1
76	109	1
76	110	0
76	111	0
76	112	0
76	113	0
76	114	0
76	115	1
76	116	1
76	117	1
76	118	0
76	119	1
76	120	0
76	121	0
76	122	0
76	123	1
76	124	0
76	125	1
76	126	0
76	127	1
76	128	1
76	129	1
76	130	0
76	131	0
76	132	1
76	133	0
76	134	0
76	135	1
76	136	1
76	137	1
76	138	0
76	139	0
76	140	0
77	78	1
77	79	0
77	80	0
77	81	0
77	82	0
77	83	0
77	84	0
77	85	0
77	86	0
77	87	1
77	88	1
77	89	0
77	90	0
77	91	0
77	92	1
77	93	1
77	94	1
77	95	0
77	96	0
77	97	0
77	98	1
77	99	1
77	100	1
77	101	0
77	102	1
77	103	0
77	104	1
77	105	0
77	106	0
77	107	0
77	108	0
77	109	1
77	110	0
77	111	0
77	112	1
77	113	1
77	114	0
77	115	1
77	116	0
77	117	1
77	118	0
77	119	1
77	120	0
77	121	1
77	122	0
77	123	1
77	124	0
77	125	0
77	126	0
77	127	0
77	128	1
77	129	0
77	130	1
77	131	0
77	132	1
77	133	0
77	134	0
77	135	0
77	136	0
77	137	1
77	138	0
77	139	1
77	140	0
78	79	1
78	80	1
78	81	0
78	82	0
78	83	1
78	84	1
78	85	0
78	86	1
78	87	0
78	88	1
78	89	1
78	90	1
78	91	1
78	92	1
78	93	1
78	94	0
78	95	0
78	96	0
78	97	1
78	98	0
78	99	1
78	100	0
78	101	0
78	102	0
78	103	0
78	104	1
78	105	0
78	106	0
78	107	0
78	108	0
78	109	1
78	110	0
78	111	1
78	112	1
78	113	0
78	114	1
78	115	0
78	116	1
78	117	0
78	118	0
78	119	1
78	120	1
78	121	0
78	122	1
78	123	1
78	124	1
78	125	0
78	126	1
78	127	0
78	128	0
78	129	0
78	130	0
78	131	1
78	132	0
78	133	1
78	134	0
78	135	0
78	136	1
78	137	0
78	138	0
78	139	1
78	140	1
79	80	0
79	81	0
79	82	1
79	83	0
79	84	1
79	85	0
79	86	1
79	87	0
79	88	0
79	89	0
79	90	0
79	91	1
79	92	0
79	93	0
79	94	1
79	95	1
79	96	1
79	97	1
79	98	1
79	99	0
79	100	0
79	101	0
79	102	0
79	103	0
79	104	0
79	105	1
79	106	1
79	107	1
79	108	1
79	109	0
79	110	1
79	111	1
79	112	0
79	113	1
79	114	1
79	115	0
79	116	1
79	117	0
79	118	1
79	119	1
79	120	0
79	121	0
79	122	0
79	123	1
79	124	0
79	125	0
79	126	1
79	127	0
79	128	1
79	129	0
79	130	0
79	131	0
79	132	1
79	133	0
79	134	1
79	135	1
79	136	0
79	137	0
79	138	0
79	139	0
79	140	1
80	81	0
80	82	1
80	83	1
80	84	1
80	85	1
80	86	0
80	87	1
80	88	0
80	89	0
80	90	0
80	91	1
80	92	1
80	93	1
80	94	0
80	95	1
80	96	1
80	97	1
80	98	0
80	99	0
80	100	0
80	101	1
80	102	1
80	103	1
80	104	0
80	105	0
80	106	0
80	107	1
80	108	1
80	109	1
80	110	1
80	111	1
80	112	1
80	113	0
80	114	1
80	115	1
80	116	0
80	117	0
80	118	1
80	119	0
80	120	0
80	121	1
80	122	0
80	123	1
80	124	0
80	125	0
80	126	1
80	127	0
80	128	1
80	129	1
80	130	0
80	131	1
80	132	1
80	133	1
80	134	0
80	135	0
80	136	0
80	137	0
80	138	0
80	139	1
80	140	1
81	82	1
81	83	1
81	84	1
81	85	0
81	86	0
81	87	0
81	88	0
81	89	0
81	90	0
81	91	1
81	92	0
81	93	1
81	94	0
81	95	0
81	96	0
81	97	0
81	98	1
81	99	0
81	100	1
81	101	0
81	102	1
81	103	1
81	104	1
81	105	0
81	106	1
81	107	1
81	108	1
81	109	1
81	110	1
81	111	1
81	112	0
81	113	0
81	114	1
81	115	1
81	116	1
81	117	1
81	118	0
81	119	1
81	120	1
81	121	1
81	122	1
81	123	1
81	124	1
81	125	1
81	126	1
81	127	1
81	128	1
81	129	0
81	130	0
81	131	0
81	132	1
81	133	1
81	134	0
81	135	1
81	136	0
81	137	1
81	138	1
81	139	0
81	140	0
82	83	0
82	84	0
82	85	1
82	86	0
82	87	1
82	88	0
82	89	1
82	90	1
82	91	1
82	92	1
82	93	0
82	94	0
82	95	1
82	96	0
82	97	1
82	98	0
82	99	1
82	100	0
82	101	0
82	102	1
82	103	1
82	104	0
82	105	1
82	106	0
82	107	1
82	108	0
82	109	0
82	110	1
82	111	1
82	112	1
82	113	0
82	114	0
82	115	0
82	116	1
82	117	1
82	118	1
82	119	1
82	120	0
82	121	0
82	122	1
82	123	1
82	124	0
82	125	0
82	126	1
82	127	1
82	128	0
82	129	0
82	130	0
82	131	0
82	132	0
82	133	0
82	134	0
82	135	1
82	136	1
82	137	1
82	138	1
82	139	0
82	140	1
83	84	1
83	85	1
83	86	1
83	87	0
83	88	1
83	89	0
83	90	1
83	91	1
83	92	1
83	93	1
83	94	0
83	95	0
83	96	1
83	97	0
83	98	0
83	99	0
83	100	1
83	101	1
83	102	0
83	103	0
83	104	0
83	105	1
83	106	0
83	107	1
83	108	0
83	109	1
83	110	1
83	111	1
83	112	1
83	113	1
83	114	0
83	115	0
83	116	1
83	117	0
83	118	0
83	119	1
83	120	0
83	121	0
83	122	1
83	123	1
83	124	0
83	125	0
83	126	1
83	127	0
83	128	1
83	129	1
83	130	0
83	131	0
83	132	0
83	133	1
83	134	1
83	135	0
83	136	1
83	137	1
83	138	0
83	139	0
83	140	1
84	85	1
84	86	0
84	87	0
84	88	0
84	89	1
84	90	0
84	91	0
84	92	0
84	93	0
84	94	0
84	95	1
84	96	0
84	97	1
84	98	0
84	99	0
84	100	0
84	101	0
84	102	1
84	103	1
84	104	0
84	105	0
84	106	0
84	107	1
84	108	1
84	109	0
84	110	0
84	111	1
84	112	0
84	113	0
84	114	0
84	115	0
84	116	1
84	117	1
84	118	0
84	119	0
84	120	0
84	121	1
84	122	1
84	123	0
84	124	0
84	125	1
84	126	0
84	127	1
84	128	0
84	129	1
84	130	1
84	131	0
84	132	0
84	133	1
84	134	0
84	135	1
84	136	0
84	137	0
84	138	1
84	139	1
84	140	0
85	86	1
85	87	1
85	88	1
85	89	1
85	90	1
85	91	1
85	92	0
85	93	1
85	94	0
85	95	1
85	96	0
85	97	1
85	98	1
85	99	0
85	100	0
85	101	1
85	102	0
85	103	1
85	104	0
85	105	1
85	106	0
85	107	0
85	108	1
85	109	1
85	110	0
85	111	0
85	112	1
85	113	1
85	114	1
85	115	1
85	116	1
85	117	1
85	118	1
85	119	1
85	120	1
85	121	1
85	122	0
85	123	0
85	124	0
85	125	0
85	126	1
85	127	1
85	128	0
85	129	1
85	130	0
85	131	1
85	132	0
85	133	1
85	134	0
85	135	0
85	136	0
85	137	0
85	138	0
85	139	0
85	140	1
86	87	0
86	88	0
86	89	0
86	90	0
86	91	1
86	92	0
86	93	0
86	94	1
86	95	0
86	96	0
86	97	0
86	98	1
86	99	0
86	100	1
86	101	1
86	102	1
86	103	0
86	104	0
86	105	1
86	106	0
86	107	1
86	108	1
86	109	0
86	110	0
86	111	0
86	112	1
86	113	1
86	114	1
86	115	0
86	116	0
86	117	0
86	118	1
86	119	1
86	120	1
86	121	1
86	122	0
86	123	0
86	124	1
86	125	0
86	126	1
86	127	1
86	128	0
86	129	1
86	130	0
86	131	0
86	132	1
86	133	0
86	134	1
86	135	0
86	136	0
86	137	0
86	138	1
86	139	1
86	140	1
87	88	0
87	89	1
87	90	0
87	91	1
87	92	1
87	93	0
87	94	0
87	95	1
87	96	0
87	97	1
87	98	1
87	99	0
87	100	0
87	101	0
87	102	1
87	103	1
87	104	0
87	105	0
87	106	1
87	107	0
87	108	0
87	109	1
87	110	0
87	111	1
87	112	0
87	113	0
87	114	0
87	115	1
87	116	1
87	117	1
87	118	1
87	119	1
87	120	1
87	121	0
87	122	0
87	123	0
87	124	0
87	125	1
87	126	1
87	127	1
87	128	1
87	129	0
87	130	0
87	131	1
87	132	1
87	133	1
87	134	1
87	135	1
87	136	1
87	137	0
87	138	0
87	139	0
87	140	0
88	89	1
88	90	0
88	91	1
88	92	1
88	93	0
88	94	0
88	95	0
88	96	0
88	97	1
88	98	1
88	99	0
88	100	0
88	101	0
88	102	1
88	103	0
88	104	0
88	105	1
88	106	1
88	107	0
88	108	1
88	109	1
88	110	0
88	111	0
88	112	0
88	113	1
88	114	0
88	115	0
88	116	1
88	117	1
88	118	1
88	119	0
88	120	1
88	121	1
88	122	1
88	123	0
88	124	0
88	125	1
88	126	1
88	127	0
88	128	0
88	129	0
88	130	1
88	131	0
88	132	1
88	133	0
88	134	1
88	135	1
88	136	1
88	137	1
88	138	0
88	139	1
88	140	1
89	90	1
89	91	0
89	92	1
89	93	1
89	94	1
89	95	1
89	96	0
89	97	0
89	98	1
89	99	1
89	100	1
89	101	0
89	102	1
89	103	0
89	104	1
89	105	0
89	106	0
89	107	1
89	108	0
89	109	0
89	110	1
89	111	1
89	112	0
89	113	1
89	114	0
89	115	0
89	116	1
89	117	0
89	118	0
89	119	0
89	120	0
89	121	0
89	122	1
89	123	1
89	124	0
89	125	0
89	126	1
89	127	1
89	128	0
89	129	0
89	130	1
89	131	1
89	132	1
89	133	0
89	134	1
89	135	1
89	136	1
89	137	0
89	138	0
89	139	1
89	140	0
90	91	1
90	92	1
90	93	1
90	94	0
90	95	0
90	96	0
90	97	1
90	98	1
90	99	0
90	100	0
90	101	1
90	102	0
90	103	0
90	104	0
90	105	0
90	106	0
90	107	1
90	108	1
90	109	0
90	110	1
90	111	1
90	112	0
90	113	0
90	114	1
90	115	0
90	116	0
90	117	1
90	118	1
90	119	1
90	120	0
90	121	0
90	122	0
90	123	0
90	124	0
90	125	0
90	126	1
90	127	1
90	128	1
90	129	0
90	130	0
90	131	0
90	132	1
90	133	0
90	134	1
90	135	0
90	136	1
90	137	1
90	138	0
90	139	0
90	140	1
91	92	0
91	93	1
91	94	1
91	95	0
91	96	1
91	97	1
91	98	1
91	99	0
91	100	1
91	101	1
91	102	1
91	103	0
91	104	1
91	105	1
91	106	0
91	107	0
91	108	1
91	109	0
91	110	1
91	111	0
91	112	0
91	113	0
91	114	1
91	115	1
91	116	0
91	117	1
91	118	0
91	119	1
91	120	1
91	121	0
91	122	1
91	123	0
91	124	1
91	125	1
91	126	0
91	127	0
91	128	1
91	129	1
91	130	1
91	131	1
91	132	0
91	133	0
91	134	1
91	135	0
91	136	0
91	137	0
91	138	0
91	139	1
91	140	1
92	93	0
92	94	0
92	95	0
92	96	0
92	97	1
92	98	1
92	99	0
92	100	1
92	101	0
92	102	1
92	103	1
92	104	1
92	105	0
92	106	0
92	107	1
92	108	0
92	109	0
92	110	0
92	111	1
92	112	0
92	113	1
92	114	0
92	115	1
92	116	1
92	117	0
92	118	1
92	119	0
92	120	1
92	121	1
92	122	0
92	123	1
92	124	0
92	125	0
92	126	0
92	127	1
92	128	1
92	129	1
92	130	0
92	131	1
92	132	0
92	133	0
92	134	1
92	135	0
92	136	1
92	137	0
92	138	1
92	139	1
92	140	1
93	94	0
93	95	0
93	96	1
93	97	1
93	98	0
93	99	0
93	100	0
93	101	1
93	102	1
93	103	1
93	104	1
93	105	0
93	106	1
93	107	1
93	108	1
93	109	1
93	110	0
93	111	0
93	112	0
93	113	1
93	114	1
93	115	1
93	116	0
93	117	0
93	118	1
93	119	0
93	120	0
93	121	0
93	122	1
93	123	0
93	124	1
93	125	1
93	126	1
93	127	1
93	128	1
93	129	1
93	130	1
93	131	1
93	132	0
93	133	1
93	134	0
93	135	1
93	136	1
93	137	1
93	138	0
93	139	0
93	140	1
94	95	1
94	96	1
94	97	1
94	98	1
94	99	1
94	100	0
94	101	0
94	102	0
94	103	0
94	104	0
94	105	1
94	106	1
94	107	1
94	108	1
94	109	0
94	110	1
94	111	1
94	112	0
94	113	1
94	114	1
94	115	0
94	116	0
94	117	1
94	118	1
94	119	0
94	120	0
94	121	0
94	122	0
94	123	0
94	124	0
94	125	1
94	126	0
94	127	0
94	128	0
94	129	1
94	130	0
94	131	0
94	132	0
94	133	1
94	134	0
94	135	0
94	136	1
94	137	0
94	138	0
94	139	1
94	140	1
95	96	0
95	97	1
95	98	1
95	99	0
95	100	1
95	101	1
95	102	1
95	103	0
95	104	1
95	105	1
95	106	1
95	107	0
95	108	0
95	109	0
95	110	0
95	111	1
95	112	0
95	113	0
95	114	0
95	115	0
95	116	0
95	117	0
95	118	1
95	119	0
95	120	0
95	121	0
95	122	1
95	123	1
95	124	1
95	125	1
95	126	0
95	127	1
95	128	1
95	129	0
95	130	1
95	131	1
95	132	1
95	133	0
95	134	0
95	135	1
95	136	1
95	137	1
95	138	1
95	139	0
95	140	0
96	97	1
96	98	0
96	99	0
96	100	0
96	101	1
96	102	0
96	103	0
96	104	1
96	105	1
96	106	0
96	107	1
96	108	1
96	109	1
96	110	1
96	111	1
96	112	1
96	113	0
96	114	1
96	115	0
96	116	0
96	117	1
96	118	0
96	119	1
96	120	1
96	121	1
96	122	1
96	123	0
96	124	0
96	125	0
96	126	1
96	127	1
96	128	1
96	129	0
96	130	0
96	131	0
96	132	1
96	133	1
96	134	1
96	135	0
96	136	1
96	137	0
96	138	1
96	139	0
96	140	1
97	98	1
97	99	1
97	100	0
97	101	1
97	102	1
97	103	1
97	104	1
97	105	0
97	106	0
97	107	1
97	108	1
97	109	0
97	110	1
97	111	0
97	112	0
97	113	0
97	114	0
97	115	1
97	116	0
97	117	1
97	118	1
97	119	1
97	120	1
97	121	1
97	122	0
97	123	1
97	124	1
97	125	1
97	126	0
97	127	0
97	128	0
97	129	0
97	130	1
97	131	1
97	132	1
97	133	0
97	134	0
97	135	0
97	136	0
97	137	1
97	138	1
97	139	0
97	140	0
98	99	1
98	100	0
98	101	1
98	102	1
98	103	0
98	104	0
98	105	1
98	106	0
98	107	0
98	108	0
98	109	1
98	110	1
98	111	1
98	112	1
98	113	1
98	114	0
98	115	1
98	116	1
98	117	1
98	118	0
98	119	1
98	120	1
98	121	1
98	122	1
98	123	1
98	124	1
98	125	1
98	126	1
98	127	1
98	128	1
98	129	0
98	130	1
98	131	1
98	132	1
98	133	0
98	134	0
98	135	1
98	136	0
98	137	0
98	138	1
98	139	1
98	140	0
99	100	1
99	101	0
99	102	0
99	103	0
99	104	0
99	105	1
99	106	1
99	107	0
99	108	1
99	109	1
99	110	1
99	111	0
99	112	0
99	113	0
99	114	1
99	115	1
99	116	0
99	117	0
99	118	0
99	119	1
99	120	0
99	121	0
99	122	0
99	123	0
99	124	0
99	125	1
99	126	0
99	127	0
99	128	0
99	129	0
99	130	0
99	131	1
99	132	0
99	133	0
99	134	0
99	135	0
99	136	0
99	137	0
99	138	1
99	139	1
99	140	1
100	101	1
100	102	0
100	103	1
100	104	0
100	105	1
100	106	0
100	107	0
100	108	0
100	109	1
100	110	1
100	111	0
100	112	0
100	113	1
100	114	0
100	115	0
100	116	1
100	117	0
100	118	1
100	119	0
100	120	1
100	121	1
100	122	1
100	123	1
100	124	0
100	125	1
100	126	0
100	127	1
100	128	1
100	129	1
100	130	1
100	131	0
100	132	1
100	133	0
100	134	1
100	135	0
100	136	1
100	137	0
100	138	0
100	139	1
100	140	0
101	102	1
101	103	0
101	104	0
101	105	0
101	106	0
101	107	1
101	108	0
101	109	1
101	110	0
101	111	0
101	112	0
101	113	1
101	114	1
101	115	1
101	116	1
101	117	1
101	118	0
101	119	1
101	120	1
101	121	0
101	122	1
101	123	0
101	124	0
101	125	1
101	126	0
101	127	1
101	128	1
101	129	0
101	130	0
101	131	1
101	132	0
101	133	0
101	134	1
101	135	0
101	136	0
101	137	0
101	138	0
101	139	1
101	140	0
102	103	1
102	104	0
102	105	0
102	106	0
102	107	1
102	108	1
102	109	1
102	110	0
102	111	1
102	112	0
102	113	0
102	114	1
102	115	0
102	116	1
102	117	0
102	118	1
102	119	0
102	120	0
102	121	0
102	122	1
102	123	0
102	124	1
102	125	1
102	126	0
102	127	0
102	128	1
102	129	1
102	130	1
102	131	1
102	132	1
102	133	0
102	134	0
102	135	0
102	136	0
102	137	0
102	138	0
102	139	0
102	140	0
103	104	1
103	105	0
103	106	0
103	107	0
103	108	0
103	109	1
103	110	1
103	111	0
103	112	1
103	113	0
103	114	0
103	115	0
103	116	0
103	117	0
103	118	1
103	119	1
103	120	1
103	121	0
103	122	0
103	123	1
103	124	0
103	125	0
103	126	0
103	127	1
103	128	1
103	129	1
103	130	1
103	131	0
103	132	0
103	133	0
103	134	0
103	135	0
103	136	0
103	137	0
103	138	1
103	139	1
103	140	0
104	105	0
104	106	1
104	107	1
104	108	0
104	109	0
104	110	0
104	111	1
104	112	1
104	113	1
104	114	1
104	115	0
104	116	1
104	117	0
104	118	1
104	119	1
104	120	1
104	121	1
104	122	1
104	123	0
104	124	0
104	125	1
104	126	0
104	127	0
104	128	1
104	129	1
104	130	1
104	131	0
104	132	0
104	133	0
104	134	0
104	135	1
104	136	1
104	137	0
104	138	0
104	139	1
104	140	0
105	106	0
105	107	0
105	108	1
105	109	0
105	110	1
105	111	0
105	112	0
105	113	1
105	114	1
105	115	0
105	116	0
105	117	0
105	118	1
105	119	1
105	120	1
105	121	1
105	122	1
105	123	1
105	124	0
105	125	1
105	126	0
105	127	0
105	128	1
105	129	1
105	130	0
105	131	0
105	132	1
105	133	1
105	134	0
105	135	1
105	136	0
105	137	0
105	138	1
105	139	1
105	140	1
106	107	0
106	108	0
106	109	0
106	110	1
106	111	1
106	112	1
106	113	1
106	114	1
106	115	0
106	116	0
106	117	1
106	118	0
106	119	0
106	120	1
106	121	1
106	122	1
106	123	1
106	124	1
106	125	0
106	126	1
106	127	1
106	128	0
106	129	1
106	130	1
106	131	1
106	132	1
106	133	1
106	134	1
106	135	1
106	136	1
106	137	0
106	138	0
106	139	1
106	140	0
107	108	1
107	109	1
107	110	0
107	111	1
107	112	0
107	113	0
107	114	0
107	115	1
107	116	0
107	117	1
107	118	0
107	119	0
107	120	1
107	121	1
107	122	0
107	123	0
107	124	0
107	125	1
107	126	1
107	127	0
107	128	0
107	129	0
107	130	1
107	131	0
107	132	0
107	133	0
107	134	0
107	135	0
107	136	0
107	137	0
107	138	0
107	139	0
107	140	0
108	109	1
108	110	1
108	111	1
108	112	1
108	113	1
108	114	0
108	115	1
108	116	0
108	117	1
108	118	0
108	119	1
108	120	1
108	121	1
108	122	1
108	123	0
108	124	0
108	125	0
108	126	0
108	127	1
108	128	1
108	129	0
108	130	0
108	131	0
108	132	1
108	133	0
108	134	0
108	135	1
108	136	0
108	137	0
108	138	0
108	139	0
108	140	0
109	110	1
109	111	1
109	112	1
109	113	1
109	114	1
109	115	0
109	116	0
109	117	1
109	118	1
109	119	1
109	120	1
109	121	1
109	122	0
109	123	0
109	124	0
109	125	1
109	126	1
109	127	0
109	128	0
109	129	1
109	130	0
109	131	0
109	132	1
109	133	0
109	134	1
109	135	1
109	136	1
109	137	0
109	138	0
109	139	0
109	140	0
110	111	1
110	112	0
110	113	0
110	114	0
110	115	1
110	116	0
110	117	1
110	118	1
110	119	1
110	120	1
110	121	1
110	122	1
110	123	0
110	124	1
110	125	0
110	126	1
110	127	0
110	128	0
110	129	0
110	130	0
110	131	1
110	132	1
110	133	1
110	134	0
110	135	1
110	136	0
110	137	1
110	138	1
110	139	0
110	140	1
111	112	0
111	113	0
111	114	0
111	115	1
111	116	0
111	117	1
111	118	1
111	119	1
111	120	0
111	121	1
111	122	0
111	123	0
111	124	0
111	125	1
111	126	0
111	127	0
111	128	1
111	129	1
111	130	1
111	131	0
111	132	1
111	133	0
111	134	0
111	135	1
111	136	0
111	137	1
111	138	0
111	139	1
111	140	0
112	113	1
112	114	0
112	115	0
112	116	1
112	117	0
112	118	0
112	119	0
112	120	0
112	121	1
112	122	1
112	123	1
112	124	1
112	125	1
112	126	0
112	127	0
112	128	0
112	129	0
112	130	0
112	131	1
112	132	0
112	133	1
112	134	0
112	135	1
112	136	1
112	137	1
112	138	0
112	139	0
112	140	0
113	114	1
113	115	1
113	116	1
113	117	0
113	118	0
113	119	1
113	120	0
113	121	1
113	122	0
113	123	0
113	124	0
113	125	0
113	126	1
113	127	0
113	128	1
113	129	0
113	130	1
113	131	0
113	132	0
113	133	0
113	134	0
113	135	1
113	136	1
113	137	1
113	138	0
113	139	1
113	140	0
114	115	1
114	116	1
114	117	0
114	118	0
114	119	0
114	120	1
114	121	0
114	122	1
114	123	1
114	124	1
114	125	1
114	126	1
114	127	0
114	128	0
114	129	0
114	130	1
114	131	0
114	132	1
114	133	1
114	134	1
114	135	0
114	136	0
114	137	0
114	138	1
114	139	1
114	140	1
115	116	1
115	117	0
115	118	1
115	119	0
115	120	0
115	121	0
115	122	0
115	123	0
115	124	0
115	125	0
115	126	0
115	127	1
115	128	1
115	129	0
115	130	0
115	131	1
115	132	1
115	133	1
115	134	1
115	135	1
115	136	1
115	137	1
115	138	1
115	139	0
115	140	0
116	117	0
116	118	0
116	119	0
116	120	1
116	121	1
116	122	1
116	123	1
116	124	0
116	125	0
116	126	0
116	127	1
116	128	1
116	129	1
116	130	1
116	131	1
116	132	1
116	133	1
116	134	0
116	135	0
116	136	1
116	137	0
116	138	0
116	139	0
116	140	1
117	118	0
117	119	0
117	120	0
117	121	1
117	122	0
117	123	0
117	124	0
117	125	0
117	126	1
117	127	1
117	128	0
117	129	0
117	130	0
117	131	1
117	132	0
117	133	0
117	134	0
117	135	0
117	136	0
117	137	1
117	138	0
117	139	0
117	140	0
118	119	0
118	120	1
118	121	1
118	122	1
118	123	0
118	124	1
118	125	0
118	126	0
118	127	1
118	128	0
118	129	0
118	130	1
118	131	0
118	132	0
118	133	1
118	134	0
118	135	0
118	136	1
118	137	1
118	138	1
118	139	1
118	140	1
119	120	0
119	121	1
119	122	1
119	123	0
119	124	1
119	125	1
119	126	0
119	127	0
119	128	0
119	129	0
119	130	1
119	131	1
119	132	1
119	133	0
119	134	0
119	135	0
119	136	0
119	137	1
119	138	1
119	139	0
119	140	1
120	121	0
120	122	0
120	123	0
120	124	0
120	125	0
120	126	0
120	127	0
120	128	0
120	129	0
120	130	1
120	131	1
120	132	0
120	133	1
120	134	0
120	135	0
120	136	1
120	137	1
120	138	0
120	139	1
120	140	1
121	122	1
121	123	0
121	124	0
121	125	1
121	126	0
121	127	1
121	128	0
121	129	0
121	130	1
121	131	1
121	132	0
121	133	1
121	134	0
121	135	1
121	136	0
121	137	1
121	138	0
121	139	1
121	140	0
122	123	1
122	124	1
122	125	0
122	126	0
122	127	1
122	128	1
122	129	1
122	130	1
122	131	1
122	132	0
122	133	1
122	134	0
122	135	0
122	136	0
122	137	1
122	138	0
122	139	1
122	140	1
123	124	0
123	125	1
123	126	0
123	127	1
123	128	1
123	129	0
123	130	1
123	131	0
123	132	1
123	133	1
123	134	0
123	135	1
123	136	0
123	137	0
123	138	0
123	139	0
123	140	1
124	125	0
124	126	1
124	127	1
124	128	0
124	129	1
124	130	1
124	131	1
124	132	1
124	133	0
124	134	1
124	135	0
124	136	1
124	137	1
124	138	0
124	139	1
124	140	1
125	126	0
125	127	1
125	128	1
125	129	1
125	130	0
125	131	0
125	132	1
125	133	1
125	134	0
125	135	0
125	136	1
125	137	0
125	138	1
125	139	0
125	140	0
126	127	0
126	128	1
126	129	0
126	130	0
126	131	0
126	132	1
126	133	1
126	134	1
126	135	1
126	136	1
126	137	1
126	138	1
126	139	0
126	140	0
127	128	1
127	129	1
127	130	0
127	131	0
127	132	0
127	133	0
127	134	0
127	135	0
127	136	0
127	137	1
127	138	1
127	139	1
127	140	1
128	129	1
128	130	1
128	131	0
128	132	0
128	133	1
128	134	0
128	135	1
128	136	0
128	137	0
128	138	0
128	139	1
128	140	1
129	130	1
129	131	0
129	132	1
129	133	1
129	134	0
129	135	0
129	136	0
129	137	1
129	138	0
129	139	1
129	140	0
130	131	0
130	132	0
130	133	0
130	134	1
130	135	1
130	136	0
130	137	0
130	138	0
130	139	0
130	140	0
131	132	1
131	133	1
131	134	1
131	135	1
131	136	1
131	137	1
131	138	1
131	139	1
131	140	1
132	133	1
132	134	1
132	135	0
132	136	1
132	137	1
132	138	1
132	139	1
132	140	1
133	134	0
133	135	1
133	136	0
133	137	0
133	138	1
133	139	0
133	140	0
134	135	1
134	136	1
134	137	0
134	138	1
134	139	0
134	140	0
135	136	1
135	137	0
135	138	0
135	139	1
135	140	0
136	137	1
136	138	1
136	139	1
136	140	1
137	138	0
137	139	1
137	140	1
138	139	1
138	140	1
139	140	0
