140	9730	0
1	2	1
1	3	1
1	4	0
1	5	0
1	6	1
1	7	1
1	8	0
1	9	1
1	10	0
1	11	1
1	12	1
1	13	0
1	14	0
1	15	1
1	16	1
1	17	0
1	18	1
1	19	0
1	20	0
1	21	0
1	22	1
1	23	1
1	24	1
1	25	1
1	26	0
1	27	1
1	28	1
1	29	0
1	30	0
1	31	0
1	32	0
1	33	1
1	34	0
1	35	1
1	36	0
1	37	1
1	38	1
1	39	0
1	40	1
1	41	1
1	42	0
1	43	0
1	44	0
1	45	0
1	46	1
1	47	0
1	48	0
1	49	0
1	50	1
1	51	0
1	52	1
1	53	0
1	54	0
1	55	1
1	56	1
1	57	1
1	58	1
1	59	0
1	60	1
1	61	1
1	62	1
1	63	1
1	64	1
1	65	0
1	66	1
1	67	1
1	68	0
1	69	1
1	70	0
1	71	0
1	72	0
1	73	0
1	74	0
1	75	0
1	76	1
1	77	1
1	78	1
1	79	1
1	80	0
1	81	1
1	82	1
1	83	1
1	84	1
1	85	1
1	86	1
1	87	0
1	88	1
1	89	0
1	90	1
1	91	0
1	92	1
1	93	0
1	94	0
1	95	0
1	96	0
1	97	0
1	98	0
1	99	0
1	100	1
1	101	0
1	102	1
1	103	0
1	104	0
1	105	0
1	106	0
1	107	1
1	108	0
1	109	0
1	110	0
1	111	0
1	112	0
1	113	0
1	114	0
1	115	0
1	116	0
1	117	0
1	118	1
1	119	1
1	120	0
1	121	0
1	122	1
1	123	0
1	124	0
1	125	0
1	126	0
1	127	0
1	128	0
1	129	0
1	130	0
1	131	0
1	132	1
1	133	1
1	134	1
1	135	0
1	136	0
1	137	1
1	138	1
1	139	0
1	140	1
2	3	0
2	4	0
2	5	0
2	6	0
2	7	1
2	8	1
2	9	0
2	10	0
2	11	0
2	12	1
2	13	1
2	14	1
2	15	0
2	16	0
2	17	1
2	18	0
2	19	0
2	20	0
2	21	0
2	22	0
2	23	1
2	24	0
2	25	1
2	26	0
2	27	0
2	28	0
2	29	1
2	30	0
2	31	0
2	32	0
2	33	0
2	34	0
2	35	0
2	36	0
2	37	1
2	38	1
2	39	0
2	40	1
2	41	1
2	42	1
2	43	1
2	44	1
2	45	1
2	46	0
2	47	1
2	48	1
2	49	1
2	50	1
2	51	0
2	52	0
2	53	1
2	54	0
2	55	0
2	56	0
2	57	1
2	58	1
2	59	1
2	60	0
2	61	0
2	62	0
2	63	0
2	64	1
2	65	1
2	66	0
2	67	1
2	68	1
2	69	1
2	70	0
2	71	0
2	72	0
2	73	1
2	74	0
2	75	1
2	76	0
2	77	0
2	78	1
2	79	0
2	80	0
2	81	1
2	82	1
2	83	1
2	84	1
2	85	0
2	86	1
2	87	1
2	88	0
2	89	0
2	90	0
2	91	0
2	92	0
2	93	1
2	94	0
2	95	1
2	96	0
2	97	0
2	98	1
2	99	1
2	100	1
2	101	0
2	102	0
2	103	0
2	104	1
2	105	1
2	106	1
2	107	1
2	108	0
2	109	1
2	110	1
2	111	0
2	112	0
2	113	0
2	114	0
2	115	0
2	116	1
2	117	0
2	118	1
2	119	1
2	120	0
2	121	1
2	122	1
2	123	0
2	124	0
2	125	0
2	126	1
2	127	0
2	128	0
2	129	0
2	130	1
2	131	0
2	132	0
2	133	1
2	134	1
2	135	1
2	136	1
2	137	0
2	138	1
2	139	0
2	140	0
3	4	0
3	5	1
3	6	1
3	7	1
3	8	0
3	9	0
3	10	1
3	11	0
3	12	1
3	13	1
3	14	0
3	15	1
3	16	0
3	17	1
3	18	0
3	19	0
3	20	1
3	21	1
3	22	0
3	23	0
3	24	0
3	25	0
3	26	0
3	27	1
3	28	1
3	29	1
3	30	1
3	31	0
3	32	1
3	33	0
3	34	1
3	35	0
3	36	0
3	37	1
3	38	0
3	39	1
3	40	0
3	41	0
3	42	1
3	43	0
3	44	0
3	45	0
3	46	1
3	47	0
3	48	1
3	49	1
3	50	1
3	51	1
3	52	0
3	53	1
3	54	0
3	55	1
3	56	1
3	57	1
3	58	1
3	59	1
3	60	0
3	61	1
3	62	0
3	63	0
3	64	0
3	65	0
3	66	0
3	67	1
3	68	1
3	69	0
3	70	0
3	71	0
3	72	1
3	73	1
3	74	1
3	75	0
3	76	0
3	77	0
3	78	1
3	79	1
3	80	1
3	81	0
3	82	1
3	83	0
3	84	1
3	85	1
3	86	1
3	87	1
3	88	0
3	89	0
3	90	0
3	91	0
3	92	0
3	93	0
3	94	1
3	95	0
3	96	1
3	97	0
3	98	0
3	99	1
3	100	1
3	101	1
3	102	1
3	103	1
3	104	1
3	105	0
3	106	1
3	107	1
3	108	0
3	109	1
3	110	1
3	111	0
3	112	1
3	113	0
3	114	1
3	115	0
3	116	0
3	117	0
3	118	0
3	119	0
3	120	0
3	121	1
3	122	0
3	123	1
3	124	1
3	125	0
3	126	1
3	127	0
3	128	0
3	129	0
3	130	1
3	131	0
3	132	1
3	133	0
3	134	0
3	135	0
3	136	0
3	137	1
3	138	0
3	139	1
3	140	1
4	5	1
4	6	0
4	7	0
4	8	0
4	9	0
4	10	0
4	11	0
4	12	0
4	13	1
4	14	0
4	15	0
4	16	0
4	17	1
4	18	0
4	19	1
4	20	0
4	21	0
4	22	1
4	23	1
4	24	0
4	25	0
4	26	0
4	27	1
4	28	0
4	29	1
4	30	1
4	31	0
4	32	0
4	33	1
4	34	1
4	35	1
4	36	1
4	37	1
4	38	1
4	39	1
4	40	1
4	41	1
4	42	1
4	43	0
4	44	1
4	45	1
4	46	0
4	47	1
4	48	0
4	49	1
4	50	1
4	51	1
4	52	1
4	53	1
4	54	1
4	55	1
4	56	1
4	57	1
4	58	0
4	59	0
4	60	1
4	61	1
4	62	0
4	63	1
4	64	1
4	65	1
4	66	0
4	67	1
4	68	0
4	69	1
4	70	1
4	71	0
4	72	1
4	73	0
4	74	0
4	75	0
4	76	1
4	77	1
4	78	0
4	79	1
4	80	0
4	81	1
4	82	0
4	83	1
4	84	0
4	85	0
4	86	1
4	87	0
4	88	1
4	89	1
4	90	0
4	91	1
4	92	0
4	93	1
4	94	1
4	95	0
4	96	0
4	97	0
4	98	0
4	99	0
4	100	0
4	101	1
4	102	1
4	103	1
4	104	1
4	105	0
4	106	0
4	107	0
4	108	1
4	109	1
4	110	1
4	111	1
4	112	0
4	113	1
4	114	0
4	115	0
4	116	1
4	117	0
4	118	0
4	119	1
4	120	1
4	121	0
4	122	0
4	123	1
4	124	1
4	125	0
4	126	0
4	127	0
4	128	1
4	129	0
4	130	1
4	131	1
4	132	0
4	133	1
4	134	1
4	135	0
4	136	1
4	137	1
4	138	0
4	139	0
4	140	1
5	6	0
5	7	0
5	8	1
5	9	0
5	10	0
5	11	0
5	12	0
5	13	0
5	14	0
5	15	0
5	16	1
5	17	1
5	18	1
5	19	0
5	20	1
5	21	1
5	22	1
5	23	0
5	24	0
5	25	1
5	26	1
5	27	0
5	28	1
5	29	0
5	30	1
5	31	0
5	32	0
5	33	0
5	34	0
5	35	1
5	36	0
5	37	1
5	38	0
5	39	0
5	40	1
5	41	1
5	42	0
5	43	1
5	44	0
5	45	1
5	46	0
5	47	1
5	48	0
5	49	0
5	50	0
5	51	0
5	52	0
5	53	0
5	54	1
5	55	0
5	56	1
5	57	0
5	58	0
5	59	1
5	60	1
5	61	0
5	62	0
5	63	0
5	64	1
5	65	0
5	66	0
5	67	1
5	68	0
5	69	1
5	70	0
5	71	0
5	72	0
5	73	0
5	74	0
5	75	1
5	76	1
5	77	1
5	78	1
5	79	1
5	80	0
5	81	1
5	82	1
5	83	1
5	84	0
5	85	0
5	86	1
5	87	0
5	88	1
5	89	0
5	90	0
5	91	0
5	92	0
5	93	1
5	94	0
5	95	0
5	96	0
5	97	1
5	98	1
5	99	1
5	100	0
5	101	1
5	102	0
5	103	0
5	104	1
5	105	1
5	106	0
5	107	1
5	108	0
5	109	0
5	110	0
5	111	0
5	112	1
5	113	0
5	114	0
5	115	0
5	116	0
5	117	1
5	118	1
5	119	0
5	120	1
5	121	1
5	122	0
5	123	1
5	124	1
5	125	0
5	126	0
5	127	1
5	128	1
5	129	0
5	130	1
5	131	0
5	132	1
5	133	0
5	134	1
5	135	1
5	136	0
5	137	1
5	138	1
5	139	0
5	140	1
6	7	1
6	8	1
6	9	1
6	10	0
6	11	1
6	12	1
6	13	0
6	14	0
6	15	0
6	16	0
6	17	1
6	18	0
6	19	1
6	20	0
6	21	1
6	22	1
6	23	1
6	24	0
6	25	1
6	26	1
6	27	0
6	28	0
6	29	0
6	30	0
6	31	1
6	32	1
6	33	1
6	34	1
6	35	1
6	36	1
6	37	1
6	38	0
6	39	0
6	40	1
6	41	1
6	42	1
6	43	1
6	44	0
6	45	1
6	46	0
6	47	1
6	48	1
6	49	0
6	50	1
6	51	1
6	52	1
6	53	0
6	54	0
6	55	1
6	56	1
6	57	0
6	58	1
6	59	0
6	60	0
6	61	1
6	62	1
6	63	1
6	64	0
6	65	1
6	66	0
6	67	1
6	68	0
6	69	1
6	70	0
6	71	0
6	72	1
6	73	1
6	74	0
6	75	1
6	76	1
6	77	1
6	78	1
6	79	0
6	80	0
6	81	0
6	82	0
6	83	0
6	84	1
6	85	1
6	86	0
6	87	1
6	88	1
6	89	0
6	90	1
6	91	1
6	92	1
6	93	1
6	94	0
6	95	1
6	96	0
6	97	1
6	98	0
6	99	0
6	100	1
6	101	1
6	102	1
6	103	0
6	104	1
6	105	0
6	106	0
6	107	0
6	108	1
6	109	0
6	110	1
6	111	0
6	112	0
6	113	0
6	114	0
6	115	1
6	116	0
6	117	0
6	118	1
6	119	1
6	120	0
6	121	0
6	122	0
6	123	0
6	124	1
6	125	1
6	126	0
6	127	0
6	128	0
6	129	1
6	130	0
6	131	1
6	132	0
6	133	1
6	134	1
6	135	0
6	136	0
6	137	0
6	138	1
6	139	0
6	140	1
7	8	0
7	9	0
7	10	0
7	11	1
7	12	1
7	13	1
7	14	1
7	15	1
7	16	1
7	17	0
7	18	1
7	19	0
7	20	1
7	21	1
7	22	0
7	23	1
7	24	0
7	25	0
7	26	0
7	27	1
7	28	1
7	29	1
7	30	0
7	31	0
7	32	1
7	33	1
7	34	1
7	35	1
7	36	0
7	37	1
7	38	1
7	39	0
7	40	0
7	41	1
7	42	0
7	43	0
7	44	1
7	45	1
7	46	1
7	47	1
7	48	0
7	49	1
7	50	0
7	51	1
7	52	1
7	53	0
7	54	1
7	55	1
7	56	1
7	57	1
7	58	1
7	59	0
7	60	0
7	61	1
7	62	1
7	63	1
7	64	1
7	65	0
7	66	0
7	67	1
7	68	1
7	69	1
7	70	1
7	71	0
7	72	0
7	73	0
7	74	1
7	75	0
7	76	1
7	77	0
7	78	0
7	79	0
7	80	1
7	81	1
7	82	0
7	83	0
7	84	0
7	85	0
7	86	0
7	87	0
7	88	0
7	89	0
7	90	0
7	91	0
7	92	0
7	93	1
7	94	1
7	95	0
7	96	1
7	97	1
7	98	1
7	99	1
7	100	1
7	101	1
7	102	0
7	103	0
7	104	1
7	105	0
7	106	1
7	107	1
7	108	1
7	109	0
7	110	0
7	111	1
7	112	1
7	113	1
7	114	1
7	115	1
7	116	1
7	117	0
7	118	0
7	119	0
7	120	0
7	121	1
7	122	0
7	123	1
7	124	1
7	125	1
7	126	1
7	127	1
7	128	1
7	129	0
7	130	1
7	131	1
7	132	1
7	133	1
7	134	1
7	135	0
7	136	1
7	137	0
7	138	1
7	139	0
7	140	0
8	9	0
8	10	1
8	11	1
8	12	1
8	13	1
8	14	0
8	15	0
8	16	1
8	17	1
8	18	0
8	19	1
8	20	1
8	21	1
8	22	0
8	23	0
8	24	1
8	25	0
8	26	1
8	27	0
8	28	0
8	29	0
8	30	1
8	31	0
8	32	1
8	33	1
8	34	0
8	35	0
8	36	0
8	37	1
8	38	0
8	39	0
8	40	1
8	41	1
8	42	1
8	43	0
8	44	0
8	45	1
8	46	0
8	47	1
8	48	1
8	49	1
8	50	1
8	51	1
8	52	1
8	53	0
8	54	0
8	55	1
8	56	1
8	57	0
8	58	0
8	59	1
8	60	1
8	61	1
8	62	0
8	63	0
8	64	1
8	65	1
8	66	1
8	67	0
8	68	0
8	69	0
8	70	1
8	71	0
8	72	0
8	73	0
8	74	0
8	75	0
8	76	1
8	77	0
8	78	1
8	79	0
8	80	1
8	81	1
8	82	1
8	83	1
8	84	1
8	85	1
8	86	1
8	87	0
8	88	0
8	89	1
8	90	1
8	91	0
8	92	0
8	93	1
8	94	1
8	95	1
8	96	1
8	97	0
8	98	1
8	99	1
8	100	0
8	101	0
8	102	0
8	103	1
8	104	1
8	105	0
8	106	1
8	107	0
8	108	1
8	109	1
8	110	0
8	111	0
8	112	0
8	113	1
8	114	0
8	115	0
8	116	0
8	117	1
8	118	0
8	119	1
8	120	1
8	121	1
8	122	0
8	123	1
8	124	0
8	125	1
8	126	1
8	127	1
8	128	1
8	129	0
8	130	1
8	131	1
8	132	0
8	133	0
8	134	0
8	135	0
8	136	1
8	137	1
8	138	0
8	139	0
8	140	1
9	10	1
9	11	1
9	12	0
9	13	1
9	14	0
9	15	1
9	16	0
9	17	1
9	18	0
9	19	1
9	20	1
9	21	0
9	22	0
9	23	1
9	24	0
9	25	0
9	26	1
9	27	0
9	28	0
9	29	0
9	30	1
9	31	1
9	32	0
9	33	0
9	34	1
9	35	1
9	36	0
9	37	0
9	38	1
9	39	0
9	40	1
9	41	1
9	42	1
9	43	0
9	44	0
9	45	0
9	46	1
9	47	1
9	48	0
9	49	0
9	50	0
9	51	1
9	52	0
9	53	1
9	54	1
9	55	0
9	56	0
9	57	1
9	58	0
9	59	1
9	60	1
9	61	1
9	62	0
9	63	1
9	64	1
9	65	1
9	66	1
9	67	1
9	68	0
9	69	0
9	70	1
9	71	0
9	72	0
9	73	1
9	74	1
9	75	1
9	76	1
9	77	1
9	78	0
9	79	0
9	80	0
9	81	0
9	82	0
9	83	1
9	84	1
9	85	1
9	86	0
9	87	0
9	88	1
9	89	1
9	90	1
9	91	1
9	92	0
9	93	0
9	94	0
9	95	0
9	96	0
9	97	1
9	98	1
9	99	0
9	100	1
9	101	0
9	102	0
9	103	1
9	104	0
9	105	0
9	106	1
9	107	0
9	108	1
9	109	0
9	110	0
9	111	0
9	112	0
9	113	0
9	114	1
9	115	0
9	116	0
9	117	1
9	118	0
9	119	0
9	120	1
9	121	1
9	122	0
9	123	1
9	124	0
9	125	0
9	126	0
9	127	1
9	128	1
9	129	1
9	130	0
9	131	1
9	132	1
9	133	1
9	134	0
9	135	1
9	136	0
9	137	1
9	138	1
9	139	0
9	140	1
10	11	0
10	12	0
10	13	1
10	14	1
10	15	0
10	16	1
10	17	1
10	18	1
10	19	1
10	20	1
10	21	1
10	22	1
10	23	0
10	24	1
10	25	0
10	26	0
10	27	1
10	28	1
10	29	1
10	30	0
10	31	1
10	32	1
10	33	1
10	34	1
10	35	1
10	36	1
10	37	0
10	38	0
10	39	1
10	40	0
10	41	0
10	42	1
10	43	1
10	44	0
10	45	1
10	46	1
10	47	0
10	48	0
10	49	1
10	50	0
10	51	1
10	52	0
10	53	0
10	54	0
10	55	1
10	56	1
10	57	0
10	58	0
10	59	0
10	60	0
10	61	1
10	62	0
10	63	1
10	64	0
10	65	0
10	66	1
10	67	1
10	68	1
10	69	0
10	70	1
10	71	1
10	72	0
10	73	1
10	74	1
10	75	0
10	76	0
10	77	0
10	78	0
10	79	1
10	80	1
10	81	1
10	82	1
10	83	1
10	84	0
10	85	1
10	86	0
10	87	0
10	88	1
10	89	0
10	90	0
10	91	1
10	92	0
10	93	1
10	94	0
10	95	1
10	96	0
10	97	1
10	98	1
10	99	1
10	100	1
10	101	0
10	102	1
10	103	1
10	104	0
10	105	1
10	106	1
10	107	0
10	108	1
10	109	0
10	110	0
10	111	0
10	112	0
10	113	0
10	114	1
10	115	1
10	116	1
10	117	0
10	118	1
10	119	0
10	120	0
10	121	1
10	122	1
10	123	1
10	124	0
10	125	1
10	126	1
10	127	1
10	128	1
10	129	1
10	130	1
10	131	0
10	132	1
10	133	0
10	134	0
10	135	1
10	136	0
10	137	0
10	138	0
10	139	0
10	140	0
11	12	1
11	13	0
11	14	0
11	15	1
11	16	0
11	17	0
11	18	1
11	19	1
11	20	1
11	21	0
11	22	1
11	23	1
11	24	1
11	25	1
11	26	1
11	27	1
11	28	1
11	29	0
11	30	0
11	31	0
11	32	1
11	33	1
11	34	0
11	35	0
11	36	0
11	37	0
11	38	1
11	39	0
11	40	0
11	41	1
11	42	1
11	43	0
11	44	1
11	45	1
11	46	1
11	47	0
11	48	1
11	49	0
11	50	1
11	51	0
11	52	1
11	53	0
11	54	0
11	55	1
11	56	0
11	57	0
11	58	0
11	59	0
11	60	1
11	61	0
11	62	0
11	63	1
11	64	0
11	65	1
11	66	1
11	67	1
11	68	1
11	69	0
11	70	0
11	71	0
11	72	1
11	73	1
11	74	0
11	75	1
11	76	1
11	77	1
11	78	0
11	79	1
11	80	0
11	81	0
11	82	1
11	83	1
11	84	0
11	85	0
11	86	1
11	87	1
11	88	1
11	89	1
11	90	1
11	91	1
11	92	0
11	93	0
11	94	0
11	95	1
11	96	0
11	97	0
11	98	0
11	99	1
11	100	0
11	101	0
11	102	1
11	103	0
11	104	1
11	105	0
11	106	1
11	107	0
11	108	0
11	109	0
11	110	1
11	111	0
11	112	0
11	113	0
11	114	1
11	115	0
11	116	1
11	117	1
11	118	0
11	119	1
11	120	1
11	121	1
11	122	0
11	123	1
11	124	1
11	125	0
11	126	1
11	127	1
11	128	0
11	129	0
11	130	1
11	131	1
11	132	0
11	133	1
11	134	1
11	135	0
11	136	0
11	137	0
11	138	1
11	139	1
11	140	0
12	13	1
12	14	0
12	15	1
12	16	1
12	17	0
12	18	1
12	19	0
12	20	0
12	21	1
12	22	0
12	23	0
12	24	1
12	25	1
12	26	1
12	27	1
12	28	1
12	29	0
12	30	0
12	31	1
12	32	1
12	33	0
12	34	1
12	35	0
12	36	1
12	37	1
12	38	0
12	39	1
12	40	0
12	41	0
12	42	1
12	43	1
12	44	1
12	45	1
12	46	0
12	47	0
12	48	0
12	49	0
12	50	0
12	51	1
12	52	0
12	53	0
12	54	0
12	55	1
12	56	1
12	57	0
12	58	0
12	59	0
12	60	0
12	61	0
12	62	0
12	63	1
12	64	1
12	65	1
12	66	1
12	67	1
12	68	1
12	69	1
12	70	1
12	71	0
12	72	0
12	73	0
12	74	0
12	75	1
12	76	0
12	77	1
12	78	0
12	79	1
12	80	0
12	81	1
12	82	0
12	83	1
12	84	1
12	85	1
12	86	0
12	87	1
12	88	0
12	89	1
12	90	0
12	91	1
12	92	1
12	93	1
12	94	1
12	95	1
12	96	0
12	97	0
12	98	1
12	99	0
12	100	0
12	101	1
12	102	0
12	103	0
12	104	1
12	105	1
12	106	0
12	107	0
12	108	1
12	109	1
12	110	0
12	111	1
12	112	1
12	113	1
12	114	1
12	115	0
12	116	1
12	117	1
12	118	0
12	119	0
12	120	1
12	121	1
12	122	0
12	123	1
12	124	0
12	125	0
12	126	1
12	127	0
12	128	0
12	129	1
12	130	1
12	131	1
12	132	1
12	133	0
12	134	0
12	135	1
12	136	0
12	137	0
12	138	0
12	139	1
12	140	0
13	14	1
13	15	0
13	16	1
13	17	1
13	18	1
13	19	1
13	20	0
13	21	0
13	22	0
13	23	0
13	24	0
13	25	0
13	26	0
13	27	1
13	28	1
13	29	0
13	30	1
13	31	0
13	32	1
13	33	1
13	34	0
13	35	0
13	36	0
13	37	1
13	38	1
13	39	0
13	40	0
13	41	0
13	42	0
13	43	0
13	44	1
13	45	0
13	46	0
13	47	1
13	48	1
13	49	1
13	50	0
13	51	1
13	52	1
13	53	0
13	54	1
13	55	1
13	56	0
13	57	1
13	58	0
13	59	1
13	60	0
13	61	1
13	62	0
13	63	0
13	64	0
13	65	1
13	66	1
13	67	1
13	68	1
13	69	0
13	70	0
13	71	1
13	72	0
13	73	0
13	74	0
13	75	1
13	76	1
13	77	0
13	78	1
13	79	0
13	80	1
13	81	0
13	82	0
13	83	0
13	84	1
13	85	1
13	86	0
13	87	0
13	88	0
13	89	0
13	90	1
13	91	1
13	92	0
13	93	1
13	94	0
13	95	0
13	96	0
13	97	1
13	98	1
13	99	0
13	100	1
13	101	1
13	102	1
13	103	0
13	104	0
13	105	0
13	106	1
13	107	0
13	108	0
13	109	1
13	110	1
13	111	0
13	112	1
13	113	0
13	114	1
13	115	0
13	116	0
13	117	1
13	118	1
13	119	1
13	120	0
13	121	0
13	122	1
13	123	1
13	124	1
13	125	0
13	126	1
13	127	0
13	128	0
13	129	1
13	130	0
13	131	1
13	132	1
13	133	1
13	134	1
13	135	1
13	136	1
13	137	0
13	138	0
13	139	1
13	140	1
14	15	0
14	16	1
14	17	1
14	18	1
14	19	0
14	20	0
14	21	1
14	22	0
14	23	0
14	24	0
14	25	0
14	26	0
14	27	1
14	28	0
14	29	0
14	30	1
14	31	0
14	32	0
14	33	1
14	34	0
14	35	0
14	36	1
14	37	1
14	38	0
14	39	0
14	40	1
14	41	0
14	42	0
14	43	0
14	44	1
14	45	0
14	46	0
14	47	1
14	48	0
14	49	0
14	50	1
14	51	1
14	52	0
14	53	0
14	54	0
14	55	0
14	56	0
14	57	0
14	58	0
14	59	1
14	60	0
14	61	0
14	62	0
14	63	1
14	64	1
14	65	1
14	66	0
14	67	0
14	68	0
14	69	0
14	70	1
14	71	0
14	72	0
14	73	0
14	74	0
14	75	1
14	76	1
14	77	1
14	78	0
14	79	0
14	80	1
14	81	0
14	82	1
14	83	1
14	84	1
14	85	1
14	86	0
14	87	0
14	88	0
14	89	0
14	90	0
14	91	1
14	92	0
14	93	0
14	94	0
14	95	0
14	96	1
14	97	0
14	98	1
14	99	1
14	100	1
14	101	1
14	102	1
14	103	0
14	104	1
14	105	1
14	106	0
14	107	0
14	108	1
14	109	1
14	110	0
14	111	0
14	112	1
14	113	1
14	114	0
14	115	1
14	116	0
14	117	1
14	118	0
14	119	0
14	120	0
14	121	1
14	122	1
14	123	0
14	124	0
14	125	0
14	126	1
14	127	0
14	128	1
14	129	0
14	130	0
14	131	0
14	132	1
14	133	1
14	134	1
14	135	1
14	136	1
14	137	1
14	138	0
14	139	0
14	140	1
15	16	0
15	17	1
15	18	0
15	19	0
15	20	0
15	21	0
15	22	0
15	23	1
15	24	1
15	25	1
15	26	1
15	27	1
15	28	1
15	29	0
15	30	1
15	31	0
15	32	0
15	33	0
15	34	0
15	35	1
15	36	0
15	37	0
15	38	0
15	39	1
15	40	0
15	41	1
15	42	1
15	43	0
15	44	1
15	45	0
15	46	1
15	47	1
15	48	1
15	49	0
15	50	0
15	51	1
15	52	0
15	53	0
15	54	0
15	55	1
15	56	0
15	57	0
15	58	1
15	59	0
15	60	1
15	61	0
15	62	1
15	63	1
15	64	0
15	65	0
15	66	0
15	67	0
15	68	0
15	69	0
15	70	0
15	71	1
15	72	1
15	73	0
15	74	0
15	75	1
15	76	0
15	77	0
15	78	0
15	79	0
15	80	1
15	81	0
15	82	1
15	83	0
15	84	1
15	85	0
15	86	0
15	87	1
15	88	0
15	89	1
15	90	0
15	91	0
15	92	1
15	93	0
15	94	1
15	95	0
15	96	1
15	97	0
15	98	1
15	99	0
15	100	1
15	101	0
15	102	0
15	103	0
15	104	1
15	105	1
15	106	1
15	107	0
15	108	1
15	109	0
15	110	0
15	111	1
15	112	1
15	113	1
15	114	0
15	115	1
15	116	0
15	117	0
15	118	1
15	119	0
15	120	0
15	121	0
15	122	0
15	123	1
15	124	1
15	125	0
15	126	0
15	127	1
15	128	0
15	129	1
15	130	1
15	131	1
15	132	0
15	133	1
15	134	0
15	135	1
15	136	1
15	137	0
15	138	0
15	139	1
15	140	1
16	17	1
16	18	1
16	19	1
16	20	0
16	21	0
16	22	0
16	23	0
16	24	0
16	25	0
16	26	1
16	27	1
16	28	1
16	29	1
16	30	1
16	31	1
16	32	0
16	33	1
16	34	1
16	35	1
16	36	1
16	37	1
16	38	1
16	39	0
16	40	1
16	41	1
16	42	0
16	43	0
16	44	0
16	45	0
16	46	0
16	47	0
16	48	0
16	49	0
16	50	0
16	51	0
16	52	1
16	53	0
16	54	1
16	55	1
16	56	0
16	57	0
16	58	0
16	59	0
16	60	0
16	61	1
16	62	0
16	63	0
16	64	0
16	65	1
16	66	0
16	67	1
16	68	1
16	69	1
16	70	0
16	71	1
16	72	1
16	73	1
16	74	1
16	75	0
16	76	0
16	77	0
16	78	1
16	79	0
16	80	0
16	81	0
16	82	1
16	83	0
16	84	0
16	85	1
16	86	1
16	87	0
16	88	1
16	89	1
16	90	0
16	91	1
16	92	0
16	93	0
16	94	1
16	95	0
16	96	0
16	97	1
16	98	1
16	99	1
16	100	0
16	101	1
16	102	0
16	103	0
16	104	0
16	105	0
16	106	0
16	107	0
16	108	1
16	109	1
16	110	0
16	111	0
16	112	1
16	113	1
16	114	1
16	115	1
16	116	1
16	117	1
16	118	0
16	119	0
16	120	1
16	121	0
16	122	0
16	123	1
16	124	0
16	125	0
16	126	1
16	127	1
16	128	0
16	129	0
16	130	0
16	131	1
16	132	0
16	133	1
16	134	1
16	135	1
16	136	1
16	137	1
16	138	1
16	139	1
16	140	0
17	18	0
17	19	1
17	20	1
17	21	1
17	22	0
17	23	1
17	24	1
17	25	0
17	26	1
17	27	0
17	28	0
17	29	1
17	30	1
17	31	0
17	32	1
17	33	1
17	34	0
17	35	1
17	36	0
17	37	1
17	38	1
17	39	0
17	40	0
17	41	1
17	42	0
17	43	0
17	44	1
17	45	1
17	46	0
17	47	1
17	48	1
17	49	1
17	50	0
17	51	0
17	52	1
17	53	1
17	54	0
17	55	0
17	56	1
17	57	1
17	58	1
17	59	0
17	60	0
17	61	1
17	62	0
17	63	0
17	64	0
17	65	0
17	66	1
17	67	1
17	68	1
17	69	1
17	70	0
17	71	1
17	72	1
17	73	0
17	74	0
17	75	1
17	76	1
17	77	0
17	78	0
17	79	0
17	80	1
17	81	0
17	82	0
17	83	0
17	84	0
17	85	0
17	86	0
17	87	0
17	88	0
17	89	0
17	90	0
17	91	0
17	92	0
17	93	0
17	94	1
17	95	1
17	96	1
17	97	1
17	98	0
17	99	0
17	100	0
17	101	1
17	102	0
17	103	1
17	104	1
17	105	0
17	106	0
17	107	0
17	108	1
17	109	0
17	110	0
17	111	1
17	112	0
17	113	1
17	114	1
17	115	0
17	116	0
17	117	0
17	118	0
17	119	0
17	120	1
17	121	0
17	122	0
17	123	1
17	124	1
17	125	0
17	126	0
17	127	1
17	128	0
17	129	0
17	130	0
17	131	1
17	132	0
17	133	0
17	134	0
17	135	1
17	136	0
17	137	1
17	138	1
17	139	1
17	140	0
18	19	0
18	20	1
18	21	0
18	22	0
18	23	0
18	24	1
18	25	0
18	26	0
18	27	0
18	28	0
18	29	0
18	30	1
18	31	1
18	32	1
18	33	0
18	34	1
18	35	0
18	36	1
18	37	0
18	38	1
18	39	1
18	40	1
18	41	1
18	42	1
18	43	1
18	44	0
18	45	0
18	46	0
18	47	1
18	48	0
18	49	1
18	50	0
18	51	1
18	52	0
18	53	0
18	54	1
18	55	0
18	56	0
18	57	1
18	58	0
18	59	1
18	60	1
18	61	1
18	62	0
18	63	0
18	64	0
18	65	0
18	66	0
18	67	0
18	68	0
18	69	0
18	70	1
18	71	1
18	72	0
18	73	1
18	74	1
18	75	1
18	76	0
18	77	1
18	78	0
18	79	0
18	80	0
18	81	1
18	82	1
18	83	0
18	84	0
18	85	1
18	86	0
18	87	0
18	88	1
18	89	1
18	90	0
18	91	0
18	92	0
18	93	0
18	94	0
18	95	1
18	96	1
18	97	1
18	98	0
18	99	1
18	100	0
18	101	0
18	102	1
18	103	0
18	104	1
18	105	0
18	106	1
18	107	0
18	108	1
18	109	1
18	110	1
18	111	0
18	112	1
18	113	0
18	114	1
18	115	0
18	116	1
18	117	0
18	118	1
18	119	0
18	120	0
18	121	0
18	122	0
18	123	1
18	124	1
18	125	0
18	126	0
18	127	1
18	128	0
18	129	1
18	130	0
18	131	1
18	132	1
18	133	0
18	134	0
18	135	1
18	136	1
18	137	0
18	138	1
18	139	0
18	140	0
19	20	1
19	21	0
19	22	0
19	23	0
19	24	0
19	25	0
19	26	0
19	27	1
19	28	0
19	29	1
19	30	1
19	31	0
19	32	1
19	33	0
19	34	0
19	35	1
19	36	0
19	37	1
19	38	0
19	39	0
19	40	0
19	41	1
19	42	1
19	43	1
19	44	1
19	45	1
19	46	0
19	47	0
19	48	1
19	49	1
19	50	1
19	51	1
19	52	0
19	53	1
19	54	0
19	55	0
19	56	0
19	57	0
19	58	0
19	59	0
19	60	1
19	61	1
19	62	1
19	63	1
19	64	0
19	65	0
19	66	1
19	67	1
19	68	0
19	69	1
19	70	1
19	71	1
19	72	1
19	73	1
19	74	1
19	75	0
19	76	0
19	77	1
19	78	0
19	79	0
19	80	1
19	81	1
19	82	1
19	83	0
19	84	0
19	85	1
19	86	1
19	87	0
19	88	0
19	89	1
19	90	0
19	91	1
19	92	1
19	93	0
19	94	1
19	95	1
19	96	0
19	97	1
19	98	1
19	99	1
19	100	0
19	101	1
19	102	0
19	103	1
19	104	0
19	105	0
19	106	1
19	107	0
19	108	0
19	109	1
19	110	0
19	111	0
19	112	0
19	113	1
19	114	1
19	115	1
19	116	1
19	117	1
19	118	1
19	119	0
19	120	0
19	121	0
19	122	0
19	123	1
19	124	0
19	125	1
19	126	1
19	127	1
19	128	1
19	129	1
19	130	0
19	131	1
19	132	0
19	133	1
19	134	0
19	135	1
19	136	0
19	137	0
19	138	1
19	139	0
19	140	1
20	21	1
20	22	1
20	23	0
20	24	1
20	25	1
20	26	0
20	27	1
20	28	1
20	29	1
20	30	0
20	31	1
20	32	1
20	33	0
20	34	1
20	35	1
20	36	1
20	37	0
20	38	0
20	39	1
20	40	0
20	41	1
20	42	1
20	43	1
20	44	1
20	45	0
20	46	0
20	47	1
20	48	0
20	49	1
20	50	0
20	51	0
20	52	0
20	53	1
20	54	0
20	55	1
20	56	1
20	57	1
20	58	1
20	59	0
20	60	1
20	61	0
20	62	1
20	63	0
20	64	0
20	65	0
20	66	1
20	67	0
20	68	0
20	69	0
20	70	1
20	71	0
20	72	0
20	73	0
20	74	0
20	75	1
20	76	1
20	77	0
20	78	0
20	79	0
20	80	1
20	81	1
20	82	1
20	83	1
20	84	1
20	85	0
20	86	0
20	87	1
20	88	0
20	89	1
20	90	1
20	91	0
20	92	1
20	93	1
20	94	0
20	95	1
20	96	1
20	97	0
20	98	0
20	99	0
20	100	1
20	101	0
20	102	1
20	103	0
20	104	1
20	105	0
20	106	0
20	107	1
20	108	0
20	109	0
20	110	0
20	111	0
20	112	1
20	113	1
20	114	0
20	115	0
20	116	0
20	117	1
20	118	1
20	119	0
20	120	1
20	121	0
20	122	1
20	123	1
20	124	1
20	125	0
20	126	1
20	127	1
20	128	1
20	129	1
20	130	1
20	131	1
20	132	1
20	133	0
20	134	0
20	135	0
20	136	1
20	137	0
20	138	1
20	139	0
20	140	0
21	22	1
21	23	1
21	24	1
21	25	1
21	26	0
21	27	0
21	28	0
21	29	0
21	30	0
21	31	1
21	32	1
21	33	1
21	34	0
21	35	1
21	36	1
21	37	1
21	38	1
21	39	1
21	40	0
21	41	0
21	42	1
21	43	1
21	44	1
21	45	0
21	46	1
21	47	0
21	48	0
21	49	1
21	50	1
21	51	0
21	52	0
21	53	1
21	54	1
21	55	1
21	56	0
21	57	0
21	58	1
21	59	1
21	60	1
21	61	0
21	62	0
21	63	0
21	64	0
21	65	0
21	66	0
21	67	0
21	68	0
21	69	0
21	70	0
21	71	0
21	72	0
21	73	0
21	74	1
21	75	1
21	76	0
21	77	1
21	78	1
21	79	1
21	80	0
21	81	1
21	82	0
21	83	0
21	84	1
21	85	1
21	86	1
21	87	1
21	88	0
21	89	1
21	90	0
21	91	1
21	92	1
21	93	1
21	94	1
21	95	1
21	96	1
21	97	1
21	98	1
21	99	0
21	100	1
21	101	1
21	102	1
21	103	0
21	104	1
21	105	0
21	106	1
21	107	1
21	108	0
21	109	0
21	110	1
21	111	0
21	112	1
21	113	0
21	114	0
21	115	1
21	116	1
21	117	1
21	118	1
21	119	1
21	120	1
21	121	1
21	122	1
21	123	0
21	124	0
21	125	0
21	126	1
21	127	0
21	128	1
21	129	0
21	130	1
21	131	0
21	132	1
21	133	0
21	134	1
21	135	0
21	136	0
21	137	1
21	138	0
21	139	1
21	140	1
22	23	0
22	24	0
22	25	0
22	26	0
22	27	1
22	28	0
22	29	1
22	30	1
22	31	0
22	32	0
22	33	1
22	34	0
22	35	0
22	36	1
22	37	0
22	38	0
22	39	1
22	40	0
22	41	1
22	42	1
22	43	0
22	44	0
22	45	0
22	46	1
22	47	0
22	48	1
22	49	0
22	50	0
22	51	0
22	52	0
22	53	0
22	54	0
22	55	1
22	56	1
22	57	0
22	58	1
22	59	1
22	60	1
22	61	1
22	62	1
22	63	1
22	64	1
22	65	0
22	66	0
22	67	1
22	68	0
22	69	1
22	70	1
22	71	1
22	72	1
22	73	1
22	74	1
22	75	1
22	76	1
22	77	0
22	78	0
22	79	0
22	80	1
22	81	0
22	82	0
22	83	1
22	84	1
22	85	1
22	86	0
22	87	1
22	88	0
22	89	0
22	90	0
22	91	0
22	92	0
22	93	0
22	94	1
22	95	1
22	96	0
22	97	1
22	98	1
22	99	1
22	100	0
22	101	0
22	102	1
22	103	0
22	104	0
22	105	0
22	106	1
22	107	0
22	108	1
22	109	1
22	110	1
22	111	1
22	112	1
22	113	1
22	114	1
22	115	1
22	116	0
22	117	0
22	118	1
22	119	1
22	120	0
22	121	1
22	122	1
22	123	0
22	124	1
22	125	1
22	126	1
22	127	0
22	128	1
22	129	0
22	130	1
22	131	1
22	132	1
22	133	1
22	134	0
22	135	0
22	136	0
22	137	1
22	138	0
22	139	1
22	140	1
23	24	1
23	25	1
23	26	1
23	27	0
23	28	1
23	29	0
23	30	0
23	31	0
23	32	0
23	33	1
23	34	0
23	35	0
23	36	1
23	37	1
23	38	1
23	39	1
23	40	0
23	41	1
23	42	1
23	43	1
23	44	1
23	45	0
23	46	0
23	47	1
23	48	0
23	49	0
23	50	0
23	51	1
23	52	1
23	53	0
23	54	0
23	55	0
23	56	1
23	57	0
23	58	1
23	59	1
23	60	1
23	61	1
23	62	1
23	63	1
23	64	1
23	65	1
23	66	1
23	67	1
23	68	0
23	69	0
23	70	0
23	71	0
23	72	0
23	73	1
23	74	1
23	75	0
23	76	1
23	77	0
23	78	0
23	79	1
23	80	1
23	81	1
23	82	1
23	83	1
23	84	0
23	85	0
23	86	1
23	87	1
23	88	0
23	89	1
23	90	1
23	91	0
23	92	1
23	93	0
23	94	0
23	95	1
23	96	0
23	97	0
23	98	1
23	99	0
23	100	1
23	101	0
23	102	0
23	103	0
23	104	1
23	105	1
23	106	0
23	107	0
23	108	0
23	109	0
23	110	1
23	111	0
23	112	0
23	113	0
23	114	0
23	115	0
23	116	0
23	117	1
23	118	0
23	119	0
23	120	1
23	121	1
23	122	1
23	123	0
23	124	1
23	125	1
23	126	1
23	127	0
23	128	0
23	129	0
23	130	1
23	131	0
23	132	0
23	133	1
23	134	1
23	135	1
23	136	1
23	137	1
23	138	0
23	139	0
23	140	0
24	25	1
24	26	1
24	27	1
24	28	0
24	29	0
24	30	1
24	31	1
24	32	1
24	33	1
24	34	1
24	35	1
24	36	0
24	37	1
24	38	0
24	39	1
24	40	0
24	41	0
24	42	0
24	43	0
24	44	0
24	45	0
24	46	0
24	47	1
24	48	0
24	49	1
24	50	1
24	51	1
24	52	1
24	53	0
24	54	1
24	55	1
24	56	1
24	57	1
24	58	1
24	59	0
24	60	0
24	61	0
24	62	0
24	63	0
24	64	1
24	65	0
24	66	0
24	67	0
24	68	0
24	69	0
24	70	0
24	71	1
24	72	0
24	73	0
24	74	0
24	75	0
24	76	0
24	77	1
24	78	1
24	79	1
24	80	1
24	81	0
24	82	1
24	83	1
24	84	0
24	85	0
24	86	1
24	87	1
24	88	1
24	89	1
24	90	0
24	91	1
24	92	1
24	93	0
24	94	1
24	95	0
24	96	0
24	97	1
24	98	0
24	99	1
24	100	1
24	101	0
24	102	0
24	103	0
24	104	1
24	105	0
24	106	1
24	107	1
24	108	0
24	109	1
24	110	1
24	111	1
24	112	1
24	113	1
24	114	1
24	115	1
24	116	0
24	117	1
24	118	1
24	119	0
24	120	0
24	121	1
24	122	1
24	123	0
24	124	1
24	125	1
24	126	0
24	127	0
24	128	1
24	129	1
24	130	0
24	131	0
24	132	0
24	133	1
24	134	1
24	135	1
24	136	0
24	137	0
24	138	0
24	139	1
24	140	1
25	26	0
25	27	1
25	28	1
25	29	0
25	30	0
25	31	0
25	32	1
25	33	1
25	34	0
25	35	1
25	36	1
25	37	1
25	38	1
25	39	0
25	40	0
25	41	1
25	42	1
25	43	0
25	44	1
25	45	0
25	46	1
25	47	0
25	48	0
25	49	1
25	50	0
25	51	0
25	52	0
25	53	1
25	54	0
25	55	1
25	56	1
25	57	0
25	58	1
25	59	1
25	60	0
25	61	1
25	62	0
25	63	0
25	64	0
25	65	1
25	66	0
25	67	1
25	68	0
25	69	0
25	70	0
25	71	0
25	72	1
25	73	1
25	74	1
25	75	0
25	76	0
25	77	1
25	78	0
25	79	0
25	80	0
25	81	1
25	82	1
25	83	0
25	84	0
25	85	1
25	86	1
25	87	1
25	88	1
25	89	0
25	90	0
25	91	0
25	92	1
25	93	0
25	94	1
25	95	0
25	96	1
25	97	0
25	98	1
25	99	1
25	100	0
25	101	1
25	102	1
25	103	0
25	104	0
25	105	1
25	106	1
25	107	1
25	108	0
25	109	1
25	110	0
25	111	1
25	112	0
25	113	0
25	114	0
25	115	1
25	116	0
25	117	0
25	118	1
25	119	0
25	120	1
25	121	0
25	122	1
25	123	1
25	124	0
25	125	0
25	126	0
25	127	0
25	128	0
25	129	1
25	130	1
25	131	1
25	132	1
25	133	1
25	134	1
25	135	0
25	136	1
25	137	1
25	138	1
25	139	1
25	140	1
26	27	0
26	28	1
26	29	0
26	30	0
26	31	0
26	32	0
26	33	1
26	34	1
26	35	1
26	36	0
26	37	0
26	38	0
26	39	1
26	40	1
26	41	1
26	42	1
26	43	0
26	44	1
26	45	0
26	46	0
26	47	1
26	48	0
26	49	1
26	50	1
26	51	1
26	52	0
26	53	1
26	54	1
26	55	1
26	56	1
26	57	1
26	58	0
26	59	1
26	60	0
26	61	0
26	62	1
26	63	1
26	64	0
26	65	0
26	66	1
26	67	1
26	68	0
26	69	1
26	70	0
26	71	0
26	72	0
26	73	1
26	74	0
26	75	0
26	76	0
26	77	0
26	78	1
26	79	0
26	80	1
26	81	1
26	82	1
26	83	0
26	84	0
26	85	0
26	86	0
26	87	1
26	88	1
26	89	0
26	90	0
26	91	0
26	92	0
26	93	0
26	94	1
26	95	1
26	96	1
26	97	1
26	98	1
26	99	1
26	100	0
26	101	0
26	102	1
26	103	1
26	104	0
26	105	0
26	106	1
26	107	0
26	108	0
26	109	1
26	110	0
26	111	1
26	112	0
26	113	1
26	114	1
26	115	0
26	116	1
26	117	1
26	118	1
26	119	1
26	120	0
26	121	0
26	122	0
26	123	1
26	124	1
26	125	1
26	126	0
26	127	0
26	128	1
26	129	1
26	130	0
26	131	1
26	132	1
26	133	1
26	134	1
26	135	1
26	136	0
26	137	0
26	138	0
26	139	1
26	140	1
27	28	1
27	29	0
27	30	0
27	31	1
27	32	0
27	33	0
27	34	1
27	35	0
27	36	0
27	37	1
27	38	0
27	39	1
27	40	1
27	41	0
27	42	0
27	43	1
27	44	0
27	45	1
27	46	0
27	47	1
27	48	1
27	49	1
27	50	0
27	51	1
27	52	1
27	53	0
27	54	0
27	55	0
27	56	1
27	57	0
27	58	0
27	59	1
27	60	1
27	61	0
27	62	0
27	63	0
27	64	0
27	65	0
27	66	1
27	67	1
27	68	0
27	69	1
27	70	0
27	71	0
27	72	0
27	73	1
27	74	0
27	75	0
27	76	1
27	77	1
27	78	0
27	79	1
27	80	0
27	81	1
27	82	0
27	83	0
27	84	0
27	85	1
27	86	0
27	87	0
27	88	1
27	89	1
27	90	0
27	91	1
27	92	1
27	93	1
27	94	0
27	95	0
27	96	0
27	97	1
27	98	1
27	99	1
27	100	0
27	101	1
27	102	1
27	103	0
27	104	0
27	105	1
27	106	0
27	107	0
27	108	1
27	109	1
27	110	1
27	111	1
27	112	1
27	113	1
27	114	1
27	115	0
27	116	0
27	117	1
27	118	0
27	119	0
27	120	1
27	121	0
27	122	0
27	123	0
27	124	1
27	125	0
27	126	1
27	127	0
27	128	0
27	129	1
27	130	1
27	131	0
27	132	1
27	133	1
27	134	1
27	135	0
27	136	0
27	137	0
27	138	0
27	139	0
27	140	1
28	29	0
28	30	0
28	31	0
28	32	0
28	33	1
28	34	1
28	35	0
28	36	0
28	37	0
28	38	0
28	39	0
28	40	1
28	41	0
28	42	1
28	43	0
28	44	1
28	45	1
28	46	0
28	47	0
28	48	0
28	49	1
28	50	0
28	51	0
28	52	1
28	53	1
28	54	0
28	55	0
28	56	1
28	57	1
28	58	0
28	59	0
28	60	1
28	61	1
28	62	0
28	63	1
28	64	0
28	65	0
28	66	1
28	67	1
28	68	0
28	69	1
28	70	0
28	71	0
28	72	1
28	73	1
28	74	1
28	75	0
28	76	1
28	77	0
28	78	0
28	79	1
28	80	0
28	81	1
28	82	0
28	83	1
28	84	1
28	85	1
28	86	0
28	87	0
28	88	1
28	89	1
28	90	0
28	91	1
28	92	0
28	93	0
28	94	0
28	95	1
28	96	0
28	97	1
28	98	0
28	99	1
28	100	0
28	101	0
28	102	1
28	103	0
28	104	1
28	105	1
28	106	0
28	107	1
28	108	0
28	109	0
28	110	1
28	111	0
28	112	1
28	113	1
28	114	1
28	115	1
28	116	1
28	117	0
28	118	0
28	119	1
28	120	1
28	121	1
28	122	0
28	123	0
28	124	0
28	125	0
28	126	0
28	127	1
28	128	0
28	129	1
28	130	0
28	131	0
28	132	1
28	133	0
28	134	1
28	135	0
28	136	1
28	137	0
28	138	1
28	139	1
28	140	0
29	30	1
29	31	1
29	32	1
29	33	1
29	34	1
29	35	1
29	36	0
29	37	1
29	38	1
29	39	0
29	40	1
29	41	0
29	42	0
29	43	0
29	44	0
29	45	0
29	46	0
29	47	0
29	48	1
29	49	0
29	50	1
29	51	1
29	52	0
29	53	1
29	54	0
29	55	1
29	56	0
29	57	0
29	58	1
29	59	0
29	60	0
29	61	0
29	62	0
29	63	0
29	64	1
29	65	0
29	66	0
29	67	0
29	68	1
29	69	0
29	70	0
29	71	1
29	72	1
29	73	0
29	74	0
29	75	1
29	76	0
29	77	0
29	78	1
29	79	0
29	80	1
29	81	0
29	82	0
29	83	0
29	84	1
29	85	0
29	86	1
29	87	0
29	88	0
29	89	1
29	90	1
29	91	1
29	92	1
29	93	1
29	94	1
29	95	0
29	96	1
29	97	1
29	98	1
29	99	1
29	100	0
29	101	1
29	102	1
29	103	1
29	104	1
29	105	1
29	106	1
29	107	0
29	108	1
29	109	1
29	110	1
29	111	0
29	112	1
29	113	0
29	114	0
29	115	0
29	116	1
29	117	1
29	118	0
29	119	1
29	120	1
29	121	1
29	122	0
29	123	0
29	124	0
29	125	0
29	126	0
29	127	0
29	128	1
29	129	0
29	130	0
29	131	0
29	132	1
29	133	0
29	134	0
29	135	1
29	136	1
29	137	0
29	138	1
29	139	1
29	140	0
30	31	1
30	32	1
30	33	0
30	34	1
30	35	0
30	36	0
30	37	0
30	38	1
30	39	0
30	40	0
30	41	1
30	42	1
30	43	1
30	44	1
30	45	1
30	46	1
30	47	0
30	48	1
30	49	0
30	50	0
30	51	0
30	52	0
30	53	0
30	54	1
30	55	1
30	56	1
30	57	0
30	58	1
30	59	0
30	60	1
30	61	1
30	62	0
30	63	0
30	64	0
30	65	1
30	66	1
30	67	0
30	68	0
30	69	0
30	70	0
30	71	1
30	72	1
30	73	0
30	74	1
30	75	1
30	76	0
30	77	1
30	78	0
30	79	1
30	80	1
30	81	1
30	82	0
30	83	0
30	84	0
30	85	0
30	86	0
30	87	0
30	88	0
30	89	0
30	90	0
30	91	0
30	92	1
30	93	1
30	94	1
30	95	0
30	96	0
30	97	1
30	98	1
30	99	1
30	100	0
30	101	1
30	102	1
30	103	1
30	104	0
30	105	0
30	106	1
30	107	1
30	108	0
30	109	0
30	110	1
30	111	1
30	112	1
30	113	0
30	114	1
30	115	1
30	116	0
30	117	0
30	118	1
30	119	0
30	120	0
30	121	1
30	122	0
30	123	1
30	124	1
30	125	0
30	126	0
30	127	0
30	128	1
30	129	1
30	130	0
30	131	1
30	132	0
30	133	0
30	134	0
30	135	0
30	136	0
30	137	1
30	138	1
30	139	1
30	140	0
31	32	1
31	33	1
31	34	1
31	35	1
31	36	1
31	37	0
31	38	1
31	39	1
31	40	1
31	41	1
31	42	0
31	43	0
31	44	0
31	45	1
31	46	1
31	47	0
31	48	1
31	49	0
31	50	0
31	51	0
31	52	1
31	53	0
31	54	1
31	55	1
31	56	0
31	57	1
31	58	1
31	59	0
31	60	0
31	61	1
31	62	0
31	63	1
31	64	0
31	65	1
31	66	1
31	67	1
31	68	0
31	69	0
31	70	0
31	71	0
31	72	0
31	73	1
31	74	0
31	75	1
31	76	0
31	77	1
31	78	0
31	79	0
31	80	1
31	81	0
31	82	0
31	83	0
31	84	1
31	85	1
31	86	1
31	87	0
31	88	1
31	89	0
31	90	1
31	91	0
31	92	0
31	93	0
31	94	1
31	95	0
31	96	1
31	97	1
31	98	0
31	99	1
31	100	0
31	101	1
31	102	1
31	103	1
31	104	0
31	105	0
31	106	1
31	107	0
31	108	0
31	109	1
31	110	0
31	111	0
31	112	0
31	113	1
31	114	1
31	115	0
31	116	0
31	117	1
31	118	0
31	119	0
31	120	0
31	121	1
31	122	1
31	123	1
31	124	0
31	125	1
31	126	0
31	127	0
31	128	0
31	129	1
31	130	0
31	131	0
31	132	1
31	133	0
31	134	1
31	135	0
31	136	1
31	137	0
31	138	0
31	139	1
31	140	1
32	33	0
32	34	1
32	35	1
32	36	1
32	37	1
32	38	1
32	39	1
32	40	1
32	41	0
32	42	0
32	43	1
32	44	1
32	45	0
32	46	1
32	47	0
32	48	1
32	49	0
32	50	0
32	51	1
32	52	0
32	53	1
32	54	0
32	55	0
32	56	1
32	57	1
32	58	0
32	59	0
32	60	0
32	61	0
32	62	1
32	63	1
32	64	0
32	65	1
32	66	1
32	67	0
32	68	1
32	69	1
32	70	0
32	71	0
32	72	1
32	73	0
32	74	1
32	75	1
32	76	0
32	77	0
32	78	0
32	79	1
32	80	1
32	81	1
32	82	1
32	83	0
32	84	1
32	85	0
32	86	0
32	87	1
32	88	1
32	89	0
32	90	1
32	91	1
32	92	0
32	93	1
32	94	0
32	95	1
32	96	1
32	97	1
32	98	1
32	99	0
32	100	1
32	101	0
32	102	1
32	103	1
32	104	0
32	105	0
32	106	0
32	107	0
32	108	0
32	109	1
32	110	0
32	111	0
32	112	0
32	113	0
32	114	1
32	115	1
32	116	0
32	117	0
32	118	0
32	119	1
32	120	0
32	121	0
32	122	0
32	123	1
32	124	0
32	125	1
32	126	0
32	127	1
32	128	1
32	129	0
32	130	0
32	131	0
32	132	1
32	133	1
32	134	0
32	135	0
32	136	0
32	137	1
32	138	1
32	139	0
32	140	1
33	34	1
33	35	1
33	36	0
33	37	1
33	38	0
33	39	1
33	40	1
33	41	0
33	42	0
33	43	1
33	44	1
33	45	1
33	46	1
33	47	0
33	48	0
33	49	1
33	50	1
33	51	1
33	52	1
33	53	0
33	54	0
33	55	1
33	56	1
33	57	1
33	58	0
33	59	1
33	60	1
33	61	1
33	62	1
33	63	0
33	64	1
33	65	0
33	66	1
33	67	0
33	68	0
33	69	1
33	70	1
33	71	0
33	72	1
33	73	1
33	74	0
33	75	1
33	76	1
33	77	0
33	78	1
33	79	0
33	80	0
33	81	1
33	82	1
33	83	1
33	84	1
33	85	0
33	86	1
33	87	0
33	88	1
33	89	0
33	90	1
33	91	0
33	92	1
33	93	1
33	94	0
33	95	1
33	96	0
33	97	1
33	98	1
33	99	0
33	100	0
33	101	1
33	102	1
33	103	1
33	104	1
33	105	1
33	106	1
33	107	0
33	108	1
33	109	0
33	110	1
33	111	0
33	112	0
33	113	0
33	114	1
33	115	0
33	116	1
33	117	1
33	118	1
33	119	1
33	120	0
33	121	1
33	122	1
33	123	1
33	124	1
33	125	1
33	126	1
33	127	0
33	128	1
33	129	1
33	130	0
33	131	0
33	132	0
33	133	0
33	134	0
33	135	0
33	136	0
33	137	0
33	138	1
33	139	1
33	140	0
34	35	1
34	36	0
34	37	0
34	38	1
34	39	1
34	40	1
34	41	0
34	42	1
34	43	0
34	44	1
34	45	0
34	46	1
34	47	0
34	48	1
34	49	0
34	50	0
34	51	1
34	52	0
34	53	1
34	54	1
34	55	1
34	56	1
34	57	1
34	58	0
34	59	1
34	60	0
34	61	0
34	62	0
34	63	0
34	64	0
34	65	1
34	66	1
34	67	0
34	68	1
34	69	0
34	70	0
34	71	0
34	72	0
34	73	0
34	74	1
34	75	1
34	76	1
34	77	0
34	78	1
34	79	0
34	80	0
34	81	1
34	82	1
34	83	1
34	84	0
34	85	0
34	86	1
34	87	0
34	88	1
34	89	1
34	90	1
34	91	0
34	92	0
34	93	0
34	94	1
34	95	0
34	96	1
34	97	1
34	98	0
34	99	0
34	100	1
34	101	0
34	102	0
34	103	0
34	104	1
34	105	1
34	106	0
34	107	1
34	108	0
34	109	1
34	110	1
34	111	1
34	112	1
34	113	0
34	114	0
34	115	1
34	116	0
34	117	1
34	118	0
34	119	1
34	120	0
34	121	0
34	122	0
34	123	1
34	124	1
34	125	0
34	126	1
34	127	0
34	128	0
34	129	0
34	130	1
34	131	1
34	132	1
34	133	0
34	134	1
34	135	0
34	136	0
34	137	0
34	138	0
34	139	1
34	140	0
35	36	1
35	37	1
35	38	1
35	39	0
35	40	1
35	41	1
35	42	1
35	43	0
35	44	1
35	45	1
35	46	1
35	47	1
35	48	1
35	49	1
35	50	0
35	51	1
35	52	0
35	53	0
35	54	1
35	55	1
35	56	1
35	57	1
35	58	1
35	59	0
35	60	1
35	61	1
35	62	1
35	63	0
35	64	0
35	65	1
35	66	0
35	67	1
35	68	0
35	69	0
35	70	1
35	71	1
35	72	0
35	73	1
35	74	0
35	75	1
35	76	0
35	77	1
35	78	1
35	79	1
35	80	0
35	81	1
35	82	0
35	83	1
35	84	0
35	85	1
35	86	1
35	87	0
35	88	1
35	89	0
35	90	0
35	91	0
35	92	1
35	93	1
35	94	1
35	95	1
35	96	0
35	97	0
35	98	0
35	99	1
35	100	0
35	101	0
35	102	0
35	103	0
35	104	1
35	105	0
35	106	0
35	107	0
35	108	0
35	109	1
35	110	1
35	111	0
35	112	0
35	113	1
35	114	0
35	115	0
35	116	0
35	117	1
35	118	0
35	119	0
35	120	0
35	121	0
35	122	1
35	123	1
35	124	0
35	125	1
35	126	0
35	127	1
35	128	1
35	129	0
35	130	0
35	131	0
35	132	0
35	133	0
35	134	1
35	135	0
35	136	0
35	137	1
35	138	1
35	139	1
35	140	0
36	37	0
36	38	1
36	39	1
36	40	1
36	41	0
36	42	0
36	43	1
36	44	0
36	45	1
36	46	0
36	47	1
36	48	0
36	49	1
36	50	1
36	51	1
36	52	0
36	53	0
36	54	1
36	55	0
36	56	0
36	57	0
36	58	1
36	59	0
36	60	0
36	61	1
36	62	0
36	63	0
36	64	0
36	65	0
36	66	1
36	67	1
36	68	1
36	69	1
36	70	1
36	71	1
36	72	1
36	73	0
36	74	1
36	75	0
36	76	0
36	77	0
36	78	1
36	79	1
36	80	0
36	81	0
36	82	0
36	83	0
36	84	0
36	85	0
36	86	1
36	87	0
36	88	1
36	89	1
36	90	0
36	91	1
36	92	0
36	93	1
36	94	0
36	95	0
36	96	1
36	97	0
36	98	0
36	99	1
36	100	0
36	101	1
36	102	1
36	103	1
36	104	1
36	105	1
36	106	1
36	107	0
36	108	0
36	109	0
36	110	1
36	111	1
36	112	0
36	113	0
36	114	0
36	115	0
36	116	1
36	117	0
36	118	0
36	119	0
36	120	1
36	121	0
36	122	0
36	123	1
36	124	0
36	125	0
36	126	0
36	127	1
36	128	1
36	129	0
36	130	1
36	131	1
36	132	1
36	133	0
36	134	1
36	135	1
36	136	0
36	137	1
36	138	1
36	139	0
36	140	1
37	38	0
37	39	1
37	40	0
37	41	0
37	42	0
37	43	1
37	44	0
37	45	0
37	46	0
37	47	0
37	48	1
37	49	0
37	50	0
37	51	1
37	52	1
37	53	1
37	54	0
37	55	0
37	56	1
37	57	0
37	58	0
37	59	1
37	60	0
37	61	0
37	62	0
37	63	1
37	64	1
37	65	1
37	66	1
37	67	1
37	68	1
37	69	0
37	70	0
37	71	1
37	72	0
37	73	0
37	74	0
37	75	1
37	76	0
37	77	0
37	78	0
37	79	1
37	80	0
37	81	1
37	82	0
37	83	1
37	84	1
37	85	1
37	86	0
37	87	1
37	88	1
37	89	0
37	90	0
37	91	1
37	92	1
37	93	1
37	94	0
37	95	1
37	96	0
37	97	0
37	98	0
37	99	0
37	100	1
37	101	0
37	102	1
37	103	0
37	104	1
37	105	0
37	106	0
37	107	0
37	108	1
37	109	0
37	110	0
37	111	0
37	112	0
37	113	0
37	114	0
37	115	1
37	116	0
37	117	0
37	118	1
37	119	1
37	120	0
37	121	1
37	122	0
37	123	0
37	124	0
37	125	0
37	126	0
37	127	0
37	128	1
37	129	0
37	130	1
37	131	0
37	132	1
37	133	1
37	134	0
37	135	0
37	136	1
37	137	1
37	138	0
37	139	1
37	140	0
38	39	1
38	40	0
38	41	0
38	42	0
38	43	0
38	44	1
38	45	0
38	46	0
38	47	0
38	48	0
38	49	1
38	50	0
38	51	0
38	52	1
38	53	1
38	54	1
38	55	0
38	56	1
38	57	1
38	58	1
38	59	1
38	60	0
38	61	1
38	62	1
38	63	1
38	64	1
38	65	1
38	66	1
38	67	0
38	68	1
38	69	1
38	70	0
38	71	1
38	72	1
38	73	0
38	74	0
38	75	0
38	76	0
38	77	1
38	78	1
38	79	0
38	80	1
38	81	0
38	82	0
38	83	1
38	84	0
38	85	0
38	86	1
38	87	1
38	88	1
38	89	1
38	90	1
38	91	0
38	92	0
38	93	1
38	94	1
38	95	1
38	96	0
38	97	0
38	98	1
38	99	1
38	100	1
38	101	0
38	102	0
38	103	0
38	104	0
38	105	1
38	106	1
38	107	0
38	108	1
38	109	0
38	110	1
38	111	1
38	112	1
38	113	0
38	114	1
38	115	1
38	116	1
38	117	1
38	118	1
38	119	1
38	120	0
38	121	0
38	122	1
38	123	0
38	124	1
38	125	1
38	126	0
38	127	1
38	128	1
38	129	1
38	130	0
38	131	0
38	132	0
38	133	1
38	134	0
38	135	0
38	136	0
38	137	1
38	138	1
38	139	1
38	140	0
39	40	0
39	41	0
39	42	1
39	43	0
39	44	0
39	45	1
39	46	0
39	47	0
39	48	0
39	49	0
39	50	0
39	51	0
39	52	1
39	53	1
39	54	0
39	55	0
39	56	0
39	57	0
39	58	0
39	59	0
39	60	1
39	61	0
39	62	1
39	63	1
39	64	0
39	65	0
39	66	0
39	67	0
39	68	0
39	69	1
39	70	1
39	71	0
39	72	0
39	73	1
39	74	1
39	75	0
39	76	0
39	77	1
39	78	0
39	79	1
39	80	0
39	81	0
39	82	0
39	83	0
39	84	1
39	85	0
39	86	1
39	87	0
39	88	0
39	89	1
39	90	0
39	91	0
39	92	1
39	93	0
39	94	1
39	95	1
39	96	0
39	97	0
39	98	1
39	99	0
39	100	0
39	101	0
39	102	0
39	103	1
39	104	1
39	105	0
39	106	0
39	107	0
39	108	0
39	109	0
39	110	1
39	111	0
39	112	1
39	113	0
39	114	0
39	115	1
39	116	0
39	117	0
39	118	1
39	119	1
39	120	0
39	121	1
39	122	0
39	123	1
39	124	0
39	125	1
39	126	0
39	127	1
39	128	0
39	129	1
39	130	1
39	131	1
39	132	1
39	133	1
39	134	1
39	135	0
39	136	1
39	137	1
39	138	1
39	139	1
39	140	0
40	41	0
40	42	1
40	43	0
40	44	0
40	45	0
40	46	1
40	47	1
40	48	0
40	49	0
40	50	1
40	51	0
40	52	1
40	53	1
40	54	0
40	55	1
40	56	1
40	57	0
40	58	0
40	59	0
40	60	0
40	61	0
40	62	1
40	63	0
40	64	0
40	65	1
40	66	1
40	67	1
40	68	0
40	69	1
40	70	1
40	71	1
40	72	1
40	73	1
40	74	1
40	75	1
40	76	1
40	77	0
40	78	0
40	79	1
40	80	1
40	81	1
40	82	1
40	83	0
40	84	1
40	85	0
40	86	0
40	87	1
40	88	0
40	89	1
40	90	1
40	91	0
40	92	1
40	93	0
40	94	1
40	95	0
40	96	1
40	97	0
40	98	1
40	99	0
40	100	0
40	101	1
40	102	0
40	103	1
40	104	1
40	105	1
40	106	0
40	107	0
40	108	1
40	109	1
40	110	0
40	111	0
40	112	1
40	113	1
40	114	0
40	115	0
40	116	1
40	117	0
40	118	1
40	119	1
40	120	1
40	121	0
40	122	1
40	123	0
40	124	0
40	125	1
40	126	1
40	127	1
40	128	1
40	129	0
40	130	1
40	131	1
40	132	0
40	133	0
40	134	0
40	135	0
40	136	0
40	137	0
40	138	0
40	139	1
40	140	0
41	42	0
41	43	0
41	44	0
41	45	0
41	46	1
41	47	1
41	48	1
41	49	0
41	50	0
41	51	0
41	52	1
41	53	0
41	54	0
41	55	0
41	56	1
41	57	1
41	58	1
41	59	0
41	60	1
41	61	0
41	62	1
41	63	1
41	64	1
41	65	0
41	66	0
41	67	0
41	68	0
41	69	1
41	70	1
41	71	0
41	72	0
41	73	1
41	74	0
41	75	1
41	76	0
41	77	1
41	78	0
41	79	0
41	80	0
41	81	1
41	82	1
41	83	1
41	84	1
41	85	0
41	86	0
41	87	0
41	88	0
41	89	1
41	90	1
41	91	0
41	92	0
41	93	0
41	94	1
41	95	1
41	96	1
41	97	0
41	98	1
41	99	0
41	100	0
41	101	1
41	102	0
41	103	0
41	104	0
41	105	1
41	106	0
41	107	0
41	108	0
41	109	0
41	110	0
41	111	1
41	112	0
41	113	1
41	114	1
41	115	0
41	116	0
41	117	0
41	118	0
41	119	1
41	120	1
41	121	1
41	122	0
41	123	1
41	124	0
41	125	0
41	126	1
41	127	0
41	128	0
41	129	0
41	130	1
41	131	0
41	132	1
41	133	1
41	134	1
41	135	1
41	136	1
41	137	1
41	138	1
41	139	1
41	140	0
42	43	0
42	44	0
42	45	1
42	46	0
42	47	1
42	48	0
42	49	0
42	50	0
42	51	0
42	52	1
42	53	1
42	54	0
42	55	1
42	56	0
42	57	1
42	58	1
42	59	0
42	60	0
42	61	0
42	62	0
42	63	1
42	64	1
42	65	1
42	66	0
42	67	1
42	68	1
42	69	1
42	70	1
42	71	0
42	72	0
42	73	0
42	74	0
42	75	0
42	76	1
42	77	1
42	78	1
42	79	1
42	80	0
42	81	0
42	82	1
42	83	0
42	84	0
42	85	1
42	86	1
42	87	1
42	88	1
42	89	1
42	90	1
42	91	0
42	92	0
42	93	0
42	94	0
42	95	1
42	96	1
42	97	0
42	98	1
42	99	0
42	100	0
42	101	1
42	102	0
42	103	0
42	104	0
42	105	1
42	106	0
42	107	0
42	108	1
42	109	1
42	110	1
42	111	1
42	112	0
42	113	1
42	114	0
42	115	1
42	116	1
42	117	0
42	118	1
42	119	0
42	120	1
42	121	1
42	122	1
42	123	0
42	124	0
42	125	1
42	126	0
42	127	1
42	128	0
42	129	1
42	130	1
42	131	1
42	132	0
42	133	1
42	134	0
42	135	0
42	136	1
42	137	1
42	138	0
42	139	0
42	140	1
43	44	0
43	45	1
43	46	0
43	47	0
43	48	1
43	49	1
43	50	0
43	51	1
43	52	1
43	53	0
43	54	1
43	55	1
43	56	0
43	57	1
43	58	1
43	59	0
43	60	1
43	61	1
43	62	1
43	63	0
43	64	1
43	65	1
43	66	0
43	67	0
43	68	1
43	69	0
43	70	0
43	71	0
43	72	1
43	73	0
43	74	1
43	75	1
43	76	0
43	77	1
43	78	0
43	79	0
43	80	0
43	81	0
43	82	0
43	83	0
43	84	1
43	85	0
43	86	0
43	87	0
43	88	0
43	89	1
43	90	0
43	91	0
43	92	0
43	93	0
43	94	1
43	95	0
43	96	0
43	97	0
43	98	1
43	99	1
43	100	1
43	101	0
43	102	1
43	103	1
43	104	0
43	105	0
43	106	0
43	107	0
43	108	0
43	109	1
43	110	1
43	111	0
43	112	0
43	113	1
43	114	1
43	115	1
43	116	0
43	117	1
43	118	0
43	119	0
43	120	1
43	121	1
43	122	0
43	123	0
43	124	1
43	125	0
43	126	0
43	127	0
43	128	1
43	129	0
43	130	1
43	131	1
43	132	0
43	133	0
43	134	0
43	135	0
43	136	0
43	137	1
43	138	1
43	139	1
43	140	0
44	45	1
44	46	0
44	47	1
44	48	0
44	49	0
44	50	0
44	51	0
44	52	1
44	53	1
44	54	1
44	55	1
44	56	0
44	57	1
44	58	0
44	59	0
44	60	1
44	61	1
44	62	1
44	63	0
44	64	1
44	65	0
44	66	0
44	67	0
44	68	1
44	69	0
44	70	1
44	71	0
44	72	0
44	73	1
44	74	1
44	75	1
44	76	1
44	77	1
44	78	1
44	79	1
44	80	0
44	81	1
44	82	1
44	83	0
44	84	1
44	85	1
44	86	0
44	87	1
44	88	0
44	89	0
44	90	0
44	91	1
44	92	1
44	93	0
44	94	0
44	95	0
44	96	1
44	97	0
44	98	0
44	99	1
44	100	0
44	101	1
44	102	1
44	103	0
44	104	0
44	105	0
44	106	0
44	107	1
44	108	0
44	109	1
44	110	0
44	111	0
44	112	1
44	113	0
44	114	0
44	115	1
44	116	1
44	117	0
44	118	0
44	119	1
44	120	1
44	121	0
44	122	0
44	123	0
44	124	1
44	125	0
44	126	1
44	127	0
44	128	1
44	129	1
44	130	1
44	131	0
44	132	1
44	133	0
44	134	0
44	135	0
44	136	1
44	137	0
44	138	1
44	139	1
44	140	0
45	46	0
45	47	1
45	48	1
45	49	0
45	50	0
45	51	1
45	52	1
45	53	1
45	54	1
45	55	1
45	56	1
45	57	0
45	58	1
45	59	1
45	60	0
45	61	0
45	62	0
45	63	0
45	64	1
45	65	0
45	66	1
45	67	1
45	68	0
45	69	0
45	70	0
45	71	0
45	72	0
45	73	1
45	74	1
45	75	0
45	76	0
45	77	0
45	78	1
45	79	1
45	80	1
45	81	0
45	82	0
45	83	1
45	84	1
45	85	0
45	86	0
45	87	1
45	88	0
45	89	0
45	90	1
45	91	0
45	92	1
45	93	0
45	94	0
45	95	0
45	96	1
45	97	0
45	98	1
45	99	1
45	100	0
45	101	1
45	102	0
45	103	0
45	104	0
45	105	1
45	106	0
45	107	1
45	108	1
45	109	1
45	110	0
45	111	0
45	112	1
45	113	0
45	114	0
45	115	0
45	116	0
45	117	1
45	118	1
45	119	1
45	120	0
45	121	1
45	122	1
45	123	1
45	124	1
45	125	0
45	126	0
45	127	0
45	128	0
45	129	0
45	130	1
45	131	0
45	132	1
45	133	0
45	134	1
45	135	0
45	136	1
45	137	0
45	138	0
45	139	1
45	140	0
46	47	0
46	48	0
46	49	0
46	50	1
46	51	1
46	52	1
46	53	1
46	54	1
46	55	0
46	56	0
46	57	0
46	58	1
46	59	1
46	60	0
46	61	1
46	62	0
46	63	1
46	64	0
46	65	1
46	66	1
46	67	1
46	68	0
46	69	1
46	70	1
46	71	0
46	72	1
46	73	0
46	74	0
46	75	0
46	76	1
46	77	0
46	78	1
46	79	1
46	80	1
46	81	1
46	82	0
46	83	1
46	84	1
46	85	1
46	86	1
46	87	1
46	88	1
46	89	0
46	90	0
46	91	0
46	92	0
46	93	0
46	94	0
46	95	0
46	96	1
46	97	0
46	98	0
46	99	0
46	100	0
46	101	0
46	102	0
46	103	1
46	104	1
46	105	1
46	106	0
46	107	1
46	108	1
46	109	0
46	110	0
46	111	0
46	112	1
46	113	0
46	114	1
46	115	1
46	116	1
46	117	0
46	118	0
46	119	0
46	120	0
46	121	0
46	122	0
46	123	0
46	124	1
46	125	1
46	126	1
46	127	0
46	128	0
46	129	1
46	130	0
46	131	1
46	132	0
46	133	0
46	134	1
46	135	1
46	136	1
46	137	0
46	138	1
46	139	0
46	140	0
47	48	1
47	49	1
47	50	1
47	51	1
47	52	1
47	53	0
47	54	0
47	55	0
47	56	0
47	57	0
47	58	1
47	59	1
47	60	0
47	61	0
47	62	1
47	63	0
47	64	0
47	65	0
47	66	1
47	67	0
47	68	0
47	69	0
47	70	0
47	71	1
47	72	0
47	73	0
47	74	1
47	75	1
47	76	0
47	77	1
47	78	1
47	79	0
47	80	0
47	81	1
47	82	0
47	83	0
47	84	0
47	85	0
47	86	1
47	87	0
47	88	0
47	89	0
47	90	0
47	91	1
47	92	1
47	93	0
47	94	1
47	95	0
47	96	0
47	97	0
47	98	0
47	99	0
47	100	0
47	101	1
47	102	1
47	103	0
47	104	1
47	105	1
47	106	1
47	107	0
47	108	1
47	109	0
47	110	0
47	111	1
47	112	1
47	113	0
47	114	1
47	115	1
47	116	1
47	117	0
47	118	1
47	119	1
47	120	0
47	121	1
47	122	1
47	123	1
47	124	1
47	125	1
47	126	0
47	127	1
47	128	1
47	129	1
47	130	0
47	131	0
47	132	0
47	133	0
47	134	0
47	135	1
47	136	0
47	137	0
47	138	0
47	139	1
47	140	0
48	49	0
48	50	0
48	51	1
48	52	1
48	53	0
48	54	0
48	55	1
48	56	1
48	57	0
48	58	0
48	59	0
48	60	1
48	61	1
48	62	0
48	63	0
48	64	1
48	65	0
48	66	1
48	67	0
48	68	0
48	69	0
48	70	0
48	71	1
48	72	1
48	73	0
48	74	1
48	75	0
48	76	1
48	77	1
48	78	1
48	79	0
48	80	1
48	81	0
48	82	1
48	83	1
48	84	0
48	85	0
48	86	1
48	87	0
48	88	0
48	89	0
48	90	1
48	91	1
48	92	1
48	93	1
48	94	0
48	95	0
48	96	1
48	97	0
48	98	1
48	99	0
48	100	0
48	101	1
48	102	1
48	103	0
48	104	0
48	105	1
48	106	0
48	107	0
48	108	0
48	109	1
48	110	0
48	111	1
48	112	1
48	113	1
48	114	1
48	115	1
48	116	1
48	117	1
48	118	0
48	119	0
48	120	0
48	121	0
48	122	1
48	123	0
48	124	0
48	125	0
48	126	1
48	127	1
48	128	0
48	129	1
48	130	0
48	131	1
48	132	1
48	133	1
48	134	1
48	135	1
48	136	0
48	137	0
48	138	1
48	139	0
48	140	0
49	50	0
49	51	0
49	52	1
49	53	0
49	54	0
49	55	0
49	56	0
49	57	1
49	58	0
49	59	0
49	60	0
49	61	1
49	62	0
49	63	1
49	64	1
49	65	1
49	66	1
49	67	1
49	68	0
49	69	0
49	70	0
49	71	0
49	72	1
49	73	1
49	74	0
49	75	1
49	76	0
49	77	1
49	78	1
49	79	0
49	80	1
49	81	1
49	82	0
49	83	1
49	84	0
49	85	0
49	86	1
49	87	0
49	88	1
49	89	1
49	90	0
49	91	1
49	92	0
49	93	0
49	94	1
49	95	0
49	96	1
49	97	1
49	98	0
49	99	1
49	100	1
49	101	0
49	102	1
49	103	0
49	104	0
49	105	0
49	106	1
49	107	0
49	108	1
49	109	0
49	110	0
49	111	1
49	112	0
49	113	1
49	114	1
49	115	1
49	116	0
49	117	0
49	118	1
49	119	1
49	120	0
49	121	1
49	122	1
49	123	0
49	124	0
49	125	1
49	126	1
49	127	0
49	128	0
49	129	1
49	130	1
49	131	1
49	132	0
49	133	1
49	134	1
49	135	0
49	136	1
49	137	1
49	138	1
49	139	0
49	140	0
50	51	0
50	52	1
50	53	0
50	54	0
50	55	1
50	56	0
50	57	1
50	58	0
50	59	0
50	60	1
50	61	0
50	62	0
50	63	0
50	64	0
50	65	1
50	66	0
50	67	0
50	68	0
50	69	1
50	70	1
50	71	1
50	72	0
50	73	1
50	74	1
50	75	0
50	76	0
50	77	1
50	78	1
50	79	1
50	80	0
50	81	1
50	82	0
50	83	1
50	84	1
50	85	1
50	86	0
50	87	0
50	88	0
50	89	1
50	90	0
50	91	1
50	92	0
50	93	0
50	94	1
50	95	0
50	96	1
50	97	0
50	98	0
50	99	1
50	100	0
50	101	1
50	102	1
50	103	1
50	104	1
50	105	1
50	106	1
50	107	0
50	108	0
50	109	1
50	110	1
50	111	0
50	112	1
50	113	0
50	114	0
50	115	0
50	116	1
50	117	0
50	118	0
50	119	1
50	120	1
50	121	1
50	122	1
50	123	0
50	124	0
50	125	1
50	126	1
50	127	0
50	128	0
50	129	0
50	130	1
50	131	1
50	132	0
50	133	0
50	134	0
50	135	1
50	136	1
50	137	0
50	138	0
50	139	1
50	140	0
51	52	1
51	53	0
51	54	0
51	55	0
51	56	0
51	57	1
51	58	1
51	59	0
51	60	1
51	61	0
51	62	1
51	63	1
51	64	1
51	65	1
51	66	0
51	67	1
51	68	1
51	69	1
51	70	1
51	71	0
51	72	1
51	73	1
51	74	0
51	75	1
51	76	0
51	77	1
51	78	1
51	79	1
51	80	0
51	81	0
51	82	1
51	83	1
51	84	0
51	85	1
51	86	0
51	87	1
51	88	0
51	89	0
51	90	0
51	91	0
51	92	0
51	93	1
51	94	0
51	95	1
51	96	0
51	97	1
51	98	1
51	99	0
51	100	0
51	101	0
51	102	1
51	103	0
51	104	0
51	105	1
51	106	0
51	107	0
51	108	0
51	109	0
51	110	0
51	111	0
51	112	0
51	113	0
51	114	0
51	115	0
51	116	1
51	117	1
51	118	1
51	119	0
51	120	1
51	121	1
51	122	0
51	123	0
51	124	0
51	125	0
51	126	0
51	127	1
51	128	0
51	129	0
51	130	1
51	131	0
51	132	0
51	133	0
51	134	1
51	135	1
51	136	1
51	137	0
51	138	0
51	139	0
51	140	0
52	53	0
52	54	0
52	55	0
52	56	1
52	57	1
52	58	0
52	59	1
52	60	1
52	61	1
52	62	1
52	63	1
52	64	1
52	65	0
52	66	1
52	67	0
52	68	0
52	69	0
52	70	1
52	71	0
52	72	0
52	73	0
52	74	1
52	75	1
52	76	1
52	77	0
52	78	1
52	79	1
52	80	1
52	81	0
52	82	1
52	83	0
52	84	1
52	85	1
52	86	1
52	87	0
52	88	0
52	89	1
52	90	0
52	91	0
52	92	1
52	93	0
52	94	0
52	95	0
52	96	0
52	97	1
52	98	0
52	99	1
52	100	0
52	101	0
52	102	1
52	103	0
52	104	1
52	105	1
52	106	1
52	107	0
52	108	1
52	109	0
52	110	1
52	111	0
52	112	1
52	113	1
52	114	1
52	115	0
52	116	0
52	117	1
52	118	0
52	119	1
52	120	1
52	121	0
52	122	1
52	123	1
52	124	1
52	125	1
52	126	0
52	127	0
52	128	0
52	129	0
52	130	0
52	131	1
52	132	0
52	133	0
52	134	0
52	135	1
52	136	0
52	137	0
52	138	0
52	139	1
52	140	0
53	54	1
53	55	1
53	56	0
53	57	1
53	58	0
53	59	0
53	60	1
53	61	1
53	62	1
53	63	0
53	64	0
53	65	0
53	66	1
53	67	0
53	68	1
53	69	1
53	70	1
53	71	0
53	72	0
53	73	0
53	74	1
53	75	1
53	76	1
53	77	0
53	78	1
53	79	1
53	80	1
53	81	0
53	82	0
53	83	0
53	84	0
53	85	0
53	86	0
53	87	0
53	88	1
53	89	1
53	90	0
53	91	1
53	92	0
53	93	0
53	94	0
53	95	0
53	96	1
53	97	0
53	98	0
53	99	1
53	100	1
53	101	0
53	102	0
53	103	1
53	104	0
53	105	1
53	106	1
53	107	0
53	108	0
53	109	1
53	110	1
53	111	1
53	112	0
53	113	1
53	114	1
53	115	0
53	116	0
53	117	1
53	118	0
53	119	1
53	120	1
53	121	0
53	122	1
53	123	0
53	124	1
53	125	0
53	126	1
53	127	0
53	128	0
53	129	1
53	130	0
53	131	1
53	132	0
53	133	1
53	134	0
53	135	0
53	136	1
53	137	0
53	138	0
53	139	0
53	140	1
54	55	1
54	56	1
54	57	0
54	58	1
54	59	1
54	60	1
54	61	1
54	62	0
54	63	1
54	64	0
54	65	0
54	66	0
54	67	1
54	68	0
54	69	1
54	70	1
54	71	0
54	72	0
54	73	1
54	74	0
54	75	1
54	76	0
54	77	1
54	78	0
54	79	0
54	80	1
54	81	0
54	82	1
54	83	0
54	84	0
54	85	1
54	86	1
54	87	0
54	88	1
54	89	0
54	90	0
54	91	1
54	92	1
54	93	0
54	94	1
54	95	0
54	96	0
54	97	0
54	98	0
54	99	0
54	100	1
54	101	1
54	102	0
54	103	0
54	104	1
54	105	1
54	106	1
54	107	1
54	108	1
54	109	1
54	110	1
54	111	1
54	112	0
54	113	1
54	114	1
54	115	1
54	116	1
54	117	1
54	118	0
54	119	1
54	120	0
54	121	1
54	122	1
54	123	0
54	124	1
54	125	1
54	126	1
54	127	1
54	128	1
54	129	0
54	130	1
54	131	0
54	132	0
54	133	1
54	134	1
54	135	0
54	136	0
54	137	0
54	138	1
54	139	1
54	140	1
55	56	1
55	57	1
55	58	1
55	59	0
55	60	1
55	61	0
55	62	1
55	63	0
55	64	1
55	65	1
55	66	0
55	67	0
55	68	0
55	69	1
55	70	1
55	71	0
55	72	0
55	73	1
55	74	1
55	75	1
55	76	1
55	77	0
55	78	1
55	79	0
55	80	1
55	81	1
55	82	0
55	83	1
55	84	0
55	85	0
55	86	1
55	87	0
55	88	0
55	89	1
55	90	1
55	91	1
55	92	0
55	93	0
55	94	0
55	95	0
55	96	1
55	97	1
55	98	0
55	99	0
55	100	1
55	101	1
55	102	0
55	103	1
55	104	0
55	105	0
55	106	1
55	107	0
55	108	0
55	109	1
55	110	0
55	111	0
55	112	0
55	113	0
55	114	1
55	115	0
55	116	0
55	117	1
55	118	1
55	119	0
55	120	1
55	121	1
55	122	0
55	123	1
55	124	1
55	125	0
55	126	1
55	127	1
55	128	1
55	129	1
55	130	0
55	131	1
55	132	0
55	133	0
55	134	1
55	135	0
55	136	0
55	137	1
55	138	0
55	139	0
55	140	1
56	57	1
56	58	1
56	59	1
56	60	0
56	61	1
56	62	1
56	63	0
56	64	0
56	65	0
56	66	1
56	67	1
56	68	1
56	69	1
56	70	1
56	71	1
56	72	1
56	73	0
56	74	0
56	75	0
56	76	0
56	77	1
56	78	1
56	79	0
56	80	0
56	81	1
56	82	0
56	83	1
56	84	0
56	85	1
56	86	0
56	87	0
56	88	1
56	89	1
56	90	0
56	91	1
56	92	0
56	93	0
56	94	1
56	95	0
56	96	0
56	97	1
56	98	1
56	99	0
56	100	1
56	101	1
56	102	1
56	103	1
56	104	0
56	105	0
56	106	0
56	107	0
56	108	0
56	109	1
56	110	0
56	111	0
56	112	0
56	113	0
56	114	1
56	115	0
56	116	0
56	117	1
56	118	0
56	119	1
56	120	0
56	121	1
56	122	1
56	123	1
56	124	1
56	125	1
56	126	1
56	127	0
56	128	0
56	129	1
56	130	1
56	131	0
56	132	0
56	133	0
56	134	1
56	135	0
56	136	0
56	137	0
56	138	0
56	139	0
56	140	1
57	58	0
57	59	0
57	60	1
57	61	0
57	62	1
57	63	0
57	64	1
57	65	0
57	66	0
57	67	0
57	68	0
57	69	1
57	70	1
57	71	1
57	72	1
57	73	1
57	74	0
57	75	0
57	76	0
57	77	1
57	78	1
57	79	1
57	80	1
57	81	0
57	82	1
57	83	1
57	84	1
57	85	1
57	86	1
57	87	0
57	88	0
57	89	0
57	90	0
57	91	0
57	92	0
57	93	0
57	94	1
57	95	0
57	96	0
57	97	1
57	98	0
57	99	0
57	100	1
57	101	1
57	102	0
57	103	1
57	104	1
57	105	0
57	106	0
57	107	0
57	108	0
57	109	0
57	110	1
57	111	1
57	112	0
57	113	0
57	114	1
57	115	1
57	116	0
57	117	1
57	118	1
57	119	1
57	120	0
57	121	0
57	122	1
57	123	1
57	124	0
57	125	0
57	126	1
57	127	0
57	128	1
57	129	1
57	130	1
57	131	1
57	132	0
57	133	0
57	134	1
57	135	0
57	136	1
57	137	0
57	138	0
57	139	1
57	140	0
58	59	1
58	60	0
58	61	0
58	62	1
58	63	0
58	64	1
58	65	1
58	66	0
58	67	1
58	68	1
58	69	0
58	70	0
58	71	0
58	72	0
58	73	1
58	74	0
58	75	1
58	76	0
58	77	1
58	78	1
58	79	1
58	80	0
58	81	1
58	82	1
58	83	1
58	84	1
58	85	0
58	86	1
58	87	1
58	88	0
58	89	0
58	90	1
58	91	0
58	92	1
58	93	1
58	94	0
58	95	1
58	96	1
58	97	1
58	98	1
58	99	0
58	100	1
58	101	0
58	102	1
58	103	0
58	104	0
58	105	1
58	106	0
58	107	0
58	108	0
58	109	1
58	110	0
58	111	1
58	112	1
58	113	0
58	114	1
58	115	0
58	116	1
58	117	0
58	118	0
58	119	1
58	120	0
58	121	0
58	122	1
58	123	0
58	124	1
58	125	1
58	126	1
58	127	0
58	128	0
58	129	0
58	130	1
58	131	1
58	132	0
58	133	1
58	134	1
58	135	0
58	136	0
58	137	1
58	138	0
58	139	0
58	140	0
59	60	0
59	61	0
59	62	0
59	63	1
59	64	1
59	65	0
59	66	1
59	67	0
59	68	0
59	69	0
59	70	1
59	71	0
59	72	0
59	73	0
59	74	0
59	75	0
59	76	1
59	77	1
59	78	0
59	79	0
59	80	1
59	81	1
59	82	1
59	83	0
59	84	0
59	85	0
59	86	0
59	87	0
59	88	1
59	89	1
59	90	0
59	91	1
59	92	0
59	93	1
59	94	0
59	95	1
59	96	1
59	97	1
59	98	0
59	99	0
59	100	0
59	101	0
59	102	1
59	103	0
59	104	0
59	105	1
59	106	1
59	107	1
59	108	0
59	109	0
59	110	1
59	111	0
59	112	0
59	113	1
59	114	1
59	115	1
59	116	0
59	117	0
59	118	1
59	119	0
59	120	1
59	121	0
59	122	1
59	123	0
59	124	1
59	125	1
59	126	1
59	127	0
59	128	1
59	129	0
59	130	1
59	131	0
59	132	1
59	133	1
59	134	1
59	135	0
59	136	0
59	137	0
59	138	0
59	139	1
59	140	1
60	61	0
60	62	0
60	63	0
60	64	1
60	65	0
60	66	0
60	67	1
60	68	0
60	69	0
60	70	1
60	71	1
60	72	0
60	73	0
60	74	0
60	75	0
60	76	0
60	77	0
60	78	1
60	79	1
60	80	0
60	81	1
60	82	1
60	83	0
60	84	1
60	85	0
60	86	0
60	87	0
60	88	0
60	89	0
60	90	0
60	91	0
60	92	0
60	93	1
60	94	1
60	95	1
60	96	0
60	97	1
60	98	1
60	99	1
60	100	1
60	101	1
60	102	0
60	103	1
60	104	0
60	105	1
60	106	0
60	107	0
60	108	0
60	109	1
60	110	1
60	111	1
60	112	0
60	113	1
60	114	1
60	115	0
60	116	0
60	117	0
60	118	0
60	119	0
60	120	1
60	121	1
60	122	1
60	123	1
60	124	0
60	125	0
60	126	0
60	127	0
60	128	1
60	129	1
60	130	0
60	131	0
60	132	0
60	133	1
60	134	0
60	135	1
60	136	0
60	137	0
60	138	1
60	139	1
60	140	0
61	62	1
61	63	0
61	64	0
61	65	1
61	66	1
61	67	1
61	68	1
61	69	0
61	70	1
61	71	0
61	72	0
61	73	0
61	74	0
61	75	0
61	76	0
61	77	1
61	78	0
61	79	0
61	80	0
61	81	0
61	82	0
61	83	0
61	84	1
61	85	0
61	86	0
61	87	0
61	88	1
61	89	0
61	90	1
61	91	0
61	92	1
61	93	0
61	94	1
61	95	1
61	96	0
61	97	0
61	98	0
61	99	0
61	100	1
61	101	0
61	102	0
61	103	0
61	104	0
61	105	1
61	106	0
61	107	0
61	108	1
61	109	1
61	110	1
61	111	0
61	112	1
61	113	0
61	114	1
61	115	0
61	116	0
61	117	0
61	118	1
61	119	1
61	120	0
61	121	1
61	122	1
61	123	0
61	124	0
61	125	1
61	126	1
61	127	1
61	128	0
61	129	0
61	130	1
61	131	0
61	132	1
61	133	0
61	134	0
61	135	1
61	136	0
61	137	1
61	138	0
61	139	0
61	140	1
62	63	1
62	64	0
62	65	0
62	66	0
62	67	1
62	68	0
62	69	0
62	70	1
62	71	1
62	72	0
62	73	1
62	74	1
62	75	0
62	76	1
62	77	1
62	78	0
62	79	0
62	80	0
62	81	1
62	82	1
62	83	1
62	84	0
62	85	1
62	86	1
62	87	0
62	88	0
62	89	1
62	90	1
62	91	1
62	92	0
62	93	1
62	94	1
62	95	0
62	96	1
62	97	1
62	98	0
62	99	1
62	100	0
62	101	0
62	102	1
62	103	1
62	104	0
62	105	1
62	106	1
62	107	1
62	108	0
62	109	0
62	110	1
62	111	0
62	112	0
62	113	0
62	114	1
62	115	0
62	116	0
62	117	1
62	118	0
62	119	1
62	120	0
62	121	1
62	122	0
62	123	0
62	124	0
62	125	1
62	126	1
62	127	0
62	128	0
62	129	0
62	130	1
62	131	1
62	132	1
62	133	0
62	134	0
62	135	1
62	136	0
62	137	0
62	138	0
62	139	1
62	140	1
63	64	0
63	65	0
63	66	1
63	67	1
63	68	1
63	69	0
63	70	1
63	71	1
63	72	0
63	73	0
63	74	0
63	75	1
63	76	0
63	77	1
63	78	1
63	79	1
63	80	0
63	81	1
63	82	0
63	83	1
63	84	0
63	85	1
63	86	0
63	87	0
63	88	1
63	89	0
63	90	0
63	91	1
63	92	1
63	93	0
63	94	0
63	95	0
63	96	1
63	97	1
63	98	0
63	99	1
63	100	1
63	101	1
63	102	1
63	103	0
63	104	1
63	105	0
63	106	0
63	107	0
63	108	0
63	109	0
63	110	0
63	111	0
63	112	0
63	113	1
63	114	1
63	115	1
63	116	1
63	117	0
63	118	1
63	119	0
63	120	0
63	121	0
63	122	0
63	123	0
63	124	0
63	125	0
63	126	0
63	127	0
63	128	0
63	129	1
63	130	1
63	131	1
63	132	1
63	133	0
63	134	0
63	135	0
63	136	1
63	137	0
63	138	1
63	139	1
63	140	1
64	65	0
64	66	0
64	67	0
64	68	1
64	69	1
64	70	1
64	71	0
64	72	0
64	73	1
64	74	0
64	75	0
64	76	1
64	77	0
64	78	0
64	79	0
64	80	1
64	81	0
64	82	1
64	83	0
64	84	0
64	85	0
64	86	1
64	87	1
64	88	0
64	89	0
64	90	0
64	91	0
64	92	1
64	93	0
64	94	1
64	95	0
64	96	1
64	97	1
64	98	0
64	99	1
64	100	0
64	101	1
64	102	1
64	103	1
64	104	1
64	105	0
64	106	0
64	107	1
64	108	0
64	109	0
64	110	0
64	111	1
64	112	1
64	113	1
64	114	1
64	115	0
64	116	0
64	117	0
64	118	0
64	119	0
64	120	0
64	121	0
64	122	1
64	123	1
64	124	0
64	125	0
64	126	0
64	127	0
64	128	1
64	129	1
64	130	1
64	131	0
64	132	1
64	133	1
64	134	0
64	135	1
64	136	1
64	137	1
64	138	1
64	139	1
64	140	0
65	66	0
65	67	1
65	68	1
65	69	1
65	70	1
65	71	1
65	72	1
65	73	0
65	74	0
65	75	0
65	76	0
65	77	0
65	78	1
65	79	0
65	80	1
65	81	0
65	82	0
65	83	0
65	84	1
65	85	1
65	86	1
65	87	1
65	88	1
65	89	1
65	90	0
65	91	0
65	92	0
65	93	0
65	94	1
65	95	0
65	96	0
65	97	0
65	98	1
65	99	1
65	100	0
65	101	1
65	102	0
65	103	1
65	104	0
65	105	1
65	106	1
65	107	1
65	108	1
65	109	0
65	110	1
65	111	1
65	112	1
65	113	1
65	114	0
65	115	1
65	116	1
65	117	1
65	118	0
65	119	1
65	120	1
65	121	1
65	122	0
65	123	0
65	124	1
65	125	1
65	126	1
65	127	0
65	128	0
65	129	1
65	130	0
65	131	0
65	132	0
65	133	1
65	134	0
65	135	1
65	136	0
65	137	0
65	138	0
65	139	1
65	140	0
66	67	1
66	68	0
66	69	0
66	70	0
66	71	1
66	72	0
66	73	0
66	74	1
66	75	1
66	76	1
66	77	1
66	78	0
66	79	0
66	80	1
66	81	1
66	82	0
66	83	1
66	84	0
66	85	1
66	86	0
66	87	0
66	88	1
66	89	1
66	90	0
66	91	1
66	92	0
66	93	0
66	94	1
66	95	1
66	96	1
66	97	0
66	98	1
66	99	1
66	100	0
66	101	1
66	102	0
66	103	0
66	104	1
66	105	1
66	106	0
66	107	1
66	108	1
66	109	1
66	110	1
66	111	0
66	112	0
66	113	1
66	114	1
66	115	1
66	116	0
66	117	0
66	118	0
66	119	1
66	120	1
66	121	1
66	122	0
66	123	0
66	124	1
66	125	0
66	126	1
66	127	0
66	128	1
66	129	0
66	130	0
66	131	0
66	132	0
66	133	1
66	134	1
66	135	0
66	136	0
66	137	1
66	138	0
66	139	0
66	140	1
67	68	0
67	69	1
67	70	1
67	71	0
67	72	0
67	73	0
67	74	1
67	75	0
67	76	0
67	77	0
67	78	0
67	79	0
67	80	0
67	81	0
67	82	1
67	83	1
67	84	1
67	85	1
67	86	1
67	87	0
67	88	0
67	89	1
67	90	0
67	91	0
67	92	1
67	93	0
67	94	0
67	95	0
67	96	0
67	97	1
67	98	1
67	99	1
67	100	0
67	101	1
67	102	0
67	103	0
67	104	1
67	105	0
67	106	0
67	107	1
67	108	1
67	109	0
67	110	0
67	111	0
67	112	1
67	113	0
67	114	1
67	115	0
67	116	1
67	117	1
67	118	1
67	119	0
67	120	0
67	121	1
67	122	0
67	123	1
67	124	0
67	125	0
67	126	1
67	127	1
67	128	1
67	129	0
67	130	1
67	131	1
67	132	1
67	133	0
67	134	0
67	135	1
67	136	0
67	137	1
67	138	1
67	139	0
67	140	1
68	69	1
68	70	1
68	71	1
68	72	1
68	73	0
68	74	1
68	75	1
68	76	1
68	77	0
68	78	1
68	79	1
68	80	0
68	81	0
68	82	1
68	83	0
68	84	0
68	85	0
68	86	1
68	87	1
68	88	0
68	89	0
68	90	0
68	91	1
68	92	1
68	93	0
68	94	1
68	95	0
68	96	1
68	97	1
68	98	1
68	99	1
68	100	0
68	101	1
68	102	0
68	103	1
68	104	1
68	105	0
68	106	0
68	107	0
68	108	1
68	109	0
68	110	0
68	111	0
68	112	1
68	113	1
68	114	0
68	115	0
68	116	0
68	117	0
68	118	1
68	119	1
68	120	0
68	121	0
68	122	0
68	123	0
68	124	0
68	125	0
68	126	1
68	127	0
68	128	1
68	129	1
68	130	0
68	131	1
68	132	0
68	133	1
68	134	0
68	135	1
68	136	1
68	137	0
68	138	1
68	139	1
68	140	1
69	70	1
69	71	1
69	72	0
69	73	1
69	74	0
69	75	0
69	76	1
69	77	1
69	78	0
69	79	1
69	80	1
69	81	1
69	82	1
69	83	0
69	84	1
69	85	0
69	86	0
69	87	1
69	88	0
69	89	0
69	90	0
69	91	1
69	92	1
69	93	0
69	94	1
69	95	1
69	96	0
69	97	0
69	98	1
69	99	0
69	100	1
69	101	1
69	102	0
69	103	0
69	104	1
69	105	1
69	106	0
69	107	1
69	108	1
69	109	1
69	110	1
69	111	0
69	112	0
69	113	1
69	114	1
69	115	1
69	116	1
69	117	1
69	118	0
69	119	0
69	120	1
69	121	1
69	122	1
69	123	1
69	124	0
69	125	1
69	126	1
69	127	0
69	128	1
69	129	1
69	130	0
69	131	0
69	132	0
69	133	1
69	134	0
69	135	0
69	136	0
69	137	1
69	138	1
69	139	0
69	140	1
70	71	1
70	72	1
70	73	0
70	74	0
70	75	0
70	76	0
70	77	0
70	78	1
70	79	0
70	80	0
70	81	0
70	82	0
70	83	1
70	84	0
70	85	1
70	86	0
70	87	1
70	88	1
70	89	0
70	90	0
70	91	0
70	92	0
70	93	1
70	94	1
70	95	0
70	96	0
70	97	1
70	98	0
70	99	1
70	100	0
70	101	0
70	102	0
70	103	1
70	104	0
70	105	0
70	106	0
70	107	1
70	108	0
70	109	0
70	110	1
70	111	1
70	112	1
70	113	1
70	114	0
70	115	0
70	116	1
70	117	0
70	118	1
70	119	1
70	120	0
70	121	0
70	122	1
70	123	0
70	124	0
70	125	0
70	126	1
70	127	1
70	128	1
70	129	1
70	130	0
70	131	1
70	132	0
70	133	1
70	134	1
70	135	0
70	136	1
70	137	1
70	138	0
70	139	1
70	140	0
71	72	0
71	73	1
71	74	0
71	75	0
71	76	0
71	77	0
71	78	1
71	79	0
71	80	1
71	81	1
71	82	1
71	83	1
71	84	1
71	85	0
71	86	1
71	87	1
71	88	1
71	89	1
71	90	0
71	91	1
71	92	0
71	93	1
71	94	1
71	95	1
71	96	0
71	97	1
71	98	1
71	99	1
71	100	1
71	101	0
71	102	1
71	103	1
71	104	0
71	105	1
71	106	0
71	107	1
71	108	1
71	109	1
71	110	1
71	111	1
71	112	0
71	113	0
71	114	1
71	115	0
71	116	0
71	117	0
71	118	1
71	119	1
71	120	0
71	121	0
71	122	1
71	123	0
71	124	1
71	125	0
71	126	1
71	127	1
71	128	0
71	129	1
71	130	1
71	131	1
71	132	0
71	133	0
71	134	0
71	135	1
71	136	1
71	137	0
71	138	0
71	139	0
71	140	1
72	73	0
72	74	0
72	75	0
72	76	0
72	77	0
72	78	0
72	79	0
72	80	0
72	81	1
72	82	1
72	83	1
72	84	0
72	85	1
72	86	1
72	87	1
72	88	1
72	89	1
72	90	0
72	91	1
72	92	0
72	93	0
72	94	0
72	95	0
72	96	1
72	97	0
72	98	0
72	99	0
72	100	1
72	101	0
72	102	1
72	103	1
72	104	0
72	105	0
72	106	1
72	107	1
72	108	0
72	109	1
72	110	0
72	111	0
72	112	1
72	113	0
72	114	0
72	115	0
72	116	1
72	117	1
72	118	0
72	119	1
72	120	0
72	121	1
72	122	1
72	123	1
72	124	0
72	125	0
72	126	1
72	127	0
72	128	0
72	129	1
72	130	0
72	131	0
72	132	1
72	133	0
72	134	1
72	135	0
72	136	0
72	137	1
72	138	0
72	139	0
72	140	1
73	74	0
73	75	0
73	76	0
73	77	0
73	78	0
73	79	0
73	80	0
73	81	0
73	82	1
73	83	1
73	84	1
73	85	0
73	86	0
73	87	0
73	88	0
73	89	1
73	90	0
73	91	1
73	92	1
73	93	1
73	94	1
73	95	1
73	96	1
73	97	1
73	98	0
73	99	1
73	100	1
73	101	1
73	102	1
73	103	0
73	104	0
73	105	0
73	106	1
73	107	1
73	108	1
73	109	1
73	110	1
73	111	0
73	112	1
73	113	0
73	114	0
73	115	0
73	116	1
73	117	0
73	118	1
73	119	0
73	120	0
73	121	0
73	122	0
73	123	0
73	124	0
73	125	1
73	126	0
73	127	1
73	128	0
73	129	0
73	130	1
73	131	0
73	132	1
73	133	1
73	134	0
73	135	1
73	136	0
73	137	0
73	138	1
73	139	0
73	140	0
74	75	1
74	76	0
74	77	0
74	78	1
74	79	0
74	80	1
74	81	1
74	82	1
74	83	1
74	84	0
74	85	0
74	86	1
74	87	0
74	88	1
74	89	1
74	90	0
74	91	0
74	92	0
74	93	1
74	94	0
74	95	0
74	96	0
74	97	0
74	98	1
74	99	0
74	100	0
74	101	0
74	102	0
74	103	1
74	104	0
74	105	1
74	106	1
74	107	1
74	108	1
74	109	0
74	110	1
74	111	1
74	112	0
74	113	1
74	114	1
74	115	1
74	116	0
74	117	1
74	118	1
74	119	0
74	120	0
74	121	1
74	122	0
74	123	0
74	124	1
74	125	1
74	126	0
74	127	1
74	128	1
74	129	1
74	130	0
74	131	0
74	132	1
74	133	1
74	134	0
74	135	1
74	136	1
74	137	1
74	138	0
74	139	0
74	140	0
75	76	0
75	77	0
75	78	1
75	79	1
75	80	0
75	81	0
75	82	0
75	83	0
75	84	0
75	85	0
75	86	0
75	87	0
75	88	1
75	89	0
75	90	1
75	91	1
75	92	1
75	93	0
75	94	1
75	95	0
75	96	1
75	97	1
75	98	1
75	99	0
75	100	1
75	101	1
75	102	0
75	103	1
75	104	1
75	105	0
75	106	0
75	107	1
75	108	0
75	109	0
75	110	1
75	111	1
75	112	0
75	113	0
75	114	1
75	115	1
75	116	1
75	117	0
75	118	1
75	119	1
75	120	1
75	121	0
75	122	1
75	123	1
75	124	0
75	125	0
75	126	0
75	127	1
75	128	1
75	129	0
75	130	0
75	131	0
75	132	0
75	133	1
75	134	1
75	135	0
75	136	0
75	137	1
75	138	1
75	139	0
75	140	0
76	77	1
76	78	0
76	79	1
76	80	0
76	81	0
76	82	1
76	83	0
76	84	0
76	85	1
76	86	0
76	87	0
76	88	0
76	89	1
76	90	0
76	91	0
76	92	1
76	93	0
76	94	1
76	95	0
76	96	0
76	97	0
76	98	1
76	99	1
76	100	1
76	101	0
76	102	0
76	103	0
76	104	1
76	105	0
76	106	1
76	107	1
76	108	0
76	109	1
76	110	1
76	111	1
76	112	1
76	113	1
76	114	0
76	115	1
76	116	0
76	117	0
76	118	1
76	119	1
76	120	1
76	121	0
76	122	0
76	123	1
76	124	0
76	125	0
76	126	1
76	127	0
76	128	0
76	129	1
76	130	1
76	131	1
76	132	0
76	133	0
76	134	1
76	135	1
76	136	1
76	137	0
76	138	1
76	139	0
76	140	1
77	78	0
77	79	1
77	80	1
77	81	0
77	82	0
77	83	1
77	84	0
77	85	0
77	86	1
77	87	1
77	88	1
77	89	0
77	90	0
77	91	0
77	92	0
77	93	0
77	94	0
77	95	1
77	96	1
77	97	1
77	98	0
77	99	1
77	100	1
77	101	1
77	102	0
77	103	0
77	104	1
77	105	1
77	106	1
77	107	0
77	108	0
77	109	1
77	110	1
77	111	0
77	112	1
77	113	1
77	114	0
77	115	1
77	116	1
77	117	1
77	118	0
77	119	1
77	120	0
77	121	1
77	122	1
77	123	1
77	124	1
77	125	0
77	126	0
77	127	1
77	128	1
77	129	1
77	130	0
77	131	0
77	132	0
77	133	0
77	134	1
77	135	1
77	136	1
77	137	1
77	138	0
77	139	1
77	140	1
78	79	0
78	80	0
78	81	1
78	82	0
78	83	0
78	84	0
78	85	0
78	86	0
78	87	0
78	88	0
78	89	1
78	90	0
78	91	1
78	92	0
78	93	1
78	94	0
78	95	0
78	96	1
78	97	0
78	98	0
78	99	1
78	100	1
78	101	0
78	102	1
78	103	0
78	104	0
78	105	1
78	106	0
78	107	1
78	108	1
78	109	0
78	110	1
78	111	0
78	112	1
78	113	1
78	114	0
78	115	1
78	116	1
78	117	0
78	118	1
78	119	1
78	120	0
78	121	0
78	122	1
78	123	0
78	124	0
78	125	1
78	126	1
78	127	1
78	128	1
78	129	0
78	130	0
78	131	0
78	132	1
78	133	0
78	134	1
78	135	1
78	136	0
78	137	1
78	138	0
78	139	1
78	140	1
79	80	1
79	81	0
79	82	0
79	83	0
79	84	0
79	85	1
79	86	1
79	87	1
79	88	1
79	89	1
79	90	1
79	91	1
79	92	0
79	93	1
79	94	1
79	95	0
79	96	1
79	97	0
79	98	0
79	99	1
79	100	1
79	101	0
79	102	0
79	103	0
79	104	0
79	105	1
79	106	1
79	107	1
79	108	1
79	109	0
79	110	0
79	111	1
79	112	1
79	113	0
79	114	0
79	115	0
79	116	1
79	117	1
79	118	0
79	119	1
79	120	1
79	121	0
79	122	0
79	123	0
79	124	1
79	125	1
79	126	0
79	127	1
79	128	0
79	129	0
79	130	0
79	131	1
79	132	1
79	133	0
79	134	0
79	135	1
79	136	1
79	137	1
79	138	0
79	139	0
79	140	1
80	81	0
80	82	1
80	83	0
80	84	0
80	85	1
80	86	1
80	87	1
80	88	0
80	89	0
80	90	0
80	91	1
80	92	1
80	93	0
80	94	0
80	95	1
80	96	1
80	97	0
80	98	1
80	99	0
80	100	0
80	101	1
80	102	0
80	103	0
80	104	0
80	105	0
80	106	1
80	107	0
80	108	0
80	109	1
80	110	1
80	111	1
80	112	1
80	113	1
80	114	1
80	115	1
80	116	0
80	117	1
80	118	1
80	119	0
80	120	0
80	121	1
80	122	0
80	123	0
80	124	0
80	125	0
80	126	1
80	127	1
80	128	1
80	129	0
80	130	0
80	131	0
80	132	0
80	133	0
80	134	0
80	135	0
80	136	1
80	137	1
80	138	0
80	139	0
80	140	1
81	82	1
81	83	1
81	84	0
81	85	1
81	86	0
81	87	0
81	88	0
81	89	0
81	90	1
81	91	1
81	92	1
81	93	1
81	94	1
81	95	1
81	96	0
81	97	0
81	98	0
81	99	0
81	100	0
81	101	0
81	102	0
81	103	1
81	104	0
81	105	1
81	106	1
81	107	1
81	108	1
81	109	0
81	110	0
81	111	1
81	112	0
81	113	1
81	114	0
81	115	1
81	116	0
81	117	0
81	118	0
81	119	0
81	120	0
81	121	0
81	122	1
81	123	1
81	124	1
81	125	0
81	126	0
81	127	0
81	128	0
81	129	1
81	130	0
81	131	1
81	132	1
81	133	0
81	134	1
81	135	0
81	136	1
81	137	0
81	138	1
81	139	1
81	140	0
82	83	0
82	84	1
82	85	0
82	86	1
82	87	1
82	88	0
82	89	1
82	90	1
82	91	1
82	92	0
82	93	0
82	94	0
82	95	1
82	96	0
82	97	1
82	98	1
82	99	0
82	100	0
82	101	1
82	102	0
82	103	0
82	104	1
82	105	1
82	106	1
82	107	0
82	108	1
82	109	0
82	110	0
82	111	0
82	112	1
82	113	0
82	114	0
82	115	0
82	116	1
82	117	1
82	118	1
82	119	0
82	120	0
82	121	0
82	122	1
82	123	1
82	124	1
82	125	1
82	126	1
82	127	0
82	128	0
82	129	1
82	130	1
82	131	0
82	132	1
82	133	0
82	134	0
82	135	1
82	136	0
82	137	0
82	138	0
82	139	1
82	140	0
83	84	0
83	85	1
83	86	1
83	87	0
83	88	1
83	89	1
83	90	1
83	91	1
83	92	0
83	93	1
83	94	1
83	95	0
83	96	1
83	97	0
83	98	0
83	99	0
83	100	1
83	101	0
83	102	1
83	103	1
83	104	1
83	105	1
83	106	0
83	107	1
83	108	0
83	109	0
83	110	0
83	111	1
83	112	1
83	113	1
83	114	0
83	115	0
83	116	0
83	117	0
83	118	0
83	119	0
83	120	0
83	121	1
83	122	0
83	123	0
83	124	0
83	125	1
83	126	1
83	127	0
83	128	1
83	129	0
83	130	0
83	131	0
83	132	0
83	133	1
83	134	1
83	135	0
83	136	0
83	137	0
83	138	0
83	139	1
83	140	0
84	85	0
84	86	0
84	87	1
84	88	1
84	89	1
84	90	1
84	91	0
84	92	1
84	93	1
84	94	0
84	95	0
84	96	1
84	97	0
84	98	1
84	99	1
84	100	0
84	101	0
84	102	0
84	103	0
84	104	1
84	105	1
84	106	0
84	107	1
84	108	0
84	109	0
84	110	1
84	111	0
84	112	0
84	113	1
84	114	1
84	115	1
84	116	1
84	117	0
84	118	0
84	119	1
84	120	0
84	121	1
84	122	1
84	123	1
84	124	0
84	125	1
84	126	0
84	127	1
84	128	0
84	129	1
84	130	0
84	131	1
84	132	0
84	133	1
84	134	1
84	135	0
84	136	0
84	137	0
84	138	1
84	139	1
84	140	0
85	86	0
85	87	1
85	88	0
85	89	1
85	90	1
85	91	1
85	92	1
85	93	0
85	94	1
85	95	1
85	96	0
85	97	1
85	98	1
85	99	0
85	100	0
85	101	1
85	102	1
85	103	0
85	104	1
85	105	1
85	106	0
85	107	1
85	108	1
85	109	0
85	110	1
85	111	1
85	112	0
85	113	1
85	114	0
85	115	1
85	116	0
85	117	0
85	118	1
85	119	1
85	120	0
85	121	0
85	122	1
85	123	0
85	124	1
85	125	1
85	126	1
85	127	1
85	128	1
85	129	1
85	130	1
85	131	1
85	132	0
85	133	0
85	134	0
85	135	1
85	136	1
85	137	1
85	138	0
85	139	0
85	140	1
86	87	0
86	88	0
86	89	1
86	90	0
86	91	1
86	92	1
86	93	0
86	94	1
86	95	0
86	96	0
86	97	1
86	98	0
86	99	0
86	100	0
86	101	0
86	102	0
86	103	0
86	104	1
86	105	1
86	106	0
86	107	0
86	108	0
86	109	1
86	110	0
86	111	1
86	112	1
86	113	1
86	114	0
86	115	1
86	116	1
86	117	1
86	118	1
86	119	0
86	120	1
86	121	1
86	122	1
86	123	0
86	124	1
86	125	1
86	126	0
86	127	0
86	128	1
86	129	1
86	130	1
86	131	1
86	132	1
86	133	1
86	134	1
86	135	1
86	136	0
86	137	1
86	138	1
86	139	1
86	140	0
87	88	1
87	89	0
87	90	1
87	91	0
87	92	0
87	93	1
87	94	1
87	95	0
87	96	0
87	97	1
87	98	1
87	99	0
87	100	0
87	101	1
87	102	0
87	103	1
87	104	1
87	105	1
87	106	1
87	107	0
87	108	1
87	109	0
87	110	1
87	111	0
87	112	0
87	113	1
87	114	1
87	115	0
87	116	1
87	117	1
87	118	0
87	119	0
87	120	0
87	121	0
87	122	1
87	123	1
87	124	1
87	125	0
87	126	0
87	127	0
87	128	0
87	129	1
87	130	0
87	131	1
87	132	1
87	133	1
87	134	0
87	135	1
87	136	1
87	137	0
87	138	0
87	139	0
87	140	0
88	89	0
88	90	0
88	91	1
88	92	0
88	93	1
88	94	0
88	95	0
88	96	0
88	97	1
88	98	0
88	99	0
88	100	1
88	101	0
88	102	0
88	103	1
88	104	0
88	105	1
88	106	0
88	107	0
88	108	1
88	109	1
88	110	1
88	111	1
88	112	0
88	113	0
88	114	1
88	115	0
88	116	1
88	117	1
88	118	1
88	119	0
88	120	1
88	121	1
88	122	0
88	123	0
88	124	0
88	125	0
88	126	1
88	127	0
88	128	0
88	129	1
88	130	1
88	131	0
88	132	1
88	133	0
88	134	1
88	135	1
88	136	1
88	137	0
88	138	1
88	139	0
88	140	1
89	90	1
89	91	0
89	92	1
89	93	0
89	94	0
89	95	0
89	96	0
89	97	1
89	98	1
89	99	0
89	100	0
89	101	1
89	102	1
89	103	1
89	104	0
89	105	0
89	106	1
89	107	0
89	108	1
89	109	1
89	110	1
89	111	0
89	112	1
89	113	0
89	114	1
89	115	0
89	116	1
89	117	1
89	118	0
89	119	1
89	120	0
89	121	1
89	122	1
89	123	1
89	124	0
89	125	0
89	126	0
89	127	0
89	128	0
89	129	0
89	130	0
89	131	0
89	132	0
89	133	0
89	134	1
89	135	1
89	136	1
89	137	0
89	138	1
89	139	0
89	140	0
90	91	1
90	92	1
90	93	1
90	94	0
90	95	0
90	96	0
90	97	0
90	98	1
90	99	0
90	100	1
90	101	1
90	102	1
90	103	1
90	104	1
90	105	0
90	106	0
90	107	0
90	108	0
90	109	1
90	110	0
90	111	1
90	112	1
90	113	1
90	114	1
90	115	1
90	116	0
90	117	0
90	118	1
90	119	0
90	120	0
90	121	0
90	122	1
90	123	1
90	124	0
90	125	1
90	126	0
90	127	1
90	128	1
90	129	1
90	130	0
90	131	1
90	132	0
90	133	0
90	134	0
90	135	0
90	136	0
90	137	1
90	138	1
90	139	1
90	140	0
91	92	0
91	93	0
91	94	0
91	95	0
91	96	1
91	97	0
91	98	0
91	99	1
91	100	1
91	101	0
91	102	1
91	103	0
91	104	0
91	105	0
91	106	1
91	107	1
91	108	1
91	109	0
91	110	0
91	111	0
91	112	0
91	113	1
91	114	1
91	115	1
91	116	1
91	117	1
91	118	0
91	119	0
91	120	0
91	121	0
91	122	0
91	123	0
91	124	1
91	125	0
91	126	1
91	127	1
91	128	1
91	129	0
91	130	1
91	131	1
91	132	0
91	133	1
91	134	0
91	135	1
91	136	0
91	137	0
91	138	0
91	139	0
91	140	0
92	93	1
92	94	0
92	95	1
92	96	0
92	97	1
92	98	0
92	99	0
92	100	1
92	101	0
92	102	0
92	103	1
92	104	1
92	105	0
92	106	1
92	107	0
92	108	1
92	109	1
92	110	0
92	111	1
92	112	0
92	113	0
92	114	0
92	115	0
92	116	1
92	117	1
92	118	0
92	119	0
92	120	0
92	121	1
92	122	0
92	123	0
92	124	0
92	125	1
92	126	0
92	127	0
92	128	0
92	129	1
92	130	1
92	131	0
92	132	1
92	133	0
92	134	1
92	135	0
92	136	1
92	137	1
92	138	0
92	139	0
92	140	0
93	94	0
93	95	0
93	96	0
93	97	0
93	98	0
93	99	0
93	100	0
93	101	0
93	102	1
93	103	0
93	104	1
93	105	1
93	106	0
93	107	0
93	108	0
93	109	1
93	110	1
93	111	1
93	112	0
93	113	0
93	114	0
93	115	1
93	116	0
93	117	0
93	118	1
93	119	0
93	120	0
93	121	0
93	122	0
93	123	1
93	124	1
93	125	0
93	126	1
93	127	1
93	128	1
93	129	1
93	130	0
93	131	0
93	132	1
93	133	1
93	134	1
93	135	1
93	136	1
93	137	0
93	138	1
93	139	0
93	140	1
94	95	0
94	96	1
94	97	1
94	98	1
94	99	1
94	100	0
94	101	1
94	102	1
94	103	0
94	104	0
94	105	1
94	106	0
94	107	1
94	108	1
94	109	1
94	110	0
94	111	0
94	112	0
94	113	1
94	114	0
94	115	0
94	116	1
94	117	0
94	118	1
94	119	1
94	120	0
94	121	1
94	122	1
94	123	0
94	124	1
94	125	1
94	126	0
94	127	1
94	128	1
94	129	0
94	130	0
94	131	0
94	132	1
94	133	0
94	134	0
94	135	1
94	136	0
94	137	0
94	138	0
94	139	0
94	140	0
95	96	0
95	97	0
95	98	1
95	99	0
95	100	0
95	101	0
95	102	1
95	103	0
95	104	1
95	105	1
95	106	0
95	107	1
95	108	0
95	109	0
95	110	1
95	111	1
95	112	0
95	113	1
95	114	0
95	115	1
95	116	1
95	117	1
95	118	0
95	119	0
95	120	0
95	121	0
95	122	0
95	123	0
95	124	1
95	125	1
95	126	0
95	127	0
95	128	0
95	129	1
95	130	0
95	131	0
95	132	1
95	133	1
95	134	1
95	135	1
95	136	1
95	137	1
95	138	1
95	139	1
95	140	1
96	97	1
96	98	0
96	99	0
96	100	0
96	101	0
96	102	0
96	103	0
96	104	1
96	105	0
96	106	0
96	107	0
96	108	0
96	109	0
96	110	1
96	111	0
96	112	1
96	113	0
96	114	0
96	115	1
96	116	1
96	117	1
96	118	0
96	119	1
96	120	0
96	121	0
96	122	0
96	123	0
96	124	1
96	125	0
96	126	1
96	127	1
96	128	0
96	129	0
96	130	1
96	131	1
96	132	1
96	133	1
96	134	1
96	135	1
96	136	0
96	137	0
96	138	1
96	139	1
96	140	0
97	98	1
97	99	1
97	100	1
97	101	0
97	102	1
97	103	0
97	104	0
97	105	1
97	106	0
97	107	0
97	108	1
97	109	0
97	110	1
97	111	1
97	112	0
97	113	1
97	114	0
97	115	1
97	116	1
97	117	1
97	118	1
97	119	0
97	120	1
97	121	0
97	122	0
97	123	0
97	124	1
97	125	1
97	126	1
97	127	1
97	128	0
97	129	1
97	130	0
97	131	0
97	132	0
97	133	0
97	134	1
97	135	0
97	136	0
97	137	0
97	138	0
97	139	1
97	140	0
98	99	0
98	100	0
98	101	1
98	102	1
98	103	0
98	104	0
98	105	0
98	106	0
98	107	1
98	108	1
98	109	1
98	110	0
98	111	0
98	112	0
98	113	0
98	114	1
98	115	0
98	116	0
98	117	0
98	118	1
98	119	0
98	120	1
98	121	1
98	122	0
98	123	1
98	124	0
98	125	0
98	126	1
98	127	0
98	128	1
98	129	1
98	130	1
98	131	0
98	132	0
98	133	1
98	134	1
98	135	0
98	136	1
98	137	1
98	138	0
98	139	0
98	140	0
99	100	1
99	101	1
99	102	0
99	103	0
99	104	1
99	105	0
99	106	1
99	107	1
99	108	0
99	109	1
99	110	0
99	111	0
99	112	0
99	113	1
99	114	1
99	115	1
99	116	1
99	117	1
99	118	1
99	119	1
99	120	1
99	121	0
99	122	1
99	123	0
99	124	1
99	125	0
99	126	0
99	127	0
99	128	0
99	129	1
99	130	1
99	131	0
99	132	0
99	133	0
99	134	1
99	135	1
99	136	0
99	137	1
99	138	1
99	139	1
99	140	0
100	101	0
100	102	0
100	103	1
100	104	1
100	105	1
100	106	0
100	107	1
100	108	0
100	109	1
100	110	1
100	111	0
100	112	0
100	113	1
100	114	0
100	115	0
100	116	0
100	117	1
100	118	0
100	119	1
100	120	1
100	121	1
100	122	0
100	123	1
100	124	0
100	125	1
100	126	1
100	127	0
100	128	1
100	129	0
100	130	1
100	131	1
100	132	0
100	133	1
100	134	0
100	135	0
100	136	0
100	137	1
100	138	0
100	139	0
100	140	1
101	102	0
101	103	1
101	104	0
101	105	1
101	106	0
101	107	0
101	108	1
101	109	0
101	110	0
101	111	1
101	112	1
101	113	1
101	114	1
101	115	1
101	116	0
101	117	0
101	118	0
101	119	0
101	120	0
101	121	1
101	122	1
101	123	0
101	124	0
101	125	0
101	126	1
101	127	1
101	128	1
101	129	0
101	130	0
101	131	1
101	132	0
101	133	1
101	134	1
101	135	0
101	136	0
101	137	0
101	138	0
101	139	0
101	140	0
102	103	1
102	104	1
102	105	0
102	106	1
102	107	1
102	108	0
102	109	1
102	110	1
102	111	0
102	112	1
102	113	1
102	114	0
102	115	0
102	116	1
102	117	1
102	118	1
102	119	0
102	120	1
102	121	0
102	122	1
102	123	1
102	124	1
102	125	1
102	126	0
102	127	0
102	128	1
102	129	1
102	130	1
102	131	1
102	132	0
102	133	1
102	134	1
102	135	0
102	136	0
102	137	0
102	138	0
102	139	0
102	140	1
103	104	0
103	105	0
103	106	1
103	107	0
103	108	1
103	109	1
103	110	0
103	111	0
103	112	0
103	113	0
103	114	1
103	115	1
103	116	1
103	117	0
103	118	1
103	119	1
103	120	1
103	121	1
103	122	1
103	123	0
103	124	0
103	125	0
103	126	1
103	127	0
103	128	0
103	129	0
103	130	0
103	131	1
103	132	1
103	133	1
103	134	0
103	135	1
103	136	1
103	137	0
103	138	1
103	139	1
103	140	0
104	105	0
104	106	0
104	107	0
104	108	0
104	109	0
104	110	1
104	111	0
104	112	0
104	113	0
104	114	0
104	115	0
104	116	0
104	117	0
104	118	0
104	119	1
104	120	0
104	121	0
104	122	1
104	123	0
104	124	0
104	125	1
104	126	1
104	127	0
104	128	1
104	129	1
104	130	0
104	131	1
104	132	0
104	133	1
104	134	0
104	135	0
104	136	0
104	137	1
104	138	0
104	139	1
104	140	1
105	106	0
105	107	0
105	108	1
105	109	0
105	110	0
105	111	1
105	112	1
105	113	0
105	114	0
105	115	0
105	116	0
105	117	1
105	118	1
105	119	1
105	120	1
105	121	1
105	122	0
105	123	1
105	124	1
105	125	0
105	126	1
105	127	0
105	128	1
105	129	1
105	130	1
105	131	1
105	132	1
105	133	0
105	134	1
105	135	1
105	136	0
105	137	1
105	138	0
105	139	1
105	140	1
106	107	1
106	108	1
106	109	1
106	110	1
106	111	0
106	112	1
106	113	1
106	114	0
106	115	0
106	116	0
106	117	1
106	118	0
106	119	1
106	120	1
106	121	0
106	122	0
106	123	1
106	124	1
106	125	0
106	126	1
106	127	1
106	128	0
106	129	0
106	130	1
106	131	1
106	132	0
106	133	1
106	134	1
106	135	0
106	136	1
106	137	0
106	138	1
106	139	0
106	140	1
107	108	1
107	109	0
107	110	1
107	111	0
107	112	0
107	113	1
107	114	1
107	115	1
107	116	0
107	117	1
107	118	1
107	119	0
107	120	0
107	121	1
107	122	0
107	123	1
107	124	0
107	125	1
107	126	0
107	127	1
107	128	0
107	129	0
107	130	0
107	131	0
107	132	1
107	133	1
107	134	0
107	135	1
107	136	0
107	137	0
107	138	1
107	139	1
107	140	0
108	109	1
108	110	0
108	111	0
108	112	1
108	113	0
108	114	1
108	115	0
108	116	0
108	117	0
108	118	1
108	119	1
108	120	0
108	121	1
108	122	0
108	123	1
108	124	0
108	125	1
108	126	0
108	127	0
108	128	0
108	129	1
108	130	1
108	131	1
108	132	0
108	133	0
108	134	1
108	135	1
108	136	1
108	137	0
108	138	1
108	139	1
108	140	0
109	110	0
109	111	0
109	112	0
109	113	0
109	114	0
109	115	0
109	116	0
109	117	1
109	118	0
109	119	0
109	120	0
109	121	1
109	122	0
109	123	0
109	124	0
109	125	1
109	126	0
109	127	1
109	128	0
109	129	1
109	130	1
109	131	0
109	132	1
109	133	1
109	134	1
109	135	1
109	136	0
109	137	0
109	138	0
109	139	0
109	140	1
110	111	1
110	112	1
110	113	1
110	114	1
110	115	1
110	116	0
110	117	0
110	118	0
110	119	1
110	120	1
110	121	1
110	122	1
110	123	1
110	124	1
110	125	0
110	126	1
110	127	0
110	128	0
110	129	1
110	130	0
110	131	0
110	132	1
110	133	1
110	134	1
110	135	0
110	136	0
110	137	0
110	138	1
110	139	1
110	140	1
111	112	1
111	113	0
111	114	1
111	115	1
111	116	0
111	117	0
111	118	1
111	119	0
111	120	1
111	121	0
111	122	1
111	123	0
111	124	0
111	125	1
111	126	1
111	127	0
111	128	1
111	129	1
111	130	1
111	131	0
111	132	0
111	133	0
111	134	0
111	135	1
111	136	0
111	137	1
111	138	0
111	139	0
111	140	1
112	113	0
112	114	0
112	115	1
112	116	1
112	117	1
112	118	0
112	119	0
112	120	0
112	121	1
112	122	0
112	123	0
112	124	1
112	125	0
112	126	1
112	127	1
112	128	1
112	129	1
112	130	0
112	131	0
112	132	1
112	133	1
112	134	0
112	135	0
112	136	0
112	137	0
112	138	0
112	139	1
112	140	1
113	114	1
113	115	1
113	116	0
113	117	0
113	118	1
113	119	1
113	120	0
113	121	0
113	122	1
113	123	0
113	124	1
113	125	1
113	126	1
113	127	0
113	128	0
113	129	1
113	130	1
113	131	0
113	132	0
113	133	1
113	134	1
113	135	1
113	136	0
113	137	0
113	138	1
113	139	0
113	140	1
114	115	1
114	116	0
114	117	0
114	118	1
114	119	1
114	120	1
114	121	1
114	122	0
114	123	0
114	124	1
114	125	1
114	126	0
114	127	0
114	128	1
114	129	0
114	130	1
114	131	1
114	132	1
114	133	0
114	134	0
114	135	0
114	136	0
114	137	1
114	138	0
114	139	1
114	140	0
115	116	1
115	117	1
115	118	1
115	119	1
115	120	0
115	121	0
115	122	1
115	123	1
115	124	1
115	125	0
115	126	0
115	127	1
115	128	1
115	129	1
115	130	0
115	131	0
115	132	0
115	133	0
115	134	1
115	135	0
115	136	0
115	137	0
115	138	1
115	139	0
115	140	0
116	117	1
116	118	1
116	119	0
116	120	0
116	121	0
116	122	0
116	123	1
116	124	0
116	125	0
116	126	0
116	127	1
116	128	0
116	129	1
116	130	0
116	131	0
116	132	1
116	133	1
116	134	0
116	135	0
116	136	0
116	137	0
116	138	0
116	139	0
116	140	1
117	118	1
117	119	0
117	120	0
117	121	0
117	122	1
117	123	1
117	124	1
117	125	0
117	126	1
117	127	1
117	128	0
117	129	1
117	130	1
117	131	1
117	132	0
117	133	1
117	134	1
117	135	1
117	136	0
117	137	0
117	138	0
117	139	1
117	140	0
118	119	0
118	120	1
118	121	1
118	122	1
118	123	1
118	124	1
118	125	0
118	126	0
118	127	0
118	128	1
118	129	0
118	130	0
118	131	1
118	132	1
118	133	0
118	134	1
118	135	1
118	136	0
118	137	1
118	138	0
118	139	1
118	140	0
119	120	1
119	121	0
119	122	1
119	123	0
119	124	0
119	125	0
119	126	0
119	127	1
119	128	1
119	129	1
119	130	1
119	131	0
119	132	0
119	133	1
119	134	1
119	135	0
119	136	0
119	137	0
119	138	0
119	139	1
119	140	0
120	121	0
120	122	0
120	123	1
120	124	1
120	125	1
120	126	0
120	127	1
120	128	1
120	129	0
120	130	1
120	131	1
120	132	1
120	133	1
120	134	1
120	135	1
120	136	0
120	137	0
120	138	1
120	139	0
120	140	0
121	122	1
121	123	0
121	124	1
121	125	0
121	126	0
121	127	1
121	128	0
121	129	1
121	130	0
121	131	0
121	132	0
121	133	0
121	134	1
121	135	0
121	136	1
121	137	1
121	138	1
121	139	1
121	140	0
122	123	1
122	124	0
122	125	0
122	126	1
122	127	0
122	128	0
122	129	0
122	130	0
122	131	1
122	132	0
122	133	0
122	134	1
122	135	1
122	136	0
122	137	0
122	138	1
122	139	1
122	140	0
123	124	1
123	125	1
123	126	1
123	127	0
123	128	1
123	129	1
123	130	0
123	131	0
123	132	0
123	133	1
123	134	0
123	135	0
123	136	1
123	137	0
123	138	0
123	139	0
123	140	1
124	125	1
124	126	1
124	127	0
124	128	1
124	129	0
124	130	0
124	131	1
124	132	1
124	133	1
124	134	1
124	135	0
124	136	1
124	137	0
124	138	1
124	139	1
124	140	0
125	126	1
125	127	1
125	128	1
125	129	1
125	130	1
125	131	1
125	132	1
125	133	0
125	134	1
125	135	1
125	136	1
125	137	1
125	138	0
125	139	1
125	140	1
126	127	1
126	128	1
126	129	1
126	130	0
126	131	1
126	132	0
126	133	0
126	134	0
126	135	1
126	136	1
126	137	1
126	138	1
126	139	1
126	140	1
127	128	1
127	129	1
127	130	1
127	131	1
127	132	1
127	133	0
127	134	0
127	135	0
127	136	0
127	137	0
127	138	0
127	139	0
127	140	0
128	129	0
128	130	0
128	131	1
128	132	0
128	133	1
128	134	0
128	135	1
128	136	1
128	137	0
128	138	0
128	139	1
128	140	1
129	130	0
129	131	0
129	132	0
129	133	0
129	134	1
129	135	1
129	136	1
129	137	1
129	138	1
129	139	0
129	140	0
130	131	0
130	132	0
130	133	1
130	134	0
130	135	1
130	136	0
130	137	0
130	138	0
130	139	1
130	140	1
131	132	1
131	133	0
131	134	1
131	135	1
131	136	0
131	137	1
131	138	0
131	139	1
131	140	1
132	133	0
132	134	1
132	135	0
132	136	0
132	137	1
132	138	0
132	139	0
132	140	1
133	134	1
133	135	0
133	136	0
133	137	1
133	138	1
133	139	1
133	140	1
134	135	0
134	136	1
134	137	1
134	138	0
134	139	0
134	140	0
135	136	1
135	137	1
135	138	1
135	139	1
135	140	1
136	137	0
136	138	1
136	139	0
136	140	0
137	138	1
137	139	1
137	140	1
138	139	1
138	140	1
139	140	0
