140	9730	0
1	2	1
1	3	1
1	4	0
1	5	0
1	6	1
1	7	1
1	8	0
1	9	1
1	10	0
1	11	0
1	12	1
1	13	0
1	14	1
1	15	1
1	16	0
1	17	1
1	18	1
1	19	1
1	20	1
1	21	1
1	22	0
1	23	0
1	24	0
1	25	0
1	26	0
1	27	0
1	28	0
1	29	1
1	30	1
1	31	1
1	32	1
1	33	0
1	34	1
1	35	0
1	36	1
1	37	1
1	38	0
1	39	1
1	40	1
1	41	1
1	42	1
1	43	1
1	44	1
1	45	1
1	46	0
1	47	0
1	48	0
1	49	0
1	50	0
1	51	0
1	52	1
1	53	1
1	54	0
1	55	0
1	56	0
1	57	1
1	58	0
1	59	1
1	60	0
1	61	0
1	62	0
1	63	1
1	64	1
1	65	1
1	66	1
1	67	1
1	68	1
1	69	0
1	70	1
1	71	0
1	72	1
1	73	1
1	74	0
1	75	1
1	76	0
1	77	1
1	78	1
1	79	1
1	80	0
1	81	1
1	82	1
1	83	1
1	84	1
1	85	0
1	86	1
1	87	1
1	88	0
1	89	1
1	90	1
1	91	0
1	92	1
1	93	1
1	94	0
1	95	0
1	96	1
1	97	0
1	98	1
1	99	1
1	100	1
1	101	0
1	102	1
1	103	0
1	104	1
1	105	1
1	106	0
1	107	1
1	108	0
1	109	1
1	110	1
1	111	0
1	112	0
1	113	0
1	114	0
1	115	1
1	116	0
1	117	0
1	118	0
1	119	0
1	120	0
1	121	1
1	122	1
1	123	1
1	124	1
1	125	1
1	126	1
1	127	0
1	128	0
1	129	0
1	130	1
1	131	1
1	132	0
1	133	1
1	134	0
1	135	1
1	136	0
1	137	0
1	138	0
1	139	0
1	140	0
2	3	0
2	4	1
2	5	0
2	6	0
2	7	1
2	8	1
2	9	1
2	10	0
2	11	0
2	12	0
2	13	1
2	14	0
2	15	0
2	16	0
2	17	1
2	18	1
2	19	1
2	20	1
2	21	0
2	22	0
2	23	1
2	24	0
2	25	0
2	26	0
2	27	1
2	28	1
2	29	1
2	30	0
2	31	1
2	32	0
2	33	1
2	34	1
2	35	1
2	36	0
2	37	0
2	38	0
2	39	1
2	40	0
2	41	0
2	42	1
2	43	1
2	44	0
2	45	0
2	46	0
2	47	1
2	48	0
2	49	0
2	50	1
2	51	1
2	52	1
2	53	0
2	54	1
2	55	1
2	56	1
2	57	1
2	58	0
2	59	1
2	60	1
2	61	0
2	62	1
2	63	1
2	64	1
2	65	0
2	66	1
2	67	1
2	68	1
2	69	0
2	70	1
2	71	1
2	72	1
2	73	0
2	74	1
2	75	0
2	76	1
2	77	0
2	78	0
2	79	0
2	80	0
2	81	0
2	82	0
2	83	1
2	84	1
2	85	0
2	86	0
2	87	0
2	88	1
2	89	0
2	90	1
2	91	1
2	92	0
2	93	0
2	94	1
2	95	0
2	96	1
2	97	0
2	98	1
2	99	0
2	100	1
2	101	0
2	102	1
2	103	1
2	104	0
2	105	1
2	106	1
2	107	0
2	108	1
2	109	1
2	110	0
2	111	0
2	112	1
2	113	1
2	114	1
2	115	0
2	116	1
2	117	1
2	118	1
2	119	1
2	120	1
2	121	0
2	122	0
2	123	1
2	124	1
2	125	1
2	126	0
2	127	1
2	128	0
2	129	0
2	130	1
2	131	1
2	132	0
2	133	1
2	134	0
2	135	0
2	136	1
2	137	0
2	138	1
2	139	0
2	140	1
3	4	0
3	5	0
3	6	1
3	7	1
3	8	0
3	9	1
3	10	0
3	11	1
3	12	1
3	13	1
3	14	0
3	15	0
3	16	0
3	17	0
3	18	0
3	19	0
3	20	1
3	21	0
3	22	1
3	23	0
3	24	1
3	25	1
3	26	0
3	27	1
3	28	1
3	29	0
3	30	1
3	31	0
3	32	1
3	33	1
3	34	0
3	35	1
3	36	0
3	37	1
3	38	1
3	39	0
3	40	1
3	41	0
3	42	1
3	43	1
3	44	1
3	45	0
3	46	0
3	47	0
3	48	1
3	49	0
3	50	1
3	51	0
3	52	1
3	53	0
3	54	1
3	55	1
3	56	0
3	57	0
3	58	0
3	59	0
3	60	0
3	61	0
3	62	0
3	63	0
3	64	0
3	65	0
3	66	1
3	67	0
3	68	1
3	69	1
3	70	0
3	71	0
3	72	0
3	73	1
3	74	1
3	75	1
3	76	1
3	77	1
3	78	0
3	79	0
3	80	0
3	81	0
3	82	1
3	83	1
3	84	0
3	85	1
3	86	0
3	87	0
3	88	1
3	89	1
3	90	0
3	91	0
3	92	1
3	93	0
3	94	1
3	95	0
3	96	1
3	97	1
3	98	0
3	99	0
3	100	1
3	101	0
3	102	0
3	103	1
3	104	1
3	105	0
3	106	0
3	107	1
3	108	0
3	109	1
3	110	0
3	111	1
3	112	1
3	113	0
3	114	1
3	115	1
3	116	1
3	117	1
3	118	0
3	119	1
3	120	0
3	121	0
3	122	1
3	123	0
3	124	0
3	125	1
3	126	0
3	127	1
3	128	0
3	129	1
3	130	0
3	131	1
3	132	0
3	133	0
3	134	1
3	135	0
3	136	1
3	137	0
3	138	1
3	139	1
3	140	1
4	5	1
4	6	0
4	7	0
4	8	1
4	9	1
4	10	1
4	11	1
4	12	0
4	13	0
4	14	0
4	15	1
4	16	1
4	17	0
4	18	0
4	19	1
4	20	1
4	21	1
4	22	0
4	23	1
4	24	1
4	25	0
4	26	0
4	27	0
4	28	1
4	29	0
4	30	0
4	31	0
4	32	1
4	33	1
4	34	0
4	35	0
4	36	1
4	37	1
4	38	0
4	39	1
4	40	0
4	41	1
4	42	0
4	43	0
4	44	1
4	45	0
4	46	1
4	47	1
4	48	1
4	49	1
4	50	0
4	51	1
4	52	1
4	53	1
4	54	1
4	55	0
4	56	0
4	57	1
4	58	0
4	59	0
4	60	0
4	61	1
4	62	0
4	63	0
4	64	1
4	65	0
4	66	0
4	67	0
4	68	0
4	69	0
4	70	0
4	71	1
4	72	0
4	73	0
4	74	0
4	75	0
4	76	1
4	77	0
4	78	1
4	79	1
4	80	0
4	81	0
4	82	0
4	83	0
4	84	1
4	85	1
4	86	0
4	87	0
4	88	0
4	89	0
4	90	1
4	91	1
4	92	1
4	93	0
4	94	1
4	95	0
4	96	1
4	97	1
4	98	1
4	99	1
4	100	1
4	101	0
4	102	1
4	103	0
4	104	0
4	105	0
4	106	1
4	107	0
4	108	0
4	109	1
4	110	1
4	111	0
4	112	0
4	113	1
4	114	0
4	115	1
4	116	1
4	117	1
4	118	1
4	119	1
4	120	0
4	121	0
4	122	0
4	123	1
4	124	0
4	125	0
4	126	1
4	127	0
4	128	1
4	129	1
4	130	1
4	131	0
4	132	0
4	133	1
4	134	0
4	135	0
4	136	0
4	137	0
4	138	1
4	139	0
4	140	0
5	6	0
5	7	0
5	8	0
5	9	1
5	10	1
5	11	0
5	12	1
5	13	1
5	14	0
5	15	0
5	16	1
5	17	0
5	18	1
5	19	1
5	20	1
5	21	1
5	22	0
5	23	1
5	24	0
5	25	1
5	26	0
5	27	0
5	28	1
5	29	1
5	30	0
5	31	0
5	32	0
5	33	1
5	34	0
5	35	0
5	36	1
5	37	1
5	38	1
5	39	0
5	40	0
5	41	0
5	42	0
5	43	0
5	44	1
5	45	0
5	46	0
5	47	0
5	48	1
5	49	0
5	50	1
5	51	0
5	52	1
5	53	1
5	54	1
5	55	1
5	56	0
5	57	1
5	58	1
5	59	0
5	60	0
5	61	0
5	62	1
5	63	1
5	64	0
5	65	1
5	66	1
5	67	0
5	68	1
5	69	1
5	70	0
5	71	1
5	72	0
5	73	0
5	74	1
5	75	0
5	76	0
5	77	1
5	78	0
5	79	0
5	80	1
5	81	0
5	82	1
5	83	1
5	84	0
5	85	0
5	86	1
5	87	1
5	88	1
5	89	1
5	90	1
5	91	1
5	92	1
5	93	0
5	94	0
5	95	0
5	96	1
5	97	0
5	98	1
5	99	1
5	100	1
5	101	1
5	102	1
5	103	1
5	104	1
5	105	0
5	106	1
5	107	1
5	108	1
5	109	1
5	110	1
5	111	1
5	112	1
5	113	1
5	114	1
5	115	0
5	116	0
5	117	0
5	118	0
5	119	0
5	120	0
5	121	0
5	122	0
5	123	0
5	124	1
5	125	0
5	126	0
5	127	1
5	128	0
5	129	1
5	130	1
5	131	0
5	132	0
5	133	0
5	134	1
5	135	0
5	136	1
5	137	1
5	138	1
5	139	0
5	140	0
6	7	1
6	8	0
6	9	1
6	10	0
6	11	0
6	12	0
6	13	0
6	14	0
6	15	0
6	16	1
6	17	1
6	18	1
6	19	1
6	20	1
6	21	0
6	22	1
6	23	0
6	24	0
6	25	1
6	26	1
6	27	0
6	28	1
6	29	0
6	30	0
6	31	1
6	32	0
6	33	1
6	34	1
6	35	0
6	36	0
6	37	1
6	38	1
6	39	0
6	40	0
6	41	1
6	42	1
6	43	1
6	44	0
6	45	0
6	46	1
6	47	0
6	48	1
6	49	1
6	50	1
6	51	0
6	52	1
6	53	0
6	54	1
6	55	1
6	56	1
6	57	1
6	58	0
6	59	0
6	60	1
6	61	1
6	62	0
6	63	1
6	64	1
6	65	0
6	66	1
6	67	1
6	68	0
6	69	1
6	70	0
6	71	0
6	72	1
6	73	0
6	74	0
6	75	0
6	76	1
6	77	0
6	78	1
6	79	1
6	80	1
6	81	0
6	82	1
6	83	0
6	84	0
6	85	0
6	86	1
6	87	1
6	88	1
6	89	1
6	90	0
6	91	0
6	92	1
6	93	0
6	94	0
6	95	1
6	96	1
6	97	1
6	98	0
6	99	0
6	100	0
6	101	0
6	102	1
6	103	0
6	104	0
6	105	1
6	106	1
6	107	0
6	108	0
6	109	1
6	110	0
6	111	1
6	112	1
6	113	1
6	114	0
6	115	0
6	116	1
6	117	0
6	118	1
6	119	1
6	120	1
6	121	1
6	122	0
6	123	0
6	124	0
6	125	1
6	126	1
6	127	0
6	128	1
6	129	0
6	130	0
6	131	0
6	132	1
6	133	0
6	134	0
6	135	1
6	136	1
6	137	1
6	138	1
6	139	1
6	140	1
7	8	0
7	9	1
7	10	0
7	11	0
7	12	1
7	13	1
7	14	1
7	15	1
7	16	1
7	17	0
7	18	0
7	19	1
7	20	0
7	21	1
7	22	0
7	23	0
7	24	0
7	25	0
7	26	1
7	27	0
7	28	0
7	29	0
7	30	1
7	31	0
7	32	1
7	33	0
7	34	0
7	35	0
7	36	1
7	37	1
7	38	1
7	39	0
7	40	0
7	41	0
7	42	0
7	43	1
7	44	0
7	45	0
7	46	1
7	47	1
7	48	1
7	49	1
7	50	0
7	51	1
7	52	1
7	53	1
7	54	1
7	55	1
7	56	0
7	57	1
7	58	0
7	59	0
7	60	0
7	61	0
7	62	0
7	63	0
7	64	0
7	65	1
7	66	0
7	67	1
7	68	1
7	69	1
7	70	1
7	71	0
7	72	1
7	73	0
7	74	1
7	75	1
7	76	0
7	77	1
7	78	0
7	79	0
7	80	0
7	81	1
7	82	1
7	83	0
7	84	0
7	85	0
7	86	0
7	87	1
7	88	1
7	89	1
7	90	0
7	91	0
7	92	1
7	93	0
7	94	1
7	95	1
7	96	1
7	97	1
7	98	1
7	99	1
7	100	0
7	101	0
7	102	0
7	103	1
7	104	0
7	105	1
7	106	0
7	107	1
7	108	1
7	109	1
7	110	1
7	111	1
7	112	0
7	113	0
7	114	1
7	115	0
7	116	1
7	117	1
7	118	1
7	119	1
7	120	1
7	121	1
7	122	0
7	123	1
7	124	1
7	125	1
7	126	0
7	127	1
7	128	1
7	129	0
7	130	1
7	131	1
7	132	1
7	133	0
7	134	0
7	135	1
7	136	0
7	137	1
7	138	0
7	139	0
7	140	1
8	9	1
8	10	1
8	11	0
8	12	1
8	13	0
8	14	0
8	15	1
8	16	1
8	17	1
8	18	1
8	19	1
8	20	0
8	21	0
8	22	1
8	23	0
8	24	0
8	25	1
8	26	0
8	27	1
8	28	0
8	29	0
8	30	1
8	31	0
8	32	1
8	33	1
8	34	0
8	35	1
8	36	0
8	37	1
8	38	1
8	39	1
8	40	0
8	41	1
8	42	0
8	43	0
8	44	0
8	45	0
8	46	0
8	47	0
8	48	0
8	49	1
8	50	1
8	51	1
8	52	0
8	53	0
8	54	0
8	55	1
8	56	0
8	57	0
8	58	1
8	59	1
8	60	1
8	61	1
8	62	1
8	63	0
8	64	1
8	65	1
8	66	0
8	67	1
8	68	1
8	69	0
8	70	1
8	71	1
8	72	0
8	73	0
8	74	1
8	75	1
8	76	0
8	77	0
8	78	1
8	79	1
8	80	1
8	81	0
8	82	1
8	83	1
8	84	0
8	85	1
8	86	1
8	87	1
8	88	0
8	89	0
8	90	1
8	91	0
8	92	1
8	93	0
8	94	0
8	95	0
8	96	1
8	97	0
8	98	1
8	99	0
8	100	1
8	101	1
8	102	0
8	103	1
8	104	0
8	105	1
8	106	1
8	107	1
8	108	1
8	109	0
8	110	1
8	111	0
8	112	0
8	113	1
8	114	0
8	115	0
8	116	0
8	117	0
8	118	1
8	119	1
8	120	0
8	121	0
8	122	1
8	123	0
8	124	1
8	125	0
8	126	1
8	127	1
8	128	1
8	129	0
8	130	0
8	131	0
8	132	0
8	133	0
8	134	0
8	135	0
8	136	0
8	137	0
8	138	0
8	139	0
8	140	1
9	10	0
9	11	1
9	12	0
9	13	1
9	14	1
9	15	0
9	16	1
9	17	0
9	18	0
9	19	0
9	20	0
9	21	0
9	22	1
9	23	1
9	24	0
9	25	0
9	26	0
9	27	1
9	28	1
9	29	0
9	30	1
9	31	1
9	32	1
9	33	0
9	34	0
9	35	1
9	36	1
9	37	1
9	38	1
9	39	1
9	40	1
9	41	0
9	42	0
9	43	1
9	44	1
9	45	0
9	46	0
9	47	1
9	48	0
9	49	0
9	50	0
9	51	1
9	52	0
9	53	1
9	54	0
9	55	1
9	56	1
9	57	0
9	58	1
9	59	0
9	60	0
9	61	0
9	62	1
9	63	0
9	64	0
9	65	0
9	66	0
9	67	1
9	68	1
9	69	0
9	70	1
9	71	0
9	72	1
9	73	1
9	74	0
9	75	0
9	76	1
9	77	1
9	78	1
9	79	1
9	80	0
9	81	1
9	82	0
9	83	0
9	84	1
9	85	1
9	86	0
9	87	0
9	88	0
9	89	1
9	90	1
9	91	0
9	92	0
9	93	1
9	94	1
9	95	1
9	96	1
9	97	1
9	98	1
9	99	1
9	100	1
9	101	0
9	102	1
9	103	0
9	104	1
9	105	0
9	106	0
9	107	1
9	108	0
9	109	0
9	110	1
9	111	1
9	112	1
9	113	1
9	114	1
9	115	0
9	116	1
9	117	0
9	118	0
9	119	1
9	120	0
9	121	0
9	122	0
9	123	1
9	124	0
9	125	1
9	126	1
9	127	1
9	128	1
9	129	0
9	130	0
9	131	1
9	132	1
9	133	0
9	134	1
9	135	0
9	136	0
9	137	1
9	138	1
9	139	0
9	140	0
10	11	0
10	12	0
10	13	1
10	14	0
10	15	0
10	16	1
10	17	0
10	18	1
10	19	0
10	20	1
10	21	0
10	22	1
10	23	1
10	24	0
10	25	1
10	26	1
10	27	0
10	28	0
10	29	0
10	30	0
10	31	1
10	32	1
10	33	0
10	34	1
10	35	0
10	36	0
10	37	1
10	38	1
10	39	1
10	40	1
10	41	0
10	42	1
10	43	0
10	44	0
10	45	1
10	46	1
10	47	0
10	48	1
10	49	0
10	50	1
10	51	0
10	52	0
10	53	0
10	54	0
10	55	1
10	56	1
10	57	0
10	58	0
10	59	0
10	60	0
10	61	1
10	62	0
10	63	0
10	64	0
10	65	1
10	66	1
10	67	1
10	68	0
10	69	1
10	70	1
10	71	1
10	72	1
10	73	0
10	74	0
10	75	0
10	76	0
10	77	0
10	78	0
10	79	1
10	80	0
10	81	0
10	82	0
10	83	1
10	84	0
10	85	1
10	86	0
10	87	0
10	88	1
10	89	0
10	90	0
10	91	0
10	92	1
10	93	1
10	94	0
10	95	1
10	96	0
10	97	1
10	98	0
10	99	0
10	100	1
10	101	1
10	102	0
10	103	1
10	104	1
10	105	0
10	106	1
10	107	1
10	108	1
10	109	0
10	110	0
10	111	1
10	112	0
10	113	0
10	114	1
10	115	0
10	116	0
10	117	1
10	118	1
10	119	1
10	120	0
10	121	0
10	122	1
10	123	0
10	124	1
10	125	1
10	126	0
10	127	1
10	128	0
10	129	1
10	130	0
10	131	1
10	132	1
10	133	1
10	134	0
10	135	0
10	136	1
10	137	1
10	138	1
10	139	0
10	140	1
11	12	0
11	13	0
11	14	1
11	15	0
11	16	1
11	17	0
11	18	1
11	19	1
11	20	0
11	21	1
11	22	0
11	23	0
11	24	0
11	25	1
11	26	0
11	27	0
11	28	0
11	29	0
11	30	1
11	31	0
11	32	1
11	33	0
11	34	0
11	35	1
11	36	1
11	37	1
11	38	1
11	39	0
11	40	1
11	41	1
11	42	1
11	43	1
11	44	1
11	45	1
11	46	0
11	47	0
11	48	0
11	49	1
11	50	1
11	51	0
11	52	0
11	53	1
11	54	1
11	55	1
11	56	1
11	57	0
11	58	0
11	59	1
11	60	0
11	61	0
11	62	1
11	63	0
11	64	0
11	65	1
11	66	0
11	67	1
11	68	0
11	69	0
11	70	1
11	71	1
11	72	1
11	73	0
11	74	1
11	75	0
11	76	0
11	77	0
11	78	1
11	79	1
11	80	1
11	81	1
11	82	0
11	83	0
11	84	0
11	85	0
11	86	0
11	87	0
11	88	1
11	89	0
11	90	1
11	91	0
11	92	1
11	93	0
11	94	1
11	95	1
11	96	1
11	97	1
11	98	1
11	99	0
11	100	1
11	101	1
11	102	0
11	103	1
11	104	0
11	105	1
11	106	0
11	107	1
11	108	0
11	109	1
11	110	1
11	111	1
11	112	0
11	113	0
11	114	1
11	115	0
11	116	1
11	117	0
11	118	0
11	119	1
11	120	1
11	121	1
11	122	1
11	123	0
11	124	1
11	125	0
11	126	0
11	127	0
11	128	1
11	129	1
11	130	1
11	131	1
11	132	0
11	133	0
11	134	0
11	135	1
11	136	0
11	137	1
11	138	0
11	139	0
11	140	1
12	13	0
12	14	1
12	15	1
12	16	0
12	17	0
12	18	1
12	19	1
12	20	1
12	21	0
12	22	1
12	23	1
12	24	1
12	25	0
12	26	1
12	27	1
12	28	0
12	29	1
12	30	1
12	31	1
12	32	1
12	33	1
12	34	0
12	35	0
12	36	0
12	37	0
12	38	0
12	39	1
12	40	0
12	41	1
12	42	0
12	43	1
12	44	1
12	45	0
12	46	1
12	47	0
12	48	1
12	49	0
12	50	0
12	51	1
12	52	0
12	53	1
12	54	0
12	55	1
12	56	0
12	57	0
12	58	1
12	59	0
12	60	1
12	61	0
12	62	1
12	63	1
12	64	0
12	65	1
12	66	0
12	67	1
12	68	1
12	69	1
12	70	0
12	71	1
12	72	0
12	73	0
12	74	0
12	75	0
12	76	0
12	77	0
12	78	0
12	79	1
12	80	0
12	81	1
12	82	0
12	83	1
12	84	1
12	85	0
12	86	0
12	87	0
12	88	0
12	89	1
12	90	1
12	91	1
12	92	0
12	93	0
12	94	0
12	95	0
12	96	0
12	97	1
12	98	1
12	99	1
12	100	1
12	101	0
12	102	1
12	103	0
12	104	0
12	105	1
12	106	1
12	107	1
12	108	0
12	109	0
12	110	1
12	111	1
12	112	1
12	113	0
12	114	0
12	115	0
12	116	1
12	117	1
12	118	0
12	119	0
12	120	1
12	121	1
12	122	1
12	123	0
12	124	1
12	125	0
12	126	0
12	127	1
12	128	1
12	129	1
12	130	1
12	131	1
12	132	1
12	133	1
12	134	0
12	135	1
12	136	0
12	137	1
12	138	0
12	139	0
12	140	0
13	14	0
13	15	0
13	16	1
13	17	1
13	18	0
13	19	1
13	20	1
13	21	0
13	22	0
13	23	0
13	24	1
13	25	0
13	26	0
13	27	1
13	28	0
13	29	0
13	30	0
13	31	0
13	32	0
13	33	0
13	34	1
13	35	1
13	36	0
13	37	0
13	38	1
13	39	0
13	40	1
13	41	1
13	42	0
13	43	0
13	44	1
13	45	1
13	46	1
13	47	0
13	48	1
13	49	0
13	50	0
13	51	1
13	52	1
13	53	0
13	54	0
13	55	0
13	56	0
13	57	1
13	58	0
13	59	0
13	60	0
13	61	0
13	62	0
13	63	0
13	64	0
13	65	1
13	66	0
13	67	1
13	68	1
13	69	1
13	70	0
13	71	1
13	72	1
13	73	0
13	74	0
13	75	1
13	76	1
13	77	0
13	78	0
13	79	0
13	80	1
13	81	1
13	82	0
13	83	1
13	84	0
13	85	1
13	86	0
13	87	0
13	88	0
13	89	0
13	90	1
13	91	0
13	92	1
13	93	1
13	94	1
13	95	0
13	96	0
13	97	1
13	98	1
13	99	0
13	100	0
13	101	1
13	102	0
13	103	0
13	104	0
13	105	1
13	106	1
13	107	0
13	108	1
13	109	1
13	110	1
13	111	1
13	112	1
13	113	0
13	114	0
13	115	0
13	116	0
13	117	1
13	118	1
13	119	1
13	120	1
13	121	0
13	122	0
13	123	0
13	124	1
13	125	0
13	126	0
13	127	1
13	128	0
13	129	1
13	130	0
13	131	1
13	132	1
13	133	1
13	134	1
13	135	0
13	136	0
13	137	1
13	138	0
13	139	0
13	140	0
14	15	1
14	16	1
14	17	1
14	18	0
14	19	0
14	20	0
14	21	1
14	22	1
14	23	0
14	24	1
14	25	0
14	26	1
14	27	0
14	28	0
14	29	0
14	30	1
14	31	1
14	32	0
14	33	1
14	34	0
14	35	0
14	36	0
14	37	1
14	38	0
14	39	0
14	40	1
14	41	0
14	42	0
14	43	1
14	44	0
14	45	0
14	46	1
14	47	0
14	48	0
14	49	0
14	50	0
14	51	0
14	52	1
14	53	0
14	54	0
14	55	0
14	56	0
14	57	0
14	58	0
14	59	1
14	60	1
14	61	1
14	62	1
14	63	1
14	64	0
14	65	0
14	66	1
14	67	0
14	68	0
14	69	1
14	70	0
14	71	0
14	72	0
14	73	1
14	74	1
14	75	1
14	76	1
14	77	0
14	78	1
14	79	1
14	80	0
14	81	0
14	82	1
14	83	1
14	84	0
14	85	1
14	86	1
14	87	1
14	88	1
14	89	1
14	90	1
14	91	0
14	92	0
14	93	0
14	94	1
14	95	1
14	96	0
14	97	1
14	98	1
14	99	0
14	100	1
14	101	0
14	102	0
14	103	0
14	104	1
14	105	0
14	106	0
14	107	1
14	108	1
14	109	0
14	110	1
14	111	1
14	112	1
14	113	0
14	114	0
14	115	1
14	116	0
14	117	0
14	118	0
14	119	1
14	120	0
14	121	0
14	122	0
14	123	0
14	124	0
14	125	1
14	126	1
14	127	0
14	128	0
14	129	0
14	130	1
14	131	0
14	132	1
14	133	1
14	134	0
14	135	1
14	136	0
14	137	0
14	138	0
14	139	1
14	140	0
15	16	1
15	17	1
15	18	1
15	19	1
15	20	1
15	21	1
15	22	1
15	23	1
15	24	0
15	25	1
15	26	1
15	27	0
15	28	0
15	29	1
15	30	0
15	31	1
15	32	1
15	33	1
15	34	0
15	35	0
15	36	1
15	37	1
15	38	1
15	39	0
15	40	1
15	41	0
15	42	0
15	43	0
15	44	1
15	45	1
15	46	1
15	47	0
15	48	0
15	49	0
15	50	1
15	51	1
15	52	0
15	53	0
15	54	1
15	55	1
15	56	0
15	57	0
15	58	0
15	59	0
15	60	0
15	61	0
15	62	0
15	63	1
15	64	0
15	65	0
15	66	0
15	67	0
15	68	1
15	69	0
15	70	1
15	71	1
15	72	0
15	73	1
15	74	0
15	75	0
15	76	0
15	77	1
15	78	0
15	79	1
15	80	1
15	81	0
15	82	0
15	83	0
15	84	0
15	85	1
15	86	0
15	87	1
15	88	0
15	89	1
15	90	1
15	91	0
15	92	1
15	93	0
15	94	0
15	95	1
15	96	1
15	97	0
15	98	1
15	99	1
15	100	1
15	101	0
15	102	0
15	103	0
15	104	0
15	105	1
15	106	1
15	107	1
15	108	1
15	109	0
15	110	0
15	111	1
15	112	1
15	113	0
15	114	1
15	115	1
15	116	0
15	117	1
15	118	1
15	119	0
15	120	1
15	121	0
15	122	1
15	123	0
15	124	0
15	125	1
15	126	1
15	127	1
15	128	0
15	129	1
15	130	0
15	131	0
15	132	1
15	133	0
15	134	1
15	135	0
15	136	1
15	137	1
15	138	0
15	139	1
15	140	1
16	17	1
16	18	0
16	19	0
16	20	1
16	21	1
16	22	1
16	23	0
16	24	0
16	25	0
16	26	0
16	27	1
16	28	1
16	29	1
16	30	1
16	31	1
16	32	1
16	33	0
16	34	0
16	35	1
16	36	1
16	37	1
16	38	0
16	39	1
16	40	1
16	41	0
16	42	0
16	43	0
16	44	0
16	45	1
16	46	0
16	47	1
16	48	0
16	49	1
16	50	0
16	51	0
16	52	1
16	53	1
16	54	0
16	55	1
16	56	1
16	57	0
16	58	0
16	59	0
16	60	1
16	61	0
16	62	0
16	63	0
16	64	1
16	65	1
16	66	0
16	67	1
16	68	1
16	69	1
16	70	0
16	71	0
16	72	0
16	73	1
16	74	0
16	75	0
16	76	1
16	77	0
16	78	0
16	79	0
16	80	0
16	81	1
16	82	1
16	83	0
16	84	0
16	85	0
16	86	1
16	87	0
16	88	1
16	89	0
16	90	1
16	91	0
16	92	1
16	93	1
16	94	1
16	95	0
16	96	1
16	97	1
16	98	0
16	99	1
16	100	0
16	101	1
16	102	1
16	103	1
16	104	1
16	105	0
16	106	1
16	107	1
16	108	1
16	109	1
16	110	1
16	111	0
16	112	1
16	113	1
16	114	1
16	115	0
16	116	0
16	117	0
16	118	0
16	119	0
16	120	0
16	121	1
16	122	1
16	123	0
16	124	1
16	125	1
16	126	1
16	127	1
16	128	1
16	129	0
16	130	1
16	131	1
16	132	0
16	133	1
16	134	1
16	135	1
16	136	1
16	137	1
16	138	1
16	139	0
16	140	0
17	18	0
17	19	1
17	20	0
17	21	1
17	22	0
17	23	1
17	24	0
17	25	0
17	26	1
17	27	1
17	28	1
17	29	0
17	30	0
17	31	0
17	32	0
17	33	1
17	34	1
17	35	1
17	36	1
17	37	0
17	38	1
17	39	1
17	40	1
17	41	0
17	42	1
17	43	1
17	44	0
17	45	1
17	46	1
17	47	0
17	48	0
17	49	0
17	50	1
17	51	0
17	52	0
17	53	1
17	54	0
17	55	0
17	56	1
17	57	0
17	58	1
17	59	1
17	60	1
17	61	1
17	62	0
17	63	1
17	64	0
17	65	1
17	66	0
17	67	0
17	68	0
17	69	1
17	70	1
17	71	0
17	72	0
17	73	0
17	74	0
17	75	0
17	76	0
17	77	0
17	78	1
17	79	0
17	80	0
17	81	1
17	82	1
17	83	1
17	84	0
17	85	0
17	86	0
17	87	0
17	88	1
17	89	0
17	90	0
17	91	1
17	92	0
17	93	0
17	94	0
17	95	0
17	96	0
17	97	0
17	98	1
17	99	0
17	100	1
17	101	1
17	102	0
17	103	1
17	104	1
17	105	1
17	106	1
17	107	0
17	108	0
17	109	1
17	110	1
17	111	0
17	112	0
17	113	1
17	114	0
17	115	1
17	116	0
17	117	0
17	118	0
17	119	1
17	120	0
17	121	0
17	122	1
17	123	0
17	124	0
17	125	1
17	126	1
17	127	1
17	128	0
17	129	0
17	130	1
17	131	0
17	132	1
17	133	1
17	134	0
17	135	0
17	136	1
17	137	0
17	138	0
17	139	0
17	140	0
18	19	1
18	20	1
18	21	0
18	22	0
18	23	1
18	24	0
18	25	0
18	26	1
18	27	0
18	28	1
18	29	0
18	30	0
18	31	1
18	32	1
18	33	1
18	34	1
18	35	1
18	36	0
18	37	0
18	38	1
18	39	0
18	40	0
18	41	1
18	42	1
18	43	0
18	44	1
18	45	0
18	46	1
18	47	1
18	48	0
18	49	0
18	50	0
18	51	1
18	52	0
18	53	1
18	54	1
18	55	0
18	56	0
18	57	1
18	58	0
18	59	0
18	60	0
18	61	1
18	62	1
18	63	1
18	64	0
18	65	0
18	66	1
18	67	0
18	68	1
18	69	1
18	70	1
18	71	1
18	72	1
18	73	0
18	74	0
18	75	1
18	76	0
18	77	1
18	78	0
18	79	1
18	80	1
18	81	1
18	82	0
18	83	0
18	84	0
18	85	0
18	86	0
18	87	1
18	88	1
18	89	1
18	90	0
18	91	1
18	92	1
18	93	0
18	94	0
18	95	0
18	96	0
18	97	1
18	98	0
18	99	0
18	100	1
18	101	0
18	102	1
18	103	1
18	104	0
18	105	1
18	106	1
18	107	0
18	108	1
18	109	1
18	110	1
18	111	0
18	112	1
18	113	0
18	114	0
18	115	1
18	116	0
18	117	0
18	118	1
18	119	0
18	120	0
18	121	0
18	122	1
18	123	1
18	124	1
18	125	0
18	126	0
18	127	0
18	128	0
18	129	1
18	130	0
18	131	0
18	132	0
18	133	0
18	134	0
18	135	0
18	136	0
18	137	0
18	138	1
18	139	1
18	140	1
19	20	0
19	21	1
19	22	0
19	23	1
19	24	1
19	25	1
19	26	0
19	27	1
19	28	0
19	29	0
19	30	1
19	31	0
19	32	1
19	33	1
19	34	1
19	35	0
19	36	0
19	37	0
19	38	0
19	39	0
19	40	0
19	41	0
19	42	1
19	43	0
19	44	1
19	45	1
19	46	0
19	47	1
19	48	1
19	49	0
19	50	1
19	51	0
19	52	0
19	53	0
19	54	1
19	55	0
19	56	0
19	57	0
19	58	1
19	59	1
19	60	1
19	61	0
19	62	1
19	63	1
19	64	1
19	65	0
19	66	0
19	67	1
19	68	0
19	69	0
19	70	0
19	71	0
19	72	1
19	73	0
19	74	1
19	75	1
19	76	0
19	77	0
19	78	0
19	79	0
19	80	0
19	81	1
19	82	0
19	83	1
19	84	0
19	85	1
19	86	1
19	87	1
19	88	0
19	89	0
19	90	0
19	91	0
19	92	1
19	93	0
19	94	1
19	95	1
19	96	1
19	97	1
19	98	1
19	99	1
19	100	0
19	101	0
19	102	1
19	103	0
19	104	0
19	105	0
19	106	0
19	107	0
19	108	1
19	109	1
19	110	1
19	111	1
19	112	0
19	113	1
19	114	0
19	115	1
19	116	1
19	117	1
19	118	0
19	119	0
19	120	0
19	121	0
19	122	0
19	123	1
19	124	0
19	125	0
19	126	1
19	127	0
19	128	0
19	129	1
19	130	0
19	131	0
19	132	1
19	133	0
19	134	0
19	135	0
19	136	1
19	137	0
19	138	1
19	139	1
19	140	0
20	21	0
20	22	1
20	23	0
20	24	1
20	25	0
20	26	0
20	27	1
20	28	1
20	29	0
20	30	1
20	31	0
20	32	1
20	33	1
20	34	0
20	35	0
20	36	1
20	37	0
20	38	1
20	39	0
20	40	1
20	41	1
20	42	1
20	43	1
20	44	0
20	45	0
20	46	0
20	47	0
20	48	1
20	49	1
20	50	1
20	51	0
20	52	0
20	53	1
20	54	1
20	55	1
20	56	0
20	57	1
20	58	0
20	59	1
20	60	0
20	61	0
20	62	0
20	63	0
20	64	1
20	65	0
20	66	1
20	67	1
20	68	0
20	69	0
20	70	0
20	71	0
20	72	0
20	73	1
20	74	1
20	75	0
20	76	0
20	77	0
20	78	0
20	79	1
20	80	0
20	81	0
20	82	1
20	83	0
20	84	0
20	85	0
20	86	1
20	87	0
20	88	0
20	89	1
20	90	0
20	91	0
20	92	1
20	93	0
20	94	1
20	95	1
20	96	1
20	97	0
20	98	1
20	99	0
20	100	1
20	101	1
20	102	1
20	103	1
20	104	1
20	105	1
20	106	1
20	107	1
20	108	0
20	109	0
20	110	0
20	111	1
20	112	0
20	113	1
20	114	0
20	115	0
20	116	1
20	117	0
20	118	1
20	119	0
20	120	1
20	121	1
20	122	0
20	123	1
20	124	0
20	125	1
20	126	1
20	127	1
20	128	0
20	129	0
20	130	0
20	131	0
20	132	1
20	133	1
20	134	0
20	135	1
20	136	1
20	137	0
20	138	1
20	139	0
20	140	0
21	22	0
21	23	0
21	24	1
21	25	0
21	26	1
21	27	0
21	28	1
21	29	1
21	30	0
21	31	0
21	32	0
21	33	1
21	34	0
21	35	1
21	36	0
21	37	0
21	38	0
21	39	0
21	40	0
21	41	0
21	42	1
21	43	1
21	44	0
21	45	0
21	46	0
21	47	0
21	48	1
21	49	0
21	50	0
21	51	1
21	52	0
21	53	1
21	54	1
21	55	1
21	56	1
21	57	1
21	58	0
21	59	0
21	60	0
21	61	0
21	62	0
21	63	1
21	64	0
21	65	0
21	66	0
21	67	0
21	68	1
21	69	1
21	70	1
21	71	0
21	72	0
21	73	1
21	74	1
21	75	0
21	76	0
21	77	0
21	78	0
21	79	0
21	80	1
21	81	1
21	82	0
21	83	0
21	84	1
21	85	1
21	86	1
21	87	1
21	88	0
21	89	0
21	90	0
21	91	0
21	92	0
21	93	0
21	94	0
21	95	0
21	96	1
21	97	1
21	98	1
21	99	1
21	100	0
21	101	1
21	102	0
21	103	0
21	104	0
21	105	1
21	106	0
21	107	1
21	108	0
21	109	0
21	110	0
21	111	1
21	112	0
21	113	0
21	114	1
21	115	1
21	116	1
21	117	1
21	118	0
21	119	1
21	120	1
21	121	1
21	122	0
21	123	1
21	124	0
21	125	1
21	126	0
21	127	1
21	128	1
21	129	0
21	130	0
21	131	0
21	132	0
21	133	0
21	134	0
21	135	1
21	136	1
21	137	1
21	138	1
21	139	1
21	140	1
22	23	1
22	24	0
22	25	0
22	26	0
22	27	0
22	28	0
22	29	1
22	30	0
22	31	1
22	32	1
22	33	0
22	34	1
22	35	0
22	36	0
22	37	0
22	38	1
22	39	1
22	40	0
22	41	1
22	42	0
22	43	0
22	44	0
22	45	1
22	46	0
22	47	0
22	48	0
22	49	0
22	50	1
22	51	1
22	52	0
22	53	0
22	54	0
22	55	0
22	56	0
22	57	0
22	58	0
22	59	1
22	60	1
22	61	0
22	62	1
22	63	1
22	64	1
22	65	0
22	66	1
22	67	1
22	68	0
22	69	1
22	70	1
22	71	0
22	72	1
22	73	1
22	74	1
22	75	1
22	76	1
22	77	0
22	78	1
22	79	0
22	80	1
22	81	1
22	82	1
22	83	1
22	84	1
22	85	1
22	86	0
22	87	0
22	88	1
22	89	0
22	90	1
22	91	0
22	92	0
22	93	0
22	94	1
22	95	0
22	96	0
22	97	0
22	98	1
22	99	1
22	100	0
22	101	0
22	102	0
22	103	0
22	104	0
22	105	1
22	106	0
22	107	0
22	108	0
22	109	1
22	110	0
22	111	1
22	112	1
22	113	1
22	114	0
22	115	1
22	116	0
22	117	1
22	118	1
22	119	0
22	120	0
22	121	1
22	122	1
22	123	1
22	124	0
22	125	0
22	126	1
22	127	0
22	128	0
22	129	0
22	130	0
22	131	1
22	132	0
22	133	1
22	134	0
22	135	1
22	136	0
22	137	1
22	138	0
22	139	0
22	140	0
23	24	0
23	25	1
23	26	0
23	27	0
23	28	0
23	29	0
23	30	1
23	31	0
23	32	0
23	33	0
23	34	0
23	35	0
23	36	1
23	37	1
23	38	0
23	39	1
23	40	1
23	41	1
23	42	0
23	43	1
23	44	1
23	45	1
23	46	1
23	47	1
23	48	1
23	49	0
23	50	0
23	51	0
23	52	0
23	53	1
23	54	0
23	55	1
23	56	0
23	57	0
23	58	1
23	59	1
23	60	0
23	61	1
23	62	0
23	63	1
23	64	0
23	65	1
23	66	0
23	67	1
23	68	1
23	69	1
23	70	1
23	71	0
23	72	0
23	73	1
23	74	1
23	75	1
23	76	1
23	77	1
23	78	0
23	79	0
23	80	1
23	81	1
23	82	0
23	83	0
23	84	0
23	85	1
23	86	1
23	87	0
23	88	1
23	89	0
23	90	0
23	91	1
23	92	1
23	93	1
23	94	0
23	95	1
23	96	1
23	97	1
23	98	0
23	99	0
23	100	0
23	101	0
23	102	0
23	103	1
23	104	0
23	105	1
23	106	0
23	107	1
23	108	1
23	109	1
23	110	0
23	111	0
23	112	1
23	113	0
23	114	1
23	115	0
23	116	0
23	117	1
23	118	0
23	119	0
23	120	1
23	121	0
23	122	0
23	123	0
23	124	1
23	125	1
23	126	1
23	127	0
23	128	0
23	129	0
23	130	1
23	131	1
23	132	0
23	133	0
23	134	1
23	135	1
23	136	0
23	137	0
23	138	0
23	139	1
23	140	1
24	25	1
24	26	1
24	27	1
24	28	1
24	29	0
24	30	0
24	31	1
24	32	0
24	33	0
24	34	1
24	35	1
24	36	1
24	37	0
24	38	0
24	39	1
24	40	0
24	41	0
24	42	0
24	43	1
24	44	1
24	45	1
24	46	1
24	47	0
24	48	1
24	49	0
24	50	1
24	51	1
24	52	1
24	53	0
24	54	1
24	55	0
24	56	0
24	57	0
24	58	0
24	59	0
24	60	0
24	61	0
24	62	0
24	63	1
24	64	0
24	65	1
24	66	0
24	67	1
24	68	0
24	69	1
24	70	1
24	71	1
24	72	1
24	73	1
24	74	1
24	75	0
24	76	1
24	77	1
24	78	1
24	79	1
24	80	0
24	81	0
24	82	0
24	83	1
24	84	1
24	85	1
24	86	0
24	87	0
24	88	1
24	89	1
24	90	0
24	91	1
24	92	1
24	93	0
24	94	0
24	95	1
24	96	0
24	97	0
24	98	0
24	99	0
24	100	1
24	101	0
24	102	0
24	103	1
24	104	1
24	105	1
24	106	0
24	107	1
24	108	0
24	109	1
24	110	0
24	111	1
24	112	1
24	113	0
24	114	1
24	115	1
24	116	1
24	117	0
24	118	1
24	119	1
24	120	0
24	121	1
24	122	0
24	123	0
24	124	0
24	125	0
24	126	1
24	127	1
24	128	1
24	129	1
24	130	0
24	131	0
24	132	1
24	133	0
24	134	1
24	135	0
24	136	1
24	137	1
24	138	0
24	139	0
24	140	1
25	26	0
25	27	1
25	28	0
25	29	1
25	30	0
25	31	1
25	32	0
25	33	0
25	34	0
25	35	1
25	36	0
25	37	1
25	38	0
25	39	1
25	40	0
25	41	1
25	42	0
25	43	1
25	44	0
25	45	1
25	46	0
25	47	1
25	48	0
25	49	1
25	50	1
25	51	0
25	52	0
25	53	0
25	54	1
25	55	1
25	56	0
25	57	1
25	58	0
25	59	0
25	60	0
25	61	1
25	62	1
25	63	0
25	64	0
25	65	0
25	66	1
25	67	1
25	68	1
25	69	0
25	70	0
25	71	0
25	72	0
25	73	1
25	74	1
25	75	1
25	76	0
25	77	0
25	78	1
25	79	0
25	80	1
25	81	0
25	82	0
25	83	0
25	84	0
25	85	1
25	86	0
25	87	0
25	88	1
25	89	0
25	90	0
25	91	1
25	92	1
25	93	0
25	94	0
25	95	0
25	96	0
25	97	1
25	98	0
25	99	1
25	100	1
25	101	1
25	102	0
25	103	0
25	104	0
25	105	1
25	106	1
25	107	0
25	108	1
25	109	1
25	110	0
25	111	0
25	112	0
25	113	0
25	114	0
25	115	1
25	116	0
25	117	0
25	118	0
25	119	1
25	120	0
25	121	0
25	122	1
25	123	1
25	124	0
25	125	0
25	126	0
25	127	0
25	128	1
25	129	1
25	130	1
25	131	0
25	132	0
25	133	1
25	134	0
25	135	0
25	136	0
25	137	0
25	138	0
25	139	1
25	140	0
26	27	0
26	28	0
26	29	0
26	30	1
26	31	0
26	32	0
26	33	0
26	34	0
26	35	0
26	36	1
26	37	1
26	38	0
26	39	0
26	40	0
26	41	0
26	42	0
26	43	0
26	44	1
26	45	1
26	46	1
26	47	0
26	48	0
26	49	1
26	50	0
26	51	0
26	52	0
26	53	1
26	54	0
26	55	0
26	56	0
26	57	1
26	58	1
26	59	1
26	60	0
26	61	0
26	62	0
26	63	0
26	64	0
26	65	1
26	66	0
26	67	1
26	68	0
26	69	0
26	70	1
26	71	0
26	72	0
26	73	0
26	74	1
26	75	1
26	76	0
26	77	0
26	78	0
26	79	0
26	80	1
26	81	0
26	82	0
26	83	1
26	84	0
26	85	1
26	86	1
26	87	0
26	88	1
26	89	0
26	90	1
26	91	1
26	92	1
26	93	0
26	94	1
26	95	1
26	96	0
26	97	0
26	98	0
26	99	0
26	100	0
26	101	0
26	102	1
26	103	1
26	104	0
26	105	1
26	106	0
26	107	0
26	108	0
26	109	0
26	110	0
26	111	1
26	112	1
26	113	1
26	114	1
26	115	1
26	116	1
26	117	0
26	118	0
26	119	1
26	120	1
26	121	0
26	122	1
26	123	1
26	124	0
26	125	0
26	126	1
26	127	1
26	128	1
26	129	0
26	130	1
26	131	0
26	132	1
26	133	0
26	134	0
26	135	0
26	136	1
26	137	1
26	138	0
26	139	1
26	140	1
27	28	1
27	29	0
27	30	0
27	31	1
27	32	0
27	33	1
27	34	0
27	35	0
27	36	1
27	37	1
27	38	0
27	39	0
27	40	0
27	41	1
27	42	1
27	43	1
27	44	1
27	45	0
27	46	1
27	47	0
27	48	0
27	49	1
27	50	1
27	51	0
27	52	1
27	53	1
27	54	0
27	55	1
27	56	0
27	57	1
27	58	1
27	59	0
27	60	1
27	61	1
27	62	0
27	63	0
27	64	0
27	65	0
27	66	0
27	67	1
27	68	0
27	69	1
27	70	0
27	71	1
27	72	1
27	73	0
27	74	0
27	75	0
27	76	1
27	77	1
27	78	0
27	79	1
27	80	1
27	81	1
27	82	0
27	83	1
27	84	0
27	85	0
27	86	0
27	87	1
27	88	0
27	89	0
27	90	1
27	91	0
27	92	1
27	93	0
27	94	1
27	95	0
27	96	1
27	97	1
27	98	0
27	99	0
27	100	0
27	101	1
27	102	0
27	103	0
27	104	0
27	105	0
27	106	0
27	107	0
27	108	1
27	109	0
27	110	0
27	111	0
27	112	1
27	113	0
27	114	1
27	115	1
27	116	0
27	117	0
27	118	1
27	119	0
27	120	1
27	121	1
27	122	1
27	123	0
27	124	1
27	125	1
27	126	0
27	127	0
27	128	0
27	129	0
27	130	1
27	131	1
27	132	0
27	133	1
27	134	0
27	135	1
27	136	0
27	137	1
27	138	1
27	139	1
27	140	0
28	29	1
28	30	0
28	31	1
28	32	0
28	33	0
28	34	0
28	35	1
28	36	0
28	37	1
28	38	1
28	39	1
28	40	1
28	41	1
28	42	0
28	43	0
28	44	0
28	45	0
28	46	1
28	47	1
28	48	1
28	49	0
28	50	0
28	51	1
28	52	0
28	53	1
28	54	0
28	55	0
28	56	0
28	57	1
28	58	1
28	59	0
28	60	1
28	61	0
28	62	1
28	63	1
28	64	0
28	65	1
28	66	1
28	67	1
28	68	1
28	69	1
28	70	1
28	71	1
28	72	0
28	73	0
28	74	0
28	75	0
28	76	1
28	77	0
28	78	0
28	79	1
28	80	1
28	81	1
28	82	0
28	83	0
28	84	1
28	85	1
28	86	0
28	87	1
28	88	0
28	89	1
28	90	1
28	91	1
28	92	1
28	93	1
28	94	0
28	95	1
28	96	0
28	97	1
28	98	0
28	99	0
28	100	0
28	101	1
28	102	0
28	103	1
28	104	1
28	105	0
28	106	1
28	107	1
28	108	1
28	109	1
28	110	0
28	111	1
28	112	0
28	113	1
28	114	0
28	115	1
28	116	1
28	117	1
28	118	0
28	119	1
28	120	1
28	121	0
28	122	0
28	123	1
28	124	1
28	125	1
28	126	1
28	127	1
28	128	1
28	129	1
28	130	1
28	131	1
28	132	0
28	133	1
28	134	0
28	135	0
28	136	0
28	137	0
28	138	0
28	139	1
28	140	0
29	30	1
29	31	1
29	32	1
29	33	1
29	34	1
29	35	0
29	36	1
29	37	0
29	38	1
29	39	1
29	40	1
29	41	1
29	42	0
29	43	0
29	44	1
29	45	0
29	46	1
29	47	1
29	48	1
29	49	0
29	50	1
29	51	0
29	52	1
29	53	0
29	54	1
29	55	0
29	56	0
29	57	0
29	58	1
29	59	0
29	60	0
29	61	0
29	62	1
29	63	1
29	64	0
29	65	0
29	66	0
29	67	1
29	68	1
29	69	1
29	70	1
29	71	1
29	72	0
29	73	1
29	74	0
29	75	1
29	76	1
29	77	0
29	78	0
29	79	0
29	80	1
29	81	0
29	82	1
29	83	0
29	84	1
29	85	0
29	86	0
29	87	0
29	88	0
29	89	1
29	90	0
29	91	1
29	92	0
29	93	1
29	94	1
29	95	0
29	96	1
29	97	1
29	98	1
29	99	1
29	100	0
29	101	0
29	102	0
29	103	1
29	104	1
29	105	0
29	106	1
29	107	0
29	108	1
29	109	0
29	110	0
29	111	1
29	112	0
29	113	1
29	114	0
29	115	1
29	116	0
29	117	0
29	118	0
29	119	0
29	120	0
29	121	0
29	122	0
29	123	0
29	124	0
29	125	1
29	126	1
29	127	0
29	128	1
29	129	1
29	130	1
29	131	1
29	132	0
29	133	0
29	134	1
29	135	1
29	136	0
29	137	0
29	138	0
29	139	1
29	140	1
30	31	0
30	32	1
30	33	0
30	34	0
30	35	1
30	36	0
30	37	0
30	38	0
30	39	0
30	40	0
30	41	1
30	42	0
30	43	0
30	44	0
30	45	1
30	46	1
30	47	0
30	48	0
30	49	1
30	50	1
30	51	1
30	52	0
30	53	0
30	54	1
30	55	1
30	56	1
30	57	1
30	58	1
30	59	1
30	60	1
30	61	0
30	62	0
30	63	1
30	64	1
30	65	1
30	66	0
30	67	1
30	68	1
30	69	1
30	70	0
30	71	0
30	72	0
30	73	1
30	74	1
30	75	0
30	76	0
30	77	0
30	78	1
30	79	0
30	80	1
30	81	1
30	82	1
30	83	1
30	84	1
30	85	0
30	86	1
30	87	0
30	88	1
30	89	0
30	90	1
30	91	1
30	92	1
30	93	0
30	94	0
30	95	1
30	96	0
30	97	1
30	98	0
30	99	1
30	100	0
30	101	0
30	102	1
30	103	0
30	104	0
30	105	0
30	106	1
30	107	1
30	108	1
30	109	0
30	110	1
30	111	1
30	112	1
30	113	1
30	114	0
30	115	0
30	116	0
30	117	0
30	118	0
30	119	1
30	120	0
30	121	0
30	122	0
30	123	1
30	124	0
30	125	0
30	126	1
30	127	0
30	128	1
30	129	0
30	130	1
30	131	1
30	132	0
30	133	1
30	134	0
30	135	0
30	136	0
30	137	1
30	138	0
30	139	0
30	140	1
31	32	1
31	33	0
31	34	0
31	35	0
31	36	1
31	37	1
31	38	0
31	39	1
31	40	0
31	41	0
31	42	1
31	43	0
31	44	1
31	45	0
31	46	1
31	47	0
31	48	0
31	49	0
31	50	1
31	51	0
31	52	0
31	53	0
31	54	1
31	55	1
31	56	1
31	57	0
31	58	1
31	59	0
31	60	0
31	61	1
31	62	1
31	63	0
31	64	1
31	65	0
31	66	0
31	67	1
31	68	0
31	69	1
31	70	0
31	71	0
31	72	1
31	73	0
31	74	0
31	75	1
31	76	0
31	77	0
31	78	1
31	79	1
31	80	0
31	81	1
31	82	0
31	83	1
31	84	1
31	85	0
31	86	1
31	87	0
31	88	1
31	89	1
31	90	1
31	91	1
31	92	1
31	93	1
31	94	1
31	95	0
31	96	1
31	97	0
31	98	1
31	99	1
31	100	1
31	101	0
31	102	1
31	103	0
31	104	0
31	105	1
31	106	0
31	107	0
31	108	1
31	109	1
31	110	1
31	111	1
31	112	1
31	113	1
31	114	1
31	115	1
31	116	0
31	117	0
31	118	1
31	119	0
31	120	0
31	121	1
31	122	0
31	123	1
31	124	0
31	125	0
31	126	1
31	127	0
31	128	0
31	129	1
31	130	1
31	131	1
31	132	1
31	133	1
31	134	0
31	135	0
31	136	1
31	137	0
31	138	1
31	139	1
31	140	1
32	33	0
32	34	1
32	35	1
32	36	0
32	37	1
32	38	1
32	39	1
32	40	0
32	41	0
32	42	1
32	43	1
32	44	1
32	45	1
32	46	1
32	47	0
32	48	1
32	49	0
32	50	0
32	51	0
32	52	0
32	53	0
32	54	1
32	55	1
32	56	0
32	57	1
32	58	1
32	59	0
32	60	0
32	61	1
32	62	1
32	63	1
32	64	1
32	65	0
32	66	1
32	67	0
32	68	1
32	69	0
32	70	0
32	71	0
32	72	1
32	73	0
32	74	1
32	75	1
32	76	1
32	77	0
32	78	1
32	79	0
32	80	1
32	81	0
32	82	0
32	83	0
32	84	0
32	85	1
32	86	0
32	87	1
32	88	1
32	89	1
32	90	0
32	91	0
32	92	0
32	93	0
32	94	0
32	95	0
32	96	0
32	97	1
32	98	0
32	99	1
32	100	0
32	101	1
32	102	1
32	103	0
32	104	0
32	105	0
32	106	1
32	107	0
32	108	0
32	109	0
32	110	0
32	111	0
32	112	1
32	113	0
32	114	0
32	115	1
32	116	1
32	117	1
32	118	1
32	119	1
32	120	0
32	121	0
32	122	1
32	123	1
32	124	1
32	125	0
32	126	0
32	127	0
32	128	1
32	129	0
32	130	1
32	131	0
32	132	1
32	133	0
32	134	0
32	135	0
32	136	1
32	137	0
32	138	1
32	139	0
32	140	1
33	34	1
33	35	0
33	36	1
33	37	0
33	38	0
33	39	0
33	40	0
33	41	0
33	42	1
33	43	1
33	44	1
33	45	1
33	46	0
33	47	0
33	48	0
33	49	0
33	50	1
33	51	1
33	52	1
33	53	1
33	54	1
33	55	0
33	56	0
33	57	0
33	58	0
33	59	0
33	60	1
33	61	1
33	62	1
33	63	0
33	64	0
33	65	1
33	66	1
33	67	0
33	68	1
33	69	1
33	70	0
33	71	1
33	72	0
33	73	0
33	74	1
33	75	0
33	76	0
33	77	1
33	78	0
33	79	1
33	80	0
33	81	1
33	82	1
33	83	1
33	84	1
33	85	0
33	86	1
33	87	1
33	88	0
33	89	0
33	90	0
33	91	0
33	92	0
33	93	0
33	94	0
33	95	1
33	96	1
33	97	1
33	98	1
33	99	0
33	100	0
33	101	1
33	102	0
33	103	0
33	104	1
33	105	0
33	106	0
33	107	0
33	108	1
33	109	0
33	110	0
33	111	0
33	112	1
33	113	0
33	114	0
33	115	0
33	116	1
33	117	0
33	118	1
33	119	1
33	120	1
33	121	1
33	122	1
33	123	0
33	124	1
33	125	1
33	126	0
33	127	0
33	128	1
33	129	1
33	130	1
33	131	0
33	132	0
33	133	1
33	134	1
33	135	1
33	136	1
33	137	1
33	138	0
33	139	0
33	140	1
34	35	0
34	36	1
34	37	1
34	38	0
34	39	0
34	40	1
34	41	0
34	42	1
34	43	1
34	44	0
34	45	1
34	46	1
34	47	1
34	48	0
34	49	0
34	50	0
34	51	0
34	52	0
34	53	1
34	54	0
34	55	1
34	56	0
34	57	0
34	58	0
34	59	1
34	60	0
34	61	1
34	62	0
34	63	0
34	64	1
34	65	0
34	66	0
34	67	1
34	68	0
34	69	1
34	70	1
34	71	0
34	72	1
34	73	0
34	74	0
34	75	0
34	76	0
34	77	0
34	78	1
34	79	1
34	80	1
34	81	1
34	82	0
34	83	0
34	84	1
34	85	0
34	86	1
34	87	0
34	88	0
34	89	1
34	90	1
34	91	1
34	92	0
34	93	1
34	94	1
34	95	1
34	96	0
34	97	0
34	98	1
34	99	0
34	100	0
34	101	1
34	102	1
34	103	1
34	104	0
34	105	1
34	106	0
34	107	0
34	108	1
34	109	1
34	110	1
34	111	1
34	112	1
34	113	0
34	114	0
34	115	0
34	116	1
34	117	0
34	118	0
34	119	0
34	120	1
34	121	1
34	122	1
34	123	0
34	124	0
34	125	1
34	126	0
34	127	1
34	128	0
34	129	1
34	130	0
34	131	0
34	132	1
34	133	0
34	134	1
34	135	0
34	136	0
34	137	1
34	138	0
34	139	1
34	140	1
35	36	1
35	37	1
35	38	1
35	39	0
35	40	0
35	41	0
35	42	0
35	43	1
35	44	1
35	45	0
35	46	0
35	47	1
35	48	0
35	49	0
35	50	0
35	51	1
35	52	0
35	53	1
35	54	0
35	55	1
35	56	0
35	57	1
35	58	0
35	59	0
35	60	0
35	61	0
35	62	1
35	63	1
35	64	1
35	65	0
35	66	1
35	67	0
35	68	1
35	69	0
35	70	0
35	71	0
35	72	1
35	73	1
35	74	1
35	75	0
35	76	1
35	77	0
35	78	1
35	79	0
35	80	1
35	81	0
35	82	1
35	83	1
35	84	0
35	85	1
35	86	0
35	87	0
35	88	1
35	89	1
35	90	1
35	91	1
35	92	0
35	93	1
35	94	1
35	95	1
35	96	1
35	97	1
35	98	0
35	99	0
35	100	0
35	101	1
35	102	1
35	103	1
35	104	1
35	105	1
35	106	0
35	107	0
35	108	0
35	109	0
35	110	0
35	111	0
35	112	0
35	113	1
35	114	1
35	115	0
35	116	0
35	117	0
35	118	1
35	119	1
35	120	1
35	121	0
35	122	0
35	123	1
35	124	1
35	125	1
35	126	0
35	127	1
35	128	0
35	129	1
35	130	1
35	131	0
35	132	1
35	133	0
35	134	1
35	135	0
35	136	0
35	137	1
35	138	0
35	139	0
35	140	1
36	37	1
36	38	0
36	39	0
36	40	1
36	41	1
36	42	0
36	43	1
36	44	1
36	45	0
36	46	0
36	47	1
36	48	0
36	49	1
36	50	0
36	51	0
36	52	0
36	53	0
36	54	1
36	55	0
36	56	1
36	57	0
36	58	1
36	59	1
36	60	0
36	61	1
36	62	1
36	63	0
36	64	0
36	65	0
36	66	0
36	67	1
36	68	0
36	69	1
36	70	1
36	71	0
36	72	0
36	73	1
36	74	1
36	75	1
36	76	0
36	77	0
36	78	0
36	79	1
36	80	1
36	81	0
36	82	1
36	83	1
36	84	1
36	85	0
36	86	0
36	87	1
36	88	1
36	89	0
36	90	1
36	91	0
36	92	0
36	93	1
36	94	1
36	95	0
36	96	0
36	97	1
36	98	0
36	99	0
36	100	1
36	101	0
36	102	1
36	103	1
36	104	1
36	105	1
36	106	0
36	107	0
36	108	0
36	109	0
36	110	1
36	111	1
36	112	0
36	113	0
36	114	1
36	115	1
36	116	0
36	117	0
36	118	0
36	119	0
36	120	1
36	121	1
36	122	1
36	123	1
36	124	0
36	125	0
36	126	1
36	127	0
36	128	1
36	129	1
36	130	1
36	131	1
36	132	1
36	133	1
36	134	0
36	135	0
36	136	0
36	137	1
36	138	1
36	139	1
36	140	0
37	38	1
37	39	1
37	40	1
37	41	1
37	42	1
37	43	0
37	44	1
37	45	0
37	46	1
37	47	0
37	48	1
37	49	0
37	50	0
37	51	0
37	52	1
37	53	1
37	54	1
37	55	0
37	56	1
37	57	1
37	58	0
37	59	1
37	60	1
37	61	1
37	62	1
37	63	1
37	64	1
37	65	1
37	66	1
37	67	0
37	68	1
37	69	0
37	70	1
37	71	1
37	72	0
37	73	0
37	74	1
37	75	0
37	76	1
37	77	0
37	78	0
37	79	0
37	80	0
37	81	1
37	82	1
37	83	0
37	84	0
37	85	0
37	86	0
37	87	0
37	88	0
37	89	1
37	90	1
37	91	1
37	92	0
37	93	0
37	94	1
37	95	1
37	96	1
37	97	1
37	98	0
37	99	1
37	100	0
37	101	1
37	102	0
37	103	1
37	104	1
37	105	1
37	106	1
37	107	0
37	108	0
37	109	1
37	110	1
37	111	1
37	112	1
37	113	0
37	114	0
37	115	0
37	116	1
37	117	1
37	118	1
37	119	1
37	120	0
37	121	1
37	122	1
37	123	1
37	124	0
37	125	0
37	126	1
37	127	1
37	128	0
37	129	0
37	130	1
37	131	0
37	132	1
37	133	1
37	134	0
37	135	1
37	136	0
37	137	0
37	138	1
37	139	1
37	140	0
38	39	1
38	40	0
38	41	0
38	42	1
38	43	1
38	44	0
38	45	1
38	46	1
38	47	1
38	48	1
38	49	0
38	50	1
38	51	0
38	52	0
38	53	1
38	54	1
38	55	0
38	56	1
38	57	1
38	58	0
38	59	0
38	60	0
38	61	0
38	62	0
38	63	1
38	64	1
38	65	1
38	66	0
38	67	0
38	68	1
38	69	1
38	70	0
38	71	0
38	72	0
38	73	0
38	74	0
38	75	0
38	76	1
38	77	1
38	78	1
38	79	0
38	80	1
38	81	1
38	82	1
38	83	1
38	84	1
38	85	0
38	86	1
38	87	1
38	88	0
38	89	0
38	90	0
38	91	1
38	92	0
38	93	0
38	94	0
38	95	0
38	96	0
38	97	1
38	98	0
38	99	1
38	100	0
38	101	0
38	102	1
38	103	1
38	104	1
38	105	0
38	106	1
38	107	0
38	108	0
38	109	0
38	110	1
38	111	1
38	112	1
38	113	0
38	114	1
38	115	0
38	116	0
38	117	0
38	118	0
38	119	1
38	120	1
38	121	1
38	122	1
38	123	1
38	124	1
38	125	1
38	126	0
38	127	0
38	128	1
38	129	1
38	130	1
38	131	1
38	132	0
38	133	0
38	134	1
38	135	1
38	136	1
38	137	0
38	138	0
38	139	0
38	140	0
39	40	0
39	41	1
39	42	1
39	43	0
39	44	0
39	45	1
39	46	1
39	47	1
39	48	0
39	49	1
39	50	0
39	51	1
39	52	1
39	53	0
39	54	1
39	55	0
39	56	1
39	57	1
39	58	0
39	59	1
39	60	1
39	61	1
39	62	0
39	63	1
39	64	1
39	65	1
39	66	0
39	67	1
39	68	1
39	69	0
39	70	1
39	71	1
39	72	0
39	73	0
39	74	1
39	75	1
39	76	0
39	77	0
39	78	0
39	79	0
39	80	0
39	81	0
39	82	0
39	83	1
39	84	0
39	85	0
39	86	0
39	87	1
39	88	0
39	89	0
39	90	1
39	91	0
39	92	0
39	93	1
39	94	0
39	95	1
39	96	0
39	97	0
39	98	0
39	99	0
39	100	0
39	101	1
39	102	0
39	103	1
39	104	0
39	105	1
39	106	0
39	107	0
39	108	1
39	109	1
39	110	0
39	111	1
39	112	0
39	113	0
39	114	0
39	115	0
39	116	0
39	117	0
39	118	1
39	119	1
39	120	1
39	121	0
39	122	0
39	123	1
39	124	1
39	125	1
39	126	0
39	127	0
39	128	0
39	129	1
39	130	0
39	131	0
39	132	0
39	133	0
39	134	0
39	135	1
39	136	0
39	137	0
39	138	0
39	139	1
39	140	1
40	41	1
40	42	1
40	43	0
40	44	1
40	45	0
40	46	1
40	47	0
40	48	1
40	49	0
40	50	0
40	51	0
40	52	1
40	53	1
40	54	0
40	55	0
40	56	0
40	57	1
40	58	1
40	59	0
40	60	1
40	61	0
40	62	1
40	63	1
40	64	0
40	65	1
40	66	1
40	67	0
40	68	0
40	69	1
40	70	1
40	71	1
40	72	0
40	73	0
40	74	0
40	75	0
40	76	0
40	77	1
40	78	1
40	79	1
40	80	0
40	81	0
40	82	1
40	83	1
40	84	0
40	85	0
40	86	0
40	87	0
40	88	1
40	89	0
40	90	1
40	91	0
40	92	0
40	93	1
40	94	0
40	95	0
40	96	0
40	97	0
40	98	0
40	99	1
40	100	0
40	101	1
40	102	1
40	103	1
40	104	1
40	105	1
40	106	1
40	107	0
40	108	1
40	109	0
40	110	0
40	111	1
40	112	0
40	113	0
40	114	0
40	115	1
40	116	1
40	117	1
40	118	1
40	119	1
40	120	0
40	121	1
40	122	1
40	123	1
40	124	0
40	125	0
40	126	0
40	127	1
40	128	1
40	129	1
40	130	0
40	131	1
40	132	0
40	133	1
40	134	0
40	135	0
40	136	0
40	137	1
40	138	1
40	139	0
40	140	1
41	42	0
41	43	1
41	44	0
41	45	1
41	46	1
41	47	1
41	48	0
41	49	0
41	50	0
41	51	0
41	52	1
41	53	0
41	54	1
41	55	1
41	56	1
41	57	0
41	58	1
41	59	1
41	60	1
41	61	0
41	62	0
41	63	0
41	64	1
41	65	0
41	66	0
41	67	1
41	68	0
41	69	1
41	70	0
41	71	1
41	72	0
41	73	0
41	74	0
41	75	1
41	76	1
41	77	1
41	78	1
41	79	0
41	80	1
41	81	0
41	82	0
41	83	1
41	84	0
41	85	1
41	86	0
41	87	1
41	88	1
41	89	0
41	90	1
41	91	0
41	92	1
41	93	0
41	94	1
41	95	1
41	96	0
41	97	0
41	98	0
41	99	1
41	100	1
41	101	0
41	102	0
41	103	1
41	104	0
41	105	1
41	106	0
41	107	0
41	108	1
41	109	0
41	110	0
41	111	1
41	112	0
41	113	1
41	114	1
41	115	0
41	116	1
41	117	0
41	118	1
41	119	1
41	120	1
41	121	0
41	122	0
41	123	0
41	124	0
41	125	1
41	126	1
41	127	0
41	128	0
41	129	1
41	130	1
41	131	1
41	132	1
41	133	0
41	134	1
41	135	0
41	136	0
41	137	0
41	138	1
41	139	0
41	140	0
42	43	1
42	44	0
42	45	0
42	46	1
42	47	1
42	48	1
42	49	0
42	50	1
42	51	0
42	52	1
42	53	0
42	54	1
42	55	0
42	56	0
42	57	0
42	58	1
42	59	1
42	60	1
42	61	0
42	62	0
42	63	1
42	64	0
42	65	1
42	66	1
42	67	1
42	68	0
42	69	0
42	70	0
42	71	1
42	72	0
42	73	1
42	74	0
42	75	1
42	76	0
42	77	1
42	78	0
42	79	0
42	80	0
42	81	1
42	82	1
42	83	1
42	84	1
42	85	1
42	86	0
42	87	1
42	88	0
42	89	1
42	90	1
42	91	1
42	92	0
42	93	1
42	94	0
42	95	1
42	96	0
42	97	0
42	98	1
42	99	0
42	100	0
42	101	0
42	102	1
42	103	0
42	104	1
42	105	0
42	106	1
42	107	0
42	108	1
42	109	1
42	110	0
42	111	0
42	112	0
42	113	1
42	114	1
42	115	1
42	116	0
42	117	0
42	118	1
42	119	1
42	120	0
42	121	1
42	122	1
42	123	1
42	124	0
42	125	1
42	126	1
42	127	0
42	128	0
42	129	0
42	130	1
42	131	1
42	132	0
42	133	0
42	134	0
42	135	0
42	136	0
42	137	1
42	138	0
42	139	0
42	140	0
43	44	1
43	45	1
43	46	0
43	47	1
43	48	1
43	49	0
43	50	1
43	51	0
43	52	0
43	53	0
43	54	1
43	55	0
43	56	0
43	57	0
43	58	1
43	59	0
43	60	1
43	61	1
43	62	1
43	63	1
43	64	1
43	65	1
43	66	0
43	67	0
43	68	1
43	69	1
43	70	0
43	71	1
43	72	1
43	73	0
43	74	0
43	75	1
43	76	0
43	77	1
43	78	0
43	79	0
43	80	0
43	81	0
43	82	0
43	83	1
43	84	1
43	85	1
43	86	0
43	87	1
43	88	0
43	89	1
43	90	1
43	91	1
43	92	0
43	93	0
43	94	1
43	95	1
43	96	1
43	97	1
43	98	0
43	99	0
43	100	0
43	101	1
43	102	0
43	103	0
43	104	1
43	105	1
43	106	1
43	107	1
43	108	1
43	109	0
43	110	0
43	111	0
43	112	0
43	113	0
43	114	0
43	115	0
43	116	0
43	117	1
43	118	1
43	119	1
43	120	0
43	121	0
43	122	1
43	123	0
43	124	0
43	125	1
43	126	1
43	127	0
43	128	1
43	129	0
43	130	0
43	131	0
43	132	0
43	133	1
43	134	0
43	135	0
43	136	0
43	137	1
43	138	0
43	139	1
43	140	0
44	45	1
44	46	0
44	47	1
44	48	0
44	49	0
44	50	0
44	51	1
44	52	1
44	53	1
44	54	0
44	55	0
44	56	1
44	57	1
44	58	1
44	59	0
44	60	0
44	61	1
44	62	1
44	63	0
44	64	1
44	65	0
44	66	0
44	67	1
44	68	1
44	69	0
44	70	1
44	71	1
44	72	1
44	73	1
44	74	0
44	75	0
44	76	0
44	77	1
44	78	1
44	79	1
44	80	0
44	81	0
44	82	0
44	83	1
44	84	1
44	85	0
44	86	1
44	87	0
44	88	0
44	89	0
44	90	0
44	91	1
44	92	1
44	93	0
44	94	1
44	95	1
44	96	1
44	97	1
44	98	0
44	99	1
44	100	0
44	101	0
44	102	0
44	103	0
44	104	1
44	105	1
44	106	1
44	107	1
44	108	0
44	109	1
44	110	0
44	111	1
44	112	1
44	113	0
44	114	0
44	115	1
44	116	0
44	117	1
44	118	1
44	119	1
44	120	0
44	121	1
44	122	1
44	123	0
44	124	0
44	125	0
44	126	0
44	127	1
44	128	0
44	129	0
44	130	1
44	131	0
44	132	1
44	133	0
44	134	1
44	135	0
44	136	1
44	137	0
44	138	1
44	139	0
44	140	1
45	46	1
45	47	1
45	48	1
45	49	0
45	50	1
45	51	0
45	52	1
45	53	1
45	54	1
45	55	1
45	56	0
45	57	0
45	58	0
45	59	0
45	60	0
45	61	1
45	62	1
45	63	1
45	64	1
45	65	0
45	66	0
45	67	0
45	68	0
45	69	0
45	70	0
45	71	0
45	72	1
45	73	1
45	74	0
45	75	1
45	76	1
45	77	0
45	78	0
45	79	0
45	80	1
45	81	0
45	82	0
45	83	1
45	84	1
45	85	0
45	86	1
45	87	1
45	88	1
45	89	1
45	90	0
45	91	0
45	92	0
45	93	0
45	94	0
45	95	1
45	96	1
45	97	1
45	98	1
45	99	1
45	100	1
45	101	0
45	102	1
45	103	0
45	104	0
45	105	1
45	106	0
45	107	0
45	108	1
45	109	1
45	110	0
45	111	1
45	112	0
45	113	0
45	114	1
45	115	0
45	116	0
45	117	0
45	118	0
45	119	0
45	120	0
45	121	0
45	122	1
45	123	1
45	124	0
45	125	1
45	126	1
45	127	0
45	128	0
45	129	0
45	130	0
45	131	0
45	132	0
45	133	1
45	134	1
45	135	0
45	136	0
45	137	1
45	138	1
45	139	0
45	140	0
46	47	1
46	48	1
46	49	0
46	50	0
46	51	0
46	52	1
46	53	1
46	54	0
46	55	1
46	56	0
46	57	1
46	58	0
46	59	1
46	60	0
46	61	1
46	62	1
46	63	0
46	64	0
46	65	1
46	66	0
46	67	0
46	68	1
46	69	1
46	70	0
46	71	0
46	72	1
46	73	1
46	74	1
46	75	1
46	76	1
46	77	0
46	78	0
46	79	1
46	80	1
46	81	1
46	82	0
46	83	0
46	84	1
46	85	0
46	86	1
46	87	1
46	88	1
46	89	0
46	90	0
46	91	1
46	92	0
46	93	1
46	94	1
46	95	1
46	96	0
46	97	1
46	98	0
46	99	0
46	100	1
46	101	1
46	102	0
46	103	1
46	104	1
46	105	1
46	106	1
46	107	1
46	108	1
46	109	0
46	110	0
46	111	0
46	112	1
46	113	0
46	114	1
46	115	1
46	116	0
46	117	0
46	118	0
46	119	0
46	120	1
46	121	0
46	122	0
46	123	0
46	124	0
46	125	0
46	126	1
46	127	0
46	128	1
46	129	0
46	130	0
46	131	1
46	132	0
46	133	0
46	134	1
46	135	0
46	136	0
46	137	0
46	138	1
46	139	1
46	140	1
47	48	1
47	49	1
47	50	1
47	51	1
47	52	0
47	53	0
47	54	0
47	55	0
47	56	0
47	57	0
47	58	1
47	59	1
47	60	1
47	61	1
47	62	1
47	63	0
47	64	0
47	65	1
47	66	0
47	67	1
47	68	1
47	69	0
47	70	0
47	71	1
47	72	1
47	73	1
47	74	1
47	75	1
47	76	0
47	77	1
47	78	1
47	79	0
47	80	0
47	81	1
47	82	0
47	83	1
47	84	0
47	85	1
47	86	1
47	87	0
47	88	1
47	89	1
47	90	1
47	91	0
47	92	1
47	93	1
47	94	1
47	95	1
47	96	0
47	97	1
47	98	1
47	99	0
47	100	1
47	101	0
47	102	1
47	103	1
47	104	1
47	105	1
47	106	1
47	107	1
47	108	0
47	109	1
47	110	0
47	111	0
47	112	1
47	113	0
47	114	1
47	115	0
47	116	1
47	117	1
47	118	1
47	119	0
47	120	1
47	121	1
47	122	0
47	123	1
47	124	1
47	125	1
47	126	0
47	127	0
47	128	0
47	129	0
47	130	0
47	131	0
47	132	1
47	133	1
47	134	1
47	135	0
47	136	1
47	137	0
47	138	0
47	139	1
47	140	1
48	49	1
48	50	0
48	51	1
48	52	1
48	53	1
48	54	1
48	55	1
48	56	1
48	57	1
48	58	1
48	59	0
48	60	0
48	61	0
48	62	1
48	63	0
48	64	0
48	65	1
48	66	0
48	67	0
48	68	1
48	69	0
48	70	0
48	71	1
48	72	0
48	73	1
48	74	0
48	75	0
48	76	1
48	77	0
48	78	0
48	79	1
48	80	1
48	81	0
48	82	1
48	83	0
48	84	1
48	85	0
48	86	0
48	87	0
48	88	1
48	89	0
48	90	0
48	91	1
48	92	0
48	93	0
48	94	0
48	95	1
48	96	0
48	97	0
48	98	1
48	99	0
48	100	0
48	101	1
48	102	1
48	103	0
48	104	0
48	105	1
48	106	0
48	107	0
48	108	0
48	109	0
48	110	0
48	111	1
48	112	1
48	113	1
48	114	0
48	115	1
48	116	1
48	117	0
48	118	1
48	119	0
48	120	0
48	121	0
48	122	1
48	123	0
48	124	1
48	125	0
48	126	0
48	127	0
48	128	0
48	129	1
48	130	1
48	131	1
48	132	1
48	133	1
48	134	0
48	135	1
48	136	0
48	137	1
48	138	0
48	139	0
48	140	1
49	50	0
49	51	1
49	52	1
49	53	1
49	54	0
49	55	1
49	56	1
49	57	1
49	58	0
49	59	1
49	60	1
49	61	1
49	62	1
49	63	0
49	64	0
49	65	0
49	66	1
49	67	0
49	68	1
49	69	1
49	70	0
49	71	1
49	72	0
49	73	0
49	74	0
49	75	0
49	76	0
49	77	1
49	78	1
49	79	0
49	80	1
49	81	0
49	82	1
49	83	1
49	84	1
49	85	1
49	86	1
49	87	0
49	88	0
49	89	1
49	90	1
49	91	1
49	92	0
49	93	0
49	94	0
49	95	0
49	96	0
49	97	0
49	98	1
49	99	0
49	100	1
49	101	1
49	102	0
49	103	1
49	104	1
49	105	0
49	106	1
49	107	1
49	108	0
49	109	0
49	110	1
49	111	0
49	112	1
49	113	1
49	114	0
49	115	1
49	116	1
49	117	1
49	118	0
49	119	1
49	120	1
49	121	0
49	122	1
49	123	0
49	124	0
49	125	1
49	126	1
49	127	1
49	128	1
49	129	1
49	130	0
49	131	0
49	132	1
49	133	1
49	134	0
49	135	0
49	136	0
49	137	1
49	138	1
49	139	0
49	140	1
50	51	1
50	52	1
50	53	0
50	54	1
50	55	0
50	56	1
50	57	1
50	58	1
50	59	1
50	60	1
50	61	1
50	62	0
50	63	1
50	64	0
50	65	0
50	66	1
50	67	1
50	68	1
50	69	1
50	70	1
50	71	1
50	72	0
50	73	0
50	74	0
50	75	0
50	76	1
50	77	0
50	78	1
50	79	1
50	80	1
50	81	0
50	82	1
50	83	0
50	84	1
50	85	0
50	86	0
50	87	1
50	88	1
50	89	0
50	90	1
50	91	1
50	92	0
50	93	0
50	94	0
50	95	0
50	96	0
50	97	1
50	98	0
50	99	1
50	100	1
50	101	1
50	102	1
50	103	1
50	104	0
50	105	1
50	106	1
50	107	0
50	108	1
50	109	0
50	110	0
50	111	1
50	112	1
50	113	1
50	114	1
50	115	1
50	116	1
50	117	1
50	118	1
50	119	1
50	120	1
50	121	0
50	122	0
50	123	0
50	124	1
50	125	1
50	126	1
50	127	1
50	128	1
50	129	1
50	130	1
50	131	0
50	132	1
50	133	0
50	134	0
50	135	1
50	136	1
50	137	1
50	138	0
50	139	1
50	140	0
51	52	1
51	53	0
51	54	0
51	55	0
51	56	0
51	57	1
51	58	0
51	59	1
51	60	1
51	61	0
51	62	1
51	63	0
51	64	0
51	65	0
51	66	0
51	67	1
51	68	1
51	69	0
51	70	1
51	71	1
51	72	1
51	73	1
51	74	0
51	75	1
51	76	0
51	77	1
51	78	1
51	79	0
51	80	0
51	81	0
51	82	0
51	83	1
51	84	0
51	85	0
51	86	0
51	87	1
51	88	0
51	89	0
51	90	0
51	91	1
51	92	1
51	93	1
51	94	0
51	95	0
51	96	1
51	97	0
51	98	1
51	99	1
51	100	1
51	101	0
51	102	0
51	103	1
51	104	0
51	105	0
51	106	0
51	107	0
51	108	0
51	109	1
51	110	0
51	111	1
51	112	0
51	113	0
51	114	0
51	115	0
51	116	1
51	117	0
51	118	0
51	119	0
51	120	1
51	121	0
51	122	1
51	123	0
51	124	1
51	125	0
51	126	1
51	127	1
51	128	0
51	129	0
51	130	0
51	131	0
51	132	1
51	133	0
51	134	1
51	135	0
51	136	0
51	137	1
51	138	0
51	139	0
51	140	0
52	53	0
52	54	0
52	55	0
52	56	1
52	57	1
52	58	0
52	59	0
52	60	1
52	61	0
52	62	1
52	63	1
52	64	0
52	65	0
52	66	0
52	67	1
52	68	1
52	69	0
52	70	1
52	71	0
52	72	0
52	73	1
52	74	0
52	75	1
52	76	0
52	77	1
52	78	0
52	79	1
52	80	1
52	81	0
52	82	1
52	83	0
52	84	0
52	85	1
52	86	1
52	87	0
52	88	0
52	89	1
52	90	1
52	91	0
52	92	0
52	93	0
52	94	0
52	95	0
52	96	0
52	97	0
52	98	0
52	99	1
52	100	0
52	101	0
52	102	0
52	103	1
52	104	0
52	105	1
52	106	0
52	107	0
52	108	1
52	109	0
52	110	1
52	111	1
52	112	1
52	113	1
52	114	0
52	115	0
52	116	0
52	117	0
52	118	1
52	119	0
52	120	0
52	121	0
52	122	1
52	123	1
52	124	0
52	125	0
52	126	1
52	127	1
52	128	1
52	129	0
52	130	1
52	131	1
52	132	1
52	133	1
52	134	0
52	135	0
52	136	0
52	137	0
52	138	0
52	139	0
52	140	1
53	54	1
53	55	1
53	56	0
53	57	1
53	58	0
53	59	0
53	60	1
53	61	1
53	62	0
53	63	1
53	64	0
53	65	1
53	66	1
53	67	1
53	68	1
53	69	0
53	70	0
53	71	1
53	72	1
53	73	1
53	74	0
53	75	0
53	76	0
53	77	1
53	78	1
53	79	1
53	80	0
53	81	1
53	82	0
53	83	1
53	84	0
53	85	0
53	86	0
53	87	0
53	88	1
53	89	0
53	90	0
53	91	1
53	92	1
53	93	1
53	94	0
53	95	0
53	96	1
53	97	0
53	98	1
53	99	0
53	100	0
53	101	0
53	102	0
53	103	0
53	104	1
53	105	0
53	106	0
53	107	0
53	108	1
53	109	1
53	110	1
53	111	0
53	112	1
53	113	0
53	114	1
53	115	0
53	116	0
53	117	0
53	118	0
53	119	0
53	120	0
53	121	0
53	122	0
53	123	1
53	124	0
53	125	1
53	126	1
53	127	1
53	128	0
53	129	1
53	130	1
53	131	1
53	132	1
53	133	1
53	134	0
53	135	1
53	136	1
53	137	0
53	138	1
53	139	0
53	140	1
54	55	1
54	56	0
54	57	1
54	58	0
54	59	1
54	60	0
54	61	1
54	62	1
54	63	1
54	64	0
54	65	0
54	66	1
54	67	0
54	68	1
54	69	1
54	70	1
54	71	0
54	72	0
54	73	1
54	74	1
54	75	1
54	76	0
54	77	0
54	78	1
54	79	1
54	80	0
54	81	1
54	82	1
54	83	1
54	84	0
54	85	0
54	86	1
54	87	1
54	88	1
54	89	0
54	90	0
54	91	1
54	92	1
54	93	1
54	94	1
54	95	0
54	96	1
54	97	1
54	98	0
54	99	0
54	100	1
54	101	0
54	102	0
54	103	0
54	104	0
54	105	1
54	106	1
54	107	1
54	108	1
54	109	0
54	110	1
54	111	0
54	112	1
54	113	0
54	114	1
54	115	0
54	116	0
54	117	1
54	118	0
54	119	0
54	120	1
54	121	1
54	122	0
54	123	0
54	124	1
54	125	0
54	126	1
54	127	0
54	128	0
54	129	0
54	130	1
54	131	1
54	132	0
54	133	1
54	134	0
54	135	1
54	136	1
54	137	1
54	138	1
54	139	1
54	140	1
55	56	1
55	57	0
55	58	1
55	59	0
55	60	0
55	61	1
55	62	1
55	63	1
55	64	1
55	65	0
55	66	0
55	67	0
55	68	1
55	69	0
55	70	1
55	71	0
55	72	1
55	73	1
55	74	0
55	75	0
55	76	1
55	77	0
55	78	0
55	79	0
55	80	0
55	81	1
55	82	0
55	83	1
55	84	1
55	85	0
55	86	0
55	87	0
55	88	0
55	89	1
55	90	1
55	91	1
55	92	1
55	93	0
55	94	0
55	95	1
55	96	1
55	97	1
55	98	1
55	99	1
55	100	0
55	101	0
55	102	0
55	103	0
55	104	0
55	105	1
55	106	0
55	107	0
55	108	1
55	109	1
55	110	0
55	111	0
55	112	0
55	113	1
55	114	0
55	115	1
55	116	0
55	117	0
55	118	0
55	119	0
55	120	0
55	121	1
55	122	1
55	123	1
55	124	1
55	125	1
55	126	0
55	127	1
55	128	1
55	129	1
55	130	1
55	131	1
55	132	0
55	133	0
55	134	1
55	135	0
55	136	0
55	137	0
55	138	1
55	139	1
55	140	1
56	57	0
56	58	1
56	59	1
56	60	1
56	61	1
56	62	0
56	63	0
56	64	1
56	65	1
56	66	0
56	67	0
56	68	0
56	69	1
56	70	1
56	71	0
56	72	1
56	73	0
56	74	1
56	75	0
56	76	0
56	77	1
56	78	1
56	79	0
56	80	0
56	81	1
56	82	0
56	83	0
56	84	1
56	85	0
56	86	0
56	87	1
56	88	0
56	89	0
56	90	1
56	91	1
56	92	1
56	93	0
56	94	1
56	95	0
56	96	1
56	97	0
56	98	0
56	99	1
56	100	1
56	101	1
56	102	0
56	103	0
56	104	0
56	105	1
56	106	1
56	107	0
56	108	0
56	109	0
56	110	1
56	111	1
56	112	0
56	113	1
56	114	1
56	115	0
56	116	1
56	117	1
56	118	1
56	119	0
56	120	0
56	121	1
56	122	0
56	123	0
56	124	1
56	125	1
56	126	1
56	127	1
56	128	1
56	129	0
56	130	1
56	131	0
56	132	0
56	133	0
56	134	0
56	135	1
56	136	0
56	137	1
56	138	1
56	139	1
56	140	1
57	58	0
57	59	1
57	60	1
57	61	1
57	62	1
57	63	1
57	64	0
57	65	1
57	66	1
57	67	0
57	68	0
57	69	1
57	70	1
57	71	1
57	72	0
57	73	1
57	74	1
57	75	0
57	76	0
57	77	0
57	78	0
57	79	0
57	80	0
57	81	1
57	82	0
57	83	1
57	84	0
57	85	1
57	86	1
57	87	1
57	88	0
57	89	0
57	90	0
57	91	0
57	92	1
57	93	1
57	94	1
57	95	1
57	96	0
57	97	1
57	98	1
57	99	0
57	100	1
57	101	0
57	102	1
57	103	1
57	104	0
57	105	1
57	106	1
57	107	0
57	108	0
57	109	1
57	110	0
57	111	0
57	112	0
57	113	0
57	114	0
57	115	0
57	116	1
57	117	0
57	118	1
57	119	0
57	120	0
57	121	0
57	122	0
57	123	1
57	124	0
57	125	1
57	126	1
57	127	1
57	128	1
57	129	0
57	130	1
57	131	1
57	132	1
57	133	1
57	134	0
57	135	1
57	136	0
57	137	1
57	138	1
57	139	1
57	140	1
58	59	0
58	60	0
58	61	1
58	62	1
58	63	0
58	64	0
58	65	1
58	66	0
58	67	1
58	68	0
58	69	0
58	70	0
58	71	0
58	72	0
58	73	1
58	74	0
58	75	1
58	76	1
58	77	1
58	78	1
58	79	0
58	80	0
58	81	0
58	82	1
58	83	0
58	84	0
58	85	0
58	86	1
58	87	1
58	88	1
58	89	0
58	90	0
58	91	1
58	92	1
58	93	0
58	94	1
58	95	1
58	96	1
58	97	0
58	98	0
58	99	1
58	100	0
58	101	1
58	102	1
58	103	1
58	104	1
58	105	0
58	106	0
58	107	0
58	108	1
58	109	0
58	110	1
58	111	1
58	112	1
58	113	1
58	114	0
58	115	0
58	116	1
58	117	1
58	118	0
58	119	0
58	120	0
58	121	0
58	122	1
58	123	0
58	124	1
58	125	1
58	126	1
58	127	0
58	128	0
58	129	1
58	130	0
58	131	0
58	132	1
58	133	0
58	134	1
58	135	0
58	136	1
58	137	1
58	138	0
58	139	1
58	140	0
59	60	0
59	61	0
59	62	0
59	63	1
59	64	1
59	65	0
59	66	1
59	67	1
59	68	0
59	69	0
59	70	0
59	71	1
59	72	1
59	73	1
59	74	1
59	75	0
59	76	0
59	77	1
59	78	1
59	79	1
59	80	0
59	81	0
59	82	0
59	83	0
59	84	1
59	85	1
59	86	0
59	87	1
59	88	0
59	89	0
59	90	0
59	91	0
59	92	1
59	93	1
59	94	1
59	95	0
59	96	0
59	97	0
59	98	0
59	99	1
59	100	0
59	101	0
59	102	0
59	103	1
59	104	1
59	105	0
59	106	1
59	107	0
59	108	0
59	109	0
59	110	0
59	111	1
59	112	1
59	113	1
59	114	1
59	115	0
59	116	0
59	117	0
59	118	1
59	119	1
59	120	0
59	121	0
59	122	1
59	123	1
59	124	1
59	125	0
59	126	0
59	127	1
59	128	1
59	129	1
59	130	1
59	131	0
59	132	1
59	133	0
59	134	1
59	135	1
59	136	1
59	137	0
59	138	1
59	139	1
59	140	0
60	61	1
60	62	1
60	63	0
60	64	0
60	65	1
60	66	1
60	67	1
60	68	0
60	69	1
60	70	1
60	71	1
60	72	0
60	73	1
60	74	0
60	75	0
60	76	0
60	77	0
60	78	0
60	79	0
60	80	1
60	81	1
60	82	1
60	83	0
60	84	0
60	85	0
60	86	1
60	87	0
60	88	0
60	89	0
60	90	0
60	91	0
60	92	1
60	93	0
60	94	0
60	95	1
60	96	0
60	97	1
60	98	0
60	99	0
60	100	0
60	101	1
60	102	0
60	103	0
60	104	0
60	105	1
60	106	0
60	107	1
60	108	1
60	109	1
60	110	1
60	111	0
60	112	0
60	113	1
60	114	0
60	115	1
60	116	0
60	117	0
60	118	1
60	119	0
60	120	1
60	121	0
60	122	0
60	123	1
60	124	1
60	125	1
60	126	0
60	127	1
60	128	0
60	129	1
60	130	1
60	131	0
60	132	0
60	133	0
60	134	1
60	135	1
60	136	1
60	137	1
60	138	1
60	139	0
60	140	0
61	62	1
61	63	1
61	64	0
61	65	1
61	66	1
61	67	0
61	68	0
61	69	0
61	70	0
61	71	1
61	72	1
61	73	1
61	74	1
61	75	0
61	76	0
61	77	1
61	78	1
61	79	1
61	80	1
61	81	0
61	82	1
61	83	1
61	84	1
61	85	0
61	86	1
61	87	0
61	88	0
61	89	1
61	90	1
61	91	1
61	92	1
61	93	0
61	94	0
61	95	1
61	96	1
61	97	1
61	98	0
61	99	1
61	100	1
61	101	0
61	102	0
61	103	0
61	104	1
61	105	1
61	106	0
61	107	0
61	108	0
61	109	0
61	110	0
61	111	0
61	112	1
61	113	1
61	114	1
61	115	1
61	116	1
61	117	1
61	118	1
61	119	0
61	120	1
61	121	1
61	122	1
61	123	1
61	124	1
61	125	1
61	126	0
61	127	1
61	128	1
61	129	1
61	130	0
61	131	1
61	132	1
61	133	1
61	134	1
61	135	0
61	136	0
61	137	1
61	138	1
61	139	1
61	140	0
62	63	1
62	64	1
62	65	1
62	66	0
62	67	1
62	68	1
62	69	1
62	70	0
62	71	1
62	72	1
62	73	0
62	74	1
62	75	0
62	76	1
62	77	1
62	78	0
62	79	0
62	80	1
62	81	1
62	82	0
62	83	0
62	84	1
62	85	0
62	86	1
62	87	1
62	88	1
62	89	0
62	90	0
62	91	0
62	92	1
62	93	0
62	94	1
62	95	1
62	96	1
62	97	1
62	98	0
62	99	1
62	100	0
62	101	0
62	102	1
62	103	0
62	104	1
62	105	1
62	106	0
62	107	0
62	108	0
62	109	0
62	110	1
62	111	1
62	112	0
62	113	0
62	114	0
62	115	1
62	116	1
62	117	0
62	118	0
62	119	1
62	120	1
62	121	0
62	122	1
62	123	1
62	124	0
62	125	1
62	126	1
62	127	1
62	128	1
62	129	1
62	130	0
62	131	0
62	132	0
62	133	0
62	134	0
62	135	1
62	136	1
62	137	0
62	138	1
62	139	1
62	140	0
63	64	1
63	65	0
63	66	0
63	67	1
63	68	1
63	69	0
63	70	1
63	71	0
63	72	0
63	73	0
63	74	0
63	75	0
63	76	1
63	77	1
63	78	0
63	79	1
63	80	0
63	81	0
63	82	0
63	83	1
63	84	1
63	85	0
63	86	1
63	87	1
63	88	0
63	89	1
63	90	1
63	91	0
63	92	0
63	93	0
63	94	0
63	95	1
63	96	1
63	97	0
63	98	1
63	99	0
63	100	1
63	101	0
63	102	1
63	103	1
63	104	0
63	105	1
63	106	0
63	107	1
63	108	0
63	109	1
63	110	0
63	111	1
63	112	0
63	113	1
63	114	0
63	115	1
63	116	0
63	117	0
63	118	1
63	119	0
63	120	0
63	121	0
63	122	0
63	123	1
63	124	0
63	125	1
63	126	1
63	127	1
63	128	1
63	129	0
63	130	1
63	131	1
63	132	1
63	133	1
63	134	0
63	135	1
63	136	0
63	137	1
63	138	0
63	139	0
63	140	0
64	65	0
64	66	1
64	67	0
64	68	0
64	69	1
64	70	0
64	71	0
64	72	1
64	73	0
64	74	0
64	75	1
64	76	0
64	77	0
64	78	1
64	79	0
64	80	1
64	81	1
64	82	1
64	83	1
64	84	1
64	85	0
64	86	1
64	87	1
64	88	1
64	89	0
64	90	1
64	91	1
64	92	0
64	93	0
64	94	1
64	95	0
64	96	0
64	97	0
64	98	0
64	99	0
64	100	0
64	101	1
64	102	0
64	103	1
64	104	1
64	105	0
64	106	1
64	107	1
64	108	1
64	109	1
64	110	1
64	111	1
64	112	0
64	113	1
64	114	1
64	115	1
64	116	0
64	117	0
64	118	1
64	119	1
64	120	1
64	121	1
64	122	1
64	123	1
64	124	1
64	125	0
64	126	0
64	127	0
64	128	1
64	129	0
64	130	0
64	131	0
64	132	1
64	133	1
64	134	0
64	135	0
64	136	1
64	137	0
64	138	1
64	139	1
64	140	1
65	66	0
65	67	0
65	68	1
65	69	1
65	70	1
65	71	0
65	72	1
65	73	1
65	74	0
65	75	0
65	76	1
65	77	1
65	78	0
65	79	1
65	80	0
65	81	1
65	82	0
65	83	0
65	84	0
65	85	0
65	86	0
65	87	0
65	88	0
65	89	0
65	90	0
65	91	0
65	92	1
65	93	0
65	94	0
65	95	1
65	96	0
65	97	0
65	98	1
65	99	1
65	100	0
65	101	0
65	102	1
65	103	0
65	104	0
65	105	0
65	106	0
65	107	0
65	108	0
65	109	0
65	110	1
65	111	0
65	112	0
65	113	1
65	114	1
65	115	1
65	116	0
65	117	1
65	118	1
65	119	1
65	120	1
65	121	0
65	122	0
65	123	1
65	124	1
65	125	0
65	126	0
65	127	0
65	128	0
65	129	0
65	130	1
65	131	0
65	132	1
65	133	0
65	134	1
65	135	1
65	136	1
65	137	1
65	138	0
65	139	0
65	140	1
66	67	1
66	68	1
66	69	0
66	70	0
66	71	0
66	72	1
66	73	1
66	74	0
66	75	0
66	76	1
66	77	0
66	78	1
66	79	0
66	80	1
66	81	0
66	82	1
66	83	1
66	84	0
66	85	1
66	86	0
66	87	0
66	88	1
66	89	0
66	90	1
66	91	0
66	92	0
66	93	0
66	94	0
66	95	1
66	96	1
66	97	0
66	98	1
66	99	0
66	100	0
66	101	0
66	102	1
66	103	1
66	104	0
66	105	1
66	106	0
66	107	0
66	108	0
66	109	0
66	110	0
66	111	1
66	112	1
66	113	0
66	114	1
66	115	1
66	116	0
66	117	1
66	118	0
66	119	0
66	120	1
66	121	1
66	122	0
66	123	1
66	124	1
66	125	0
66	126	1
66	127	1
66	128	1
66	129	0
66	130	0
66	131	1
66	132	1
66	133	0
66	134	0
66	135	0
66	136	1
66	137	1
66	138	0
66	139	0
66	140	1
67	68	1
67	69	0
67	70	1
67	71	1
67	72	0
67	73	1
67	74	1
67	75	1
67	76	1
67	77	1
67	78	0
67	79	1
67	80	0
67	81	1
67	82	0
67	83	0
67	84	0
67	85	0
67	86	1
67	87	0
67	88	1
67	89	1
67	90	1
67	91	1
67	92	1
67	93	1
67	94	1
67	95	1
67	96	1
67	97	0
67	98	0
67	99	0
67	100	1
67	101	0
67	102	0
67	103	0
67	104	0
67	105	0
67	106	0
67	107	0
67	108	0
67	109	1
67	110	0
67	111	1
67	112	0
67	113	1
67	114	0
67	115	1
67	116	1
67	117	0
67	118	0
67	119	1
67	120	1
67	121	1
67	122	1
67	123	1
67	124	1
67	125	0
67	126	0
67	127	0
67	128	1
67	129	1
67	130	0
67	131	1
67	132	1
67	133	0
67	134	0
67	135	1
67	136	1
67	137	1
67	138	1
67	139	0
67	140	0
68	69	1
68	70	0
68	71	0
68	72	0
68	73	0
68	74	1
68	75	0
68	76	0
68	77	1
68	78	1
68	79	0
68	80	0
68	81	1
68	82	0
68	83	1
68	84	1
68	85	1
68	86	1
68	87	1
68	88	0
68	89	1
68	90	0
68	91	0
68	92	0
68	93	0
68	94	1
68	95	1
68	96	1
68	97	0
68	98	0
68	99	1
68	100	0
68	101	1
68	102	0
68	103	0
68	104	1
68	105	1
68	106	1
68	107	1
68	108	0
68	109	1
68	110	0
68	111	0
68	112	1
68	113	1
68	114	0
68	115	0
68	116	0
68	117	0
68	118	1
68	119	1
68	120	0
68	121	0
68	122	0
68	123	0
68	124	0
68	125	0
68	126	1
68	127	1
68	128	0
68	129	0
68	130	0
68	131	1
68	132	1
68	133	0
68	134	1
68	135	0
68	136	0
68	137	0
68	138	1
68	139	0
68	140	0
69	70	1
69	71	1
69	72	1
69	73	0
69	74	1
69	75	0
69	76	1
69	77	1
69	78	1
69	79	0
69	80	1
69	81	1
69	82	1
69	83	0
69	84	0
69	85	0
69	86	0
69	87	1
69	88	1
69	89	0
69	90	0
69	91	1
69	92	1
69	93	1
69	94	0
69	95	1
69	96	1
69	97	1
69	98	0
69	99	0
69	100	0
69	101	1
69	102	1
69	103	0
69	104	0
69	105	0
69	106	0
69	107	0
69	108	0
69	109	1
69	110	0
69	111	1
69	112	1
69	113	1
69	114	1
69	115	0
69	116	0
69	117	1
69	118	1
69	119	0
69	120	1
69	121	1
69	122	1
69	123	0
69	124	1
69	125	0
69	126	0
69	127	0
69	128	0
69	129	0
69	130	0
69	131	0
69	132	1
69	133	0
69	134	0
69	135	0
69	136	0
69	137	1
69	138	0
69	139	0
69	140	0
70	71	0
70	72	1
70	73	0
70	74	0
70	75	1
70	76	1
70	77	0
70	78	0
70	79	1
70	80	0
70	81	1
70	82	0
70	83	1
70	84	1
70	85	1
70	86	0
70	87	1
70	88	1
70	89	0
70	90	0
70	91	0
70	92	0
70	93	1
70	94	0
70	95	0
70	96	1
70	97	0
70	98	1
70	99	0
70	100	1
70	101	1
70	102	0
70	103	1
70	104	0
70	105	1
70	106	0
70	107	0
70	108	1
70	109	1
70	110	1
70	111	1
70	112	0
70	113	1
70	114	1
70	115	1
70	116	0
70	117	1
70	118	0
70	119	1
70	120	0
70	121	1
70	122	0
70	123	1
70	124	0
70	125	1
70	126	0
70	127	0
70	128	1
70	129	0
70	130	0
70	131	1
70	132	1
70	133	1
70	134	0
70	135	1
70	136	0
70	137	0
70	138	1
70	139	1
70	140	1
71	72	1
71	73	1
71	74	0
71	75	1
71	76	1
71	77	0
71	78	1
71	79	0
71	80	1
71	81	1
71	82	0
71	83	0
71	84	0
71	85	1
71	86	0
71	87	0
71	88	0
71	89	0
71	90	0
71	91	1
71	92	1
71	93	0
71	94	0
71	95	1
71	96	0
71	97	1
71	98	1
71	99	0
71	100	0
71	101	0
71	102	1
71	103	1
71	104	0
71	105	1
71	106	1
71	107	1
71	108	0
71	109	0
71	110	0
71	111	1
71	112	1
71	113	1
71	114	1
71	115	1
71	116	0
71	117	0
71	118	1
71	119	1
71	120	0
71	121	1
71	122	0
71	123	1
71	124	1
71	125	1
71	126	0
71	127	0
71	128	0
71	129	0
71	130	0
71	131	1
71	132	1
71	133	0
71	134	0
71	135	1
71	136	0
71	137	1
71	138	0
71	139	0
71	140	0
72	73	1
72	74	1
72	75	1
72	76	0
72	77	1
72	78	0
72	79	1
72	80	0
72	81	0
72	82	1
72	83	0
72	84	1
72	85	1
72	86	0
72	87	0
72	88	1
72	89	0
72	90	0
72	91	0
72	92	1
72	93	1
72	94	1
72	95	0
72	96	1
72	97	1
72	98	0
72	99	1
72	100	1
72	101	0
72	102	0
72	103	0
72	104	1
72	105	1
72	106	1
72	107	1
72	108	1
72	109	0
72	110	1
72	111	1
72	112	1
72	113	0
72	114	1
72	115	0
72	116	0
72	117	0
72	118	1
72	119	0
72	120	0
72	121	1
72	122	1
72	123	1
72	124	1
72	125	1
72	126	0
72	127	1
72	128	1
72	129	1
72	130	1
72	131	0
72	132	1
72	133	1
72	134	1
72	135	1
72	136	0
72	137	0
72	138	0
72	139	1
72	140	0
73	74	1
73	75	0
73	76	0
73	77	1
73	78	0
73	79	1
73	80	1
73	81	0
73	82	1
73	83	1
73	84	0
73	85	0
73	86	1
73	87	0
73	88	0
73	89	0
73	90	0
73	91	1
73	92	1
73	93	0
73	94	0
73	95	0
73	96	0
73	97	0
73	98	0
73	99	1
73	100	0
73	101	1
73	102	0
73	103	0
73	104	0
73	105	1
73	106	0
73	107	1
73	108	0
73	109	0
73	110	0
73	111	0
73	112	0
73	113	0
73	114	0
73	115	0
73	116	0
73	117	1
73	118	0
73	119	0
73	120	1
73	121	0
73	122	0
73	123	1
73	124	0
73	125	1
73	126	1
73	127	1
73	128	1
73	129	0
73	130	1
73	131	0
73	132	1
73	133	0
73	134	0
73	135	1
73	136	1
73	137	0
73	138	0
73	139	0
73	140	0
74	75	0
74	76	0
74	77	1
74	78	0
74	79	1
74	80	1
74	81	1
74	82	1
74	83	0
74	84	0
74	85	0
74	86	0
74	87	0
74	88	0
74	89	0
74	90	1
74	91	0
74	92	0
74	93	0
74	94	0
74	95	0
74	96	0
74	97	0
74	98	0
74	99	1
74	100	0
74	101	1
74	102	1
74	103	0
74	104	1
74	105	1
74	106	1
74	107	0
74	108	0
74	109	1
74	110	0
74	111	0
74	112	0
74	113	1
74	114	0
74	115	0
74	116	1
74	117	0
74	118	1
74	119	0
74	120	1
74	121	1
74	122	0
74	123	0
74	124	1
74	125	1
74	126	1
74	127	0
74	128	0
74	129	1
74	130	1
74	131	1
74	132	0
74	133	1
74	134	0
74	135	0
74	136	1
74	137	1
74	138	0
74	139	0
74	140	1
75	76	0
75	77	1
75	78	1
75	79	0
75	80	1
75	81	0
75	82	1
75	83	0
75	84	0
75	85	1
75	86	1
75	87	1
75	88	1
75	89	0
75	90	0
75	91	0
75	92	0
75	93	1
75	94	0
75	95	0
75	96	0
75	97	0
75	98	0
75	99	1
75	100	1
75	101	1
75	102	1
75	103	1
75	104	1
75	105	1
75	106	0
75	107	1
75	108	1
75	109	1
75	110	0
75	111	0
75	112	1
75	113	1
75	114	1
75	115	0
75	116	0
75	117	0
75	118	1
75	119	1
75	120	1
75	121	1
75	122	1
75	123	1
75	124	0
75	125	0
75	126	0
75	127	1
75	128	1
75	129	1
75	130	0
75	131	0
75	132	0
75	133	1
75	134	0
75	135	0
75	136	1
75	137	0
75	138	0
75	139	1
75	140	0
76	77	0
76	78	1
76	79	0
76	80	1
76	81	0
76	82	0
76	83	1
76	84	1
76	85	0
76	86	0
76	87	0
76	88	0
76	89	0
76	90	1
76	91	0
76	92	0
76	93	0
76	94	1
76	95	1
76	96	0
76	97	1
76	98	1
76	99	0
76	100	0
76	101	0
76	102	0
76	103	0
76	104	0
76	105	1
76	106	0
76	107	0
76	108	1
76	109	1
76	110	0
76	111	0
76	112	1
76	113	0
76	114	0
76	115	1
76	116	0
76	117	1
76	118	0
76	119	0
76	120	0
76	121	0
76	122	1
76	123	1
76	124	0
76	125	1
76	126	1
76	127	1
76	128	0
76	129	0
76	130	0
76	131	0
76	132	1
76	133	1
76	134	1
76	135	0
76	136	1
76	137	1
76	138	0
76	139	0
76	140	1
77	78	1
77	79	0
77	80	0
77	81	0
77	82	1
77	83	0
77	84	1
77	85	0
77	86	1
77	87	1
77	88	1
77	89	1
77	90	1
77	91	0
77	92	0
77	93	1
77	94	0
77	95	0
77	96	0
77	97	0
77	98	0
77	99	1
77	100	0
77	101	0
77	102	0
77	103	0
77	104	1
77	105	1
77	106	1
77	107	0
77	108	1
77	109	1
77	110	1
77	111	0
77	112	1
77	113	0
77	114	1
77	115	0
77	116	1
77	117	0
77	118	0
77	119	0
77	120	1
77	121	0
77	122	0
77	123	0
77	124	1
77	125	1
77	126	0
77	127	0
77	128	0
77	129	0
77	130	1
77	131	0
77	132	1
77	133	0
77	134	0
77	135	1
77	136	1
77	137	1
77	138	0
77	139	1
77	140	0
78	79	0
78	80	0
78	81	1
78	82	1
78	83	1
78	84	0
78	85	1
78	86	1
78	87	1
78	88	0
78	89	0
78	90	0
78	91	1
78	92	0
78	93	1
78	94	1
78	95	1
78	96	0
78	97	0
78	98	0
78	99	0
78	100	0
78	101	1
78	102	1
78	103	1
78	104	0
78	105	1
78	106	1
78	107	0
78	108	0
78	109	0
78	110	0
78	111	1
78	112	1
78	113	1
78	114	1
78	115	0
78	116	0
78	117	1
78	118	1
78	119	1
78	120	0
78	121	0
78	122	1
78	123	1
78	124	0
78	125	0
78	126	0
78	127	1
78	128	0
78	129	1
78	130	1
78	131	0
78	132	1
78	133	1
78	134	0
78	135	1
78	136	0
78	137	0
78	138	0
78	139	1
78	140	1
79	80	1
79	81	1
79	82	1
79	83	0
79	84	0
79	85	1
79	86	0
79	87	1
79	88	0
79	89	1
79	90	1
79	91	1
79	92	0
79	93	1
79	94	1
79	95	1
79	96	0
79	97	0
79	98	0
79	99	0
79	100	1
79	101	0
79	102	0
79	103	1
79	104	0
79	105	0
79	106	1
79	107	0
79	108	0
79	109	1
79	110	0
79	111	1
79	112	1
79	113	1
79	114	1
79	115	0
79	116	0
79	117	1
79	118	1
79	119	1
79	120	1
79	121	0
79	122	0
79	123	0
79	124	1
79	125	1
79	126	1
79	127	1
79	128	0
79	129	1
79	130	1
79	131	1
79	132	0
79	133	1
79	134	1
79	135	1
79	136	1
79	137	0
79	138	1
79	139	0
79	140	0
80	81	1
80	82	1
80	83	1
80	84	1
80	85	1
80	86	1
80	87	0
80	88	0
80	89	0
80	90	1
80	91	1
80	92	1
80	93	0
80	94	0
80	95	1
80	96	1
80	97	0
80	98	1
80	99	1
80	100	1
80	101	0
80	102	1
80	103	1
80	104	1
80	105	0
80	106	0
80	107	0
80	108	1
80	109	0
80	110	0
80	111	0
80	112	1
80	113	1
80	114	1
80	115	1
80	116	1
80	117	0
80	118	0
80	119	1
80	120	1
80	121	0
80	122	0
80	123	1
80	124	0
80	125	0
80	126	0
80	127	0
80	128	1
80	129	1
80	130	0
80	131	1
80	132	1
80	133	1
80	134	1
80	135	1
80	136	0
80	137	0
80	138	1
80	139	1
80	140	1
81	82	1
81	83	1
81	84	1
81	85	1
81	86	0
81	87	1
81	88	0
81	89	0
81	90	0
81	91	1
81	92	0
81	93	1
81	94	0
81	95	1
81	96	0
81	97	0
81	98	1
81	99	1
81	100	0
81	101	1
81	102	0
81	103	0
81	104	1
81	105	0
81	106	0
81	107	1
81	108	0
81	109	1
81	110	0
81	111	1
81	112	1
81	113	1
81	114	1
81	115	1
81	116	1
81	117	0
81	118	1
81	119	0
81	120	1
81	121	0
81	122	0
81	123	1
81	124	1
81	125	1
81	126	0
81	127	1
81	128	0
81	129	0
81	130	1
81	131	0
81	132	1
81	133	1
81	134	0
81	135	1
81	136	0
81	137	0
81	138	0
81	139	1
81	140	0
82	83	1
82	84	1
82	85	1
82	86	0
82	87	0
82	88	1
82	89	1
82	90	0
82	91	1
82	92	0
82	93	1
82	94	0
82	95	1
82	96	0
82	97	1
82	98	0
82	99	0
82	100	0
82	101	0
82	102	0
82	103	0
82	104	0
82	105	1
82	106	1
82	107	1
82	108	1
82	109	0
82	110	1
82	111	0
82	112	0
82	113	1
82	114	0
82	115	0
82	116	1
82	117	1
82	118	0
82	119	0
82	120	1
82	121	0
82	122	0
82	123	0
82	124	0
82	125	0
82	126	1
82	127	1
82	128	0
82	129	0
82	130	1
82	131	1
82	132	1
82	133	1
82	134	1
82	135	0
82	136	0
82	137	0
82	138	0
82	139	1
82	140	1
83	84	0
83	85	0
83	86	1
83	87	0
83	88	1
83	89	1
83	90	1
83	91	0
83	92	1
83	93	1
83	94	1
83	95	1
83	96	0
83	97	1
83	98	1
83	99	0
83	100	1
83	101	1
83	102	0
83	103	1
83	104	1
83	105	1
83	106	0
83	107	1
83	108	1
83	109	1
83	110	1
83	111	1
83	112	1
83	113	1
83	114	1
83	115	0
83	116	0
83	117	0
83	118	1
83	119	0
83	120	0
83	121	1
83	122	0
83	123	1
83	124	1
83	125	0
83	126	1
83	127	1
83	128	0
83	129	1
83	130	0
83	131	1
83	132	1
83	133	0
83	134	1
83	135	1
83	136	1
83	137	1
83	138	1
83	139	0
83	140	1
84	85	0
84	86	0
84	87	1
84	88	0
84	89	0
84	90	1
84	91	1
84	92	1
84	93	1
84	94	1
84	95	0
84	96	1
84	97	0
84	98	1
84	99	0
84	100	1
84	101	0
84	102	0
84	103	1
84	104	0
84	105	1
84	106	1
84	107	0
84	108	1
84	109	1
84	110	1
84	111	1
84	112	0
84	113	1
84	114	1
84	115	0
84	116	1
84	117	1
84	118	0
84	119	1
84	120	0
84	121	1
84	122	0
84	123	1
84	124	0
84	125	0
84	126	1
84	127	1
84	128	0
84	129	0
84	130	0
84	131	1
84	132	0
84	133	1
84	134	1
84	135	0
84	136	0
84	137	1
84	138	1
84	139	0
84	140	1
85	86	0
85	87	0
85	88	1
85	89	1
85	90	1
85	91	1
85	92	0
85	93	0
85	94	0
85	95	1
85	96	0
85	97	1
85	98	1
85	99	1
85	100	0
85	101	1
85	102	1
85	103	1
85	104	0
85	105	0
85	106	1
85	107	1
85	108	1
85	109	0
85	110	0
85	111	1
85	112	0
85	113	1
85	114	0
85	115	0
85	116	1
85	117	1
85	118	1
85	119	0
85	120	0
85	121	0
85	122	1
85	123	1
85	124	0
85	125	0
85	126	0
85	127	1
85	128	1
85	129	1
85	130	1
85	131	0
85	132	0
85	133	0
85	134	0
85	135	1
85	136	1
85	137	1
85	138	1
85	139	1
85	140	1
86	87	0
86	88	1
86	89	0
86	90	0
86	91	1
86	92	1
86	93	1
86	94	0
86	95	1
86	96	0
86	97	0
86	98	1
86	99	1
86	100	0
86	101	1
86	102	1
86	103	0
86	104	1
86	105	1
86	106	1
86	107	0
86	108	0
86	109	1
86	110	1
86	111	0
86	112	0
86	113	0
86	114	0
86	115	0
86	116	1
86	117	1
86	118	0
86	119	1
86	120	1
86	121	1
86	122	0
86	123	0
86	124	1
86	125	1
86	126	0
86	127	1
86	128	1
86	129	1
86	130	0
86	131	1
86	132	0
86	133	0
86	134	0
86	135	1
86	136	0
86	137	1
86	138	1
86	139	1
86	140	1
87	88	0
87	89	1
87	90	0
87	91	0
87	92	1
87	93	1
87	94	1
87	95	0
87	96	0
87	97	0
87	98	0
87	99	0
87	100	1
87	101	0
87	102	0
87	103	1
87	104	1
87	105	1
87	106	1
87	107	0
87	108	1
87	109	1
87	110	1
87	111	0
87	112	1
87	113	0
87	114	1
87	115	1
87	116	1
87	117	1
87	118	0
87	119	0
87	120	1
87	121	0
87	122	1
87	123	0
87	124	0
87	125	0
87	126	0
87	127	0
87	128	1
87	129	0
87	130	1
87	131	1
87	132	1
87	133	1
87	134	1
87	135	0
87	136	1
87	137	0
87	138	0
87	139	1
87	140	0
88	89	0
88	90	1
88	91	0
88	92	0
88	93	0
88	94	0
88	95	1
88	96	0
88	97	1
88	98	0
88	99	0
88	100	1
88	101	1
88	102	1
88	103	1
88	104	0
88	105	1
88	106	1
88	107	0
88	108	1
88	109	1
88	110	0
88	111	1
88	112	1
88	113	0
88	114	0
88	115	1
88	116	1
88	117	1
88	118	1
88	119	1
88	120	1
88	121	0
88	122	0
88	123	1
88	124	0
88	125	1
88	126	0
88	127	1
88	128	0
88	129	1
88	130	0
88	131	1
88	132	1
88	133	0
88	134	0
88	135	1
88	136	1
88	137	1
88	138	0
88	139	0
88	140	1
89	90	0
89	91	0
89	92	1
89	93	0
89	94	1
89	95	1
89	96	0
89	97	0
89	98	1
89	99	0
89	100	0
89	101	1
89	102	0
89	103	0
89	104	1
89	105	1
89	106	1
89	107	0
89	108	1
89	109	0
89	110	0
89	111	1
89	112	0
89	113	1
89	114	0
89	115	0
89	116	0
89	117	1
89	118	0
89	119	0
89	120	0
89	121	1
89	122	0
89	123	1
89	124	0
89	125	1
89	126	0
89	127	1
89	128	1
89	129	1
89	130	0
89	131	0
89	132	0
89	133	1
89	134	0
89	135	0
89	136	1
89	137	0
89	138	1
89	139	1
89	140	0
90	91	0
90	92	0
90	93	1
90	94	1
90	95	0
90	96	0
90	97	1
90	98	1
90	99	0
90	100	1
90	101	0
90	102	1
90	103	0
90	104	1
90	105	1
90	106	1
90	107	1
90	108	0
90	109	1
90	110	0
90	111	1
90	112	0
90	113	0
90	114	1
90	115	1
90	116	1
90	117	0
90	118	1
90	119	1
90	120	0
90	121	1
90	122	1
90	123	0
90	124	0
90	125	0
90	126	0
90	127	1
90	128	0
90	129	0
90	130	0
90	131	1
90	132	0
90	133	1
90	134	1
90	135	1
90	136	0
90	137	1
90	138	0
90	139	1
90	140	0
91	92	1
91	93	0
91	94	1
91	95	0
91	96	1
91	97	1
91	98	0
91	99	1
91	100	0
91	101	0
91	102	0
91	103	0
91	104	1
91	105	0
91	106	1
91	107	1
91	108	0
91	109	1
91	110	1
91	111	1
91	112	1
91	113	0
91	114	0
91	115	0
91	116	0
91	117	1
91	118	0
91	119	1
91	120	0
91	121	1
91	122	1
91	123	1
91	124	1
91	125	1
91	126	1
91	127	0
91	128	1
91	129	0
91	130	0
91	131	1
91	132	1
91	133	0
91	134	1
91	135	0
91	136	0
91	137	0
91	138	1
91	139	1
91	140	0
92	93	1
92	94	1
92	95	0
92	96	1
92	97	0
92	98	0
92	99	0
92	100	1
92	101	0
92	102	0
92	103	0
92	104	1
92	105	0
92	106	1
92	107	1
92	108	0
92	109	0
92	110	0
92	111	0
92	112	1
92	113	1
92	114	1
92	115	1
92	116	0
92	117	0
92	118	1
92	119	0
92	120	0
92	121	1
92	122	0
92	123	1
92	124	0
92	125	0
92	126	1
92	127	0
92	128	0
92	129	0
92	130	1
92	131	1
92	132	0
92	133	1
92	134	1
92	135	1
92	136	1
92	137	0
92	138	1
92	139	0
92	140	1
93	94	1
93	95	0
93	96	1
93	97	0
93	98	0
93	99	0
93	100	1
93	101	1
93	102	1
93	103	1
93	104	1
93	105	0
93	106	0
93	107	1
93	108	0
93	109	0
93	110	1
93	111	0
93	112	0
93	113	0
93	114	0
93	115	0
93	116	0
93	117	0
93	118	1
93	119	1
93	120	1
93	121	0
93	122	1
93	123	0
93	124	1
93	125	0
93	126	1
93	127	1
93	128	0
93	129	1
93	130	0
93	131	0
93	132	0
93	133	1
93	134	1
93	135	0
93	136	0
93	137	0
93	138	0
93	139	1
93	140	0
94	95	1
94	96	1
94	97	1
94	98	0
94	99	0
94	100	1
94	101	1
94	102	1
94	103	1
94	104	1
94	105	0
94	106	1
94	107	1
94	108	1
94	109	0
94	110	1
94	111	1
94	112	0
94	113	1
94	114	0
94	115	1
94	116	0
94	117	1
94	118	0
94	119	0
94	120	0
94	121	1
94	122	0
94	123	1
94	124	1
94	125	1
94	126	0
94	127	1
94	128	0
94	129	0
94	130	1
94	131	1
94	132	0
94	133	0
94	134	1
94	135	0
94	136	1
94	137	1
94	138	0
94	139	1
94	140	1
95	96	1
95	97	1
95	98	1
95	99	1
95	100	0
95	101	1
95	102	1
95	103	1
95	104	1
95	105	1
95	106	1
95	107	0
95	108	0
95	109	1
95	110	1
95	111	0
95	112	0
95	113	1
95	114	1
95	115	0
95	116	1
95	117	0
95	118	1
95	119	0
95	120	1
95	121	0
95	122	0
95	123	0
95	124	0
95	125	0
95	126	1
95	127	0
95	128	1
95	129	0
95	130	1
95	131	0
95	132	1
95	133	0
95	134	0
95	135	1
95	136	0
95	137	1
95	138	1
95	139	0
95	140	1
96	97	0
96	98	1
96	99	0
96	100	1
96	101	0
96	102	0
96	103	1
96	104	0
96	105	1
96	106	1
96	107	1
96	108	0
96	109	0
96	110	1
96	111	1
96	112	0
96	113	1
96	114	0
96	115	0
96	116	0
96	117	1
96	118	0
96	119	0
96	120	0
96	121	1
96	122	0
96	123	0
96	124	0
96	125	1
96	126	1
96	127	1
96	128	0
96	129	1
96	130	1
96	131	1
96	132	0
96	133	1
96	134	1
96	135	1
96	136	0
96	137	1
96	138	0
96	139	0
96	140	0
97	98	0
97	99	1
97	100	0
97	101	1
97	102	1
97	103	0
97	104	0
97	105	1
97	106	0
97	107	1
97	108	0
97	109	1
97	110	0
97	111	0
97	112	1
97	113	0
97	114	1
97	115	1
97	116	1
97	117	1
97	118	0
97	119	0
97	120	0
97	121	1
97	122	1
97	123	1
97	124	0
97	125	1
97	126	0
97	127	0
97	128	1
97	129	1
97	130	0
97	131	0
97	132	0
97	133	1
97	134	0
97	135	1
97	136	0
97	137	1
97	138	0
97	139	1
97	140	0
98	99	0
98	100	1
98	101	0
98	102	0
98	103	1
98	104	1
98	105	1
98	106	0
98	107	0
98	108	0
98	109	0
98	110	1
98	111	1
98	112	0
98	113	1
98	114	0
98	115	1
98	116	1
98	117	0
98	118	1
98	119	0
98	120	0
98	121	0
98	122	1
98	123	0
98	124	0
98	125	1
98	126	1
98	127	0
98	128	1
98	129	0
98	130	1
98	131	0
98	132	1
98	133	0
98	134	0
98	135	1
98	136	0
98	137	0
98	138	0
98	139	1
98	140	1
99	100	1
99	101	1
99	102	0
99	103	0
99	104	1
99	105	1
99	106	0
99	107	1
99	108	1
99	109	1
99	110	0
99	111	1
99	112	0
99	113	0
99	114	1
99	115	0
99	116	0
99	117	1
99	118	0
99	119	1
99	120	1
99	121	0
99	122	0
99	123	0
99	124	1
99	125	1
99	126	1
99	127	0
99	128	0
99	129	0
99	130	1
99	131	1
99	132	0
99	133	1
99	134	0
99	135	0
99	136	0
99	137	0
99	138	0
99	139	0
99	140	1
100	101	1
100	102	1
100	103	1
100	104	1
100	105	0
100	106	1
100	107	1
100	108	0
100	109	1
100	110	1
100	111	1
100	112	1
100	113	1
100	114	0
100	115	0
100	116	0
100	117	1
100	118	0
100	119	0
100	120	0
100	121	1
100	122	1
100	123	0
100	124	0
100	125	1
100	126	1
100	127	0
100	128	1
100	129	0
100	130	0
100	131	1
100	132	0
100	133	0
100	134	0
100	135	1
100	136	1
100	137	1
100	138	1
100	139	0
100	140	1
101	102	1
101	103	1
101	104	1
101	105	0
101	106	1
101	107	0
101	108	1
101	109	0
101	110	0
101	111	0
101	112	1
101	113	0
101	114	1
101	115	0
101	116	1
101	117	1
101	118	0
101	119	1
101	120	1
101	121	1
101	122	0
101	123	1
101	124	1
101	125	0
101	126	1
101	127	0
101	128	0
101	129	1
101	130	0
101	131	1
101	132	1
101	133	1
101	134	0
101	135	1
101	136	0
101	137	1
101	138	1
101	139	1
101	140	0
102	103	0
102	104	1
102	105	0
102	106	0
102	107	0
102	108	1
102	109	0
102	110	1
102	111	1
102	112	0
102	113	0
102	114	0
102	115	0
102	116	0
102	117	1
102	118	0
102	119	0
102	120	1
102	121	1
102	122	0
102	123	0
102	124	1
102	125	0
102	126	1
102	127	0
102	128	0
102	129	1
102	130	1
102	131	1
102	132	0
102	133	0
102	134	1
102	135	1
102	136	1
102	137	0
102	138	0
102	139	1
102	140	0
103	104	0
103	105	1
103	106	0
103	107	0
103	108	1
103	109	1
103	110	1
103	111	0
103	112	0
103	113	0
103	114	1
103	115	1
103	116	0
103	117	1
103	118	1
103	119	1
103	120	1
103	121	1
103	122	1
103	123	1
103	124	0
103	125	0
103	126	0
103	127	0
103	128	0
103	129	0
103	130	0
103	131	1
103	132	1
103	133	1
103	134	0
103	135	1
103	136	0
103	137	1
103	138	1
103	139	1
103	140	1
104	105	1
104	106	1
104	107	1
104	108	1
104	109	0
104	110	0
104	111	1
104	112	0
104	113	0
104	114	0
104	115	1
104	116	1
104	117	0
104	118	0
104	119	0
104	120	1
104	121	1
104	122	0
104	123	1
104	124	1
104	125	1
104	126	0
104	127	1
104	128	0
104	129	1
104	130	0
104	131	0
104	132	0
104	133	1
104	134	1
104	135	0
104	136	1
104	137	1
104	138	0
104	139	0
104	140	1
105	106	1
105	107	0
105	108	1
105	109	0
105	110	1
105	111	0
105	112	1
105	113	1
105	114	0
105	115	0
105	116	0
105	117	0
105	118	1
105	119	1
105	120	0
105	121	0
105	122	0
105	123	1
105	124	0
105	125	1
105	126	1
105	127	1
105	128	1
105	129	1
105	130	1
105	131	0
105	132	0
105	133	1
105	134	0
105	135	0
105	136	0
105	137	1
105	138	1
105	139	0
105	140	1
106	107	0
106	108	0
106	109	0
106	110	0
106	111	0
106	112	0
106	113	0
106	114	1
106	115	0
106	116	0
106	117	1
106	118	1
106	119	0
106	120	1
106	121	1
106	122	0
106	123	0
106	124	0
106	125	1
106	126	0
106	127	0
106	128	0
106	129	1
106	130	1
106	131	1
106	132	1
106	133	0
106	134	0
106	135	0
106	136	1
106	137	0
106	138	0
106	139	0
106	140	1
107	108	0
107	109	1
107	110	1
107	111	1
107	112	0
107	113	1
107	114	1
107	115	1
107	116	1
107	117	1
107	118	0
107	119	0
107	120	1
107	121	0
107	122	0
107	123	1
107	124	1
107	125	0
107	126	0
107	127	0
107	128	0
107	129	1
107	130	0
107	131	0
107	132	1
107	133	0
107	134	0
107	135	0
107	136	1
107	137	1
107	138	0
107	139	0
107	140	1
108	109	1
108	110	0
108	111	1
108	112	1
108	113	1
108	114	1
108	115	0
108	116	1
108	117	0
108	118	0
108	119	1
108	120	1
108	121	0
108	122	0
108	123	0
108	124	1
108	125	1
108	126	1
108	127	0
108	128	0
108	129	0
108	130	1
108	131	1
108	132	1
108	133	1
108	134	1
108	135	1
108	136	1
108	137	0
108	138	1
108	139	0
108	140	1
109	110	1
109	111	0
109	112	0
109	113	0
109	114	0
109	115	1
109	116	0
109	117	0
109	118	0
109	119	0
109	120	1
109	121	0
109	122	0
109	123	0
109	124	1
109	125	0
109	126	1
109	127	1
109	128	1
109	129	0
109	130	1
109	131	0
109	132	1
109	133	0
109	134	0
109	135	0
109	136	0
109	137	0
109	138	1
109	139	1
109	140	1
110	111	0
110	112	1
110	113	0
110	114	0
110	115	1
110	116	1
110	117	0
110	118	1
110	119	0
110	120	0
110	121	0
110	122	1
110	123	1
110	124	0
110	125	1
110	126	1
110	127	1
110	128	0
110	129	0
110	130	0
110	131	0
110	132	1
110	133	0
110	134	1
110	135	1
110	136	1
110	137	1
110	138	1
110	139	0
110	140	0
111	112	0
111	113	1
111	114	0
111	115	0
111	116	1
111	117	1
111	118	0
111	119	0
111	120	1
111	121	1
111	122	1
111	123	0
111	124	1
111	125	0
111	126	1
111	127	1
111	128	0
111	129	1
111	130	1
111	131	0
111	132	0
111	133	1
111	134	0
111	135	0
111	136	1
111	137	1
111	138	1
111	139	1
111	140	1
112	113	1
112	114	0
112	115	1
112	116	1
112	117	0
112	118	1
112	119	1
112	120	1
112	121	0
112	122	0
112	123	1
112	124	0
112	125	0
112	126	1
112	127	0
112	128	0
112	129	0
112	130	0
112	131	1
112	132	0
112	133	0
112	134	1
112	135	1
112	136	0
112	137	0
112	138	1
112	139	1
112	140	1
113	114	0
113	115	1
113	116	0
113	117	1
113	118	0
113	119	0
113	120	0
113	121	0
113	122	1
113	123	1
113	124	0
113	125	1
113	126	0
113	127	1
113	128	1
113	129	0
113	130	1
113	131	1
113	132	1
113	133	1
113	134	0
113	135	1
113	136	1
113	137	0
113	138	0
113	139	0
113	140	0
114	115	0
114	116	0
114	117	0
114	118	1
114	119	1
114	120	1
114	121	0
114	122	0
114	123	0
114	124	1
114	125	1
114	126	0
114	127	1
114	128	1
114	129	1
114	130	0
114	131	0
114	132	0
114	133	0
114	134	1
114	135	0
114	136	1
114	137	0
114	138	0
114	139	0
114	140	0
115	116	1
115	117	0
115	118	1
115	119	1
115	120	1
115	121	1
115	122	0
115	123	1
115	124	0
115	125	0
115	126	0
115	127	1
115	128	1
115	129	1
115	130	0
115	131	1
115	132	0
115	133	0
115	134	0
115	135	0
115	136	1
115	137	0
115	138	1
115	139	0
115	140	1
116	117	0
116	118	1
116	119	1
116	120	0
116	121	0
116	122	1
116	123	0
116	124	1
116	125	1
116	126	0
116	127	0
116	128	0
116	129	0
116	130	0
116	131	1
116	132	0
116	133	0
116	134	1
116	135	1
116	136	1
116	137	0
116	138	1
116	139	0
116	140	1
117	118	1
117	119	0
117	120	0
117	121	0
117	122	1
117	123	1
117	124	0
117	125	0
117	126	0
117	127	1
117	128	1
117	129	1
117	130	1
117	131	0
117	132	1
117	133	0
117	134	1
117	135	1
117	136	1
117	137	1
117	138	1
117	139	1
117	140	0
118	119	0
118	120	1
118	121	0
118	122	1
118	123	0
118	124	0
118	125	1
118	126	1
118	127	1
118	128	0
118	129	0
118	130	1
118	131	1
118	132	1
118	133	1
118	134	0
118	135	0
118	136	1
118	137	0
118	138	0
118	139	0
118	140	1
119	120	0
119	121	0
119	122	0
119	123	1
119	124	1
119	125	0
119	126	0
119	127	0
119	128	0
119	129	1
119	130	1
119	131	0
119	132	1
119	133	1
119	134	0
119	135	0
119	136	1
119	137	1
119	138	0
119	139	1
119	140	0
120	121	0
120	122	1
120	123	1
120	124	1
120	125	0
120	126	0
120	127	0
120	128	0
120	129	0
120	130	0
120	131	1
120	132	1
120	133	0
120	134	0
120	135	1
120	136	1
120	137	0
120	138	1
120	139	0
120	140	1
121	122	1
121	123	0
121	124	0
121	125	1
121	126	0
121	127	1
121	128	0
121	129	1
121	130	1
121	131	0
121	132	0
121	133	1
121	134	1
121	135	0
121	136	1
121	137	1
121	138	0
121	139	0
121	140	1
122	123	0
122	124	0
122	125	1
122	126	1
122	127	0
122	128	0
122	129	1
122	130	1
122	131	0
122	132	0
122	133	0
122	134	0
122	135	0
122	136	0
122	137	0
122	138	0
122	139	0
122	140	1
123	124	0
123	125	1
123	126	1
123	127	0
123	128	0
123	129	1
123	130	1
123	131	1
123	132	0
123	133	1
123	134	1
123	135	1
123	136	0
123	137	1
123	138	0
123	139	1
123	140	1
124	125	0
124	126	0
124	127	0
124	128	1
124	129	0
124	130	0
124	131	0
124	132	1
124	133	1
124	134	1
124	135	0
124	136	0
124	137	1
124	138	1
124	139	1
124	140	1
125	126	1
125	127	1
125	128	1
125	129	1
125	130	1
125	131	1
125	132	1
125	133	0
125	134	0
125	135	0
125	136	1
125	137	1
125	138	1
125	139	1
125	140	1
126	127	0
126	128	0
126	129	0
126	130	0
126	131	0
126	132	0
126	133	0
126	134	0
126	135	0
126	136	0
126	137	1
126	138	0
126	139	0
126	140	0
127	128	0
127	129	1
127	130	1
127	131	0
127	132	1
127	133	0
127	134	0
127	135	0
127	136	1
127	137	1
127	138	0
127	139	0
127	140	1
128	129	1
128	130	1
128	131	0
128	132	1
128	133	0
128	134	1
128	135	0
128	136	0
128	137	0
128	138	1
128	139	1
128	140	1
129	130	1
129	131	0
129	132	0
129	133	1
129	134	1
129	135	1
129	136	1
129	137	1
129	138	0
129	139	1
129	140	1
130	131	0
130	132	1
130	133	0
130	134	1
130	135	1
130	136	1
130	137	1
130	138	1
130	139	1
130	140	1
131	132	0
131	133	0
131	134	1
131	135	0
131	136	0
131	137	1
131	138	0
131	139	0
131	140	1
132	133	1
132	134	0
132	135	0
132	136	1
132	137	0
132	138	1
132	139	1
132	140	1
133	134	0
133	135	0
133	136	0
133	137	1
133	138	0
133	139	0
133	140	1
134	135	1
134	136	0
134	137	1
134	138	0
134	139	1
134	140	1
135	136	1
135	137	1
135	138	0
135	139	0
135	140	0
136	137	0
136	138	1
136	139	1
136	140	0
137	138	1
137	139	1
137	140	1
138	139	0
138	140	1
139	140	0
