140	9730	0
1	2	1
1	3	0
1	4	1
1	5	1
1	6	0
1	7	1
1	8	0
1	9	1
1	10	0
1	11	0
1	12	1
1	13	0
1	14	1
1	15	0
1	16	1
1	17	1
1	18	1
1	19	0
1	20	0
1	21	1
1	22	1
1	23	1
1	24	0
1	25	0
1	26	0
1	27	1
1	28	0
1	29	0
1	30	0
1	31	1
1	32	0
1	33	1
1	34	1
1	35	1
1	36	0
1	37	0
1	38	0
1	39	0
1	40	1
1	41	0
1	42	0
1	43	1
1	44	1
1	45	1
1	46	0
1	47	1
1	48	0
1	49	1
1	50	1
1	51	1
1	52	0
1	53	0
1	54	1
1	55	0
1	56	0
1	57	0
1	58	1
1	59	1
1	60	0
1	61	0
1	62	1
1	63	0
1	64	0
1	65	1
1	66	0
1	67	0
1	68	1
1	69	1
1	70	0
1	71	0
1	72	1
1	73	0
1	74	0
1	75	0
1	76	0
1	77	0
1	78	1
1	79	0
1	80	0
1	81	0
1	82	0
1	83	1
1	84	0
1	85	1
1	86	0
1	87	0
1	88	1
1	89	1
1	90	1
1	91	1
1	92	0
1	93	1
1	94	1
1	95	0
1	96	0
1	97	0
1	98	1
1	99	1
1	100	1
1	101	1
1	102	1
1	103	0
1	104	0
1	105	1
1	106	1
1	107	1
1	108	1
1	109	0
1	110	1
1	111	0
1	112	0
1	113	0
1	114	0
1	115	1
1	116	0
1	117	0
1	118	1
1	119	0
1	120	1
1	121	0
1	122	1
1	123	1
1	124	1
1	125	1
1	126	0
1	127	1
1	128	1
1	129	0
1	130	0
1	131	0
1	132	1
1	133	0
1	134	0
1	135	1
1	136	1
1	137	1
1	138	0
1	139	0
1	140	0
2	3	1
2	4	1
2	5	1
2	6	0
2	7	0
2	8	0
2	9	1
2	10	0
2	11	1
2	12	1
2	13	1
2	14	0
2	15	1
2	16	1
2	17	1
2	18	1
2	19	1
2	20	0
2	21	1
2	22	0
2	23	1
2	24	1
2	25	0
2	26	1
2	27	0
2	28	0
2	29	1
2	30	1
2	31	1
2	32	1
2	33	0
2	34	1
2	35	1
2	36	0
2	37	0
2	38	1
2	39	0
2	40	1
2	41	1
2	42	1
2	43	1
2	44	0
2	45	1
2	46	0
2	47	0
2	48	1
2	49	1
2	50	0
2	51	0
2	52	1
2	53	1
2	54	1
2	55	1
2	56	1
2	57	1
2	58	1
2	59	0
2	60	0
2	61	0
2	62	0
2	63	0
2	64	1
2	65	1
2	66	0
2	67	0
2	68	0
2	69	1
2	70	1
2	71	0
2	72	0
2	73	0
2	74	1
2	75	1
2	76	1
2	77	1
2	78	1
2	79	1
2	80	1
2	81	0
2	82	1
2	83	0
2	84	1
2	85	0
2	86	1
2	87	1
2	88	0
2	89	0
2	90	1
2	91	0
2	92	0
2	93	0
2	94	1
2	95	0
2	96	1
2	97	1
2	98	1
2	99	1
2	100	1
2	101	1
2	102	0
2	103	0
2	104	0
2	105	0
2	106	1
2	107	1
2	108	0
2	109	1
2	110	1
2	111	1
2	112	0
2	113	1
2	114	1
2	115	1
2	116	1
2	117	1
2	118	0
2	119	0
2	120	0
2	121	1
2	122	0
2	123	1
2	124	0
2	125	0
2	126	1
2	127	0
2	128	1
2	129	1
2	130	1
2	131	1
2	132	0
2	133	0
2	134	1
2	135	0
2	136	0
2	137	1
2	138	0
2	139	1
2	140	1
3	4	1
3	5	0
3	6	0
3	7	1
3	8	0
3	9	0
3	10	0
3	11	0
3	12	0
3	13	1
3	14	0
3	15	0
3	16	0
3	17	1
3	18	0
3	19	1
3	20	1
3	21	0
3	22	0
3	23	0
3	24	0
3	25	1
3	26	1
3	27	1
3	28	1
3	29	0
3	30	0
3	31	1
3	32	1
3	33	1
3	34	1
3	35	0
3	36	0
3	37	1
3	38	1
3	39	1
3	40	1
3	41	0
3	42	0
3	43	1
3	44	0
3	45	0
3	46	1
3	47	1
3	48	1
3	49	0
3	50	1
3	51	1
3	52	0
3	53	1
3	54	0
3	55	0
3	56	1
3	57	0
3	58	0
3	59	1
3	60	1
3	61	0
3	62	1
3	63	1
3	64	0
3	65	0
3	66	0
3	67	1
3	68	0
3	69	0
3	70	0
3	71	0
3	72	1
3	73	1
3	74	0
3	75	1
3	76	0
3	77	0
3	78	0
3	79	1
3	80	0
3	81	1
3	82	1
3	83	1
3	84	1
3	85	0
3	86	0
3	87	0
3	88	1
3	89	1
3	90	0
3	91	1
3	92	1
3	93	0
3	94	1
3	95	1
3	96	1
3	97	1
3	98	1
3	99	1
3	100	0
3	101	0
3	102	0
3	103	0
3	104	1
3	105	1
3	106	1
3	107	1
3	108	1
3	109	0
3	110	0
3	111	0
3	112	1
3	113	0
3	114	1
3	115	0
3	116	1
3	117	1
3	118	1
3	119	1
3	120	1
3	121	0
3	122	0
3	123	0
3	124	1
3	125	0
3	126	0
3	127	1
3	128	0
3	129	0
3	130	1
3	131	1
3	132	1
3	133	1
3	134	0
3	135	1
3	136	0
3	137	1
3	138	0
3	139	0
3	140	0
4	5	0
4	6	1
4	7	0
4	8	0
4	9	0
4	10	1
4	11	1
4	12	0
4	13	1
4	14	1
4	15	1
4	16	0
4	17	1
4	18	0
4	19	1
4	20	0
4	21	1
4	22	0
4	23	1
4	24	0
4	25	0
4	26	1
4	27	1
4	28	1
4	29	1
4	30	1
4	31	0
4	32	0
4	33	0
4	34	1
4	35	1
4	36	1
4	37	0
4	38	1
4	39	0
4	40	1
4	41	0
4	42	0
4	43	0
4	44	1
4	45	1
4	46	1
4	47	0
4	48	0
4	49	0
4	50	0
4	51	0
4	52	1
4	53	0
4	54	0
4	55	1
4	56	0
4	57	1
4	58	1
4	59	0
4	60	0
4	61	1
4	62	0
4	63	0
4	64	1
4	65	0
4	66	1
4	67	0
4	68	0
4	69	1
4	70	0
4	71	0
4	72	0
4	73	1
4	74	0
4	75	1
4	76	1
4	77	0
4	78	1
4	79	0
4	80	0
4	81	1
4	82	1
4	83	0
4	84	1
4	85	1
4	86	1
4	87	1
4	88	1
4	89	0
4	90	0
4	91	0
4	92	0
4	93	1
4	94	0
4	95	0
4	96	1
4	97	0
4	98	1
4	99	0
4	100	1
4	101	1
4	102	1
4	103	0
4	104	1
4	105	1
4	106	1
4	107	1
4	108	1
4	109	0
4	110	1
4	111	1
4	112	1
4	113	0
4	114	0
4	115	0
4	116	0
4	117	0
4	118	0
4	119	0
4	120	1
4	121	1
4	122	1
4	123	0
4	124	0
4	125	1
4	126	1
4	127	0
4	128	0
4	129	0
4	130	1
4	131	1
4	132	1
4	133	1
4	134	1
4	135	1
4	136	1
4	137	0
4	138	1
4	139	0
4	140	0
5	6	1
5	7	0
5	8	0
5	9	1
5	10	1
5	11	0
5	12	0
5	13	0
5	14	0
5	15	0
5	16	1
5	17	0
5	18	0
5	19	0
5	20	1
5	21	0
5	22	0
5	23	0
5	24	0
5	25	0
5	26	0
5	27	1
5	28	0
5	29	0
5	30	0
5	31	0
5	32	0
5	33	1
5	34	0
5	35	0
5	36	1
5	37	0
5	38	0
5	39	1
5	40	0
5	41	1
5	42	1
5	43	0
5	44	1
5	45	1
5	46	1
5	47	1
5	48	1
5	49	0
5	50	0
5	51	0
5	52	1
5	53	1
5	54	0
5	55	0
5	56	0
5	57	1
5	58	1
5	59	0
5	60	0
5	61	0
5	62	1
5	63	0
5	64	0
5	65	1
5	66	0
5	67	1
5	68	0
5	69	0
5	70	1
5	71	1
5	72	1
5	73	0
5	74	1
5	75	1
5	76	0
5	77	0
5	78	0
5	79	1
5	80	0
5	81	0
5	82	1
5	83	1
5	84	1
5	85	1
5	86	0
5	87	0
5	88	1
5	89	0
5	90	1
5	91	1
5	92	0
5	93	1
5	94	1
5	95	0
5	96	1
5	97	0
5	98	0
5	99	1
5	100	1
5	101	1
5	102	0
5	103	1
5	104	1
5	105	0
5	106	0
5	107	1
5	108	0
5	109	0
5	110	0
5	111	0
5	112	0
5	113	1
5	114	0
5	115	1
5	116	1
5	117	0
5	118	1
5	119	1
5	120	1
5	121	1
5	122	0
5	123	0
5	124	0
5	125	0
5	126	0
5	127	0
5	128	1
5	129	0
5	130	0
5	131	0
5	132	1
5	133	1
5	134	1
5	135	1
5	136	1
5	137	1
5	138	1
5	139	0
5	140	1
6	7	0
6	8	0
6	9	1
6	10	1
6	11	1
6	12	0
6	13	0
6	14	0
6	15	0
6	16	0
6	17	0
6	18	0
6	19	0
6	20	0
6	21	1
6	22	0
6	23	0
6	24	1
6	25	1
6	26	1
6	27	0
6	28	0
6	29	1
6	30	1
6	31	0
6	32	1
6	33	0
6	34	0
6	35	0
6	36	1
6	37	0
6	38	0
6	39	0
6	40	1
6	41	0
6	42	1
6	43	1
6	44	0
6	45	1
6	46	1
6	47	0
6	48	1
6	49	1
6	50	0
6	51	0
6	52	0
6	53	1
6	54	1
6	55	1
6	56	0
6	57	1
6	58	0
6	59	0
6	60	1
6	61	1
6	62	0
6	63	1
6	64	0
6	65	0
6	66	1
6	67	0
6	68	0
6	69	1
6	70	0
6	71	0
6	72	0
6	73	0
6	74	1
6	75	0
6	76	0
6	77	0
6	78	0
6	79	1
6	80	0
6	81	0
6	82	0
6	83	1
6	84	0
6	85	0
6	86	1
6	87	1
6	88	0
6	89	1
6	90	0
6	91	0
6	92	1
6	93	1
6	94	1
6	95	0
6	96	1
6	97	1
6	98	1
6	99	0
6	100	1
6	101	0
6	102	0
6	103	0
6	104	1
6	105	0
6	106	0
6	107	1
6	108	1
6	109	1
6	110	0
6	111	1
6	112	0
6	113	0
6	114	1
6	115	1
6	116	0
6	117	0
6	118	0
6	119	0
6	120	0
6	121	0
6	122	0
6	123	1
6	124	0
6	125	0
6	126	0
6	127	1
6	128	1
6	129	1
6	130	0
6	131	1
6	132	0
6	133	0
6	134	1
6	135	1
6	136	0
6	137	1
6	138	0
6	139	0
6	140	1
7	8	1
7	9	1
7	10	0
7	11	0
7	12	0
7	13	0
7	14	0
7	15	0
7	16	1
7	17	1
7	18	0
7	19	1
7	20	1
7	21	1
7	22	0
7	23	0
7	24	0
7	25	0
7	26	1
7	27	1
7	28	1
7	29	0
7	30	1
7	31	1
7	32	1
7	33	0
7	34	0
7	35	1
7	36	1
7	37	0
7	38	1
7	39	1
7	40	1
7	41	1
7	42	0
7	43	0
7	44	1
7	45	0
7	46	0
7	47	1
7	48	0
7	49	1
7	50	1
7	51	1
7	52	1
7	53	0
7	54	0
7	55	1
7	56	1
7	57	0
7	58	1
7	59	1
7	60	1
7	61	0
7	62	1
7	63	1
7	64	1
7	65	1
7	66	0
7	67	1
7	68	0
7	69	0
7	70	1
7	71	0
7	72	1
7	73	0
7	74	1
7	75	0
7	76	0
7	77	0
7	78	1
7	79	0
7	80	0
7	81	1
7	82	0
7	83	1
7	84	1
7	85	1
7	86	0
7	87	0
7	88	0
7	89	1
7	90	1
7	91	1
7	92	1
7	93	0
7	94	0
7	95	0
7	96	0
7	97	0
7	98	0
7	99	0
7	100	1
7	101	1
7	102	0
7	103	1
7	104	1
7	105	1
7	106	1
7	107	0
7	108	1
7	109	0
7	110	0
7	111	0
7	112	0
7	113	1
7	114	1
7	115	1
7	116	1
7	117	1
7	118	0
7	119	1
7	120	0
7	121	1
7	122	0
7	123	1
7	124	0
7	125	1
7	126	0
7	127	1
7	128	1
7	129	0
7	130	1
7	131	0
7	132	1
7	133	0
7	134	1
7	135	0
7	136	1
7	137	0
7	138	1
7	139	1
7	140	0
8	9	0
8	10	0
8	11	1
8	12	1
8	13	0
8	14	1
8	15	1
8	16	0
8	17	1
8	18	1
8	19	0
8	20	0
8	21	0
8	22	0
8	23	0
8	24	1
8	25	1
8	26	0
8	27	0
8	28	1
8	29	0
8	30	1
8	31	0
8	32	1
8	33	1
8	34	0
8	35	0
8	36	0
8	37	0
8	38	1
8	39	1
8	40	0
8	41	1
8	42	0
8	43	0
8	44	0
8	45	1
8	46	1
8	47	0
8	48	0
8	49	0
8	50	0
8	51	1
8	52	1
8	53	1
8	54	1
8	55	1
8	56	0
8	57	0
8	58	1
8	59	0
8	60	0
8	61	0
8	62	0
8	63	1
8	64	1
8	65	0
8	66	0
8	67	0
8	68	1
8	69	0
8	70	1
8	71	1
8	72	0
8	73	1
8	74	1
8	75	1
8	76	0
8	77	1
8	78	1
8	79	1
8	80	0
8	81	0
8	82	0
8	83	0
8	84	1
8	85	0
8	86	1
8	87	0
8	88	1
8	89	1
8	90	1
8	91	0
8	92	1
8	93	0
8	94	1
8	95	0
8	96	1
8	97	0
8	98	1
8	99	1
8	100	1
8	101	0
8	102	0
8	103	1
8	104	1
8	105	1
8	106	0
8	107	0
8	108	1
8	109	0
8	110	0
8	111	1
8	112	0
8	113	1
8	114	0
8	115	0
8	116	0
8	117	1
8	118	0
8	119	1
8	120	0
8	121	0
8	122	1
8	123	0
8	124	0
8	125	1
8	126	0
8	127	1
8	128	1
8	129	1
8	130	1
8	131	0
8	132	1
8	133	1
8	134	1
8	135	1
8	136	1
8	137	1
8	138	1
8	139	1
8	140	1
9	10	0
9	11	1
9	12	1
9	13	0
9	14	1
9	15	1
9	16	0
9	17	0
9	18	0
9	19	1
9	20	1
9	21	1
9	22	1
9	23	0
9	24	0
9	25	1
9	26	1
9	27	1
9	28	1
9	29	0
9	30	0
9	31	1
9	32	1
9	33	1
9	34	1
9	35	0
9	36	0
9	37	1
9	38	1
9	39	1
9	40	1
9	41	0
9	42	0
9	43	1
9	44	1
9	45	0
9	46	0
9	47	1
9	48	1
9	49	1
9	50	1
9	51	1
9	52	0
9	53	0
9	54	1
9	55	0
9	56	1
9	57	0
9	58	1
9	59	0
9	60	0
9	61	0
9	62	0
9	63	0
9	64	0
9	65	0
9	66	0
9	67	0
9	68	0
9	69	1
9	70	1
9	71	0
9	72	0
9	73	0
9	74	1
9	75	1
9	76	1
9	77	0
9	78	1
9	79	1
9	80	1
9	81	1
9	82	0
9	83	0
9	84	1
9	85	0
9	86	1
9	87	0
9	88	0
9	89	0
9	90	1
9	91	1
9	92	1
9	93	1
9	94	1
9	95	1
9	96	1
9	97	1
9	98	1
9	99	1
9	100	1
9	101	1
9	102	1
9	103	0
9	104	1
9	105	1
9	106	1
9	107	0
9	108	1
9	109	1
9	110	1
9	111	0
9	112	0
9	113	0
9	114	0
9	115	1
9	116	1
9	117	0
9	118	1
9	119	0
9	120	1
9	121	0
9	122	0
9	123	0
9	124	0
9	125	1
9	126	0
9	127	1
9	128	0
9	129	1
9	130	1
9	131	0
9	132	1
9	133	0
9	134	0
9	135	1
9	136	0
9	137	0
9	138	1
9	139	1
9	140	1
10	11	1
10	12	0
10	13	1
10	14	1
10	15	1
10	16	1
10	17	1
10	18	1
10	19	0
10	20	0
10	21	0
10	22	1
10	23	1
10	24	1
10	25	1
10	26	1
10	27	0
10	28	1
10	29	1
10	30	1
10	31	0
10	32	0
10	33	1
10	34	1
10	35	1
10	36	0
10	37	0
10	38	0
10	39	0
10	40	0
10	41	1
10	42	0
10	43	1
10	44	0
10	45	1
10	46	1
10	47	1
10	48	0
10	49	0
10	50	0
10	51	1
10	52	0
10	53	1
10	54	1
10	55	1
10	56	1
10	57	0
10	58	0
10	59	1
10	60	0
10	61	1
10	62	0
10	63	0
10	64	1
10	65	1
10	66	1
10	67	1
10	68	0
10	69	1
10	70	1
10	71	0
10	72	1
10	73	0
10	74	1
10	75	0
10	76	1
10	77	1
10	78	1
10	79	1
10	80	1
10	81	1
10	82	0
10	83	0
10	84	1
10	85	0
10	86	1
10	87	0
10	88	1
10	89	0
10	90	1
10	91	1
10	92	0
10	93	1
10	94	1
10	95	1
10	96	0
10	97	1
10	98	0
10	99	1
10	100	0
10	101	0
10	102	0
10	103	1
10	104	1
10	105	0
10	106	0
10	107	0
10	108	0
10	109	1
10	110	0
10	111	0
10	112	0
10	113	0
10	114	0
10	115	0
10	116	1
10	117	0
10	118	1
10	119	0
10	120	0
10	121	1
10	122	0
10	123	1
10	124	0
10	125	0
10	126	1
10	127	1
10	128	0
10	129	1
10	130	1
10	131	1
10	132	0
10	133	0
10	134	0
10	135	0
10	136	1
10	137	0
10	138	0
10	139	1
10	140	0
11	12	1
11	13	1
11	14	1
11	15	1
11	16	0
11	17	0
11	18	0
11	19	1
11	20	0
11	21	1
11	22	0
11	23	1
11	24	1
11	25	0
11	26	1
11	27	0
11	28	0
11	29	1
11	30	1
11	31	0
11	32	0
11	33	0
11	34	1
11	35	0
11	36	0
11	37	0
11	38	0
11	39	0
11	40	1
11	41	0
11	42	1
11	43	1
11	44	0
11	45	1
11	46	0
11	47	0
11	48	0
11	49	1
11	50	0
11	51	0
11	52	0
11	53	0
11	54	1
11	55	0
11	56	0
11	57	1
11	58	1
11	59	0
11	60	1
11	61	1
11	62	1
11	63	1
11	64	1
11	65	1
11	66	1
11	67	1
11	68	1
11	69	1
11	70	0
11	71	1
11	72	1
11	73	0
11	74	1
11	75	1
11	76	1
11	77	0
11	78	1
11	79	1
11	80	1
11	81	0
11	82	0
11	83	0
11	84	1
11	85	1
11	86	0
11	87	0
11	88	1
11	89	1
11	90	1
11	91	1
11	92	0
11	93	1
11	94	0
11	95	1
11	96	0
11	97	0
11	98	1
11	99	0
11	100	1
11	101	0
11	102	1
11	103	1
11	104	0
11	105	0
11	106	0
11	107	0
11	108	0
11	109	1
11	110	1
11	111	1
11	112	1
11	113	1
11	114	0
11	115	0
11	116	0
11	117	0
11	118	1
11	119	1
11	120	0
11	121	0
11	122	0
11	123	1
11	124	0
11	125	1
11	126	0
11	127	1
11	128	1
11	129	0
11	130	0
11	131	1
11	132	0
11	133	0
11	134	1
11	135	0
11	136	0
11	137	1
11	138	1
11	139	1
11	140	1
12	13	1
12	14	0
12	15	1
12	16	1
12	17	0
12	18	1
12	19	1
12	20	0
12	21	1
12	22	0
12	23	1
12	24	0
12	25	0
12	26	1
12	27	0
12	28	0
12	29	1
12	30	0
12	31	0
12	32	0
12	33	0
12	34	0
12	35	0
12	36	1
12	37	0
12	38	0
12	39	0
12	40	1
12	41	0
12	42	0
12	43	0
12	44	1
12	45	1
12	46	1
12	47	0
12	48	0
12	49	0
12	50	1
12	51	0
12	52	1
12	53	1
12	54	0
12	55	0
12	56	0
12	57	1
12	58	1
12	59	1
12	60	0
12	61	0
12	62	1
12	63	1
12	64	1
12	65	1
12	66	0
12	67	1
12	68	1
12	69	1
12	70	0
12	71	0
12	72	1
12	73	0
12	74	0
12	75	1
12	76	1
12	77	0
12	78	0
12	79	0
12	80	1
12	81	0
12	82	1
12	83	1
12	84	0
12	85	0
12	86	0
12	87	0
12	88	0
12	89	0
12	90	1
12	91	0
12	92	0
12	93	1
12	94	1
12	95	1
12	96	1
12	97	0
12	98	0
12	99	0
12	100	1
12	101	0
12	102	0
12	103	1
12	104	1
12	105	1
12	106	0
12	107	1
12	108	0
12	109	0
12	110	0
12	111	0
12	112	1
12	113	1
12	114	1
12	115	1
12	116	0
12	117	1
12	118	1
12	119	1
12	120	0
12	121	1
12	122	1
12	123	0
12	124	1
12	125	1
12	126	0
12	127	1
12	128	1
12	129	1
12	130	0
12	131	1
12	132	1
12	133	1
12	134	0
12	135	0
12	136	1
12	137	1
12	138	0
12	139	1
12	140	0
13	14	1
13	15	1
13	16	0
13	17	0
13	18	1
13	19	0
13	20	1
13	21	1
13	22	0
13	23	1
13	24	0
13	25	1
13	26	0
13	27	0
13	28	1
13	29	1
13	30	1
13	31	0
13	32	1
13	33	0
13	34	0
13	35	0
13	36	0
13	37	0
13	38	0
13	39	0
13	40	0
13	41	1
13	42	0
13	43	1
13	44	1
13	45	0
13	46	1
13	47	1
13	48	1
13	49	1
13	50	0
13	51	0
13	52	1
13	53	1
13	54	0
13	55	1
13	56	1
13	57	1
13	58	1
13	59	1
13	60	1
13	61	1
13	62	1
13	63	0
13	64	1
13	65	1
13	66	0
13	67	0
13	68	1
13	69	0
13	70	1
13	71	0
13	72	1
13	73	0
13	74	1
13	75	0
13	76	1
13	77	1
13	78	0
13	79	0
13	80	0
13	81	0
13	82	1
13	83	0
13	84	1
13	85	0
13	86	0
13	87	1
13	88	0
13	89	1
13	90	0
13	91	1
13	92	0
13	93	1
13	94	1
13	95	1
13	96	0
13	97	1
13	98	0
13	99	1
13	100	0
13	101	1
13	102	0
13	103	0
13	104	0
13	105	1
13	106	1
13	107	1
13	108	1
13	109	1
13	110	1
13	111	0
13	112	0
13	113	0
13	114	1
13	115	1
13	116	0
13	117	1
13	118	1
13	119	0
13	120	0
13	121	0
13	122	1
13	123	1
13	124	1
13	125	0
13	126	0
13	127	0
13	128	0
13	129	1
13	130	0
13	131	0
13	132	0
13	133	0
13	134	1
13	135	0
13	136	0
13	137	1
13	138	1
13	139	0
13	140	1
14	15	1
14	16	1
14	17	1
14	18	0
14	19	0
14	20	1
14	21	1
14	22	1
14	23	1
14	24	1
14	25	1
14	26	0
14	27	0
14	28	0
14	29	0
14	30	1
14	31	1
14	32	1
14	33	1
14	34	0
14	35	1
14	36	0
14	37	0
14	38	1
14	39	1
14	40	1
14	41	0
14	42	0
14	43	0
14	44	0
14	45	0
14	46	0
14	47	1
14	48	1
14	49	0
14	50	0
14	51	1
14	52	0
14	53	1
14	54	0
14	55	0
14	56	0
14	57	0
14	58	1
14	59	0
14	60	1
14	61	0
14	62	1
14	63	0
14	64	0
14	65	1
14	66	1
14	67	1
14	68	1
14	69	0
14	70	0
14	71	1
14	72	1
14	73	0
14	74	0
14	75	0
14	76	1
14	77	1
14	78	1
14	79	1
14	80	0
14	81	0
14	82	0
14	83	1
14	84	0
14	85	1
14	86	1
14	87	1
14	88	0
14	89	0
14	90	0
14	91	1
14	92	1
14	93	0
14	94	1
14	95	0
14	96	1
14	97	0
14	98	0
14	99	1
14	100	1
14	101	1
14	102	1
14	103	1
14	104	1
14	105	1
14	106	0
14	107	0
14	108	0
14	109	1
14	110	0
14	111	1
14	112	0
14	113	0
14	114	1
14	115	0
14	116	1
14	117	0
14	118	1
14	119	0
14	120	1
14	121	1
14	122	1
14	123	0
14	124	1
14	125	1
14	126	1
14	127	0
14	128	1
14	129	0
14	130	0
14	131	1
14	132	0
14	133	1
14	134	1
14	135	1
14	136	0
14	137	0
14	138	1
14	139	1
14	140	1
15	16	0
15	17	1
15	18	1
15	19	0
15	20	0
15	21	1
15	22	1
15	23	1
15	24	0
15	25	1
15	26	1
15	27	1
15	28	1
15	29	0
15	30	1
15	31	1
15	32	1
15	33	0
15	34	1
15	35	1
15	36	1
15	37	1
15	38	0
15	39	0
15	40	1
15	41	1
15	42	1
15	43	1
15	44	1
15	45	0
15	46	0
15	47	0
15	48	0
15	49	0
15	50	1
15	51	1
15	52	0
15	53	1
15	54	0
15	55	1
15	56	1
15	57	1
15	58	0
15	59	0
15	60	0
15	61	1
15	62	0
15	63	1
15	64	1
15	65	1
15	66	0
15	67	0
15	68	1
15	69	0
15	70	0
15	71	1
15	72	0
15	73	0
15	74	1
15	75	0
15	76	1
15	77	0
15	78	1
15	79	0
15	80	0
15	81	0
15	82	0
15	83	1
15	84	1
15	85	0
15	86	0
15	87	0
15	88	0
15	89	1
15	90	1
15	91	0
15	92	1
15	93	0
15	94	1
15	95	0
15	96	0
15	97	0
15	98	1
15	99	1
15	100	1
15	101	0
15	102	1
15	103	1
15	104	0
15	105	1
15	106	0
15	107	1
15	108	1
15	109	0
15	110	0
15	111	0
15	112	1
15	113	0
15	114	1
15	115	0
15	116	0
15	117	0
15	118	1
15	119	1
15	120	1
15	121	0
15	122	0
15	123	0
15	124	0
15	125	1
15	126	1
15	127	1
15	128	0
15	129	0
15	130	0
15	131	0
15	132	1
15	133	1
15	134	0
15	135	0
15	136	1
15	137	0
15	138	1
15	139	0
15	140	1
16	17	1
16	18	0
16	19	0
16	20	0
16	21	1
16	22	0
16	23	0
16	24	1
16	25	0
16	26	0
16	27	1
16	28	1
16	29	1
16	30	1
16	31	0
16	32	0
16	33	1
16	34	0
16	35	1
16	36	0
16	37	0
16	38	0
16	39	1
16	40	1
16	41	1
16	42	1
16	43	0
16	44	1
16	45	1
16	46	0
16	47	0
16	48	1
16	49	0
16	50	1
16	51	1
16	52	1
16	53	1
16	54	0
16	55	1
16	56	1
16	57	0
16	58	0
16	59	1
16	60	0
16	61	0
16	62	0
16	63	1
16	64	0
16	65	0
16	66	1
16	67	0
16	68	1
16	69	0
16	70	0
16	71	0
16	72	1
16	73	0
16	74	1
16	75	1
16	76	0
16	77	0
16	78	1
16	79	0
16	80	1
16	81	0
16	82	0
16	83	0
16	84	1
16	85	1
16	86	0
16	87	1
16	88	0
16	89	0
16	90	0
16	91	0
16	92	1
16	93	0
16	94	1
16	95	1
16	96	1
16	97	1
16	98	1
16	99	1
16	100	0
16	101	0
16	102	0
16	103	0
16	104	1
16	105	1
16	106	1
16	107	0
16	108	1
16	109	1
16	110	1
16	111	0
16	112	1
16	113	1
16	114	1
16	115	1
16	116	1
16	117	0
16	118	0
16	119	0
16	120	0
16	121	0
16	122	1
16	123	0
16	124	0
16	125	0
16	126	1
16	127	0
16	128	1
16	129	0
16	130	0
16	131	0
16	132	0
16	133	0
16	134	0
16	135	0
16	136	1
16	137	0
16	138	0
16	139	1
16	140	0
17	18	0
17	19	1
17	20	1
17	21	0
17	22	1
17	23	0
17	24	1
17	25	1
17	26	0
17	27	0
17	28	0
17	29	1
17	30	1
17	31	0
17	32	0
17	33	0
17	34	0
17	35	0
17	36	0
17	37	0
17	38	0
17	39	1
17	40	0
17	41	0
17	42	0
17	43	0
17	44	1
17	45	0
17	46	0
17	47	0
17	48	1
17	49	0
17	50	1
17	51	0
17	52	1
17	53	0
17	54	1
17	55	0
17	56	1
17	57	0
17	58	1
17	59	0
17	60	1
17	61	1
17	62	0
17	63	1
17	64	1
17	65	0
17	66	1
17	67	0
17	68	1
17	69	0
17	70	1
17	71	1
17	72	1
17	73	0
17	74	0
17	75	0
17	76	1
17	77	0
17	78	1
17	79	0
17	80	1
17	81	1
17	82	0
17	83	1
17	84	1
17	85	0
17	86	1
17	87	1
17	88	1
17	89	1
17	90	1
17	91	1
17	92	1
17	93	0
17	94	1
17	95	1
17	96	1
17	97	0
17	98	0
17	99	0
17	100	0
17	101	0
17	102	1
17	103	1
17	104	0
17	105	1
17	106	1
17	107	0
17	108	1
17	109	1
17	110	0
17	111	0
17	112	1
17	113	1
17	114	1
17	115	0
17	116	1
17	117	1
17	118	0
17	119	1
17	120	0
17	121	0
17	122	1
17	123	1
17	124	1
17	125	0
17	126	0
17	127	1
17	128	0
17	129	0
17	130	1
17	131	1
17	132	1
17	133	0
17	134	0
17	135	1
17	136	1
17	137	0
17	138	1
17	139	1
17	140	1
18	19	1
18	20	0
18	21	1
18	22	1
18	23	1
18	24	0
18	25	0
18	26	0
18	27	0
18	28	0
18	29	1
18	30	1
18	31	0
18	32	0
18	33	0
18	34	0
18	35	1
18	36	0
18	37	1
18	38	0
18	39	0
18	40	0
18	41	0
18	42	0
18	43	1
18	44	1
18	45	0
18	46	1
18	47	0
18	48	1
18	49	0
18	50	1
18	51	1
18	52	0
18	53	0
18	54	1
18	55	1
18	56	1
18	57	1
18	58	0
18	59	1
18	60	1
18	61	0
18	62	1
18	63	0
18	64	1
18	65	1
18	66	0
18	67	1
18	68	1
18	69	1
18	70	1
18	71	0
18	72	1
18	73	1
18	74	1
18	75	1
18	76	1
18	77	1
18	78	0
18	79	0
18	80	1
18	81	1
18	82	1
18	83	1
18	84	1
18	85	0
18	86	0
18	87	1
18	88	0
18	89	1
18	90	1
18	91	1
18	92	1
18	93	1
18	94	1
18	95	1
18	96	0
18	97	0
18	98	0
18	99	0
18	100	0
18	101	0
18	102	1
18	103	1
18	104	0
18	105	0
18	106	0
18	107	0
18	108	1
18	109	0
18	110	0
18	111	1
18	112	0
18	113	0
18	114	0
18	115	1
18	116	0
18	117	0
18	118	1
18	119	1
18	120	1
18	121	1
18	122	0
18	123	1
18	124	1
18	125	1
18	126	1
18	127	0
18	128	0
18	129	1
18	130	0
18	131	0
18	132	0
18	133	1
18	134	1
18	135	1
18	136	0
18	137	0
18	138	0
18	139	1
18	140	1
19	20	1
19	21	0
19	22	0
19	23	1
19	24	0
19	25	1
19	26	0
19	27	0
19	28	1
19	29	1
19	30	0
19	31	0
19	32	0
19	33	0
19	34	1
19	35	1
19	36	0
19	37	1
19	38	0
19	39	1
19	40	0
19	41	1
19	42	0
19	43	0
19	44	0
19	45	0
19	46	0
19	47	0
19	48	0
19	49	1
19	50	0
19	51	1
19	52	1
19	53	0
19	54	0
19	55	0
19	56	1
19	57	0
19	58	0
19	59	1
19	60	0
19	61	1
19	62	1
19	63	0
19	64	1
19	65	1
19	66	1
19	67	1
19	68	1
19	69	0
19	70	1
19	71	1
19	72	1
19	73	0
19	74	0
19	75	1
19	76	0
19	77	1
19	78	1
19	79	0
19	80	0
19	81	0
19	82	0
19	83	0
19	84	1
19	85	0
19	86	1
19	87	1
19	88	0
19	89	1
19	90	0
19	91	1
19	92	1
19	93	0
19	94	1
19	95	1
19	96	0
19	97	0
19	98	0
19	99	1
19	100	0
19	101	1
19	102	0
19	103	0
19	104	1
19	105	1
19	106	1
19	107	0
19	108	1
19	109	1
19	110	1
19	111	1
19	112	0
19	113	0
19	114	0
19	115	1
19	116	1
19	117	1
19	118	0
19	119	0
19	120	0
19	121	0
19	122	0
19	123	0
19	124	0
19	125	1
19	126	0
19	127	0
19	128	1
19	129	1
19	130	0
19	131	0
19	132	0
19	133	0
19	134	0
19	135	1
19	136	0
19	137	0
19	138	0
19	139	0
19	140	0
20	21	1
20	22	1
20	23	1
20	24	0
20	25	1
20	26	1
20	27	1
20	28	0
20	29	0
20	30	1
20	31	1
20	32	0
20	33	1
20	34	0
20	35	0
20	36	0
20	37	1
20	38	1
20	39	1
20	40	1
20	41	0
20	42	0
20	43	1
20	44	0
20	45	1
20	46	1
20	47	1
20	48	0
20	49	1
20	50	0
20	51	1
20	52	0
20	53	1
20	54	1
20	55	0
20	56	1
20	57	1
20	58	0
20	59	0
20	60	0
20	61	0
20	62	0
20	63	1
20	64	0
20	65	1
20	66	0
20	67	0
20	68	0
20	69	1
20	70	1
20	71	0
20	72	1
20	73	1
20	74	1
20	75	1
20	76	0
20	77	0
20	78	1
20	79	1
20	80	0
20	81	0
20	82	0
20	83	0
20	84	1
20	85	1
20	86	1
20	87	0
20	88	1
20	89	0
20	90	1
20	91	0
20	92	1
20	93	1
20	94	0
20	95	0
20	96	0
20	97	0
20	98	1
20	99	0
20	100	0
20	101	0
20	102	1
20	103	0
20	104	0
20	105	0
20	106	1
20	107	1
20	108	1
20	109	1
20	110	1
20	111	1
20	112	0
20	113	0
20	114	0
20	115	1
20	116	0
20	117	1
20	118	1
20	119	0
20	120	1
20	121	1
20	122	1
20	123	0
20	124	1
20	125	0
20	126	1
20	127	1
20	128	0
20	129	0
20	130	1
20	131	0
20	132	1
20	133	1
20	134	1
20	135	1
20	136	1
20	137	1
20	138	0
20	139	0
20	140	0
21	22	0
21	23	0
21	24	0
21	25	1
21	26	1
21	27	1
21	28	1
21	29	1
21	30	1
21	31	1
21	32	0
21	33	0
21	34	1
21	35	1
21	36	0
21	37	0
21	38	0
21	39	1
21	40	0
21	41	0
21	42	1
21	43	0
21	44	0
21	45	1
21	46	1
21	47	1
21	48	1
21	49	1
21	50	1
21	51	0
21	52	1
21	53	1
21	54	0
21	55	0
21	56	1
21	57	0
21	58	0
21	59	0
21	60	0
21	61	1
21	62	1
21	63	0
21	64	1
21	65	1
21	66	0
21	67	0
21	68	1
21	69	0
21	70	0
21	71	0
21	72	0
21	73	1
21	74	0
21	75	1
21	76	0
21	77	1
21	78	1
21	79	1
21	80	1
21	81	1
21	82	0
21	83	0
21	84	0
21	85	0
21	86	0
21	87	1
21	88	0
21	89	1
21	90	1
21	91	1
21	92	0
21	93	0
21	94	1
21	95	1
21	96	1
21	97	1
21	98	0
21	99	0
21	100	0
21	101	0
21	102	0
21	103	0
21	104	0
21	105	1
21	106	0
21	107	1
21	108	0
21	109	1
21	110	0
21	111	0
21	112	1
21	113	0
21	114	0
21	115	0
21	116	0
21	117	0
21	118	1
21	119	1
21	120	0
21	121	1
21	122	1
21	123	1
21	124	0
21	125	1
21	126	0
21	127	1
21	128	1
21	129	0
21	130	0
21	131	0
21	132	0
21	133	1
21	134	0
21	135	1
21	136	0
21	137	0
21	138	0
21	139	1
21	140	1
22	23	0
22	24	1
22	25	0
22	26	1
22	27	0
22	28	1
22	29	0
22	30	1
22	31	0
22	32	1
22	33	1
22	34	1
22	35	0
22	36	0
22	37	0
22	38	0
22	39	0
22	40	1
22	41	0
22	42	0
22	43	0
22	44	1
22	45	0
22	46	1
22	47	0
22	48	1
22	49	0
22	50	1
22	51	0
22	52	1
22	53	1
22	54	1
22	55	1
22	56	1
22	57	0
22	58	1
22	59	1
22	60	0
22	61	1
22	62	0
22	63	0
22	64	0
22	65	0
22	66	0
22	67	1
22	68	0
22	69	1
22	70	1
22	71	1
22	72	0
22	73	0
22	74	1
22	75	1
22	76	0
22	77	1
22	78	0
22	79	0
22	80	0
22	81	1
22	82	0
22	83	0
22	84	0
22	85	0
22	86	1
22	87	1
22	88	1
22	89	1
22	90	0
22	91	1
22	92	1
22	93	0
22	94	1
22	95	1
22	96	0
22	97	0
22	98	0
22	99	0
22	100	0
22	101	1
22	102	1
22	103	0
22	104	0
22	105	0
22	106	1
22	107	0
22	108	0
22	109	0
22	110	0
22	111	0
22	112	0
22	113	0
22	114	1
22	115	1
22	116	1
22	117	1
22	118	1
22	119	1
22	120	0
22	121	0
22	122	1
22	123	1
22	124	1
22	125	1
22	126	0
22	127	1
22	128	0
22	129	1
22	130	1
22	131	1
22	132	0
22	133	0
22	134	0
22	135	1
22	136	1
22	137	0
22	138	0
22	139	1
22	140	0
23	24	0
23	25	1
23	26	0
23	27	1
23	28	1
23	29	0
23	30	0
23	31	0
23	32	1
23	33	1
23	34	0
23	35	1
23	36	1
23	37	1
23	38	0
23	39	0
23	40	0
23	41	1
23	42	1
23	43	1
23	44	1
23	45	1
23	46	1
23	47	1
23	48	1
23	49	1
23	50	1
23	51	0
23	52	1
23	53	1
23	54	1
23	55	1
23	56	1
23	57	1
23	58	0
23	59	0
23	60	0
23	61	1
23	62	0
23	63	0
23	64	1
23	65	0
23	66	1
23	67	1
23	68	0
23	69	1
23	70	1
23	71	1
23	72	1
23	73	0
23	74	0
23	75	1
23	76	1
23	77	0
23	78	1
23	79	0
23	80	0
23	81	1
23	82	0
23	83	1
23	84	1
23	85	1
23	86	0
23	87	1
23	88	0
23	89	1
23	90	1
23	91	0
23	92	0
23	93	1
23	94	0
23	95	0
23	96	0
23	97	1
23	98	1
23	99	1
23	100	1
23	101	1
23	102	0
23	103	1
23	104	0
23	105	0
23	106	0
23	107	1
23	108	0
23	109	1
23	110	0
23	111	1
23	112	0
23	113	0
23	114	0
23	115	0
23	116	0
23	117	1
23	118	0
23	119	0
23	120	1
23	121	0
23	122	0
23	123	1
23	124	1
23	125	0
23	126	0
23	127	1
23	128	1
23	129	0
23	130	0
23	131	0
23	132	0
23	133	1
23	134	0
23	135	0
23	136	1
23	137	1
23	138	1
23	139	0
23	140	1
24	25	0
24	26	0
24	27	1
24	28	1
24	29	0
24	30	0
24	31	1
24	32	1
24	33	1
24	34	1
24	35	0
24	36	0
24	37	0
24	38	1
24	39	0
24	40	0
24	41	0
24	42	1
24	43	0
24	44	0
24	45	1
24	46	1
24	47	1
24	48	1
24	49	0
24	50	0
24	51	1
24	52	1
24	53	1
24	54	1
24	55	0
24	56	1
24	57	0
24	58	0
24	59	0
24	60	0
24	61	1
24	62	1
24	63	1
24	64	1
24	65	1
24	66	1
24	67	0
24	68	1
24	69	0
24	70	0
24	71	1
24	72	1
24	73	0
24	74	0
24	75	0
24	76	1
24	77	0
24	78	1
24	79	1
24	80	1
24	81	1
24	82	1
24	83	1
24	84	0
24	85	0
24	86	0
24	87	0
24	88	1
24	89	0
24	90	0
24	91	1
24	92	0
24	93	1
24	94	0
24	95	0
24	96	0
24	97	0
24	98	1
24	99	0
24	100	0
24	101	0
24	102	0
24	103	1
24	104	0
24	105	0
24	106	1
24	107	1
24	108	0
24	109	0
24	110	1
24	111	0
24	112	0
24	113	0
24	114	1
24	115	1
24	116	1
24	117	0
24	118	0
24	119	1
24	120	1
24	121	1
24	122	1
24	123	0
24	124	1
24	125	0
24	126	0
24	127	1
24	128	1
24	129	1
24	130	1
24	131	0
24	132	0
24	133	1
24	134	0
24	135	0
24	136	1
24	137	1
24	138	1
24	139	1
24	140	0
25	26	0
25	27	1
25	28	0
25	29	1
25	30	1
25	31	0
25	32	1
25	33	1
25	34	0
25	35	1
25	36	0
25	37	1
25	38	1
25	39	0
25	40	1
25	41	0
25	42	0
25	43	1
25	44	0
25	45	1
25	46	1
25	47	0
25	48	0
25	49	1
25	50	1
25	51	0
25	52	1
25	53	1
25	54	1
25	55	1
25	56	0
25	57	0
25	58	0
25	59	1
25	60	1
25	61	0
25	62	1
25	63	1
25	64	1
25	65	0
25	66	0
25	67	0
25	68	1
25	69	1
25	70	1
25	71	1
25	72	0
25	73	1
25	74	0
25	75	1
25	76	1
25	77	1
25	78	1
25	79	0
25	80	0
25	81	1
25	82	0
25	83	0
25	84	0
25	85	1
25	86	0
25	87	1
25	88	0
25	89	1
25	90	0
25	91	1
25	92	0
25	93	1
25	94	0
25	95	0
25	96	1
25	97	1
25	98	1
25	99	1
25	100	1
25	101	1
25	102	0
25	103	0
25	104	1
25	105	0
25	106	0
25	107	0
25	108	0
25	109	0
25	110	1
25	111	0
25	112	0
25	113	0
25	114	0
25	115	0
25	116	1
25	117	1
25	118	1
25	119	1
25	120	0
25	121	1
25	122	0
25	123	0
25	124	1
25	125	0
25	126	0
25	127	0
25	128	1
25	129	1
25	130	0
25	131	0
25	132	0
25	133	0
25	134	1
25	135	0
25	136	0
25	137	1
25	138	0
25	139	1
25	140	1
26	27	0
26	28	1
26	29	0
26	30	1
26	31	0
26	32	1
26	33	1
26	34	1
26	35	0
26	36	1
26	37	0
26	38	0
26	39	0
26	40	0
26	41	1
26	42	1
26	43	1
26	44	0
26	45	1
26	46	0
26	47	0
26	48	0
26	49	1
26	50	0
26	51	1
26	52	0
26	53	0
26	54	0
26	55	0
26	56	0
26	57	0
26	58	0
26	59	0
26	60	1
26	61	1
26	62	0
26	63	1
26	64	0
26	65	0
26	66	1
26	67	1
26	68	0
26	69	1
26	70	1
26	71	1
26	72	1
26	73	0
26	74	0
26	75	0
26	76	1
26	77	0
26	78	0
26	79	1
26	80	1
26	81	1
26	82	0
26	83	1
26	84	1
26	85	1
26	86	0
26	87	1
26	88	1
26	89	1
26	90	1
26	91	1
26	92	1
26	93	0
26	94	1
26	95	0
26	96	1
26	97	0
26	98	1
26	99	0
26	100	0
26	101	1
26	102	1
26	103	1
26	104	1
26	105	0
26	106	0
26	107	0
26	108	0
26	109	0
26	110	1
26	111	1
26	112	1
26	113	1
26	114	0
26	115	1
26	116	0
26	117	0
26	118	0
26	119	1
26	120	0
26	121	1
26	122	1
26	123	0
26	124	1
26	125	1
26	126	1
26	127	0
26	128	0
26	129	1
26	130	0
26	131	0
26	132	0
26	133	0
26	134	1
26	135	0
26	136	0
26	137	1
26	138	1
26	139	1
26	140	1
27	28	0
27	29	0
27	30	0
27	31	1
27	32	1
27	33	1
27	34	0
27	35	1
27	36	1
27	37	0
27	38	0
27	39	0
27	40	1
27	41	1
27	42	1
27	43	1
27	44	1
27	45	0
27	46	0
27	47	0
27	48	1
27	49	0
27	50	0
27	51	1
27	52	1
27	53	1
27	54	0
27	55	0
27	56	0
27	57	0
27	58	0
27	59	0
27	60	1
27	61	0
27	62	1
27	63	0
27	64	0
27	65	0
27	66	1
27	67	0
27	68	1
27	69	0
27	70	0
27	71	0
27	72	0
27	73	0
27	74	1
27	75	1
27	76	0
27	77	1
27	78	0
27	79	0
27	80	0
27	81	0
27	82	0
27	83	0
27	84	0
27	85	0
27	86	0
27	87	0
27	88	0
27	89	0
27	90	1
27	91	0
27	92	0
27	93	0
27	94	0
27	95	0
27	96	0
27	97	1
27	98	0
27	99	0
27	100	0
27	101	0
27	102	0
27	103	1
27	104	1
27	105	0
27	106	0
27	107	0
27	108	1
27	109	1
27	110	0
27	111	0
27	112	1
27	113	1
27	114	1
27	115	1
27	116	1
27	117	0
27	118	1
27	119	1
27	120	1
27	121	1
27	122	1
27	123	0
27	124	0
27	125	0
27	126	0
27	127	0
27	128	1
27	129	1
27	130	0
27	131	1
27	132	1
27	133	1
27	134	1
27	135	1
27	136	1
27	137	0
27	138	0
27	139	1
27	140	0
28	29	1
28	30	0
28	31	0
28	32	1
28	33	1
28	34	0
28	35	0
28	36	1
28	37	0
28	38	0
28	39	0
28	40	1
28	41	1
28	42	0
28	43	1
28	44	0
28	45	0
28	46	1
28	47	1
28	48	0
28	49	0
28	50	1
28	51	0
28	52	1
28	53	0
28	54	0
28	55	1
28	56	1
28	57	1
28	58	0
28	59	0
28	60	1
28	61	1
28	62	1
28	63	0
28	64	1
28	65	0
28	66	0
28	67	1
28	68	1
28	69	1
28	70	1
28	71	1
28	72	0
28	73	0
28	74	1
28	75	1
28	76	0
28	77	1
28	78	1
28	79	1
28	80	1
28	81	0
28	82	1
28	83	1
28	84	1
28	85	1
28	86	1
28	87	0
28	88	0
28	89	1
28	90	1
28	91	0
28	92	0
28	93	0
28	94	1
28	95	0
28	96	0
28	97	1
28	98	0
28	99	0
28	100	1
28	101	0
28	102	0
28	103	0
28	104	1
28	105	0
28	106	0
28	107	1
28	108	0
28	109	1
28	110	1
28	111	1
28	112	0
28	113	0
28	114	0
28	115	1
28	116	0
28	117	0
28	118	0
28	119	1
28	120	1
28	121	1
28	122	1
28	123	1
28	124	0
28	125	0
28	126	0
28	127	0
28	128	1
28	129	1
28	130	0
28	131	1
28	132	0
28	133	1
28	134	0
28	135	0
28	136	1
28	137	0
28	138	1
28	139	1
28	140	0
29	30	0
29	31	0
29	32	0
29	33	0
29	34	1
29	35	1
29	36	0
29	37	1
29	38	0
29	39	1
29	40	1
29	41	0
29	42	1
29	43	0
29	44	1
29	45	0
29	46	1
29	47	0
29	48	1
29	49	0
29	50	0
29	51	1
29	52	1
29	53	1
29	54	0
29	55	0
29	56	1
29	57	0
29	58	0
29	59	1
29	60	1
29	61	1
29	62	0
29	63	1
29	64	1
29	65	1
29	66	0
29	67	1
29	68	1
29	69	0
29	70	1
29	71	0
29	72	1
29	73	1
29	74	0
29	75	1
29	76	1
29	77	1
29	78	1
29	79	1
29	80	0
29	81	0
29	82	1
29	83	0
29	84	1
29	85	0
29	86	1
29	87	1
29	88	0
29	89	0
29	90	1
29	91	0
29	92	0
29	93	1
29	94	0
29	95	1
29	96	1
29	97	1
29	98	1
29	99	0
29	100	0
29	101	1
29	102	1
29	103	0
29	104	1
29	105	0
29	106	1
29	107	0
29	108	0
29	109	1
29	110	1
29	111	0
29	112	0
29	113	0
29	114	0
29	115	0
29	116	1
29	117	0
29	118	1
29	119	1
29	120	0
29	121	0
29	122	1
29	123	1
29	124	1
29	125	0
29	126	0
29	127	0
29	128	1
29	129	1
29	130	1
29	131	1
29	132	1
29	133	0
29	134	1
29	135	0
29	136	0
29	137	1
29	138	1
29	139	1
29	140	1
30	31	1
30	32	0
30	33	0
30	34	0
30	35	0
30	36	1
30	37	0
30	38	0
30	39	0
30	40	0
30	41	0
30	42	1
30	43	0
30	44	1
30	45	1
30	46	1
30	47	0
30	48	1
30	49	1
30	50	1
30	51	1
30	52	1
30	53	0
30	54	1
30	55	0
30	56	1
30	57	0
30	58	0
30	59	1
30	60	0
30	61	1
30	62	1
30	63	1
30	64	0
30	65	0
30	66	0
30	67	0
30	68	0
30	69	0
30	70	0
30	71	0
30	72	1
30	73	1
30	74	0
30	75	1
30	76	0
30	77	0
30	78	1
30	79	1
30	80	1
30	81	0
30	82	0
30	83	0
30	84	1
30	85	0
30	86	0
30	87	0
30	88	0
30	89	1
30	90	0
30	91	1
30	92	1
30	93	1
30	94	0
30	95	0
30	96	1
30	97	1
30	98	1
30	99	0
30	100	1
30	101	1
30	102	1
30	103	1
30	104	0
30	105	1
30	106	1
30	107	0
30	108	0
30	109	1
30	110	1
30	111	0
30	112	0
30	113	1
30	114	0
30	115	0
30	116	1
30	117	1
30	118	0
30	119	1
30	120	1
30	121	1
30	122	1
30	123	1
30	124	0
30	125	0
30	126	0
30	127	0
30	128	0
30	129	0
30	130	0
30	131	1
30	132	0
30	133	1
30	134	1
30	135	0
30	136	0
30	137	1
30	138	0
30	139	0
30	140	0
31	32	1
31	33	0
31	34	1
31	35	0
31	36	1
31	37	0
31	38	1
31	39	1
31	40	1
31	41	1
31	42	1
31	43	1
31	44	1
31	45	0
31	46	1
31	47	0
31	48	1
31	49	0
31	50	0
31	51	1
31	52	1
31	53	0
31	54	0
31	55	1
31	56	0
31	57	0
31	58	0
31	59	0
31	60	1
31	61	1
31	62	0
31	63	1
31	64	0
31	65	1
31	66	1
31	67	1
31	68	1
31	69	1
31	70	0
31	71	1
31	72	0
31	73	0
31	74	1
31	75	0
31	76	0
31	77	0
31	78	0
31	79	1
31	80	0
31	81	1
31	82	1
31	83	1
31	84	0
31	85	1
31	86	0
31	87	1
31	88	1
31	89	1
31	90	0
31	91	1
31	92	0
31	93	1
31	94	1
31	95	1
31	96	0
31	97	1
31	98	0
31	99	1
31	100	0
31	101	1
31	102	1
31	103	1
31	104	1
31	105	1
31	106	0
31	107	1
31	108	0
31	109	0
31	110	1
31	111	0
31	112	1
31	113	1
31	114	1
31	115	0
31	116	1
31	117	1
31	118	1
31	119	0
31	120	1
31	121	0
31	122	0
31	123	0
31	124	1
31	125	1
31	126	1
31	127	0
31	128	1
31	129	1
31	130	1
31	131	0
31	132	0
31	133	0
31	134	0
31	135	1
31	136	0
31	137	0
31	138	1
31	139	1
31	140	1
32	33	0
32	34	0
32	35	0
32	36	0
32	37	1
32	38	1
32	39	1
32	40	0
32	41	0
32	42	1
32	43	0
32	44	0
32	45	1
32	46	0
32	47	0
32	48	1
32	49	1
32	50	0
32	51	1
32	52	1
32	53	0
32	54	0
32	55	0
32	56	1
32	57	1
32	58	0
32	59	1
32	60	1
32	61	0
32	62	1
32	63	0
32	64	1
32	65	0
32	66	0
32	67	0
32	68	0
32	69	1
32	70	0
32	71	0
32	72	1
32	73	1
32	74	1
32	75	0
32	76	1
32	77	0
32	78	1
32	79	1
32	80	1
32	81	1
32	82	1
32	83	0
32	84	1
32	85	0
32	86	1
32	87	1
32	88	0
32	89	1
32	90	1
32	91	1
32	92	1
32	93	0
32	94	0
32	95	1
32	96	0
32	97	1
32	98	1
32	99	1
32	100	1
32	101	0
32	102	1
32	103	1
32	104	1
32	105	1
32	106	0
32	107	0
32	108	0
32	109	0
32	110	1
32	111	0
32	112	1
32	113	1
32	114	0
32	115	1
32	116	0
32	117	1
32	118	1
32	119	0
32	120	1
32	121	0
32	122	0
32	123	0
32	124	1
32	125	0
32	126	1
32	127	1
32	128	0
32	129	0
32	130	0
32	131	0
32	132	1
32	133	0
32	134	0
32	135	1
32	136	1
32	137	1
32	138	0
32	139	0
32	140	1
33	34	1
33	35	1
33	36	0
33	37	1
33	38	1
33	39	1
33	40	0
33	41	0
33	42	1
33	43	1
33	44	1
33	45	0
33	46	0
33	47	0
33	48	1
33	49	1
33	50	0
33	51	0
33	52	0
33	53	0
33	54	1
33	55	0
33	56	1
33	57	1
33	58	0
33	59	0
33	60	0
33	61	1
33	62	0
33	63	1
33	64	1
33	65	1
33	66	0
33	67	1
33	68	0
33	69	1
33	70	0
33	71	0
33	72	0
33	73	1
33	74	0
33	75	1
33	76	1
33	77	1
33	78	0
33	79	0
33	80	1
33	81	0
33	82	0
33	83	1
33	84	0
33	85	1
33	86	0
33	87	1
33	88	0
33	89	1
33	90	1
33	91	1
33	92	1
33	93	1
33	94	0
33	95	0
33	96	1
33	97	0
33	98	0
33	99	1
33	100	0
33	101	1
33	102	1
33	103	1
33	104	0
33	105	1
33	106	0
33	107	1
33	108	1
33	109	0
33	110	0
33	111	1
33	112	0
33	113	1
33	114	0
33	115	0
33	116	1
33	117	1
33	118	0
33	119	1
33	120	0
33	121	1
33	122	0
33	123	1
33	124	0
33	125	1
33	126	1
33	127	1
33	128	0
33	129	0
33	130	1
33	131	1
33	132	1
33	133	0
33	134	0
33	135	1
33	136	1
33	137	1
33	138	0
33	139	0
33	140	1
34	35	1
34	36	0
34	37	0
34	38	1
34	39	1
34	40	0
34	41	0
34	42	1
34	43	1
34	44	0
34	45	0
34	46	1
34	47	0
34	48	1
34	49	0
34	50	1
34	51	1
34	52	1
34	53	0
34	54	1
34	55	0
34	56	0
34	57	1
34	58	0
34	59	1
34	60	0
34	61	0
34	62	0
34	63	0
34	64	0
34	65	0
34	66	1
34	67	1
34	68	1
34	69	0
34	70	1
34	71	0
34	72	1
34	73	0
34	74	1
34	75	1
34	76	0
34	77	0
34	78	0
34	79	1
34	80	1
34	81	1
34	82	1
34	83	1
34	84	1
34	85	1
34	86	1
34	87	1
34	88	0
34	89	0
34	90	0
34	91	0
34	92	1
34	93	0
34	94	1
34	95	1
34	96	0
34	97	1
34	98	0
34	99	0
34	100	1
34	101	1
34	102	1
34	103	0
34	104	0
34	105	1
34	106	1
34	107	1
34	108	1
34	109	0
34	110	1
34	111	0
34	112	0
34	113	0
34	114	0
34	115	1
34	116	0
34	117	0
34	118	0
34	119	1
34	120	1
34	121	1
34	122	0
34	123	1
34	124	1
34	125	1
34	126	0
34	127	1
34	128	1
34	129	1
34	130	1
34	131	1
34	132	1
34	133	1
34	134	1
34	135	1
34	136	0
34	137	0
34	138	1
34	139	0
34	140	0
35	36	1
35	37	1
35	38	0
35	39	1
35	40	1
35	41	1
35	42	0
35	43	1
35	44	1
35	45	1
35	46	1
35	47	1
35	48	0
35	49	1
35	50	1
35	51	1
35	52	0
35	53	0
35	54	0
35	55	0
35	56	0
35	57	1
35	58	0
35	59	0
35	60	1
35	61	0
35	62	1
35	63	0
35	64	0
35	65	0
35	66	0
35	67	0
35	68	1
35	69	1
35	70	0
35	71	1
35	72	0
35	73	0
35	74	1
35	75	0
35	76	1
35	77	1
35	78	0
35	79	0
35	80	1
35	81	0
35	82	1
35	83	0
35	84	1
35	85	0
35	86	1
35	87	0
35	88	1
35	89	0
35	90	1
35	91	1
35	92	0
35	93	1
35	94	1
35	95	1
35	96	1
35	97	1
35	98	1
35	99	0
35	100	1
35	101	0
35	102	0
35	103	1
35	104	1
35	105	1
35	106	0
35	107	0
35	108	0
35	109	0
35	110	1
35	111	1
35	112	1
35	113	1
35	114	1
35	115	1
35	116	0
35	117	1
35	118	0
35	119	1
35	120	0
35	121	0
35	122	0
35	123	1
35	124	0
35	125	0
35	126	0
35	127	0
35	128	1
35	129	1
35	130	0
35	131	0
35	132	0
35	133	0
35	134	0
35	135	0
35	136	1
35	137	1
35	138	1
35	139	1
35	140	1
36	37	0
36	38	1
36	39	0
36	40	1
36	41	0
36	42	0
36	43	1
36	44	1
36	45	1
36	46	1
36	47	1
36	48	1
36	49	1
36	50	1
36	51	0
36	52	1
36	53	0
36	54	0
36	55	0
36	56	1
36	57	0
36	58	1
36	59	1
36	60	0
36	61	1
36	62	1
36	63	1
36	64	0
36	65	0
36	66	0
36	67	0
36	68	1
36	69	1
36	70	0
36	71	1
36	72	1
36	73	0
36	74	1
36	75	1
36	76	1
36	77	0
36	78	1
36	79	0
36	80	0
36	81	0
36	82	0
36	83	0
36	84	1
36	85	0
36	86	0
36	87	1
36	88	0
36	89	0
36	90	0
36	91	0
36	92	1
36	93	1
36	94	1
36	95	1
36	96	0
36	97	1
36	98	1
36	99	1
36	100	1
36	101	0
36	102	0
36	103	1
36	104	0
36	105	1
36	106	0
36	107	1
36	108	0
36	109	1
36	110	1
36	111	1
36	112	0
36	113	1
36	114	0
36	115	0
36	116	0
36	117	0
36	118	1
36	119	0
36	120	0
36	121	0
36	122	0
36	123	0
36	124	1
36	125	0
36	126	1
36	127	1
36	128	1
36	129	1
36	130	0
36	131	1
36	132	0
36	133	1
36	134	0
36	135	0
36	136	1
36	137	0
36	138	1
36	139	1
36	140	1
37	38	1
37	39	1
37	40	0
37	41	1
37	42	1
37	43	1
37	44	1
37	45	0
37	46	0
37	47	1
37	48	0
37	49	0
37	50	1
37	51	1
37	52	0
37	53	0
37	54	0
37	55	1
37	56	0
37	57	1
37	58	1
37	59	1
37	60	0
37	61	1
37	62	0
37	63	1
37	64	1
37	65	1
37	66	1
37	67	0
37	68	0
37	69	1
37	70	1
37	71	1
37	72	0
37	73	0
37	74	0
37	75	0
37	76	1
37	77	0
37	78	1
37	79	1
37	80	1
37	81	1
37	82	0
37	83	0
37	84	0
37	85	0
37	86	0
37	87	0
37	88	1
37	89	1
37	90	1
37	91	0
37	92	0
37	93	1
37	94	0
37	95	0
37	96	0
37	97	0
37	98	1
37	99	0
37	100	1
37	101	0
37	102	1
37	103	1
37	104	1
37	105	1
37	106	1
37	107	0
37	108	0
37	109	0
37	110	0
37	111	0
37	112	0
37	113	1
37	114	1
37	115	0
37	116	1
37	117	1
37	118	0
37	119	0
37	120	1
37	121	1
37	122	1
37	123	1
37	124	1
37	125	1
37	126	0
37	127	0
37	128	1
37	129	1
37	130	0
37	131	0
37	132	1
37	133	1
37	134	0
37	135	0
37	136	0
37	137	0
37	138	0
37	139	0
37	140	1
38	39	1
38	40	1
38	41	0
38	42	1
38	43	1
38	44	1
38	45	1
38	46	1
38	47	0
38	48	1
38	49	1
38	50	1
38	51	1
38	52	0
38	53	1
38	54	0
38	55	1
38	56	0
38	57	0
38	58	0
38	59	1
38	60	1
38	61	1
38	62	0
38	63	0
38	64	1
38	65	1
38	66	0
38	67	0
38	68	0
38	69	1
38	70	0
38	71	1
38	72	1
38	73	1
38	74	1
38	75	1
38	76	1
38	77	1
38	78	1
38	79	1
38	80	0
38	81	0
38	82	1
38	83	0
38	84	1
38	85	0
38	86	1
38	87	0
38	88	1
38	89	1
38	90	1
38	91	0
38	92	1
38	93	0
38	94	0
38	95	1
38	96	1
38	97	0
38	98	0
38	99	1
38	100	0
38	101	0
38	102	1
38	103	0
38	104	1
38	105	1
38	106	0
38	107	0
38	108	0
38	109	1
38	110	1
38	111	0
38	112	1
38	113	0
38	114	1
38	115	1
38	116	1
38	117	1
38	118	0
38	119	0
38	120	0
38	121	0
38	122	1
38	123	0
38	124	0
38	125	1
38	126	0
38	127	1
38	128	0
38	129	0
38	130	1
38	131	1
38	132	0
38	133	1
38	134	1
38	135	1
38	136	0
38	137	0
38	138	0
38	139	0
38	140	1
39	40	1
39	41	0
39	42	0
39	43	0
39	44	0
39	45	1
39	46	1
39	47	1
39	48	0
39	49	0
39	50	1
39	51	0
39	52	0
39	53	1
39	54	0
39	55	0
39	56	0
39	57	0
39	58	0
39	59	1
39	60	0
39	61	0
39	62	1
39	63	1
39	64	0
39	65	0
39	66	1
39	67	1
39	68	1
39	69	0
39	70	0
39	71	0
39	72	1
39	73	0
39	74	0
39	75	0
39	76	1
39	77	1
39	78	1
39	79	1
39	80	1
39	81	1
39	82	1
39	83	0
39	84	1
39	85	1
39	86	0
39	87	1
39	88	0
39	89	0
39	90	1
39	91	1
39	92	0
39	93	1
39	94	1
39	95	1
39	96	1
39	97	0
39	98	1
39	99	0
39	100	1
39	101	1
39	102	0
39	103	0
39	104	0
39	105	1
39	106	0
39	107	1
39	108	1
39	109	0
39	110	0
39	111	1
39	112	1
39	113	0
39	114	1
39	115	0
39	116	1
39	117	0
39	118	1
39	119	0
39	120	1
39	121	0
39	122	0
39	123	1
39	124	0
39	125	0
39	126	0
39	127	0
39	128	1
39	129	1
39	130	0
39	131	0
39	132	1
39	133	1
39	134	1
39	135	0
39	136	1
39	137	0
39	138	0
39	139	0
39	140	0
40	41	1
40	42	1
40	43	1
40	44	0
40	45	1
40	46	1
40	47	0
40	48	0
40	49	0
40	50	1
40	51	1
40	52	1
40	53	0
40	54	1
40	55	0
40	56	0
40	57	1
40	58	1
40	59	0
40	60	0
40	61	1
40	62	0
40	63	0
40	64	1
40	65	1
40	66	0
40	67	1
40	68	0
40	69	0
40	70	1
40	71	1
40	72	1
40	73	1
40	74	1
40	75	0
40	76	0
40	77	1
40	78	0
40	79	1
40	80	0
40	81	0
40	82	0
40	83	0
40	84	0
40	85	1
40	86	0
40	87	0
40	88	1
40	89	0
40	90	0
40	91	1
40	92	1
40	93	1
40	94	0
40	95	0
40	96	1
40	97	0
40	98	0
40	99	0
40	100	0
40	101	0
40	102	1
40	103	1
40	104	1
40	105	0
40	106	0
40	107	0
40	108	0
40	109	1
40	110	0
40	111	1
40	112	1
40	113	1
40	114	0
40	115	0
40	116	0
40	117	0
40	118	1
40	119	0
40	120	1
40	121	1
40	122	1
40	123	0
40	124	0
40	125	1
40	126	0
40	127	0
40	128	1
40	129	1
40	130	0
40	131	1
40	132	1
40	133	0
40	134	0
40	135	0
40	136	0
40	137	1
40	138	1
40	139	1
40	140	1
41	42	1
41	43	0
41	44	0
41	45	0
41	46	0
41	47	1
41	48	1
41	49	0
41	50	0
41	51	1
41	52	1
41	53	1
41	54	1
41	55	0
41	56	0
41	57	0
41	58	0
41	59	1
41	60	0
41	61	0
41	62	1
41	63	1
41	64	1
41	65	0
41	66	1
41	67	1
41	68	1
41	69	1
41	70	0
41	71	1
41	72	1
41	73	1
41	74	0
41	75	0
41	76	1
41	77	0
41	78	0
41	79	1
41	80	0
41	81	1
41	82	0
41	83	0
41	84	1
41	85	1
41	86	0
41	87	1
41	88	1
41	89	1
41	90	1
41	91	0
41	92	1
41	93	0
41	94	1
41	95	0
41	96	0
41	97	0
41	98	1
41	99	0
41	100	1
41	101	1
41	102	0
41	103	1
41	104	0
41	105	1
41	106	1
41	107	0
41	108	0
41	109	1
41	110	1
41	111	0
41	112	1
41	113	1
41	114	1
41	115	0
41	116	0
41	117	1
41	118	1
41	119	1
41	120	0
41	121	0
41	122	0
41	123	0
41	124	1
41	125	1
41	126	1
41	127	0
41	128	1
41	129	0
41	130	1
41	131	1
41	132	0
41	133	0
41	134	0
41	135	1
41	136	1
41	137	0
41	138	1
41	139	1
41	140	1
42	43	1
42	44	1
42	45	0
42	46	0
42	47	0
42	48	1
42	49	0
42	50	0
42	51	1
42	52	1
42	53	1
42	54	0
42	55	0
42	56	1
42	57	1
42	58	1
42	59	0
42	60	1
42	61	0
42	62	1
42	63	1
42	64	1
42	65	0
42	66	0
42	67	1
42	68	0
42	69	0
42	70	1
42	71	1
42	72	1
42	73	1
42	74	0
42	75	1
42	76	1
42	77	1
42	78	0
42	79	1
42	80	1
42	81	0
42	82	0
42	83	0
42	84	0
42	85	0
42	86	0
42	87	0
42	88	1
42	89	1
42	90	0
42	91	0
42	92	1
42	93	0
42	94	0
42	95	1
42	96	0
42	97	1
42	98	0
42	99	1
42	100	1
42	101	1
42	102	1
42	103	0
42	104	0
42	105	0
42	106	0
42	107	1
42	108	1
42	109	1
42	110	1
42	111	0
42	112	1
42	113	1
42	114	0
42	115	0
42	116	0
42	117	0
42	118	0
42	119	0
42	120	1
42	121	0
42	122	0
42	123	1
42	124	1
42	125	0
42	126	0
42	127	1
42	128	1
42	129	0
42	130	1
42	131	1
42	132	1
42	133	1
42	134	0
42	135	0
42	136	0
42	137	0
42	138	0
42	139	1
42	140	1
43	44	0
43	45	0
43	46	1
43	47	0
43	48	1
43	49	1
43	50	1
43	51	1
43	52	1
43	53	1
43	54	0
43	55	1
43	56	0
43	57	1
43	58	1
43	59	1
43	60	0
43	61	0
43	62	1
43	63	0
43	64	1
43	65	0
43	66	0
43	67	1
43	68	0
43	69	0
43	70	1
43	71	0
43	72	0
43	73	0
43	74	1
43	75	0
43	76	0
43	77	0
43	78	0
43	79	0
43	80	1
43	81	1
43	82	1
43	83	1
43	84	0
43	85	1
43	86	0
43	87	0
43	88	0
43	89	0
43	90	0
43	91	1
43	92	1
43	93	0
43	94	1
43	95	0
43	96	0
43	97	0
43	98	1
43	99	1
43	100	1
43	101	0
43	102	0
43	103	0
43	104	1
43	105	0
43	106	0
43	107	1
43	108	1
43	109	0
43	110	0
43	111	0
43	112	0
43	113	1
43	114	0
43	115	1
43	116	0
43	117	0
43	118	0
43	119	1
43	120	0
43	121	0
43	122	0
43	123	1
43	124	0
43	125	0
43	126	0
43	127	1
43	128	0
43	129	0
43	130	0
43	131	0
43	132	0
43	133	1
43	134	0
43	135	0
43	136	0
43	137	1
43	138	0
43	139	1
43	140	0
44	45	1
44	46	1
44	47	1
44	48	0
44	49	1
44	50	1
44	51	0
44	52	1
44	53	0
44	54	1
44	55	1
44	56	1
44	57	1
44	58	0
44	59	0
44	60	1
44	61	1
44	62	0
44	63	1
44	64	0
44	65	1
44	66	0
44	67	0
44	68	0
44	69	0
44	70	1
44	71	0
44	72	1
44	73	0
44	74	0
44	75	1
44	76	1
44	77	0
44	78	1
44	79	1
44	80	0
44	81	0
44	82	1
44	83	0
44	84	0
44	85	1
44	86	1
44	87	0
44	88	0
44	89	1
44	90	1
44	91	1
44	92	1
44	93	0
44	94	0
44	95	0
44	96	1
44	97	1
44	98	0
44	99	0
44	100	1
44	101	1
44	102	0
44	103	1
44	104	0
44	105	0
44	106	1
44	107	1
44	108	1
44	109	1
44	110	0
44	111	0
44	112	0
44	113	1
44	114	1
44	115	0
44	116	1
44	117	0
44	118	0
44	119	1
44	120	1
44	121	1
44	122	1
44	123	1
44	124	1
44	125	1
44	126	0
44	127	0
44	128	1
44	129	1
44	130	1
44	131	0
44	132	0
44	133	0
44	134	1
44	135	0
44	136	1
44	137	1
44	138	1
44	139	1
44	140	0
45	46	0
45	47	1
45	48	1
45	49	1
45	50	0
45	51	1
45	52	0
45	53	1
45	54	1
45	55	0
45	56	1
45	57	0
45	58	1
45	59	0
45	60	1
45	61	1
45	62	1
45	63	0
45	64	1
45	65	0
45	66	1
45	67	0
45	68	0
45	69	1
45	70	1
45	71	0
45	72	0
45	73	0
45	74	1
45	75	1
45	76	1
45	77	0
45	78	0
45	79	0
45	80	0
45	81	1
45	82	0
45	83	1
45	84	0
45	85	1
45	86	0
45	87	1
45	88	0
45	89	1
45	90	1
45	91	1
45	92	0
45	93	1
45	94	0
45	95	0
45	96	1
45	97	1
45	98	0
45	99	1
45	100	0
45	101	0
45	102	0
45	103	0
45	104	0
45	105	0
45	106	0
45	107	1
45	108	0
45	109	0
45	110	1
45	111	0
45	112	1
45	113	0
45	114	1
45	115	0
45	116	1
45	117	1
45	118	0
45	119	0
45	120	1
45	121	0
45	122	1
45	123	1
45	124	0
45	125	0
45	126	1
45	127	0
45	128	1
45	129	1
45	130	0
45	131	1
45	132	1
45	133	0
45	134	0
45	135	0
45	136	0
45	137	0
45	138	1
45	139	1
45	140	0
46	47	0
46	48	1
46	49	0
46	50	0
46	51	1
46	52	1
46	53	1
46	54	1
46	55	0
46	56	1
46	57	1
46	58	1
46	59	0
46	60	1
46	61	0
46	62	1
46	63	0
46	64	0
46	65	0
46	66	0
46	67	1
46	68	0
46	69	0
46	70	1
46	71	0
46	72	1
46	73	1
46	74	1
46	75	0
46	76	0
46	77	1
46	78	1
46	79	0
46	80	1
46	81	1
46	82	1
46	83	0
46	84	0
46	85	1
46	86	0
46	87	0
46	88	0
46	89	0
46	90	1
46	91	0
46	92	0
46	93	1
46	94	1
46	95	1
46	96	0
46	97	0
46	98	1
46	99	0
46	100	0
46	101	0
46	102	0
46	103	1
46	104	0
46	105	1
46	106	1
46	107	1
46	108	1
46	109	1
46	110	0
46	111	0
46	112	1
46	113	1
46	114	1
46	115	0
46	116	1
46	117	0
46	118	1
46	119	1
46	120	0
46	121	0
46	122	1
46	123	0
46	124	1
46	125	1
46	126	1
46	127	1
46	128	1
46	129	0
46	130	1
46	131	1
46	132	0
46	133	0
46	134	1
46	135	1
46	136	1
46	137	1
46	138	0
46	139	1
46	140	1
47	48	0
47	49	1
47	50	1
47	51	1
47	52	0
47	53	1
47	54	1
47	55	0
47	56	1
47	57	0
47	58	0
47	59	0
47	60	1
47	61	1
47	62	0
47	63	0
47	64	1
47	65	0
47	66	0
47	67	0
47	68	0
47	69	0
47	70	1
47	71	0
47	72	1
47	73	1
47	74	1
47	75	0
47	76	0
47	77	0
47	78	1
47	79	1
47	80	1
47	81	1
47	82	1
47	83	1
47	84	1
47	85	0
47	86	1
47	87	1
47	88	0
47	89	1
47	90	0
47	91	1
47	92	0
47	93	0
47	94	1
47	95	0
47	96	0
47	97	0
47	98	0
47	99	1
47	100	1
47	101	0
47	102	0
47	103	0
47	104	0
47	105	1
47	106	1
47	107	0
47	108	1
47	109	1
47	110	0
47	111	0
47	112	1
47	113	1
47	114	1
47	115	1
47	116	0
47	117	0
47	118	0
47	119	0
47	120	1
47	121	0
47	122	0
47	123	1
47	124	0
47	125	0
47	126	1
47	127	1
47	128	1
47	129	0
47	130	0
47	131	1
47	132	0
47	133	0
47	134	0
47	135	0
47	136	0
47	137	1
47	138	1
47	139	1
47	140	0
48	49	0
48	50	1
48	51	0
48	52	1
48	53	0
48	54	1
48	55	1
48	56	1
48	57	0
48	58	0
48	59	0
48	60	0
48	61	1
48	62	0
48	63	0
48	64	1
48	65	1
48	66	0
48	67	1
48	68	1
48	69	1
48	70	0
48	71	1
48	72	0
48	73	1
48	74	0
48	75	1
48	76	0
48	77	1
48	78	0
48	79	1
48	80	0
48	81	1
48	82	1
48	83	1
48	84	1
48	85	1
48	86	1
48	87	0
48	88	0
48	89	0
48	90	1
48	91	1
48	92	0
48	93	1
48	94	1
48	95	0
48	96	0
48	97	0
48	98	0
48	99	0
48	100	0
48	101	0
48	102	1
48	103	0
48	104	0
48	105	0
48	106	1
48	107	1
48	108	0
48	109	1
48	110	0
48	111	1
48	112	1
48	113	1
48	114	0
48	115	0
48	116	0
48	117	1
48	118	0
48	119	0
48	120	0
48	121	1
48	122	1
48	123	1
48	124	0
48	125	1
48	126	0
48	127	1
48	128	0
48	129	0
48	130	1
48	131	0
48	132	0
48	133	0
48	134	0
48	135	1
48	136	0
48	137	1
48	138	1
48	139	0
48	140	1
49	50	1
49	51	1
49	52	0
49	53	0
49	54	0
49	55	0
49	56	1
49	57	0
49	58	1
49	59	0
49	60	1
49	61	0
49	62	1
49	63	1
49	64	0
49	65	0
49	66	0
49	67	1
49	68	1
49	69	0
49	70	0
49	71	0
49	72	1
49	73	0
49	74	1
49	75	0
49	76	0
49	77	0
49	78	1
49	79	0
49	80	1
49	81	0
49	82	1
49	83	0
49	84	0
49	85	1
49	86	1
49	87	1
49	88	0
49	89	0
49	90	1
49	91	0
49	92	1
49	93	0
49	94	1
49	95	1
49	96	1
49	97	0
49	98	1
49	99	1
49	100	0
49	101	1
49	102	1
49	103	0
49	104	0
49	105	1
49	106	0
49	107	0
49	108	0
49	109	0
49	110	1
49	111	0
49	112	1
49	113	1
49	114	0
49	115	1
49	116	1
49	117	0
49	118	0
49	119	0
49	120	1
49	121	1
49	122	1
49	123	1
49	124	1
49	125	0
49	126	0
49	127	0
49	128	0
49	129	0
49	130	0
49	131	1
49	132	0
49	133	0
49	134	1
49	135	0
49	136	0
49	137	1
49	138	1
49	139	0
49	140	0
50	51	0
50	52	1
50	53	1
50	54	1
50	55	1
50	56	1
50	57	1
50	58	0
50	59	1
50	60	1
50	61	0
50	62	0
50	63	1
50	64	0
50	65	1
50	66	1
50	67	1
50	68	0
50	69	1
50	70	1
50	71	1
50	72	1
50	73	1
50	74	0
50	75	1
50	76	0
50	77	0
50	78	0
50	79	1
50	80	0
50	81	0
50	82	0
50	83	0
50	84	1
50	85	1
50	86	0
50	87	0
50	88	1
50	89	1
50	90	1
50	91	0
50	92	0
50	93	1
50	94	0
50	95	0
50	96	0
50	97	0
50	98	1
50	99	1
50	100	0
50	101	0
50	102	1
50	103	1
50	104	0
50	105	0
50	106	1
50	107	0
50	108	0
50	109	0
50	110	0
50	111	0
50	112	1
50	113	0
50	114	1
50	115	0
50	116	0
50	117	1
50	118	1
50	119	0
50	120	0
50	121	0
50	122	0
50	123	0
50	124	1
50	125	1
50	126	0
50	127	0
50	128	0
50	129	1
50	130	0
50	131	1
50	132	0
50	133	1
50	134	1
50	135	1
50	136	1
50	137	0
50	138	0
50	139	0
50	140	0
51	52	1
51	53	1
51	54	1
51	55	0
51	56	0
51	57	0
51	58	0
51	59	0
51	60	1
51	61	1
51	62	1
51	63	1
51	64	1
51	65	0
51	66	1
51	67	0
51	68	1
51	69	1
51	70	1
51	71	1
51	72	0
51	73	1
51	74	0
51	75	0
51	76	0
51	77	1
51	78	0
51	79	0
51	80	1
51	81	1
51	82	0
51	83	1
51	84	0
51	85	0
51	86	0
51	87	1
51	88	0
51	89	0
51	90	1
51	91	0
51	92	0
51	93	0
51	94	0
51	95	1
51	96	0
51	97	1
51	98	0
51	99	1
51	100	0
51	101	1
51	102	1
51	103	0
51	104	1
51	105	0
51	106	1
51	107	1
51	108	0
51	109	0
51	110	1
51	111	1
51	112	0
51	113	1
51	114	1
51	115	0
51	116	0
51	117	1
51	118	1
51	119	1
51	120	1
51	121	0
51	122	0
51	123	1
51	124	1
51	125	1
51	126	0
51	127	0
51	128	0
51	129	0
51	130	0
51	131	1
51	132	0
51	133	0
51	134	0
51	135	0
51	136	1
51	137	1
51	138	0
51	139	0
51	140	0
52	53	1
52	54	1
52	55	1
52	56	0
52	57	0
52	58	0
52	59	0
52	60	1
52	61	0
52	62	1
52	63	1
52	64	0
52	65	1
52	66	0
52	67	0
52	68	1
52	69	1
52	70	1
52	71	0
52	72	0
52	73	1
52	74	0
52	75	0
52	76	0
52	77	0
52	78	0
52	79	1
52	80	0
52	81	1
52	82	0
52	83	0
52	84	0
52	85	0
52	86	1
52	87	0
52	88	1
52	89	1
52	90	0
52	91	1
52	92	0
52	93	0
52	94	0
52	95	0
52	96	1
52	97	1
52	98	0
52	99	0
52	100	0
52	101	0
52	102	1
52	103	1
52	104	0
52	105	0
52	106	0
52	107	0
52	108	0
52	109	0
52	110	1
52	111	0
52	112	1
52	113	0
52	114	1
52	115	0
52	116	0
52	117	1
52	118	0
52	119	0
52	120	1
52	121	0
52	122	0
52	123	1
52	124	1
52	125	1
52	126	0
52	127	1
52	128	0
52	129	0
52	130	0
52	131	1
52	132	0
52	133	0
52	134	0
52	135	1
52	136	0
52	137	1
52	138	1
52	139	0
52	140	0
53	54	1
53	55	1
53	56	1
53	57	0
53	58	0
53	59	1
53	60	1
53	61	0
53	62	0
53	63	1
53	64	1
53	65	0
53	66	0
53	67	0
53	68	1
53	69	0
53	70	0
53	71	1
53	72	0
53	73	1
53	74	1
53	75	1
53	76	0
53	77	1
53	78	0
53	79	0
53	80	1
53	81	0
53	82	0
53	83	0
53	84	1
53	85	1
53	86	0
53	87	1
53	88	0
53	89	1
53	90	1
53	91	1
53	92	1
53	93	1
53	94	0
53	95	1
53	96	0
53	97	0
53	98	0
53	99	1
53	100	1
53	101	0
53	102	1
53	103	0
53	104	0
53	105	1
53	106	0
53	107	0
53	108	0
53	109	0
53	110	1
53	111	1
53	112	1
53	113	1
53	114	0
53	115	0
53	116	1
53	117	0
53	118	1
53	119	1
53	120	1
53	121	0
53	122	1
53	123	1
53	124	1
53	125	1
53	126	0
53	127	1
53	128	1
53	129	0
53	130	1
53	131	1
53	132	0
53	133	1
53	134	1
53	135	1
53	136	0
53	137	1
53	138	0
53	139	1
53	140	1
54	55	0
54	56	0
54	57	1
54	58	0
54	59	1
54	60	1
54	61	1
54	62	0
54	63	1
54	64	1
54	65	1
54	66	1
54	67	1
54	68	0
54	69	1
54	70	0
54	71	1
54	72	0
54	73	0
54	74	1
54	75	1
54	76	1
54	77	1
54	78	1
54	79	0
54	80	0
54	81	1
54	82	0
54	83	0
54	84	0
54	85	0
54	86	1
54	87	0
54	88	0
54	89	0
54	90	0
54	91	0
54	92	0
54	93	1
54	94	1
54	95	0
54	96	0
54	97	0
54	98	1
54	99	1
54	100	0
54	101	1
54	102	1
54	103	0
54	104	1
54	105	1
54	106	1
54	107	1
54	108	0
54	109	1
54	110	1
54	111	1
54	112	0
54	113	1
54	114	0
54	115	1
54	116	1
54	117	1
54	118	1
54	119	1
54	120	1
54	121	1
54	122	1
54	123	0
54	124	1
54	125	1
54	126	1
54	127	1
54	128	0
54	129	1
54	130	1
54	131	1
54	132	1
54	133	1
54	134	1
54	135	0
54	136	1
54	137	0
54	138	1
54	139	0
54	140	1
55	56	1
55	57	1
55	58	0
55	59	0
55	60	0
55	61	0
55	62	0
55	63	0
55	64	1
55	65	1
55	66	0
55	67	1
55	68	0
55	69	1
55	70	0
55	71	0
55	72	0
55	73	1
55	74	0
55	75	0
55	76	1
55	77	1
55	78	1
55	79	0
55	80	0
55	81	1
55	82	1
55	83	0
55	84	0
55	85	0
55	86	1
55	87	0
55	88	1
55	89	0
55	90	0
55	91	0
55	92	0
55	93	1
55	94	0
55	95	1
55	96	0
55	97	0
55	98	0
55	99	1
55	100	0
55	101	1
55	102	1
55	103	0
55	104	0
55	105	1
55	106	1
55	107	1
55	108	0
55	109	0
55	110	1
55	111	1
55	112	1
55	113	0
55	114	1
55	115	0
55	116	0
55	117	1
55	118	0
55	119	0
55	120	0
55	121	1
55	122	0
55	123	1
55	124	0
55	125	0
55	126	0
55	127	0
55	128	0
55	129	0
55	130	1
55	131	0
55	132	0
55	133	0
55	134	0
55	135	1
55	136	1
55	137	0
55	138	1
55	139	0
55	140	1
56	57	1
56	58	1
56	59	0
56	60	1
56	61	1
56	62	1
56	63	1
56	64	0
56	65	0
56	66	0
56	67	0
56	68	1
56	69	0
56	70	0
56	71	0
56	72	1
56	73	0
56	74	0
56	75	1
56	76	1
56	77	0
56	78	1
56	79	0
56	80	1
56	81	0
56	82	0
56	83	1
56	84	0
56	85	0
56	86	1
56	87	1
56	88	1
56	89	1
56	90	0
56	91	0
56	92	0
56	93	0
56	94	1
56	95	0
56	96	0
56	97	1
56	98	1
56	99	0
56	100	0
56	101	1
56	102	1
56	103	1
56	104	1
56	105	0
56	106	0
56	107	0
56	108	0
56	109	1
56	110	0
56	111	0
56	112	1
56	113	0
56	114	1
56	115	0
56	116	1
56	117	1
56	118	1
56	119	1
56	120	1
56	121	1
56	122	1
56	123	0
56	124	1
56	125	1
56	126	1
56	127	1
56	128	0
56	129	1
56	130	0
56	131	0
56	132	0
56	133	1
56	134	1
56	135	0
56	136	1
56	137	1
56	138	0
56	139	1
56	140	0
57	58	1
57	59	1
57	60	0
57	61	0
57	62	1
57	63	1
57	64	1
57	65	1
57	66	0
57	67	0
57	68	0
57	69	1
57	70	0
57	71	0
57	72	1
57	73	0
57	74	0
57	75	0
57	76	0
57	77	1
57	78	1
57	79	1
57	80	1
57	81	0
57	82	0
57	83	1
57	84	1
57	85	0
57	86	1
57	87	0
57	88	1
57	89	0
57	90	1
57	91	1
57	92	0
57	93	1
57	94	0
57	95	1
57	96	1
57	97	0
57	98	0
57	99	1
57	100	0
57	101	1
57	102	0
57	103	0
57	104	1
57	105	0
57	106	1
57	107	0
57	108	1
57	109	1
57	110	1
57	111	1
57	112	0
57	113	0
57	114	1
57	115	1
57	116	1
57	117	0
57	118	0
57	119	1
57	120	0
57	121	0
57	122	0
57	123	1
57	124	1
57	125	0
57	126	0
57	127	1
57	128	1
57	129	0
57	130	0
57	131	1
57	132	1
57	133	0
57	134	0
57	135	1
57	136	1
57	137	0
57	138	0
57	139	1
57	140	1
58	59	1
58	60	1
58	61	0
58	62	1
58	63	1
58	64	0
58	65	0
58	66	0
58	67	1
58	68	0
58	69	0
58	70	1
58	71	0
58	72	0
58	73	0
58	74	0
58	75	0
58	76	0
58	77	0
58	78	0
58	79	0
58	80	0
58	81	0
58	82	0
58	83	1
58	84	1
58	85	1
58	86	1
58	87	1
58	88	0
58	89	1
58	90	1
58	91	1
58	92	1
58	93	0
58	94	0
58	95	1
58	96	0
58	97	0
58	98	1
58	99	1
58	100	0
58	101	1
58	102	0
58	103	0
58	104	1
58	105	0
58	106	0
58	107	1
58	108	0
58	109	1
58	110	1
58	111	1
58	112	1
58	113	1
58	114	1
58	115	0
58	116	0
58	117	0
58	118	1
58	119	1
58	120	1
58	121	0
58	122	0
58	123	1
58	124	1
58	125	1
58	126	0
58	127	1
58	128	1
58	129	1
58	130	0
58	131	1
58	132	1
58	133	1
58	134	1
58	135	0
58	136	0
58	137	0
58	138	0
58	139	0
58	140	0
59	60	1
59	61	0
59	62	1
59	63	0
59	64	0
59	65	1
59	66	0
59	67	0
59	68	1
59	69	1
59	70	1
59	71	0
59	72	1
59	73	1
59	74	0
59	75	0
59	76	1
59	77	0
59	78	1
59	79	0
59	80	1
59	81	1
59	82	1
59	83	0
59	84	0
59	85	0
59	86	0
59	87	1
59	88	0
59	89	0
59	90	1
59	91	0
59	92	0
59	93	0
59	94	0
59	95	1
59	96	0
59	97	0
59	98	1
59	99	0
59	100	0
59	101	1
59	102	1
59	103	0
59	104	0
59	105	1
59	106	1
59	107	0
59	108	0
59	109	0
59	110	0
59	111	1
59	112	0
59	113	1
59	114	0
59	115	1
59	116	0
59	117	0
59	118	0
59	119	1
59	120	0
59	121	0
59	122	1
59	123	1
59	124	0
59	125	1
59	126	0
59	127	1
59	128	0
59	129	0
59	130	1
59	131	0
59	132	0
59	133	0
59	134	1
59	135	0
59	136	1
59	137	0
59	138	0
59	139	1
59	140	0
60	61	1
60	62	1
60	63	1
60	64	0
60	65	1
60	66	0
60	67	0
60	68	1
60	69	1
60	70	1
60	71	0
60	72	1
60	73	0
60	74	0
60	75	1
60	76	0
60	77	1
60	78	0
60	79	0
60	80	1
60	81	1
60	82	1
60	83	1
60	84	1
60	85	1
60	86	1
60	87	1
60	88	0
60	89	1
60	90	0
60	91	0
60	92	1
60	93	1
60	94	1
60	95	0
60	96	0
60	97	0
60	98	0
60	99	0
60	100	1
60	101	1
60	102	0
60	103	0
60	104	1
60	105	1
60	106	0
60	107	1
60	108	1
60	109	0
60	110	1
60	111	0
60	112	1
60	113	1
60	114	1
60	115	1
60	116	1
60	117	1
60	118	1
60	119	0
60	120	1
60	121	1
60	122	1
60	123	1
60	124	0
60	125	0
60	126	1
60	127	1
60	128	0
60	129	1
60	130	1
60	131	1
60	132	1
60	133	1
60	134	1
60	135	0
60	136	0
60	137	1
60	138	0
60	139	1
60	140	0
61	62	1
61	63	1
61	64	0
61	65	0
61	66	1
61	67	0
61	68	0
61	69	1
61	70	1
61	71	1
61	72	1
61	73	0
61	74	0
61	75	0
61	76	1
61	77	1
61	78	1
61	79	0
61	80	0
61	81	0
61	82	1
61	83	0
61	84	0
61	85	0
61	86	0
61	87	1
61	88	1
61	89	0
61	90	0
61	91	0
61	92	1
61	93	0
61	94	0
61	95	0
61	96	0
61	97	1
61	98	1
61	99	0
61	100	1
61	101	0
61	102	0
61	103	1
61	104	0
61	105	1
61	106	0
61	107	1
61	108	1
61	109	0
61	110	1
61	111	0
61	112	0
61	113	0
61	114	0
61	115	1
61	116	0
61	117	0
61	118	0
61	119	1
61	120	0
61	121	1
61	122	0
61	123	1
61	124	1
61	125	0
61	126	0
61	127	0
61	128	0
61	129	1
61	130	1
61	131	0
61	132	0
61	133	0
61	134	0
61	135	1
61	136	1
61	137	0
61	138	1
61	139	1
61	140	0
62	63	0
62	64	0
62	65	0
62	66	1
62	67	1
62	68	0
62	69	1
62	70	0
62	71	0
62	72	0
62	73	1
62	74	1
62	75	0
62	76	1
62	77	0
62	78	1
62	79	0
62	80	0
62	81	0
62	82	0
62	83	0
62	84	1
62	85	0
62	86	0
62	87	1
62	88	0
62	89	1
62	90	0
62	91	1
62	92	0
62	93	0
62	94	0
62	95	1
62	96	1
62	97	0
62	98	0
62	99	0
62	100	1
62	101	0
62	102	1
62	103	1
62	104	1
62	105	1
62	106	1
62	107	0
62	108	0
62	109	1
62	110	0
62	111	1
62	112	1
62	113	0
62	114	1
62	115	0
62	116	1
62	117	0
62	118	0
62	119	1
62	120	1
62	121	1
62	122	0
62	123	0
62	124	1
62	125	1
62	126	0
62	127	1
62	128	0
62	129	1
62	130	0
62	131	1
62	132	0
62	133	0
62	134	0
62	135	0
62	136	1
62	137	0
62	138	0
62	139	1
62	140	0
63	64	0
63	65	1
63	66	0
63	67	0
63	68	1
63	69	1
63	70	1
63	71	0
63	72	0
63	73	1
63	74	0
63	75	1
63	76	1
63	77	1
63	78	0
63	79	1
63	80	0
63	81	0
63	82	1
63	83	1
63	84	1
63	85	1
63	86	1
63	87	0
63	88	1
63	89	0
63	90	1
63	91	0
63	92	0
63	93	0
63	94	1
63	95	0
63	96	0
63	97	1
63	98	1
63	99	1
63	100	0
63	101	0
63	102	1
63	103	1
63	104	0
63	105	0
63	106	0
63	107	1
63	108	1
63	109	1
63	110	1
63	111	0
63	112	1
63	113	0
63	114	0
63	115	1
63	116	1
63	117	1
63	118	1
63	119	1
63	120	1
63	121	1
63	122	0
63	123	0
63	124	1
63	125	1
63	126	1
63	127	0
63	128	0
63	129	1
63	130	1
63	131	1
63	132	0
63	133	0
63	134	1
63	135	1
63	136	1
63	137	0
63	138	1
63	139	0
63	140	0
64	65	0
64	66	0
64	67	1
64	68	0
64	69	0
64	70	0
64	71	0
64	72	0
64	73	1
64	74	0
64	75	1
64	76	0
64	77	1
64	78	0
64	79	0
64	80	1
64	81	0
64	82	1
64	83	0
64	84	0
64	85	0
64	86	0
64	87	0
64	88	1
64	89	1
64	90	0
64	91	1
64	92	1
64	93	0
64	94	0
64	95	0
64	96	1
64	97	0
64	98	0
64	99	1
64	100	1
64	101	1
64	102	0
64	103	0
64	104	0
64	105	1
64	106	0
64	107	0
64	108	1
64	109	0
64	110	1
64	111	0
64	112	1
64	113	1
64	114	0
64	115	0
64	116	1
64	117	0
64	118	1
64	119	1
64	120	1
64	121	1
64	122	0
64	123	0
64	124	0
64	125	0
64	126	0
64	127	0
64	128	0
64	129	1
64	130	1
64	131	0
64	132	0
64	133	1
64	134	0
64	135	1
64	136	0
64	137	1
64	138	0
64	139	0
64	140	1
65	66	1
65	67	0
65	68	0
65	69	0
65	70	1
65	71	0
65	72	0
65	73	0
65	74	1
65	75	0
65	76	1
65	77	1
65	78	0
65	79	0
65	80	0
65	81	1
65	82	1
65	83	1
65	84	0
65	85	0
65	86	1
65	87	0
65	88	0
65	89	0
65	90	1
65	91	1
65	92	1
65	93	0
65	94	1
65	95	1
65	96	0
65	97	0
65	98	1
65	99	0
65	100	1
65	101	1
65	102	1
65	103	1
65	104	0
65	105	0
65	106	1
65	107	0
65	108	0
65	109	1
65	110	0
65	111	0
65	112	1
65	113	1
65	114	1
65	115	0
65	116	0
65	117	1
65	118	1
65	119	1
65	120	1
65	121	0
65	122	1
65	123	0
65	124	0
65	125	1
65	126	1
65	127	1
65	128	0
65	129	0
65	130	1
65	131	0
65	132	0
65	133	0
65	134	0
65	135	1
65	136	1
65	137	1
65	138	1
65	139	1
65	140	0
66	67	1
66	68	0
66	69	1
66	70	0
66	71	0
66	72	0
66	73	1
66	74	1
66	75	1
66	76	1
66	77	1
66	78	0
66	79	0
66	80	1
66	81	1
66	82	1
66	83	1
66	84	1
66	85	0
66	86	0
66	87	0
66	88	1
66	89	0
66	90	0
66	91	0
66	92	1
66	93	0
66	94	0
66	95	0
66	96	0
66	97	1
66	98	0
66	99	0
66	100	1
66	101	1
66	102	0
66	103	0
66	104	1
66	105	0
66	106	0
66	107	0
66	108	0
66	109	0
66	110	1
66	111	1
66	112	0
66	113	0
66	114	0
66	115	1
66	116	0
66	117	1
66	118	0
66	119	1
66	120	0
66	121	1
66	122	1
66	123	0
66	124	1
66	125	0
66	126	1
66	127	1
66	128	0
66	129	1
66	130	1
66	131	0
66	132	0
66	133	0
66	134	0
66	135	0
66	136	1
66	137	0
66	138	1
66	139	0
66	140	1
67	68	0
67	69	1
67	70	1
67	71	1
67	72	1
67	73	0
67	74	0
67	75	1
67	76	0
67	77	1
67	78	1
67	79	1
67	80	0
67	81	0
67	82	0
67	83	0
67	84	1
67	85	0
67	86	0
67	87	1
67	88	1
67	89	0
67	90	1
67	91	1
67	92	0
67	93	0
67	94	1
67	95	1
67	96	1
67	97	1
67	98	1
67	99	0
67	100	0
67	101	0
67	102	0
67	103	0
67	104	0
67	105	1
67	106	0
67	107	0
67	108	1
67	109	1
67	110	1
67	111	1
67	112	1
67	113	1
67	114	0
67	115	0
67	116	1
67	117	0
67	118	0
67	119	1
67	120	0
67	121	0
67	122	1
67	123	1
67	124	0
67	125	1
67	126	1
67	127	0
67	128	0
67	129	1
67	130	1
67	131	0
67	132	0
67	133	0
67	134	0
67	135	0
67	136	0
67	137	1
67	138	1
67	139	0
67	140	1
68	69	1
68	70	0
68	71	1
68	72	0
68	73	0
68	74	1
68	75	0
68	76	0
68	77	0
68	78	0
68	79	1
68	80	0
68	81	0
68	82	0
68	83	0
68	84	0
68	85	1
68	86	1
68	87	1
68	88	1
68	89	1
68	90	0
68	91	1
68	92	1
68	93	0
68	94	0
68	95	1
68	96	0
68	97	1
68	98	0
68	99	1
68	100	1
68	101	0
68	102	1
68	103	1
68	104	0
68	105	1
68	106	1
68	107	1
68	108	0
68	109	1
68	110	1
68	111	0
68	112	1
68	113	1
68	114	0
68	115	0
68	116	1
68	117	0
68	118	1
68	119	1
68	120	0
68	121	1
68	122	1
68	123	0
68	124	0
68	125	0
68	126	0
68	127	1
68	128	1
68	129	0
68	130	1
68	131	1
68	132	0
68	133	1
68	134	1
68	135	0
68	136	0
68	137	0
68	138	1
68	139	1
68	140	0
69	70	0
69	71	0
69	72	0
69	73	0
69	74	1
69	75	0
69	76	1
69	77	0
69	78	1
69	79	0
69	80	0
69	81	1
69	82	0
69	83	0
69	84	0
69	85	1
69	86	1
69	87	0
69	88	0
69	89	1
69	90	0
69	91	0
69	92	0
69	93	1
69	94	0
69	95	0
69	96	1
69	97	0
69	98	0
69	99	1
69	100	1
69	101	0
69	102	1
69	103	0
69	104	1
69	105	0
69	106	1
69	107	0
69	108	1
69	109	1
69	110	1
69	111	1
69	112	0
69	113	1
69	114	0
69	115	0
69	116	1
69	117	0
69	118	0
69	119	0
69	120	0
69	121	1
69	122	1
69	123	1
69	124	1
69	125	0
69	126	1
69	127	0
69	128	0
69	129	1
69	130	0
69	131	1
69	132	0
69	133	0
69	134	1
69	135	0
69	136	0
69	137	1
69	138	1
69	139	0
69	140	1
70	71	1
70	72	1
70	73	0
70	74	1
70	75	1
70	76	0
70	77	0
70	78	1
70	79	1
70	80	1
70	81	0
70	82	0
70	83	0
70	84	1
70	85	0
70	86	1
70	87	1
70	88	0
70	89	1
70	90	1
70	91	0
70	92	0
70	93	1
70	94	0
70	95	0
70	96	1
70	97	1
70	98	1
70	99	1
70	100	0
70	101	0
70	102	1
70	103	1
70	104	1
70	105	1
70	106	0
70	107	1
70	108	1
70	109	1
70	110	1
70	111	0
70	112	0
70	113	0
70	114	1
70	115	1
70	116	1
70	117	1
70	118	0
70	119	0
70	120	1
70	121	0
70	122	0
70	123	0
70	124	1
70	125	0
70	126	1
70	127	0
70	128	1
70	129	1
70	130	1
70	131	1
70	132	1
70	133	0
70	134	0
70	135	0
70	136	1
70	137	0
70	138	0
70	139	1
70	140	1
71	72	0
71	73	0
71	74	1
71	75	0
71	76	1
71	77	1
71	78	0
71	79	1
71	80	1
71	81	1
71	82	1
71	83	1
71	84	0
71	85	1
71	86	1
71	87	0
71	88	1
71	89	0
71	90	1
71	91	0
71	92	0
71	93	1
71	94	1
71	95	1
71	96	0
71	97	0
71	98	1
71	99	1
71	100	0
71	101	1
71	102	0
71	103	0
71	104	0
71	105	0
71	106	0
71	107	0
71	108	1
71	109	1
71	110	0
71	111	1
71	112	0
71	113	0
71	114	0
71	115	0
71	116	1
71	117	0
71	118	0
71	119	1
71	120	0
71	121	1
71	122	0
71	123	0
71	124	0
71	125	0
71	126	1
71	127	0
71	128	0
71	129	0
71	130	0
71	131	1
71	132	1
71	133	0
71	134	1
71	135	0
71	136	1
71	137	1
71	138	1
71	139	1
71	140	1
72	73	1
72	74	1
72	75	0
72	76	1
72	77	1
72	78	1
72	79	1
72	80	0
72	81	1
72	82	0
72	83	1
72	84	1
72	85	1
72	86	0
72	87	1
72	88	0
72	89	1
72	90	0
72	91	0
72	92	1
72	93	1
72	94	1
72	95	1
72	96	1
72	97	0
72	98	0
72	99	0
72	100	0
72	101	0
72	102	1
72	103	1
72	104	0
72	105	0
72	106	1
72	107	0
72	108	0
72	109	0
72	110	0
72	111	1
72	112	1
72	113	1
72	114	1
72	115	0
72	116	0
72	117	1
72	118	1
72	119	1
72	120	1
72	121	1
72	122	0
72	123	0
72	124	1
72	125	0
72	126	1
72	127	0
72	128	0
72	129	0
72	130	1
72	131	0
72	132	0
72	133	0
72	134	0
72	135	1
72	136	1
72	137	1
72	138	1
72	139	0
72	140	1
73	74	1
73	75	0
73	76	1
73	77	0
73	78	1
73	79	0
73	80	0
73	81	0
73	82	0
73	83	1
73	84	0
73	85	0
73	86	1
73	87	0
73	88	1
73	89	1
73	90	0
73	91	0
73	92	1
73	93	1
73	94	1
73	95	0
73	96	0
73	97	1
73	98	1
73	99	1
73	100	0
73	101	1
73	102	1
73	103	0
73	104	1
73	105	1
73	106	0
73	107	1
73	108	0
73	109	0
73	110	1
73	111	0
73	112	0
73	113	1
73	114	1
73	115	0
73	116	0
73	117	1
73	118	0
73	119	0
73	120	0
73	121	0
73	122	1
73	123	0
73	124	0
73	125	1
73	126	0
73	127	0
73	128	1
73	129	1
73	130	1
73	131	0
73	132	1
73	133	1
73	134	0
73	135	1
73	136	1
73	137	1
73	138	1
73	139	1
73	140	0
74	75	0
74	76	0
74	77	0
74	78	0
74	79	1
74	80	0
74	81	1
74	82	1
74	83	1
74	84	1
74	85	1
74	86	1
74	87	1
74	88	1
74	89	1
74	90	0
74	91	1
74	92	1
74	93	1
74	94	1
74	95	1
74	96	0
74	97	1
74	98	0
74	99	1
74	100	1
74	101	1
74	102	0
74	103	1
74	104	0
74	105	0
74	106	0
74	107	0
74	108	1
74	109	0
74	110	1
74	111	1
74	112	0
74	113	0
74	114	1
74	115	1
74	116	1
74	117	0
74	118	1
74	119	1
74	120	0
74	121	1
74	122	1
74	123	0
74	124	1
74	125	1
74	126	0
74	127	1
74	128	1
74	129	1
74	130	0
74	131	1
74	132	1
74	133	0
74	134	1
74	135	0
74	136	1
74	137	0
74	138	0
74	139	1
74	140	0
75	76	1
75	77	1
75	78	1
75	79	1
75	80	1
75	81	1
75	82	0
75	83	0
75	84	1
75	85	1
75	86	1
75	87	0
75	88	0
75	89	1
75	90	0
75	91	0
75	92	1
75	93	0
75	94	1
75	95	1
75	96	0
75	97	0
75	98	1
75	99	0
75	100	1
75	101	1
75	102	0
75	103	1
75	104	0
75	105	0
75	106	1
75	107	1
75	108	1
75	109	0
75	110	0
75	111	0
75	112	0
75	113	0
75	114	0
75	115	1
75	116	1
75	117	0
75	118	1
75	119	0
75	120	0
75	121	1
75	122	1
75	123	0
75	124	0
75	125	1
75	126	1
75	127	1
75	128	0
75	129	0
75	130	1
75	131	0
75	132	1
75	133	1
75	134	0
75	135	1
75	136	0
75	137	0
75	138	0
75	139	1
75	140	1
76	77	0
76	78	1
76	79	0
76	80	1
76	81	0
76	82	0
76	83	1
76	84	0
76	85	0
76	86	0
76	87	0
76	88	0
76	89	0
76	90	0
76	91	1
76	92	1
76	93	1
76	94	0
76	95	0
76	96	1
76	97	0
76	98	0
76	99	1
76	100	0
76	101	1
76	102	0
76	103	1
76	104	1
76	105	1
76	106	0
76	107	0
76	108	1
76	109	1
76	110	1
76	111	0
76	112	1
76	113	1
76	114	0
76	115	0
76	116	1
76	117	1
76	118	0
76	119	1
76	120	1
76	121	0
76	122	1
76	123	1
76	124	0
76	125	1
76	126	0
76	127	1
76	128	0
76	129	1
76	130	0
76	131	0
76	132	0
76	133	1
76	134	1
76	135	1
76	136	1
76	137	1
76	138	1
76	139	1
76	140	0
77	78	0
77	79	0
77	80	1
77	81	1
77	82	0
77	83	0
77	84	1
77	85	0
77	86	1
77	87	1
77	88	1
77	89	0
77	90	1
77	91	1
77	92	1
77	93	0
77	94	1
77	95	0
77	96	1
77	97	1
77	98	1
77	99	0
77	100	1
77	101	0
77	102	0
77	103	0
77	104	0
77	105	1
77	106	0
77	107	0
77	108	0
77	109	0
77	110	0
77	111	1
77	112	0
77	113	1
77	114	1
77	115	0
77	116	1
77	117	0
77	118	1
77	119	0
77	120	1
77	121	0
77	122	0
77	123	1
77	124	1
77	125	0
77	126	1
77	127	1
77	128	0
77	129	1
77	130	0
77	131	0
77	132	1
77	133	1
77	134	1
77	135	1
77	136	1
77	137	0
77	138	0
77	139	0
77	140	1
78	79	0
78	80	1
78	81	1
78	82	0
78	83	0
78	84	1
78	85	0
78	86	0
78	87	0
78	88	1
78	89	0
78	90	0
78	91	1
78	92	1
78	93	1
78	94	1
78	95	1
78	96	1
78	97	0
78	98	0
78	99	0
78	100	0
78	101	1
78	102	1
78	103	0
78	104	0
78	105	0
78	106	1
78	107	1
78	108	1
78	109	1
78	110	1
78	111	0
78	112	1
78	113	1
78	114	0
78	115	0
78	116	1
78	117	0
78	118	0
78	119	1
78	120	0
78	121	0
78	122	0
78	123	1
78	124	0
78	125	0
78	126	0
78	127	0
78	128	1
78	129	0
78	130	0
78	131	0
78	132	1
78	133	1
78	134	0
78	135	0
78	136	0
78	137	1
78	138	0
78	139	0
78	140	0
79	80	0
79	81	0
79	82	0
79	83	0
79	84	1
79	85	0
79	86	1
79	87	1
79	88	1
79	89	1
79	90	1
79	91	0
79	92	0
79	93	0
79	94	1
79	95	1
79	96	1
79	97	1
79	98	1
79	99	1
79	100	0
79	101	0
79	102	0
79	103	0
79	104	1
79	105	1
79	106	1
79	107	0
79	108	1
79	109	0
79	110	0
79	111	0
79	112	0
79	113	0
79	114	1
79	115	0
79	116	1
79	117	1
79	118	0
79	119	1
79	120	0
79	121	0
79	122	0
79	123	0
79	124	0
79	125	1
79	126	0
79	127	1
79	128	0
79	129	1
79	130	1
79	131	1
79	132	0
79	133	1
79	134	1
79	135	1
79	136	1
79	137	0
79	138	1
79	139	0
79	140	1
80	81	0
80	82	0
80	83	1
80	84	0
80	85	0
80	86	1
80	87	0
80	88	0
80	89	1
80	90	0
80	91	0
80	92	0
80	93	0
80	94	0
80	95	1
80	96	0
80	97	0
80	98	0
80	99	1
80	100	1
80	101	1
80	102	0
80	103	0
80	104	0
80	105	1
80	106	1
80	107	0
80	108	0
80	109	1
80	110	0
80	111	1
80	112	1
80	113	1
80	114	1
80	115	0
80	116	1
80	117	0
80	118	1
80	119	1
80	120	1
80	121	0
80	122	0
80	123	0
80	124	0
80	125	0
80	126	0
80	127	1
80	128	0
80	129	0
80	130	0
80	131	0
80	132	0
80	133	1
80	134	0
80	135	0
80	136	0
80	137	0
80	138	1
80	139	0
80	140	1
81	82	1
81	83	1
81	84	0
81	85	1
81	86	1
81	87	0
81	88	1
81	89	1
81	90	1
81	91	0
81	92	0
81	93	0
81	94	0
81	95	0
81	96	0
81	97	0
81	98	0
81	99	1
81	100	0
81	101	0
81	102	0
81	103	0
81	104	0
81	105	1
81	106	1
81	107	1
81	108	1
81	109	1
81	110	0
81	111	1
81	112	0
81	113	0
81	114	0
81	115	0
81	116	1
81	117	0
81	118	0
81	119	1
81	120	1
81	121	1
81	122	1
81	123	1
81	124	1
81	125	0
81	126	1
81	127	0
81	128	0
81	129	1
81	130	1
81	131	0
81	132	0
81	133	1
81	134	1
81	135	1
81	136	0
81	137	0
81	138	1
81	139	1
81	140	0
82	83	1
82	84	0
82	85	1
82	86	0
82	87	0
82	88	0
82	89	1
82	90	0
82	91	1
82	92	0
82	93	1
82	94	1
82	95	0
82	96	1
82	97	0
82	98	0
82	99	1
82	100	1
82	101	1
82	102	0
82	103	0
82	104	0
82	105	1
82	106	1
82	107	1
82	108	1
82	109	1
82	110	0
82	111	1
82	112	1
82	113	0
82	114	0
82	115	0
82	116	1
82	117	0
82	118	0
82	119	0
82	120	0
82	121	1
82	122	0
82	123	0
82	124	0
82	125	0
82	126	0
82	127	1
82	128	1
82	129	1
82	130	1
82	131	1
82	132	0
82	133	1
82	134	1
82	135	0
82	136	1
82	137	0
82	138	0
82	139	1
82	140	1
83	84	1
83	85	1
83	86	0
83	87	1
83	88	0
83	89	0
83	90	0
83	91	1
83	92	1
83	93	1
83	94	1
83	95	1
83	96	0
83	97	1
83	98	1
83	99	0
83	100	0
83	101	0
83	102	1
83	103	1
83	104	1
83	105	1
83	106	0
83	107	0
83	108	0
83	109	0
83	110	0
83	111	1
83	112	1
83	113	1
83	114	1
83	115	1
83	116	0
83	117	1
83	118	0
83	119	1
83	120	0
83	121	0
83	122	0
83	123	1
83	124	1
83	125	0
83	126	1
83	127	1
83	128	1
83	129	1
83	130	0
83	131	0
83	132	1
83	133	0
83	134	1
83	135	1
83	136	1
83	137	0
83	138	1
83	139	1
83	140	0
84	85	0
84	86	0
84	87	0
84	88	1
84	89	1
84	90	1
84	91	1
84	92	0
84	93	1
84	94	0
84	95	0
84	96	0
84	97	1
84	98	1
84	99	1
84	100	0
84	101	1
84	102	0
84	103	0
84	104	1
84	105	1
84	106	0
84	107	1
84	108	1
84	109	1
84	110	1
84	111	0
84	112	1
84	113	1
84	114	0
84	115	1
84	116	1
84	117	1
84	118	1
84	119	0
84	120	1
84	121	1
84	122	0
84	123	1
84	124	1
84	125	1
84	126	1
84	127	1
84	128	0
84	129	1
84	130	0
84	131	1
84	132	0
84	133	1
84	134	0
84	135	0
84	136	0
84	137	0
84	138	0
84	139	0
84	140	1
85	86	1
85	87	1
85	88	1
85	89	0
85	90	0
85	91	1
85	92	0
85	93	0
85	94	0
85	95	0
85	96	1
85	97	1
85	98	1
85	99	0
85	100	0
85	101	1
85	102	1
85	103	0
85	104	1
85	105	1
85	106	1
85	107	1
85	108	1
85	109	0
85	110	1
85	111	1
85	112	0
85	113	1
85	114	1
85	115	1
85	116	1
85	117	1
85	118	1
85	119	0
85	120	1
85	121	1
85	122	1
85	123	1
85	124	0
85	125	1
85	126	0
85	127	0
85	128	1
85	129	0
85	130	0
85	131	1
85	132	1
85	133	1
85	134	0
85	135	1
85	136	1
85	137	1
85	138	0
85	139	0
85	140	1
86	87	1
86	88	1
86	89	0
86	90	0
86	91	0
86	92	1
86	93	1
86	94	1
86	95	1
86	96	0
86	97	1
86	98	1
86	99	1
86	100	0
86	101	0
86	102	0
86	103	1
86	104	1
86	105	1
86	106	1
86	107	0
86	108	1
86	109	1
86	110	0
86	111	1
86	112	1
86	113	1
86	114	1
86	115	1
86	116	1
86	117	0
86	118	0
86	119	0
86	120	1
86	121	1
86	122	1
86	123	0
86	124	1
86	125	1
86	126	1
86	127	0
86	128	1
86	129	0
86	130	0
86	131	1
86	132	1
86	133	1
86	134	1
86	135	1
86	136	1
86	137	1
86	138	0
86	139	1
86	140	1
87	88	1
87	89	1
87	90	0
87	91	0
87	92	1
87	93	0
87	94	0
87	95	1
87	96	1
87	97	0
87	98	1
87	99	1
87	100	1
87	101	0
87	102	0
87	103	0
87	104	1
87	105	0
87	106	0
87	107	1
87	108	1
87	109	1
87	110	0
87	111	0
87	112	0
87	113	0
87	114	0
87	115	1
87	116	1
87	117	1
87	118	1
87	119	1
87	120	1
87	121	0
87	122	1
87	123	1
87	124	0
87	125	1
87	126	1
87	127	1
87	128	0
87	129	0
87	130	0
87	131	0
87	132	1
87	133	1
87	134	0
87	135	0
87	136	1
87	137	0
87	138	1
87	139	0
87	140	0
88	89	0
88	90	1
88	91	0
88	92	0
88	93	0
88	94	1
88	95	1
88	96	1
88	97	1
88	98	0
88	99	0
88	100	0
88	101	1
88	102	1
88	103	0
88	104	0
88	105	0
88	106	1
88	107	1
88	108	1
88	109	0
88	110	0
88	111	0
88	112	1
88	113	1
88	114	0
88	115	1
88	116	1
88	117	1
88	118	0
88	119	1
88	120	0
88	121	0
88	122	0
88	123	0
88	124	0
88	125	0
88	126	1
88	127	1
88	128	0
88	129	1
88	130	1
88	131	0
88	132	1
88	133	0
88	134	0
88	135	1
88	136	1
88	137	0
88	138	0
88	139	0
88	140	0
89	90	0
89	91	0
89	92	1
89	93	0
89	94	1
89	95	1
89	96	1
89	97	0
89	98	0
89	99	0
89	100	1
89	101	1
89	102	0
89	103	1
89	104	0
89	105	0
89	106	1
89	107	0
89	108	0
89	109	0
89	110	1
89	111	0
89	112	1
89	113	0
89	114	1
89	115	1
89	116	1
89	117	1
89	118	1
89	119	1
89	120	0
89	121	0
89	122	0
89	123	1
89	124	0
89	125	0
89	126	0
89	127	0
89	128	1
89	129	0
89	130	0
89	131	1
89	132	1
89	133	0
89	134	1
89	135	0
89	136	1
89	137	1
89	138	1
89	139	1
89	140	0
90	91	1
90	92	1
90	93	0
90	94	0
90	95	0
90	96	1
90	97	1
90	98	1
90	99	0
90	100	0
90	101	0
90	102	1
90	103	1
90	104	1
90	105	0
90	106	0
90	107	1
90	108	1
90	109	1
90	110	1
90	111	1
90	112	0
90	113	0
90	114	1
90	115	0
90	116	0
90	117	0
90	118	0
90	119	1
90	120	1
90	121	1
90	122	1
90	123	1
90	124	0
90	125	0
90	126	0
90	127	1
90	128	1
90	129	1
90	130	0
90	131	0
90	132	0
90	133	1
90	134	1
90	135	0
90	136	0
90	137	1
90	138	1
90	139	1
90	140	0
91	92	1
91	93	0
91	94	0
91	95	0
91	96	1
91	97	1
91	98	1
91	99	1
91	100	1
91	101	1
91	102	0
91	103	1
91	104	1
91	105	0
91	106	0
91	107	1
91	108	1
91	109	1
91	110	0
91	111	1
91	112	1
91	113	0
91	114	0
91	115	1
91	116	0
91	117	0
91	118	1
91	119	1
91	120	0
91	121	1
91	122	1
91	123	0
91	124	0
91	125	0
91	126	1
91	127	0
91	128	1
91	129	1
91	130	1
91	131	0
91	132	0
91	133	0
91	134	0
91	135	0
91	136	0
91	137	1
91	138	0
91	139	1
91	140	1
92	93	0
92	94	0
92	95	0
92	96	1
92	97	0
92	98	1
92	99	0
92	100	0
92	101	0
92	102	0
92	103	0
92	104	1
92	105	0
92	106	0
92	107	1
92	108	1
92	109	1
92	110	0
92	111	0
92	112	1
92	113	0
92	114	0
92	115	0
92	116	0
92	117	1
92	118	1
92	119	1
92	120	1
92	121	0
92	122	0
92	123	1
92	124	1
92	125	1
92	126	0
92	127	1
92	128	0
92	129	1
92	130	0
92	131	1
92	132	0
92	133	1
92	134	0
92	135	1
92	136	1
92	137	1
92	138	0
92	139	0
92	140	0
93	94	1
93	95	0
93	96	1
93	97	0
93	98	1
93	99	0
93	100	1
93	101	0
93	102	1
93	103	0
93	104	0
93	105	0
93	106	0
93	107	0
93	108	1
93	109	1
93	110	1
93	111	1
93	112	0
93	113	1
93	114	1
93	115	0
93	116	1
93	117	0
93	118	1
93	119	0
93	120	0
93	121	0
93	122	1
93	123	0
93	124	0
93	125	0
93	126	1
93	127	0
93	128	0
93	129	1
93	130	1
93	131	0
93	132	0
93	133	0
93	134	0
93	135	1
93	136	1
93	137	0
93	138	1
93	139	1
93	140	1
94	95	1
94	96	1
94	97	0
94	98	0
94	99	0
94	100	0
94	101	0
94	102	1
94	103	1
94	104	1
94	105	0
94	106	1
94	107	0
94	108	0
94	109	1
94	110	0
94	111	1
94	112	1
94	113	0
94	114	1
94	115	0
94	116	1
94	117	1
94	118	1
94	119	1
94	120	1
94	121	1
94	122	0
94	123	1
94	124	1
94	125	0
94	126	1
94	127	0
94	128	1
94	129	0
94	130	1
94	131	0
94	132	1
94	133	1
94	134	1
94	135	0
94	136	1
94	137	1
94	138	1
94	139	1
94	140	0
95	96	0
95	97	0
95	98	0
95	99	1
95	100	1
95	101	0
95	102	1
95	103	0
95	104	0
95	105	1
95	106	0
95	107	0
95	108	0
95	109	1
95	110	0
95	111	1
95	112	1
95	113	1
95	114	0
95	115	1
95	116	0
95	117	0
95	118	0
95	119	1
95	120	0
95	121	1
95	122	1
95	123	0
95	124	0
95	125	0
95	126	0
95	127	1
95	128	0
95	129	0
95	130	1
95	131	0
95	132	0
95	133	1
95	134	0
95	135	1
95	136	0
95	137	0
95	138	0
95	139	0
95	140	1
96	97	0
96	98	0
96	99	1
96	100	1
96	101	1
96	102	0
96	103	1
96	104	0
96	105	1
96	106	0
96	107	1
96	108	1
96	109	1
96	110	1
96	111	0
96	112	1
96	113	0
96	114	0
96	115	0
96	116	1
96	117	0
96	118	1
96	119	0
96	120	0
96	121	0
96	122	0
96	123	0
96	124	0
96	125	1
96	126	0
96	127	1
96	128	1
96	129	0
96	130	0
96	131	1
96	132	1
96	133	1
96	134	1
96	135	1
96	136	1
96	137	0
96	138	1
96	139	1
96	140	0
97	98	0
97	99	0
97	100	1
97	101	1
97	102	1
97	103	1
97	104	0
97	105	0
97	106	0
97	107	1
97	108	1
97	109	1
97	110	1
97	111	0
97	112	0
97	113	0
97	114	0
97	115	1
97	116	0
97	117	0
97	118	1
97	119	1
97	120	1
97	121	0
97	122	1
97	123	0
97	124	1
97	125	0
97	126	0
97	127	1
97	128	1
97	129	1
97	130	1
97	131	0
97	132	1
97	133	0
97	134	1
97	135	0
97	136	1
97	137	0
97	138	0
97	139	1
97	140	0
98	99	1
98	100	1
98	101	0
98	102	0
98	103	1
98	104	1
98	105	1
98	106	0
98	107	1
98	108	1
98	109	1
98	110	1
98	111	0
98	112	0
98	113	1
98	114	1
98	115	0
98	116	1
98	117	0
98	118	0
98	119	1
98	120	1
98	121	0
98	122	0
98	123	1
98	124	0
98	125	0
98	126	1
98	127	0
98	128	0
98	129	1
98	130	0
98	131	0
98	132	1
98	133	0
98	134	1
98	135	1
98	136	1
98	137	0
98	138	0
98	139	0
98	140	0
99	100	0
99	101	0
99	102	1
99	103	1
99	104	1
99	105	0
99	106	1
99	107	0
99	108	0
99	109	1
99	110	0
99	111	1
99	112	0
99	113	0
99	114	1
99	115	0
99	116	1
99	117	1
99	118	1
99	119	0
99	120	1
99	121	0
99	122	0
99	123	0
99	124	1
99	125	1
99	126	0
99	127	1
99	128	1
99	129	1
99	130	1
99	131	0
99	132	0
99	133	0
99	134	0
99	135	1
99	136	0
99	137	0
99	138	1
99	139	1
99	140	0
100	101	0
100	102	0
100	103	1
100	104	0
100	105	1
100	106	0
100	107	1
100	108	0
100	109	1
100	110	0
100	111	1
100	112	0
100	113	1
100	114	1
100	115	1
100	116	1
100	117	0
100	118	0
100	119	1
100	120	0
100	121	1
100	122	0
100	123	0
100	124	0
100	125	0
100	126	0
100	127	0
100	128	1
100	129	1
100	130	0
100	131	0
100	132	1
100	133	0
100	134	1
100	135	0
100	136	1
100	137	1
100	138	0
100	139	0
100	140	1
101	102	0
101	103	1
101	104	1
101	105	0
101	106	1
101	107	0
101	108	1
101	109	0
101	110	0
101	111	0
101	112	1
101	113	0
101	114	1
101	115	0
101	116	0
101	117	1
101	118	1
101	119	1
101	120	0
101	121	1
101	122	0
101	123	1
101	124	0
101	125	1
101	126	1
101	127	1
101	128	1
101	129	0
101	130	1
101	131	1
101	132	1
101	133	0
101	134	1
101	135	1
101	136	1
101	137	1
101	138	0
101	139	0
101	140	1
102	103	0
102	104	1
102	105	1
102	106	1
102	107	1
102	108	1
102	109	1
102	110	1
102	111	0
102	112	0
102	113	0
102	114	1
102	115	1
102	116	1
102	117	1
102	118	0
102	119	0
102	120	1
102	121	1
102	122	0
102	123	1
102	124	1
102	125	1
102	126	1
102	127	1
102	128	1
102	129	0
102	130	1
102	131	0
102	132	1
102	133	0
102	134	0
102	135	1
102	136	0
102	137	1
102	138	0
102	139	0
102	140	0
103	104	1
103	105	1
103	106	1
103	107	0
103	108	0
103	109	0
103	110	0
103	111	0
103	112	0
103	113	1
103	114	0
103	115	1
103	116	0
103	117	0
103	118	1
103	119	1
103	120	1
103	121	1
103	122	0
103	123	0
103	124	1
103	125	1
103	126	0
103	127	0
103	128	1
103	129	1
103	130	0
103	131	0
103	132	1
103	133	0
103	134	1
103	135	1
103	136	1
103	137	1
103	138	1
103	139	1
103	140	1
104	105	0
104	106	0
104	107	1
104	108	0
104	109	0
104	110	0
104	111	0
104	112	1
104	113	1
104	114	0
104	115	1
104	116	0
104	117	1
104	118	0
104	119	0
104	120	1
104	121	0
104	122	0
104	123	0
104	124	0
104	125	1
104	126	1
104	127	1
104	128	1
104	129	1
104	130	0
104	131	1
104	132	1
104	133	0
104	134	1
104	135	0
104	136	1
104	137	0
104	138	0
104	139	0
104	140	0
105	106	0
105	107	0
105	108	1
105	109	0
105	110	0
105	111	0
105	112	1
105	113	1
105	114	0
105	115	0
105	116	1
105	117	1
105	118	1
105	119	1
105	120	0
105	121	0
105	122	0
105	123	1
105	124	0
105	125	0
105	126	1
105	127	1
105	128	0
105	129	1
105	130	1
105	131	0
105	132	1
105	133	1
105	134	1
105	135	0
105	136	0
105	137	1
105	138	1
105	139	0
105	140	1
106	107	1
106	108	1
106	109	1
106	110	1
106	111	1
106	112	0
106	113	1
106	114	0
106	115	0
106	116	0
106	117	1
106	118	0
106	119	1
106	120	0
106	121	0
106	122	1
106	123	1
106	124	0
106	125	0
106	126	1
106	127	0
106	128	1
106	129	0
106	130	1
106	131	0
106	132	0
106	133	0
106	134	0
106	135	1
106	136	0
106	137	0
106	138	1
106	139	0
106	140	0
107	108	1
107	109	1
107	110	0
107	111	1
107	112	0
107	113	1
107	114	0
107	115	0
107	116	0
107	117	1
107	118	0
107	119	0
107	120	0
107	121	0
107	122	1
107	123	0
107	124	1
107	125	0
107	126	0
107	127	0
107	128	0
107	129	1
107	130	0
107	131	1
107	132	0
107	133	0
107	134	1
107	135	1
107	136	0
107	137	0
107	138	1
107	139	0
107	140	0
108	109	0
108	110	1
108	111	1
108	112	0
108	113	0
108	114	0
108	115	1
108	116	0
108	117	0
108	118	1
108	119	1
108	120	1
108	121	0
108	122	0
108	123	1
108	124	0
108	125	1
108	126	1
108	127	1
108	128	1
108	129	0
108	130	1
108	131	1
108	132	1
108	133	1
108	134	1
108	135	1
108	136	0
108	137	1
108	138	0
108	139	1
108	140	1
109	110	0
109	111	1
109	112	0
109	113	0
109	114	0
109	115	0
109	116	1
109	117	1
109	118	0
109	119	1
109	120	1
109	121	0
109	122	0
109	123	1
109	124	1
109	125	1
109	126	0
109	127	1
109	128	1
109	129	0
109	130	0
109	131	0
109	132	0
109	133	1
109	134	1
109	135	0
109	136	0
109	137	0
109	138	1
109	139	0
109	140	0
110	111	1
110	112	1
110	113	1
110	114	1
110	115	0
110	116	0
110	117	0
110	118	1
110	119	0
110	120	0
110	121	0
110	122	0
110	123	0
110	124	1
110	125	0
110	126	0
110	127	0
110	128	1
110	129	0
110	130	0
110	131	1
110	132	0
110	133	0
110	134	1
110	135	1
110	136	1
110	137	1
110	138	0
110	139	1
110	140	0
111	112	1
111	113	0
111	114	0
111	115	0
111	116	1
111	117	0
111	118	0
111	119	1
111	120	0
111	121	1
111	122	0
111	123	0
111	124	0
111	125	1
111	126	1
111	127	1
111	128	1
111	129	1
111	130	1
111	131	1
111	132	1
111	133	0
111	134	0
111	135	1
111	136	0
111	137	1
111	138	1
111	139	1
111	140	0
112	113	1
112	114	0
112	115	1
112	116	1
112	117	1
112	118	1
112	119	1
112	120	0
112	121	0
112	122	0
112	123	1
112	124	0
112	125	0
112	126	1
112	127	0
112	128	0
112	129	1
112	130	1
112	131	1
112	132	0
112	133	0
112	134	0
112	135	0
112	136	1
112	137	1
112	138	1
112	139	0
112	140	1
113	114	0
113	115	1
113	116	1
113	117	1
113	118	1
113	119	0
113	120	0
113	121	0
113	122	0
113	123	1
113	124	0
113	125	0
113	126	0
113	127	0
113	128	1
113	129	1
113	130	0
113	131	1
113	132	0
113	133	0
113	134	0
113	135	0
113	136	1
113	137	0
113	138	1
113	139	0
113	140	0
114	115	1
114	116	1
114	117	1
114	118	1
114	119	1
114	120	1
114	121	0
114	122	0
114	123	0
114	124	0
114	125	0
114	126	0
114	127	0
114	128	1
114	129	1
114	130	0
114	131	1
114	132	1
114	133	1
114	134	1
114	135	1
114	136	0
114	137	0
114	138	1
114	139	0
114	140	0
115	116	0
115	117	0
115	118	1
115	119	1
115	120	0
115	121	0
115	122	1
115	123	1
115	124	1
115	125	1
115	126	1
115	127	0
115	128	1
115	129	0
115	130	0
115	131	0
115	132	1
115	133	1
115	134	0
115	135	0
115	136	0
115	137	1
115	138	1
115	139	1
115	140	0
116	117	1
116	118	0
116	119	1
116	120	1
116	121	0
116	122	1
116	123	0
116	124	1
116	125	1
116	126	0
116	127	0
116	128	1
116	129	1
116	130	1
116	131	0
116	132	1
116	133	0
116	134	1
116	135	0
116	136	0
116	137	0
116	138	1
116	139	0
116	140	1
117	118	0
117	119	1
117	120	0
117	121	1
117	122	0
117	123	0
117	124	1
117	125	0
117	126	1
117	127	0
117	128	0
117	129	1
117	130	1
117	131	0
117	132	1
117	133	1
117	134	0
117	135	1
117	136	0
117	137	1
117	138	1
117	139	1
117	140	1
118	119	1
118	120	0
118	121	1
118	122	1
118	123	0
118	124	1
118	125	0
118	126	1
118	127	0
118	128	0
118	129	0
118	130	0
118	131	0
118	132	0
118	133	1
118	134	0
118	135	0
118	136	1
118	137	1
118	138	1
118	139	0
118	140	0
119	120	0
119	121	1
119	122	1
119	123	0
119	124	0
119	125	1
119	126	0
119	127	1
119	128	1
119	129	1
119	130	1
119	131	0
119	132	1
119	133	0
119	134	1
119	135	1
119	136	0
119	137	0
119	138	1
119	139	1
119	140	1
120	121	1
120	122	1
120	123	1
120	124	0
120	125	1
120	126	1
120	127	1
120	128	1
120	129	0
120	130	1
120	131	0
120	132	0
120	133	0
120	134	1
120	135	1
120	136	0
120	137	1
120	138	1
120	139	0
120	140	0
121	122	0
121	123	0
121	124	0
121	125	0
121	126	1
121	127	1
121	128	1
121	129	1
121	130	0
121	131	0
121	132	0
121	133	1
121	134	0
121	135	0
121	136	1
121	137	0
121	138	1
121	139	0
121	140	0
122	123	1
122	124	0
122	125	0
122	126	1
122	127	1
122	128	1
122	129	1
122	130	0
122	131	1
122	132	1
122	133	0
122	134	0
122	135	0
122	136	1
122	137	1
122	138	1
122	139	0
122	140	0
123	124	1
123	125	0
123	126	0
123	127	0
123	128	0
123	129	0
123	130	0
123	131	1
123	132	0
123	133	1
123	134	1
123	135	1
123	136	0
123	137	0
123	138	0
123	139	1
123	140	1
124	125	1
124	126	0
124	127	1
124	128	0
124	129	1
124	130	0
124	131	0
124	132	1
124	133	1
124	134	0
124	135	0
124	136	0
124	137	0
124	138	1
124	139	0
124	140	1
125	126	0
125	127	1
125	128	1
125	129	0
125	130	0
125	131	1
125	132	0
125	133	0
125	134	1
125	135	1
125	136	0
125	137	1
125	138	1
125	139	0
125	140	1
126	127	0
126	128	0
126	129	0
126	130	1
126	131	1
126	132	1
126	133	1
126	134	0
126	135	0
126	136	1
126	137	0
126	138	1
126	139	0
126	140	1
127	128	0
127	129	1
127	130	0
127	131	0
127	132	1
127	133	1
127	134	1
127	135	1
127	136	1
127	137	1
127	138	0
127	139	0
127	140	1
128	129	1
128	130	1
128	131	0
128	132	0
128	133	0
128	134	1
128	135	1
128	136	1
128	137	1
128	138	0
128	139	1
128	140	1
129	130	0
129	131	1
129	132	0
129	133	1
129	134	0
129	135	0
129	136	1
129	137	1
129	138	0
129	139	1
129	140	1
130	131	0
130	132	0
130	133	1
130	134	1
130	135	1
130	136	0
130	137	1
130	138	0
130	139	0
130	140	0
131	132	1
131	133	0
131	134	1
131	135	0
131	136	0
131	137	0
131	138	1
131	139	0
131	140	1
132	133	1
132	134	0
132	135	1
132	136	1
132	137	0
132	138	0
132	139	0
132	140	0
133	134	0
133	135	1
133	136	1
133	137	1
133	138	1
133	139	1
133	140	0
134	135	1
134	136	1
134	137	0
134	138	0
134	139	1
134	140	1
135	136	1
135	137	1
135	138	0
135	139	1
135	140	0
136	137	1
136	138	1
136	139	0
136	140	1
137	138	1
137	139	1
137	140	1
138	139	1
138	140	1
139	140	0
