140	9730	0
1	2	0
1	3	1
1	4	0
1	5	1
1	6	0
1	7	0
1	8	0
1	9	1
1	10	0
1	11	0
1	12	0
1	13	1
1	14	0
1	15	0
1	16	1
1	17	1
1	18	0
1	19	0
1	20	1
1	21	1
1	22	0
1	23	1
1	24	1
1	25	1
1	26	1
1	27	1
1	28	1
1	29	0
1	30	0
1	31	0
1	32	1
1	33	1
1	34	0
1	35	0
1	36	1
1	37	0
1	38	0
1	39	0
1	40	1
1	41	1
1	42	0
1	43	0
1	44	0
1	45	1
1	46	0
1	47	1
1	48	0
1	49	0
1	50	0
1	51	1
1	52	1
1	53	1
1	54	1
1	55	1
1	56	0
1	57	0
1	58	1
1	59	1
1	60	1
1	61	0
1	62	0
1	63	1
1	64	1
1	65	0
1	66	1
1	67	1
1	68	0
1	69	1
1	70	0
1	71	1
1	72	0
1	73	1
1	74	1
1	75	0
1	76	0
1	77	1
1	78	1
1	79	0
1	80	0
1	81	1
1	82	1
1	83	0
1	84	0
1	85	1
1	86	1
1	87	0
1	88	1
1	89	0
1	90	1
1	91	1
1	92	0
1	93	0
1	94	0
1	95	1
1	96	0
1	97	1
1	98	0
1	99	0
1	100	0
1	101	0
1	102	0
1	103	0
1	104	1
1	105	0
1	106	0
1	107	1
1	108	1
1	109	0
1	110	1
1	111	0
1	112	0
1	113	0
1	114	0
1	115	1
1	116	0
1	117	1
1	118	0
1	119	0
1	120	1
1	121	0
1	122	1
1	123	0
1	124	0
1	125	1
1	126	0
1	127	1
1	128	0
1	129	0
1	130	0
1	131	0
1	132	1
1	133	1
1	134	1
1	135	0
1	136	1
1	137	1
1	138	1
1	139	1
1	140	1
2	3	0
2	4	0
2	5	1
2	6	1
2	7	1
2	8	0
2	9	1
2	10	0
2	11	0
2	12	1
2	13	1
2	14	1
2	15	1
2	16	0
2	17	0
2	18	1
2	19	1
2	20	1
2	21	1
2	22	0
2	23	1
2	24	1
2	25	0
2	26	0
2	27	1
2	28	0
2	29	1
2	30	0
2	31	1
2	32	1
2	33	0
2	34	1
2	35	0
2	36	1
2	37	1
2	38	0
2	39	0
2	40	0
2	41	1
2	42	0
2	43	0
2	44	1
2	45	1
2	46	1
2	47	0
2	48	1
2	49	1
2	50	0
2	51	0
2	52	0
2	53	1
2	54	0
2	55	0
2	56	1
2	57	0
2	58	0
2	59	1
2	60	1
2	61	1
2	62	0
2	63	1
2	64	0
2	65	1
2	66	0
2	67	0
2	68	0
2	69	0
2	70	0
2	71	0
2	72	1
2	73	0
2	74	0
2	75	1
2	76	1
2	77	1
2	78	1
2	79	0
2	80	0
2	81	1
2	82	0
2	83	1
2	84	1
2	85	1
2	86	1
2	87	0
2	88	1
2	89	1
2	90	0
2	91	1
2	92	0
2	93	1
2	94	0
2	95	0
2	96	0
2	97	0
2	98	1
2	99	0
2	100	0
2	101	1
2	102	1
2	103	0
2	104	0
2	105	1
2	106	1
2	107	0
2	108	0
2	109	0
2	110	0
2	111	1
2	112	0
2	113	0
2	114	1
2	115	0
2	116	1
2	117	0
2	118	1
2	119	1
2	120	0
2	121	1
2	122	1
2	123	0
2	124	0
2	125	1
2	126	1
2	127	1
2	128	0
2	129	0
2	130	0
2	131	1
2	132	0
2	133	1
2	134	1
2	135	1
2	136	0
2	137	0
2	138	0
2	139	1
2	140	0
3	4	0
3	5	0
3	6	1
3	7	0
3	8	0
3	9	0
3	10	1
3	11	0
3	12	0
3	13	0
3	14	1
3	15	0
3	16	1
3	17	1
3	18	1
3	19	1
3	20	1
3	21	1
3	22	1
3	23	1
3	24	0
3	25	0
3	26	0
3	27	0
3	28	1
3	29	0
3	30	0
3	31	1
3	32	1
3	33	0
3	34	0
3	35	0
3	36	1
3	37	1
3	38	1
3	39	0
3	40	1
3	41	0
3	42	0
3	43	0
3	44	1
3	45	0
3	46	1
3	47	1
3	48	0
3	49	0
3	50	1
3	51	0
3	52	1
3	53	0
3	54	0
3	55	0
3	56	1
3	57	1
3	58	0
3	59	0
3	60	1
3	61	0
3	62	1
3	63	1
3	64	0
3	65	1
3	66	0
3	67	0
3	68	1
3	69	0
3	70	0
3	71	1
3	72	0
3	73	0
3	74	1
3	75	0
3	76	0
3	77	0
3	78	1
3	79	1
3	80	0
3	81	0
3	82	1
3	83	1
3	84	1
3	85	0
3	86	1
3	87	1
3	88	1
3	89	0
3	90	0
3	91	0
3	92	0
3	93	1
3	94	0
3	95	1
3	96	1
3	97	1
3	98	0
3	99	1
3	100	1
3	101	1
3	102	1
3	103	0
3	104	1
3	105	1
3	106	1
3	107	1
3	108	1
3	109	0
3	110	1
3	111	0
3	112	0
3	113	1
3	114	1
3	115	1
3	116	0
3	117	1
3	118	0
3	119	1
3	120	1
3	121	1
3	122	0
3	123	1
3	124	1
3	125	1
3	126	0
3	127	1
3	128	1
3	129	1
3	130	1
3	131	0
3	132	1
3	133	1
3	134	0
3	135	1
3	136	0
3	137	1
3	138	0
3	139	0
3	140	1
4	5	0
4	6	1
4	7	1
4	8	0
4	9	1
4	10	1
4	11	0
4	12	0
4	13	0
4	14	0
4	15	1
4	16	0
4	17	0
4	18	1
4	19	1
4	20	1
4	21	1
4	22	1
4	23	1
4	24	1
4	25	0
4	26	1
4	27	1
4	28	1
4	29	0
4	30	1
4	31	1
4	32	0
4	33	0
4	34	1
4	35	1
4	36	1
4	37	0
4	38	1
4	39	0
4	40	0
4	41	1
4	42	0
4	43	1
4	44	0
4	45	1
4	46	1
4	47	0
4	48	0
4	49	0
4	50	0
4	51	0
4	52	0
4	53	1
4	54	0
4	55	0
4	56	1
4	57	0
4	58	1
4	59	0
4	60	0
4	61	1
4	62	0
4	63	1
4	64	0
4	65	1
4	66	0
4	67	0
4	68	1
4	69	0
4	70	1
4	71	1
4	72	1
4	73	1
4	74	0
4	75	0
4	76	1
4	77	1
4	78	1
4	79	1
4	80	1
4	81	1
4	82	1
4	83	1
4	84	1
4	85	1
4	86	0
4	87	0
4	88	1
4	89	0
4	90	0
4	91	0
4	92	0
4	93	1
4	94	1
4	95	1
4	96	0
4	97	1
4	98	1
4	99	1
4	100	1
4	101	0
4	102	0
4	103	0
4	104	0
4	105	0
4	106	0
4	107	1
4	108	0
4	109	1
4	110	0
4	111	1
4	112	1
4	113	0
4	114	1
4	115	0
4	116	1
4	117	0
4	118	0
4	119	1
4	120	1
4	121	1
4	122	0
4	123	0
4	124	1
4	125	1
4	126	1
4	127	1
4	128	1
4	129	0
4	130	1
4	131	1
4	132	1
4	133	0
4	134	0
4	135	1
4	136	0
4	137	0
4	138	0
4	139	1
4	140	0
5	6	0
5	7	0
5	8	1
5	9	1
5	10	0
5	11	0
5	12	1
5	13	0
5	14	1
5	15	1
5	16	1
5	17	1
5	18	1
5	19	0
5	20	0
5	21	1
5	22	1
5	23	1
5	24	1
5	25	1
5	26	0
5	27	0
5	28	1
5	29	0
5	30	0
5	31	0
5	32	0
5	33	0
5	34	0
5	35	0
5	36	1
5	37	1
5	38	0
5	39	1
5	40	1
5	41	1
5	42	1
5	43	0
5	44	0
5	45	0
5	46	1
5	47	0
5	48	1
5	49	0
5	50	1
5	51	0
5	52	1
5	53	0
5	54	1
5	55	1
5	56	1
5	57	1
5	58	1
5	59	1
5	60	0
5	61	1
5	62	0
5	63	1
5	64	0
5	65	1
5	66	1
5	67	0
5	68	0
5	69	0
5	70	1
5	71	1
5	72	1
5	73	0
5	74	0
5	75	0
5	76	1
5	77	1
5	78	1
5	79	0
5	80	0
5	81	1
5	82	0
5	83	1
5	84	1
5	85	0
5	86	0
5	87	0
5	88	1
5	89	1
5	90	1
5	91	1
5	92	1
5	93	1
5	94	1
5	95	1
5	96	1
5	97	1
5	98	1
5	99	0
5	100	1
5	101	0
5	102	0
5	103	1
5	104	0
5	105	0
5	106	1
5	107	1
5	108	0
5	109	0
5	110	0
5	111	0
5	112	1
5	113	1
5	114	0
5	115	1
5	116	0
5	117	0
5	118	0
5	119	0
5	120	0
5	121	0
5	122	0
5	123	1
5	124	1
5	125	0
5	126	0
5	127	1
5	128	1
5	129	0
5	130	0
5	131	1
5	132	0
5	133	1
5	134	0
5	135	0
5	136	0
5	137	1
5	138	1
5	139	1
5	140	0
6	7	1
6	8	0
6	9	1
6	10	1
6	11	0
6	12	0
6	13	0
6	14	1
6	15	1
6	16	0
6	17	1
6	18	0
6	19	1
6	20	1
6	21	0
6	22	1
6	23	0
6	24	0
6	25	0
6	26	0
6	27	0
6	28	1
6	29	1
6	30	0
6	31	0
6	32	1
6	33	1
6	34	0
6	35	0
6	36	0
6	37	0
6	38	0
6	39	0
6	40	0
6	41	1
6	42	1
6	43	1
6	44	1
6	45	0
6	46	0
6	47	1
6	48	0
6	49	1
6	50	1
6	51	1
6	52	1
6	53	1
6	54	0
6	55	0
6	56	1
6	57	1
6	58	1
6	59	0
6	60	1
6	61	1
6	62	1
6	63	0
6	64	0
6	65	0
6	66	0
6	67	0
6	68	0
6	69	1
6	70	0
6	71	0
6	72	1
6	73	1
6	74	1
6	75	1
6	76	1
6	77	0
6	78	1
6	79	1
6	80	0
6	81	0
6	82	1
6	83	1
6	84	0
6	85	0
6	86	1
6	87	0
6	88	1
6	89	1
6	90	1
6	91	0
6	92	0
6	93	0
6	94	0
6	95	0
6	96	0
6	97	1
6	98	1
6	99	1
6	100	1
6	101	1
6	102	0
6	103	0
6	104	0
6	105	0
6	106	1
6	107	1
6	108	1
6	109	0
6	110	1
6	111	1
6	112	0
6	113	1
6	114	0
6	115	1
6	116	1
6	117	0
6	118	1
6	119	0
6	120	0
6	121	0
6	122	1
6	123	1
6	124	0
6	125	0
6	126	0
6	127	0
6	128	1
6	129	0
6	130	1
6	131	1
6	132	1
6	133	1
6	134	1
6	135	1
6	136	0
6	137	1
6	138	0
6	139	1
6	140	1
7	8	1
7	9	1
7	10	1
7	11	0
7	12	0
7	13	0
7	14	1
7	15	1
7	16	0
7	17	1
7	18	0
7	19	0
7	20	0
7	21	1
7	22	1
7	23	0
7	24	0
7	25	1
7	26	1
7	27	1
7	28	0
7	29	0
7	30	1
7	31	1
7	32	1
7	33	1
7	34	1
7	35	1
7	36	1
7	37	0
7	38	1
7	39	0
7	40	0
7	41	0
7	42	1
7	43	0
7	44	1
7	45	1
7	46	1
7	47	0
7	48	0
7	49	1
7	50	0
7	51	1
7	52	1
7	53	1
7	54	0
7	55	1
7	56	0
7	57	0
7	58	1
7	59	1
7	60	0
7	61	0
7	62	0
7	63	1
7	64	1
7	65	0
7	66	1
7	67	0
7	68	0
7	69	0
7	70	0
7	71	1
7	72	0
7	73	0
7	74	1
7	75	0
7	76	0
7	77	1
7	78	1
7	79	0
7	80	0
7	81	0
7	82	0
7	83	0
7	84	0
7	85	1
7	86	1
7	87	0
7	88	1
7	89	1
7	90	0
7	91	0
7	92	0
7	93	0
7	94	1
7	95	0
7	96	0
7	97	1
7	98	1
7	99	0
7	100	0
7	101	1
7	102	1
7	103	1
7	104	0
7	105	1
7	106	1
7	107	0
7	108	0
7	109	1
7	110	0
7	111	0
7	112	0
7	113	0
7	114	1
7	115	1
7	116	0
7	117	1
7	118	1
7	119	0
7	120	0
7	121	1
7	122	0
7	123	0
7	124	0
7	125	1
7	126	0
7	127	0
7	128	1
7	129	0
7	130	1
7	131	1
7	132	1
7	133	1
7	134	0
7	135	1
7	136	0
7	137	1
7	138	0
7	139	1
7	140	1
8	9	1
8	10	1
8	11	0
8	12	1
8	13	1
8	14	0
8	15	1
8	16	1
8	17	0
8	18	0
8	19	0
8	20	1
8	21	0
8	22	1
8	23	0
8	24	0
8	25	0
8	26	1
8	27	0
8	28	0
8	29	0
8	30	0
8	31	1
8	32	1
8	33	1
8	34	0
8	35	0
8	36	1
8	37	0
8	38	1
8	39	1
8	40	1
8	41	1
8	42	0
8	43	1
8	44	0
8	45	1
8	46	0
8	47	1
8	48	0
8	49	0
8	50	0
8	51	1
8	52	0
8	53	0
8	54	0
8	55	0
8	56	1
8	57	0
8	58	0
8	59	0
8	60	0
8	61	0
8	62	1
8	63	1
8	64	0
8	65	0
8	66	0
8	67	0
8	68	0
8	69	0
8	70	1
8	71	0
8	72	1
8	73	0
8	74	1
8	75	1
8	76	0
8	77	1
8	78	0
8	79	1
8	80	1
8	81	0
8	82	0
8	83	0
8	84	1
8	85	1
8	86	1
8	87	0
8	88	1
8	89	1
8	90	0
8	91	0
8	92	1
8	93	1
8	94	1
8	95	1
8	96	1
8	97	0
8	98	1
8	99	0
8	100	1
8	101	0
8	102	1
8	103	1
8	104	1
8	105	0
8	106	0
8	107	1
8	108	0
8	109	1
8	110	1
8	111	1
8	112	0
8	113	1
8	114	1
8	115	0
8	116	1
8	117	1
8	118	1
8	119	0
8	120	1
8	121	1
8	122	0
8	123	0
8	124	1
8	125	1
8	126	1
8	127	1
8	128	1
8	129	0
8	130	1
8	131	1
8	132	1
8	133	1
8	134	1
8	135	0
8	136	1
8	137	1
8	138	0
8	139	1
8	140	0
9	10	0
9	11	1
9	12	1
9	13	1
9	14	1
9	15	0
9	16	0
9	17	1
9	18	1
9	19	0
9	20	1
9	21	1
9	22	0
9	23	1
9	24	1
9	25	1
9	26	1
9	27	0
9	28	1
9	29	0
9	30	0
9	31	0
9	32	0
9	33	0
9	34	0
9	35	1
9	36	0
9	37	0
9	38	1
9	39	1
9	40	1
9	41	0
9	42	0
9	43	0
9	44	0
9	45	0
9	46	1
9	47	1
9	48	0
9	49	1
9	50	0
9	51	0
9	52	0
9	53	0
9	54	1
9	55	1
9	56	1
9	57	0
9	58	0
9	59	0
9	60	1
9	61	0
9	62	0
9	63	0
9	64	1
9	65	1
9	66	0
9	67	1
9	68	0
9	69	0
9	70	0
9	71	1
9	72	1
9	73	0
9	74	0
9	75	0
9	76	0
9	77	1
9	78	1
9	79	1
9	80	1
9	81	0
9	82	1
9	83	1
9	84	0
9	85	1
9	86	1
9	87	1
9	88	1
9	89	1
9	90	0
9	91	0
9	92	0
9	93	1
9	94	1
9	95	0
9	96	1
9	97	1
9	98	0
9	99	0
9	100	0
9	101	0
9	102	0
9	103	0
9	104	0
9	105	0
9	106	1
9	107	0
9	108	0
9	109	1
9	110	1
9	111	0
9	112	1
9	113	1
9	114	1
9	115	1
9	116	1
9	117	0
9	118	0
9	119	0
9	120	0
9	121	0
9	122	1
9	123	0
9	124	1
9	125	0
9	126	0
9	127	1
9	128	1
9	129	1
9	130	1
9	131	0
9	132	0
9	133	0
9	134	0
9	135	0
9	136	1
9	137	1
9	138	0
9	139	1
9	140	0
10	11	0
10	12	0
10	13	1
10	14	0
10	15	0
10	16	1
10	17	1
10	18	1
10	19	1
10	20	1
10	21	1
10	22	1
10	23	1
10	24	1
10	25	1
10	26	0
10	27	1
10	28	0
10	29	0
10	30	0
10	31	0
10	32	1
10	33	0
10	34	0
10	35	0
10	36	0
10	37	1
10	38	1
10	39	0
10	40	1
10	41	0
10	42	1
10	43	1
10	44	0
10	45	1
10	46	0
10	47	1
10	48	0
10	49	0
10	50	1
10	51	0
10	52	1
10	53	0
10	54	1
10	55	0
10	56	1
10	57	1
10	58	1
10	59	1
10	60	0
10	61	0
10	62	1
10	63	0
10	64	0
10	65	0
10	66	1
10	67	1
10	68	0
10	69	1
10	70	1
10	71	0
10	72	0
10	73	1
10	74	0
10	75	0
10	76	1
10	77	1
10	78	0
10	79	1
10	80	0
10	81	1
10	82	0
10	83	1
10	84	1
10	85	1
10	86	1
10	87	0
10	88	1
10	89	1
10	90	1
10	91	0
10	92	1
10	93	1
10	94	1
10	95	1
10	96	1
10	97	0
10	98	1
10	99	1
10	100	0
10	101	1
10	102	1
10	103	1
10	104	0
10	105	0
10	106	1
10	107	0
10	108	0
10	109	0
10	110	0
10	111	1
10	112	0
10	113	1
10	114	1
10	115	0
10	116	1
10	117	1
10	118	1
10	119	1
10	120	0
10	121	0
10	122	0
10	123	0
10	124	0
10	125	0
10	126	0
10	127	0
10	128	0
10	129	1
10	130	1
10	131	0
10	132	1
10	133	1
10	134	1
10	135	0
10	136	1
10	137	0
10	138	0
10	139	1
10	140	0
11	12	1
11	13	0
11	14	0
11	15	0
11	16	1
11	17	0
11	18	1
11	19	0
11	20	0
11	21	0
11	22	1
11	23	0
11	24	1
11	25	1
11	26	1
11	27	0
11	28	0
11	29	1
11	30	0
11	31	0
11	32	0
11	33	0
11	34	0
11	35	1
11	36	0
11	37	1
11	38	1
11	39	0
11	40	0
11	41	0
11	42	1
11	43	0
11	44	1
11	45	1
11	46	1
11	47	1
11	48	0
11	49	0
11	50	0
11	51	1
11	52	0
11	53	1
11	54	0
11	55	1
11	56	0
11	57	1
11	58	0
11	59	1
11	60	1
11	61	0
11	62	1
11	63	1
11	64	1
11	65	0
11	66	1
11	67	1
11	68	1
11	69	0
11	70	0
11	71	0
11	72	0
11	73	0
11	74	0
11	75	1
11	76	0
11	77	0
11	78	0
11	79	1
11	80	0
11	81	0
11	82	0
11	83	1
11	84	1
11	85	0
11	86	1
11	87	1
11	88	1
11	89	1
11	90	0
11	91	0
11	92	1
11	93	1
11	94	0
11	95	1
11	96	1
11	97	0
11	98	0
11	99	0
11	100	1
11	101	0
11	102	0
11	103	1
11	104	1
11	105	0
11	106	1
11	107	1
11	108	0
11	109	1
11	110	1
11	111	1
11	112	1
11	113	0
11	114	0
11	115	1
11	116	1
11	117	1
11	118	1
11	119	1
11	120	0
11	121	0
11	122	1
11	123	0
11	124	1
11	125	1
11	126	1
11	127	0
11	128	1
11	129	0
11	130	1
11	131	1
11	132	1
11	133	0
11	134	0
11	135	1
11	136	0
11	137	1
11	138	1
11	139	1
11	140	1
12	13	1
12	14	1
12	15	1
12	16	1
12	17	1
12	18	1
12	19	0
12	20	0
12	21	0
12	22	1
12	23	0
12	24	1
12	25	1
12	26	1
12	27	1
12	28	0
12	29	1
12	30	0
12	31	1
12	32	1
12	33	0
12	34	1
12	35	0
12	36	1
12	37	1
12	38	1
12	39	0
12	40	1
12	41	0
12	42	0
12	43	0
12	44	1
12	45	0
12	46	1
12	47	0
12	48	0
12	49	1
12	50	1
12	51	0
12	52	0
12	53	1
12	54	0
12	55	1
12	56	0
12	57	1
12	58	1
12	59	0
12	60	1
12	61	1
12	62	0
12	63	1
12	64	0
12	65	0
12	66	1
12	67	0
12	68	0
12	69	0
12	70	0
12	71	0
12	72	0
12	73	0
12	74	1
12	75	1
12	76	1
12	77	0
12	78	0
12	79	0
12	80	0
12	81	1
12	82	1
12	83	0
12	84	1
12	85	0
12	86	1
12	87	1
12	88	1
12	89	0
12	90	0
12	91	1
12	92	1
12	93	0
12	94	1
12	95	1
12	96	0
12	97	0
12	98	0
12	99	1
12	100	1
12	101	0
12	102	1
12	103	1
12	104	0
12	105	1
12	106	0
12	107	0
12	108	0
12	109	0
12	110	1
12	111	1
12	112	0
12	113	0
12	114	1
12	115	0
12	116	1
12	117	1
12	118	1
12	119	0
12	120	1
12	121	1
12	122	0
12	123	0
12	124	1
12	125	0
12	126	1
12	127	1
12	128	1
12	129	0
12	130	0
12	131	0
12	132	0
12	133	1
12	134	1
12	135	1
12	136	1
12	137	1
12	138	0
12	139	0
12	140	0
13	14	0
13	15	0
13	16	1
13	17	0
13	18	0
13	19	0
13	20	1
13	21	1
13	22	1
13	23	1
13	24	1
13	25	0
13	26	1
13	27	1
13	28	0
13	29	1
13	30	0
13	31	0
13	32	1
13	33	0
13	34	1
13	35	0
13	36	1
13	37	0
13	38	1
13	39	1
13	40	0
13	41	0
13	42	1
13	43	1
13	44	1
13	45	1
13	46	0
13	47	1
13	48	1
13	49	0
13	50	1
13	51	1
13	52	1
13	53	0
13	54	0
13	55	0
13	56	0
13	57	0
13	58	0
13	59	0
13	60	0
13	61	0
13	62	0
13	63	1
13	64	1
13	65	1
13	66	1
13	67	1
13	68	1
13	69	1
13	70	1
13	71	1
13	72	0
13	73	0
13	74	1
13	75	0
13	76	1
13	77	1
13	78	0
13	79	1
13	80	1
13	81	1
13	82	1
13	83	1
13	84	0
13	85	1
13	86	1
13	87	0
13	88	0
13	89	1
13	90	1
13	91	0
13	92	0
13	93	0
13	94	0
13	95	1
13	96	1
13	97	1
13	98	0
13	99	0
13	100	0
13	101	0
13	102	0
13	103	1
13	104	0
13	105	0
13	106	0
13	107	0
13	108	0
13	109	1
13	110	0
13	111	1
13	112	1
13	113	1
13	114	0
13	115	1
13	116	0
13	117	1
13	118	0
13	119	1
13	120	1
13	121	1
13	122	1
13	123	1
13	124	1
13	125	0
13	126	1
13	127	1
13	128	0
13	129	1
13	130	1
13	131	1
13	132	0
13	133	1
13	134	1
13	135	0
13	136	0
13	137	1
13	138	1
13	139	1
13	140	1
14	15	1
14	16	1
14	17	1
14	18	1
14	19	0
14	20	1
14	21	0
14	22	0
14	23	1
14	24	0
14	25	1
14	26	0
14	27	1
14	28	0
14	29	0
14	30	0
14	31	0
14	32	1
14	33	0
14	34	1
14	35	0
14	36	0
14	37	1
14	38	1
14	39	1
14	40	0
14	41	0
14	42	1
14	43	0
14	44	1
14	45	0
14	46	1
14	47	1
14	48	1
14	49	0
14	50	1
14	51	0
14	52	1
14	53	0
14	54	1
14	55	0
14	56	0
14	57	1
14	58	1
14	59	0
14	60	0
14	61	1
14	62	1
14	63	0
14	64	0
14	65	0
14	66	1
14	67	0
14	68	0
14	69	1
14	70	1
14	71	1
14	72	1
14	73	1
14	74	1
14	75	0
14	76	1
14	77	0
14	78	0
14	79	0
14	80	0
14	81	0
14	82	0
14	83	0
14	84	0
14	85	1
14	86	0
14	87	0
14	88	0
14	89	1
14	90	0
14	91	1
14	92	0
14	93	1
14	94	1
14	95	1
14	96	1
14	97	0
14	98	0
14	99	0
14	100	1
14	101	0
14	102	1
14	103	1
14	104	0
14	105	1
14	106	0
14	107	0
14	108	1
14	109	1
14	110	0
14	111	0
14	112	1
14	113	1
14	114	0
14	115	0
14	116	1
14	117	0
14	118	1
14	119	0
14	120	1
14	121	0
14	122	1
14	123	0
14	124	0
14	125	0
14	126	1
14	127	1
14	128	1
14	129	0
14	130	0
14	131	0
14	132	1
14	133	1
14	134	1
14	135	0
14	136	0
14	137	1
14	138	0
14	139	0
14	140	1
15	16	0
15	17	1
15	18	1
15	19	0
15	20	1
15	21	1
15	22	0
15	23	1
15	24	1
15	25	1
15	26	1
15	27	1
15	28	0
15	29	1
15	30	1
15	31	1
15	32	0
15	33	1
15	34	1
15	35	1
15	36	0
15	37	1
15	38	0
15	39	0
15	40	1
15	41	0
15	42	0
15	43	1
15	44	0
15	45	1
15	46	0
15	47	1
15	48	1
15	49	1
15	50	0
15	51	0
15	52	0
15	53	0
15	54	0
15	55	0
15	56	1
15	57	0
15	58	1
15	59	1
15	60	0
15	61	1
15	62	1
15	63	0
15	64	1
15	65	1
15	66	1
15	67	0
15	68	1
15	69	0
15	70	1
15	71	0
15	72	1
15	73	1
15	74	0
15	75	0
15	76	0
15	77	1
15	78	1
15	79	1
15	80	0
15	81	1
15	82	1
15	83	1
15	84	1
15	85	0
15	86	0
15	87	1
15	88	1
15	89	0
15	90	0
15	91	0
15	92	1
15	93	1
15	94	0
15	95	1
15	96	1
15	97	1
15	98	1
15	99	1
15	100	0
15	101	0
15	102	0
15	103	0
15	104	0
15	105	1
15	106	1
15	107	1
15	108	0
15	109	0
15	110	0
15	111	0
15	112	0
15	113	0
15	114	0
15	115	0
15	116	1
15	117	0
15	118	1
15	119	0
15	120	1
15	121	1
15	122	1
15	123	0
15	124	0
15	125	0
15	126	0
15	127	0
15	128	0
15	129	0
15	130	1
15	131	1
15	132	0
15	133	1
15	134	1
15	135	0
15	136	0
15	137	1
15	138	0
15	139	1
15	140	0
16	17	1
16	18	0
16	19	1
16	20	1
16	21	0
16	22	1
16	23	1
16	24	0
16	25	1
16	26	1
16	27	0
16	28	1
16	29	1
16	30	0
16	31	1
16	32	0
16	33	0
16	34	1
16	35	1
16	36	0
16	37	0
16	38	1
16	39	0
16	40	1
16	41	0
16	42	0
16	43	0
16	44	0
16	45	0
16	46	1
16	47	1
16	48	0
16	49	1
16	50	1
16	51	0
16	52	1
16	53	0
16	54	1
16	55	1
16	56	1
16	57	1
16	58	1
16	59	1
16	60	0
16	61	1
16	62	0
16	63	1
16	64	0
16	65	0
16	66	1
16	67	1
16	68	0
16	69	1
16	70	0
16	71	1
16	72	0
16	73	0
16	74	1
16	75	1
16	76	0
16	77	1
16	78	1
16	79	0
16	80	0
16	81	1
16	82	0
16	83	0
16	84	0
16	85	0
16	86	0
16	87	0
16	88	1
16	89	1
16	90	0
16	91	1
16	92	1
16	93	1
16	94	1
16	95	1
16	96	1
16	97	0
16	98	1
16	99	0
16	100	0
16	101	1
16	102	0
16	103	1
16	104	1
16	105	0
16	106	1
16	107	1
16	108	1
16	109	1
16	110	1
16	111	0
16	112	1
16	113	1
16	114	0
16	115	0
16	116	1
16	117	0
16	118	1
16	119	1
16	120	0
16	121	0
16	122	0
16	123	1
16	124	0
16	125	1
16	126	1
16	127	0
16	128	1
16	129	1
16	130	0
16	131	1
16	132	1
16	133	1
16	134	0
16	135	1
16	136	1
16	137	1
16	138	1
16	139	0
16	140	0
17	18	1
17	19	1
17	20	0
17	21	1
17	22	0
17	23	1
17	24	0
17	25	0
17	26	1
17	27	1
17	28	1
17	29	1
17	30	1
17	31	1
17	32	1
17	33	1
17	34	0
17	35	0
17	36	1
17	37	1
17	38	1
17	39	0
17	40	1
17	41	0
17	42	1
17	43	0
17	44	1
17	45	0
17	46	0
17	47	0
17	48	0
17	49	0
17	50	1
17	51	1
17	52	0
17	53	1
17	54	1
17	55	1
17	56	1
17	57	1
17	58	1
17	59	0
17	60	0
17	61	0
17	62	0
17	63	0
17	64	0
17	65	0
17	66	0
17	67	1
17	68	0
17	69	0
17	70	1
17	71	1
17	72	0
17	73	0
17	74	0
17	75	0
17	76	1
17	77	0
17	78	1
17	79	1
17	80	0
17	81	0
17	82	1
17	83	0
17	84	0
17	85	0
17	86	0
17	87	0
17	88	1
17	89	0
17	90	1
17	91	1
17	92	1
17	93	1
17	94	0
17	95	1
17	96	0
17	97	0
17	98	0
17	99	0
17	100	1
17	101	0
17	102	1
17	103	0
17	104	1
17	105	0
17	106	1
17	107	0
17	108	0
17	109	0
17	110	1
17	111	0
17	112	0
17	113	0
17	114	0
17	115	1
17	116	1
17	117	1
17	118	1
17	119	1
17	120	1
17	121	0
17	122	1
17	123	0
17	124	1
17	125	0
17	126	1
17	127	0
17	128	0
17	129	0
17	130	0
17	131	1
17	132	0
17	133	0
17	134	0
17	135	0
17	136	1
17	137	0
17	138	0
17	139	1
17	140	0
18	19	0
18	20	0
18	21	1
18	22	0
18	23	0
18	24	1
18	25	1
18	26	0
18	27	0
18	28	1
18	29	1
18	30	1
18	31	0
18	32	1
18	33	0
18	34	0
18	35	0
18	36	1
18	37	0
18	38	0
18	39	1
18	40	0
18	41	0
18	42	0
18	43	1
18	44	1
18	45	1
18	46	0
18	47	0
18	48	1
18	49	1
18	50	1
18	51	1
18	52	0
18	53	0
18	54	1
18	55	0
18	56	0
18	57	1
18	58	0
18	59	1
18	60	1
18	61	0
18	62	1
18	63	1
18	64	1
18	65	0
18	66	0
18	67	0
18	68	0
18	69	1
18	70	1
18	71	0
18	72	1
18	73	1
18	74	0
18	75	0
18	76	1
18	77	0
18	78	0
18	79	0
18	80	0
18	81	0
18	82	0
18	83	1
18	84	1
18	85	1
18	86	1
18	87	1
18	88	0
18	89	0
18	90	0
18	91	1
18	92	1
18	93	1
18	94	0
18	95	1
18	96	1
18	97	1
18	98	0
18	99	0
18	100	0
18	101	1
18	102	0
18	103	1
18	104	1
18	105	1
18	106	0
18	107	1
18	108	1
18	109	1
18	110	1
18	111	0
18	112	1
18	113	0
18	114	1
18	115	0
18	116	0
18	117	0
18	118	1
18	119	0
18	120	1
18	121	1
18	122	1
18	123	0
18	124	1
18	125	1
18	126	1
18	127	0
18	128	0
18	129	1
18	130	0
18	131	1
18	132	0
18	133	0
18	134	0
18	135	0
18	136	0
18	137	0
18	138	0
18	139	0
18	140	0
19	20	0
19	21	1
19	22	1
19	23	0
19	24	0
19	25	0
19	26	0
19	27	1
19	28	1
19	29	0
19	30	0
19	31	0
19	32	1
19	33	0
19	34	0
19	35	0
19	36	0
19	37	1
19	38	0
19	39	0
19	40	0
19	41	1
19	42	1
19	43	1
19	44	1
19	45	1
19	46	1
19	47	1
19	48	0
19	49	0
19	50	1
19	51	1
19	52	0
19	53	1
19	54	1
19	55	0
19	56	0
19	57	0
19	58	0
19	59	1
19	60	0
19	61	0
19	62	1
19	63	1
19	64	0
19	65	0
19	66	0
19	67	1
19	68	1
19	69	0
19	70	0
19	71	1
19	72	0
19	73	0
19	74	1
19	75	1
19	76	0
19	77	0
19	78	1
19	79	0
19	80	0
19	81	1
19	82	0
19	83	0
19	84	1
19	85	1
19	86	1
19	87	1
19	88	1
19	89	0
19	90	1
19	91	1
19	92	0
19	93	1
19	94	0
19	95	0
19	96	1
19	97	0
19	98	1
19	99	0
19	100	0
19	101	1
19	102	1
19	103	1
19	104	0
19	105	1
19	106	0
19	107	0
19	108	0
19	109	0
19	110	0
19	111	1
19	112	0
19	113	0
19	114	1
19	115	0
19	116	1
19	117	0
19	118	1
19	119	0
19	120	0
19	121	1
19	122	0
19	123	0
19	124	1
19	125	0
19	126	0
19	127	0
19	128	1
19	129	1
19	130	1
19	131	1
19	132	1
19	133	1
19	134	0
19	135	0
19	136	0
19	137	1
19	138	0
19	139	0
19	140	0
20	21	1
20	22	1
20	23	0
20	24	0
20	25	1
20	26	1
20	27	1
20	28	1
20	29	1
20	30	1
20	31	1
20	32	1
20	33	0
20	34	0
20	35	0
20	36	0
20	37	1
20	38	0
20	39	0
20	40	0
20	41	1
20	42	0
20	43	0
20	44	0
20	45	1
20	46	1
20	47	0
20	48	1
20	49	0
20	50	0
20	51	0
20	52	1
20	53	0
20	54	0
20	55	1
20	56	0
20	57	0
20	58	1
20	59	0
20	60	1
20	61	0
20	62	0
20	63	0
20	64	0
20	65	1
20	66	1
20	67	1
20	68	0
20	69	0
20	70	0
20	71	0
20	72	0
20	73	1
20	74	0
20	75	0
20	76	0
20	77	1
20	78	1
20	79	0
20	80	0
20	81	0
20	82	0
20	83	0
20	84	0
20	85	0
20	86	1
20	87	1
20	88	0
20	89	0
20	90	0
20	91	1
20	92	0
20	93	1
20	94	1
20	95	0
20	96	1
20	97	0
20	98	0
20	99	0
20	100	1
20	101	0
20	102	0
20	103	1
20	104	1
20	105	0
20	106	0
20	107	1
20	108	1
20	109	0
20	110	0
20	111	1
20	112	1
20	113	1
20	114	1
20	115	1
20	116	1
20	117	1
20	118	1
20	119	0
20	120	0
20	121	0
20	122	0
20	123	0
20	124	1
20	125	1
20	126	0
20	127	1
20	128	1
20	129	1
20	130	0
20	131	0
20	132	0
20	133	0
20	134	1
20	135	0
20	136	0
20	137	1
20	138	0
20	139	1
20	140	0
21	22	0
21	23	0
21	24	1
21	25	1
21	26	0
21	27	0
21	28	1
21	29	1
21	30	0
21	31	0
21	32	1
21	33	0
21	34	0
21	35	1
21	36	0
21	37	0
21	38	0
21	39	1
21	40	1
21	41	1
21	42	1
21	43	0
21	44	1
21	45	0
21	46	1
21	47	0
21	48	0
21	49	0
21	50	0
21	51	1
21	52	1
21	53	0
21	54	1
21	55	1
21	56	1
21	57	0
21	58	1
21	59	1
21	60	1
21	61	0
21	62	1
21	63	1
21	64	0
21	65	0
21	66	1
21	67	1
21	68	1
21	69	1
21	70	0
21	71	1
21	72	0
21	73	1
21	74	1
21	75	0
21	76	1
21	77	1
21	78	1
21	79	0
21	80	0
21	81	0
21	82	1
21	83	1
21	84	1
21	85	1
21	86	1
21	87	1
21	88	1
21	89	0
21	90	1
21	91	1
21	92	1
21	93	1
21	94	1
21	95	0
21	96	0
21	97	1
21	98	1
21	99	0
21	100	1
21	101	0
21	102	0
21	103	0
21	104	0
21	105	0
21	106	1
21	107	1
21	108	1
21	109	1
21	110	0
21	111	0
21	112	0
21	113	0
21	114	1
21	115	0
21	116	0
21	117	1
21	118	1
21	119	0
21	120	1
21	121	0
21	122	1
21	123	0
21	124	1
21	125	1
21	126	1
21	127	0
21	128	0
21	129	0
21	130	1
21	131	1
21	132	0
21	133	1
21	134	0
21	135	0
21	136	0
21	137	1
21	138	1
21	139	0
21	140	1
22	23	0
22	24	1
22	25	1
22	26	0
22	27	1
22	28	0
22	29	0
22	30	0
22	31	1
22	32	0
22	33	1
22	34	1
22	35	0
22	36	1
22	37	1
22	38	0
22	39	1
22	40	0
22	41	0
22	42	1
22	43	1
22	44	1
22	45	0
22	46	1
22	47	1
22	48	1
22	49	0
22	50	0
22	51	0
22	52	0
22	53	0
22	54	0
22	55	0
22	56	1
22	57	0
22	58	1
22	59	0
22	60	1
22	61	0
22	62	0
22	63	1
22	64	1
22	65	0
22	66	0
22	67	1
22	68	1
22	69	1
22	70	0
22	71	0
22	72	0
22	73	0
22	74	1
22	75	0
22	76	0
22	77	0
22	78	0
22	79	1
22	80	0
22	81	0
22	82	0
22	83	0
22	84	1
22	85	1
22	86	1
22	87	1
22	88	0
22	89	1
22	90	0
22	91	1
22	92	1
22	93	1
22	94	1
22	95	1
22	96	1
22	97	0
22	98	0
22	99	1
22	100	0
22	101	0
22	102	0
22	103	0
22	104	1
22	105	1
22	106	0
22	107	1
22	108	1
22	109	1
22	110	1
22	111	1
22	112	0
22	113	0
22	114	1
22	115	0
22	116	0
22	117	1
22	118	0
22	119	0
22	120	1
22	121	0
22	122	0
22	123	0
22	124	0
22	125	0
22	126	0
22	127	1
22	128	1
22	129	1
22	130	1
22	131	1
22	132	1
22	133	0
22	134	1
22	135	1
22	136	0
22	137	1
22	138	0
22	139	1
22	140	0
23	24	0
23	25	1
23	26	1
23	27	1
23	28	0
23	29	1
23	30	0
23	31	1
23	32	0
23	33	1
23	34	1
23	35	1
23	36	0
23	37	0
23	38	1
23	39	1
23	40	0
23	41	0
23	42	0
23	43	0
23	44	0
23	45	0
23	46	0
23	47	1
23	48	0
23	49	1
23	50	1
23	51	1
23	52	1
23	53	1
23	54	1
23	55	0
23	56	0
23	57	0
23	58	0
23	59	1
23	60	0
23	61	1
23	62	1
23	63	0
23	64	0
23	65	0
23	66	0
23	67	1
23	68	0
23	69	1
23	70	0
23	71	1
23	72	1
23	73	1
23	74	1
23	75	1
23	76	1
23	77	1
23	78	0
23	79	1
23	80	1
23	81	1
23	82	0
23	83	1
23	84	0
23	85	1
23	86	1
23	87	0
23	88	1
23	89	1
23	90	1
23	91	0
23	92	0
23	93	0
23	94	0
23	95	1
23	96	1
23	97	0
23	98	1
23	99	1
23	100	0
23	101	1
23	102	1
23	103	1
23	104	0
23	105	0
23	106	1
23	107	0
23	108	0
23	109	0
23	110	1
23	111	0
23	112	0
23	113	0
23	114	1
23	115	1
23	116	1
23	117	1
23	118	1
23	119	1
23	120	0
23	121	1
23	122	0
23	123	1
23	124	1
23	125	0
23	126	0
23	127	0
23	128	1
23	129	1
23	130	0
23	131	0
23	132	1
23	133	0
23	134	1
23	135	0
23	136	1
23	137	0
23	138	1
23	139	1
23	140	1
24	25	0
24	26	0
24	27	0
24	28	1
24	29	1
24	30	0
24	31	0
24	32	0
24	33	0
24	34	0
24	35	1
24	36	1
24	37	0
24	38	0
24	39	0
24	40	0
24	41	1
24	42	0
24	43	0
24	44	1
24	45	0
24	46	0
24	47	0
24	48	1
24	49	1
24	50	1
24	51	0
24	52	0
24	53	0
24	54	1
24	55	1
24	56	1
24	57	0
24	58	0
24	59	1
24	60	1
24	61	1
24	62	0
24	63	1
24	64	1
24	65	1
24	66	1
24	67	1
24	68	0
24	69	0
24	70	0
24	71	0
24	72	1
24	73	1
24	74	1
24	75	0
24	76	0
24	77	0
24	78	0
24	79	0
24	80	0
24	81	1
24	82	1
24	83	1
24	84	0
24	85	1
24	86	1
24	87	1
24	88	0
24	89	0
24	90	0
24	91	0
24	92	1
24	93	0
24	94	0
24	95	1
24	96	1
24	97	0
24	98	0
24	99	1
24	100	0
24	101	0
24	102	0
24	103	0
24	104	0
24	105	1
24	106	0
24	107	1
24	108	0
24	109	1
24	110	1
24	111	1
24	112	0
24	113	1
24	114	0
24	115	0
24	116	1
24	117	1
24	118	0
24	119	1
24	120	0
24	121	1
24	122	1
24	123	0
24	124	1
24	125	0
24	126	1
24	127	0
24	128	1
24	129	1
24	130	1
24	131	1
24	132	0
24	133	0
24	134	0
24	135	0
24	136	1
24	137	0
24	138	1
24	139	1
24	140	0
25	26	1
25	27	1
25	28	0
25	29	1
25	30	0
25	31	0
25	32	1
25	33	0
25	34	1
25	35	0
25	36	0
25	37	1
25	38	1
25	39	1
25	40	1
25	41	0
25	42	0
25	43	0
25	44	0
25	45	0
25	46	0
25	47	1
25	48	1
25	49	1
25	50	1
25	51	0
25	52	1
25	53	0
25	54	1
25	55	1
25	56	0
25	57	1
25	58	1
25	59	0
25	60	1
25	61	0
25	62	1
25	63	0
25	64	1
25	65	0
25	66	1
25	67	1
25	68	0
25	69	1
25	70	0
25	71	1
25	72	1
25	73	0
25	74	0
25	75	1
25	76	0
25	77	1
25	78	0
25	79	1
25	80	1
25	81	1
25	82	1
25	83	1
25	84	1
25	85	1
25	86	0
25	87	1
25	88	1
25	89	1
25	90	0
25	91	1
25	92	0
25	93	1
25	94	1
25	95	1
25	96	0
25	97	0
25	98	0
25	99	1
25	100	0
25	101	0
25	102	1
25	103	1
25	104	0
25	105	0
25	106	0
25	107	0
25	108	0
25	109	1
25	110	1
25	111	1
25	112	1
25	113	1
25	114	0
25	115	0
25	116	0
25	117	0
25	118	1
25	119	0
25	120	1
25	121	0
25	122	0
25	123	0
25	124	1
25	125	0
25	126	0
25	127	1
25	128	1
25	129	1
25	130	1
25	131	1
25	132	0
25	133	0
25	134	0
25	135	1
25	136	0
25	137	0
25	138	0
25	139	1
25	140	1
26	27	1
26	28	0
26	29	0
26	30	0
26	31	0
26	32	0
26	33	1
26	34	1
26	35	0
26	36	0
26	37	1
26	38	1
26	39	1
26	40	1
26	41	0
26	42	1
26	43	1
26	44	1
26	45	0
26	46	0
26	47	1
26	48	0
26	49	0
26	50	1
26	51	0
26	52	0
26	53	0
26	54	0
26	55	1
26	56	0
26	57	0
26	58	1
26	59	1
26	60	1
26	61	0
26	62	0
26	63	0
26	64	1
26	65	1
26	66	1
26	67	0
26	68	1
26	69	0
26	70	0
26	71	0
26	72	1
26	73	0
26	74	0
26	75	0
26	76	0
26	77	0
26	78	1
26	79	0
26	80	0
26	81	1
26	82	0
26	83	1
26	84	0
26	85	1
26	86	0
26	87	0
26	88	0
26	89	0
26	90	0
26	91	0
26	92	0
26	93	1
26	94	1
26	95	0
26	96	0
26	97	1
26	98	0
26	99	0
26	100	1
26	101	0
26	102	1
26	103	1
26	104	0
26	105	1
26	106	0
26	107	0
26	108	0
26	109	0
26	110	1
26	111	1
26	112	1
26	113	0
26	114	0
26	115	0
26	116	0
26	117	1
26	118	1
26	119	0
26	120	0
26	121	1
26	122	1
26	123	1
26	124	1
26	125	0
26	126	0
26	127	0
26	128	0
26	129	1
26	130	0
26	131	0
26	132	0
26	133	1
26	134	0
26	135	1
26	136	1
26	137	1
26	138	1
26	139	0
26	140	0
27	28	0
27	29	1
27	30	0
27	31	1
27	32	0
27	33	1
27	34	1
27	35	0
27	36	0
27	37	1
27	38	0
27	39	1
27	40	0
27	41	1
27	42	0
27	43	1
27	44	1
27	45	0
27	46	0
27	47	1
27	48	0
27	49	1
27	50	0
27	51	0
27	52	1
27	53	0
27	54	1
27	55	1
27	56	0
27	57	1
27	58	1
27	59	0
27	60	1
27	61	0
27	62	0
27	63	1
27	64	1
27	65	0
27	66	1
27	67	1
27	68	0
27	69	1
27	70	1
27	71	0
27	72	0
27	73	0
27	74	0
27	75	1
27	76	1
27	77	0
27	78	0
27	79	0
27	80	1
27	81	1
27	82	1
27	83	1
27	84	0
27	85	1
27	86	0
27	87	0
27	88	0
27	89	0
27	90	0
27	91	0
27	92	1
27	93	1
27	94	1
27	95	0
27	96	1
27	97	0
27	98	0
27	99	0
27	100	0
27	101	1
27	102	0
27	103	1
27	104	1
27	105	0
27	106	1
27	107	1
27	108	0
27	109	0
27	110	1
27	111	1
27	112	1
27	113	0
27	114	1
27	115	1
27	116	0
27	117	1
27	118	1
27	119	0
27	120	1
27	121	1
27	122	0
27	123	0
27	124	0
27	125	1
27	126	1
27	127	1
27	128	1
27	129	0
27	130	0
27	131	0
27	132	1
27	133	0
27	134	1
27	135	0
27	136	1
27	137	0
27	138	0
27	139	0
27	140	1
28	29	0
28	30	0
28	31	1
28	32	1
28	33	0
28	34	1
28	35	0
28	36	1
28	37	0
28	38	1
28	39	1
28	40	0
28	41	1
28	42	0
28	43	0
28	44	1
28	45	1
28	46	1
28	47	0
28	48	0
28	49	0
28	50	1
28	51	1
28	52	1
28	53	1
28	54	1
28	55	1
28	56	1
28	57	0
28	58	1
28	59	1
28	60	1
28	61	0
28	62	0
28	63	1
28	64	0
28	65	0
28	66	0
28	67	0
28	68	0
28	69	0
28	70	0
28	71	1
28	72	1
28	73	1
28	74	1
28	75	1
28	76	1
28	77	1
28	78	1
28	79	0
28	80	1
28	81	0
28	82	1
28	83	1
28	84	1
28	85	1
28	86	1
28	87	1
28	88	0
28	89	0
28	90	1
28	91	1
28	92	1
28	93	1
28	94	1
28	95	1
28	96	1
28	97	0
28	98	1
28	99	1
28	100	0
28	101	0
28	102	0
28	103	1
28	104	1
28	105	1
28	106	1
28	107	1
28	108	0
28	109	0
28	110	1
28	111	0
28	112	0
28	113	0
28	114	0
28	115	1
28	116	0
28	117	1
28	118	1
28	119	0
28	120	0
28	121	0
28	122	1
28	123	1
28	124	1
28	125	1
28	126	1
28	127	0
28	128	0
28	129	0
28	130	0
28	131	0
28	132	0
28	133	1
28	134	0
28	135	0
28	136	1
28	137	1
28	138	1
28	139	0
28	140	0
29	30	1
29	31	1
29	32	0
29	33	1
29	34	1
29	35	1
29	36	0
29	37	0
29	38	1
29	39	1
29	40	1
29	41	1
29	42	1
29	43	1
29	44	0
29	45	0
29	46	0
29	47	1
29	48	1
29	49	1
29	50	1
29	51	0
29	52	0
29	53	0
29	54	0
29	55	0
29	56	1
29	57	0
29	58	0
29	59	0
29	60	0
29	61	1
29	62	1
29	63	1
29	64	0
29	65	0
29	66	1
29	67	0
29	68	1
29	69	0
29	70	1
29	71	1
29	72	1
29	73	1
29	74	1
29	75	1
29	76	1
29	77	1
29	78	1
29	79	0
29	80	1
29	81	0
29	82	1
29	83	1
29	84	0
29	85	0
29	86	1
29	87	1
29	88	1
29	89	1
29	90	0
29	91	1
29	92	0
29	93	1
29	94	1
29	95	0
29	96	1
29	97	0
29	98	0
29	99	1
29	100	0
29	101	1
29	102	0
29	103	1
29	104	1
29	105	1
29	106	1
29	107	1
29	108	0
29	109	1
29	110	0
29	111	1
29	112	0
29	113	0
29	114	0
29	115	1
29	116	1
29	117	0
29	118	1
29	119	0
29	120	1
29	121	0
29	122	1
29	123	1
29	124	0
29	125	0
29	126	1
29	127	1
29	128	0
29	129	1
29	130	0
29	131	0
29	132	0
29	133	0
29	134	0
29	135	0
29	136	1
29	137	0
29	138	0
29	139	1
29	140	1
30	31	0
30	32	0
30	33	0
30	34	0
30	35	0
30	36	1
30	37	1
30	38	0
30	39	1
30	40	1
30	41	0
30	42	1
30	43	1
30	44	0
30	45	0
30	46	0
30	47	1
30	48	0
30	49	1
30	50	1
30	51	0
30	52	1
30	53	0
30	54	0
30	55	0
30	56	0
30	57	1
30	58	0
30	59	1
30	60	0
30	61	1
30	62	0
30	63	0
30	64	1
30	65	0
30	66	1
30	67	1
30	68	0
30	69	1
30	70	1
30	71	1
30	72	1
30	73	0
30	74	1
30	75	0
30	76	0
30	77	1
30	78	1
30	79	0
30	80	1
30	81	0
30	82	1
30	83	1
30	84	1
30	85	1
30	86	0
30	87	0
30	88	0
30	89	0
30	90	0
30	91	0
30	92	1
30	93	0
30	94	1
30	95	0
30	96	0
30	97	1
30	98	0
30	99	1
30	100	1
30	101	1
30	102	0
30	103	0
30	104	0
30	105	1
30	106	0
30	107	1
30	108	1
30	109	0
30	110	1
30	111	1
30	112	0
30	113	0
30	114	1
30	115	0
30	116	0
30	117	1
30	118	1
30	119	0
30	120	1
30	121	0
30	122	0
30	123	1
30	124	0
30	125	0
30	126	0
30	127	0
30	128	0
30	129	1
30	130	1
30	131	1
30	132	0
30	133	0
30	134	1
30	135	1
30	136	0
30	137	1
30	138	1
30	139	1
30	140	0
31	32	0
31	33	1
31	34	0
31	35	1
31	36	0
31	37	1
31	38	1
31	39	1
31	40	1
31	41	1
31	42	1
31	43	1
31	44	0
31	45	0
31	46	0
31	47	1
31	48	0
31	49	1
31	50	1
31	51	1
31	52	1
31	53	1
31	54	0
31	55	0
31	56	0
31	57	0
31	58	1
31	59	0
31	60	0
31	61	1
31	62	0
31	63	1
31	64	1
31	65	0
31	66	0
31	67	0
31	68	0
31	69	0
31	70	0
31	71	0
31	72	1
31	73	0
31	74	1
31	75	1
31	76	0
31	77	1
31	78	1
31	79	1
31	80	1
31	81	0
31	82	1
31	83	0
31	84	0
31	85	1
31	86	0
31	87	1
31	88	0
31	89	0
31	90	0
31	91	1
31	92	1
31	93	1
31	94	1
31	95	1
31	96	1
31	97	0
31	98	1
31	99	1
31	100	0
31	101	1
31	102	1
31	103	1
31	104	1
31	105	1
31	106	0
31	107	0
31	108	0
31	109	1
31	110	1
31	111	1
31	112	1
31	113	0
31	114	1
31	115	1
31	116	1
31	117	0
31	118	0
31	119	1
31	120	1
31	121	1
31	122	0
31	123	0
31	124	0
31	125	1
31	126	0
31	127	1
31	128	1
31	129	1
31	130	1
31	131	0
31	132	1
31	133	1
31	134	0
31	135	1
31	136	0
31	137	0
31	138	1
31	139	0
31	140	1
32	33	1
32	34	1
32	35	0
32	36	0
32	37	0
32	38	0
32	39	0
32	40	1
32	41	0
32	42	0
32	43	0
32	44	0
32	45	0
32	46	1
32	47	1
32	48	0
32	49	1
32	50	0
32	51	0
32	52	1
32	53	0
32	54	1
32	55	1
32	56	0
32	57	0
32	58	1
32	59	0
32	60	0
32	61	0
32	62	1
32	63	0
32	64	0
32	65	1
32	66	1
32	67	1
32	68	1
32	69	1
32	70	1
32	71	0
32	72	1
32	73	0
32	74	0
32	75	0
32	76	1
32	77	1
32	78	0
32	79	1
32	80	0
32	81	1
32	82	0
32	83	0
32	84	0
32	85	0
32	86	1
32	87	0
32	88	1
32	89	1
32	90	0
32	91	1
32	92	1
32	93	1
32	94	1
32	95	1
32	96	0
32	97	1
32	98	0
32	99	0
32	100	0
32	101	0
32	102	0
32	103	0
32	104	0
32	105	0
32	106	1
32	107	1
32	108	1
32	109	1
32	110	0
32	111	0
32	112	1
32	113	0
32	114	1
32	115	0
32	116	0
32	117	0
32	118	1
32	119	0
32	120	0
32	121	0
32	122	0
32	123	0
32	124	1
32	125	0
32	126	1
32	127	0
32	128	1
32	129	0
32	130	1
32	131	1
32	132	0
32	133	0
32	134	0
32	135	0
32	136	0
32	137	1
32	138	1
32	139	0
32	140	1
33	34	1
33	35	0
33	36	1
33	37	0
33	38	1
33	39	0
33	40	1
33	41	0
33	42	1
33	43	1
33	44	0
33	45	1
33	46	0
33	47	0
33	48	1
33	49	0
33	50	0
33	51	1
33	52	0
33	53	0
33	54	1
33	55	0
33	56	1
33	57	0
33	58	1
33	59	1
33	60	0
33	61	0
33	62	0
33	63	1
33	64	0
33	65	1
33	66	0
33	67	0
33	68	1
33	69	1
33	70	0
33	71	0
33	72	1
33	73	1
33	74	0
33	75	1
33	76	0
33	77	0
33	78	1
33	79	0
33	80	0
33	81	1
33	82	0
33	83	1
33	84	1
33	85	1
33	86	0
33	87	0
33	88	1
33	89	1
33	90	0
33	91	1
33	92	0
33	93	0
33	94	1
33	95	1
33	96	1
33	97	0
33	98	1
33	99	0
33	100	0
33	101	1
33	102	0
33	103	0
33	104	0
33	105	1
33	106	1
33	107	1
33	108	0
33	109	0
33	110	0
33	111	1
33	112	0
33	113	1
33	114	1
33	115	0
33	116	1
33	117	0
33	118	1
33	119	0
33	120	1
33	121	0
33	122	1
33	123	0
33	124	1
33	125	1
33	126	0
33	127	0
33	128	1
33	129	0
33	130	1
33	131	1
33	132	0
33	133	0
33	134	0
33	135	0
33	136	0
33	137	0
33	138	1
33	139	1
33	140	0
34	35	0
34	36	1
34	37	0
34	38	0
34	39	1
34	40	0
34	41	1
34	42	0
34	43	1
34	44	0
34	45	1
34	46	1
34	47	1
34	48	0
34	49	0
34	50	0
34	51	0
34	52	0
34	53	0
34	54	1
34	55	0
34	56	1
34	57	0
34	58	0
34	59	1
34	60	1
34	61	1
34	62	1
34	63	1
34	64	0
34	65	0
34	66	0
34	67	1
34	68	1
34	69	1
34	70	1
34	71	1
34	72	1
34	73	1
34	74	1
34	75	1
34	76	0
34	77	0
34	78	1
34	79	1
34	80	1
34	81	1
34	82	1
34	83	0
34	84	1
34	85	1
34	86	0
34	87	1
34	88	0
34	89	0
34	90	0
34	91	0
34	92	1
34	93	1
34	94	1
34	95	1
34	96	0
34	97	0
34	98	1
34	99	0
34	100	1
34	101	0
34	102	1
34	103	0
34	104	0
34	105	1
34	106	0
34	107	1
34	108	1
34	109	1
34	110	0
34	111	0
34	112	1
34	113	0
34	114	1
34	115	0
34	116	1
34	117	1
34	118	1
34	119	1
34	120	1
34	121	1
34	122	0
34	123	1
34	124	0
34	125	0
34	126	0
34	127	1
34	128	1
34	129	0
34	130	1
34	131	1
34	132	1
34	133	0
34	134	0
34	135	0
34	136	0
34	137	1
34	138	1
34	139	0
34	140	1
35	36	1
35	37	1
35	38	1
35	39	0
35	40	0
35	41	1
35	42	1
35	43	0
35	44	0
35	45	0
35	46	0
35	47	1
35	48	0
35	49	1
35	50	0
35	51	1
35	52	0
35	53	0
35	54	1
35	55	0
35	56	1
35	57	1
35	58	0
35	59	0
35	60	0
35	61	1
35	62	1
35	63	1
35	64	1
35	65	0
35	66	1
35	67	0
35	68	0
35	69	0
35	70	1
35	71	0
35	72	0
35	73	0
35	74	1
35	75	1
35	76	0
35	77	0
35	78	1
35	79	0
35	80	1
35	81	1
35	82	0
35	83	1
35	84	0
35	85	0
35	86	0
35	87	0
35	88	1
35	89	1
35	90	1
35	91	0
35	92	1
35	93	1
35	94	0
35	95	0
35	96	1
35	97	0
35	98	1
35	99	0
35	100	0
35	101	1
35	102	0
35	103	0
35	104	1
35	105	0
35	106	1
35	107	1
35	108	0
35	109	1
35	110	1
35	111	1
35	112	0
35	113	1
35	114	0
35	115	0
35	116	0
35	117	0
35	118	1
35	119	1
35	120	1
35	121	1
35	122	0
35	123	1
35	124	0
35	125	1
35	126	0
35	127	1
35	128	1
35	129	0
35	130	0
35	131	0
35	132	0
35	133	1
35	134	0
35	135	0
35	136	0
35	137	0
35	138	1
35	139	0
35	140	0
36	37	0
36	38	1
36	39	0
36	40	1
36	41	1
36	42	1
36	43	0
36	44	1
36	45	0
36	46	1
36	47	1
36	48	1
36	49	0
36	50	0
36	51	1
36	52	0
36	53	0
36	54	0
36	55	0
36	56	1
36	57	1
36	58	0
36	59	1
36	60	0
36	61	1
36	62	1
36	63	0
36	64	1
36	65	1
36	66	0
36	67	0
36	68	1
36	69	0
36	70	0
36	71	0
36	72	1
36	73	0
36	74	1
36	75	0
36	76	0
36	77	0
36	78	1
36	79	1
36	80	0
36	81	0
36	82	1
36	83	1
36	84	0
36	85	0
36	86	0
36	87	1
36	88	1
36	89	0
36	90	1
36	91	0
36	92	1
36	93	0
36	94	1
36	95	1
36	96	0
36	97	1
36	98	1
36	99	0
36	100	1
36	101	0
36	102	0
36	103	1
36	104	1
36	105	0
36	106	1
36	107	0
36	108	1
36	109	1
36	110	0
36	111	0
36	112	0
36	113	1
36	114	0
36	115	0
36	116	0
36	117	1
36	118	1
36	119	0
36	120	0
36	121	1
36	122	0
36	123	1
36	124	0
36	125	0
36	126	0
36	127	1
36	128	0
36	129	1
36	130	0
36	131	0
36	132	1
36	133	0
36	134	0
36	135	1
36	136	0
36	137	0
36	138	0
36	139	0
36	140	0
37	38	0
37	39	0
37	40	0
37	41	1
37	42	1
37	43	1
37	44	0
37	45	1
37	46	1
37	47	1
37	48	1
37	49	0
37	50	0
37	51	0
37	52	0
37	53	0
37	54	1
37	55	0
37	56	1
37	57	0
37	58	1
37	59	1
37	60	0
37	61	0
37	62	1
37	63	0
37	64	1
37	65	0
37	66	1
37	67	1
37	68	1
37	69	1
37	70	0
37	71	1
37	72	1
37	73	1
37	74	0
37	75	1
37	76	0
37	77	1
37	78	0
37	79	0
37	80	1
37	81	1
37	82	1
37	83	1
37	84	1
37	85	1
37	86	0
37	87	0
37	88	0
37	89	1
37	90	1
37	91	1
37	92	0
37	93	0
37	94	1
37	95	1
37	96	0
37	97	1
37	98	1
37	99	0
37	100	0
37	101	0
37	102	1
37	103	0
37	104	1
37	105	1
37	106	1
37	107	1
37	108	1
37	109	0
37	110	1
37	111	0
37	112	1
37	113	1
37	114	1
37	115	0
37	116	0
37	117	0
37	118	1
37	119	1
37	120	0
37	121	0
37	122	1
37	123	1
37	124	1
37	125	1
37	126	0
37	127	1
37	128	1
37	129	1
37	130	0
37	131	0
37	132	0
37	133	1
37	134	0
37	135	0
37	136	0
37	137	1
37	138	1
37	139	0
37	140	1
38	39	0
38	40	0
38	41	0
38	42	1
38	43	0
38	44	1
38	45	1
38	46	0
38	47	1
38	48	1
38	49	0
38	50	0
38	51	1
38	52	1
38	53	1
38	54	1
38	55	1
38	56	1
38	57	0
38	58	0
38	59	1
38	60	1
38	61	0
38	62	1
38	63	0
38	64	1
38	65	1
38	66	1
38	67	0
38	68	0
38	69	0
38	70	0
38	71	0
38	72	0
38	73	1
38	74	0
38	75	0
38	76	0
38	77	1
38	78	0
38	79	1
38	80	1
38	81	0
38	82	0
38	83	0
38	84	1
38	85	1
38	86	1
38	87	1
38	88	1
38	89	1
38	90	0
38	91	0
38	92	0
38	93	0
38	94	0
38	95	1
38	96	0
38	97	1
38	98	0
38	99	0
38	100	1
38	101	0
38	102	0
38	103	1
38	104	1
38	105	1
38	106	0
38	107	1
38	108	1
38	109	1
38	110	1
38	111	1
38	112	1
38	113	0
38	114	0
38	115	1
38	116	1
38	117	0
38	118	1
38	119	1
38	120	1
38	121	0
38	122	1
38	123	1
38	124	0
38	125	1
38	126	1
38	127	1
38	128	1
38	129	1
38	130	0
38	131	0
38	132	1
38	133	1
38	134	1
38	135	1
38	136	0
38	137	0
38	138	0
38	139	0
38	140	0
39	40	0
39	41	1
39	42	1
39	43	1
39	44	1
39	45	1
39	46	1
39	47	1
39	48	1
39	49	0
39	50	1
39	51	1
39	52	0
39	53	0
39	54	1
39	55	0
39	56	0
39	57	0
39	58	0
39	59	1
39	60	1
39	61	1
39	62	1
39	63	1
39	64	0
39	65	0
39	66	1
39	67	0
39	68	1
39	69	0
39	70	1
39	71	0
39	72	1
39	73	1
39	74	1
39	75	0
39	76	1
39	77	1
39	78	0
39	79	0
39	80	0
39	81	1
39	82	1
39	83	0
39	84	1
39	85	0
39	86	1
39	87	1
39	88	0
39	89	0
39	90	1
39	91	0
39	92	1
39	93	1
39	94	1
39	95	0
39	96	1
39	97	0
39	98	1
39	99	0
39	100	0
39	101	1
39	102	0
39	103	0
39	104	1
39	105	1
39	106	0
39	107	0
39	108	1
39	109	0
39	110	0
39	111	1
39	112	0
39	113	0
39	114	1
39	115	0
39	116	1
39	117	1
39	118	0
39	119	0
39	120	1
39	121	1
39	122	1
39	123	1
39	124	1
39	125	0
39	126	1
39	127	1
39	128	1
39	129	0
39	130	0
39	131	0
39	132	0
39	133	1
39	134	1
39	135	1
39	136	0
39	137	1
39	138	1
39	139	1
39	140	0
40	41	1
40	42	0
40	43	0
40	44	0
40	45	1
40	46	1
40	47	1
40	48	1
40	49	0
40	50	0
40	51	0
40	52	0
40	53	1
40	54	0
40	55	1
40	56	0
40	57	1
40	58	1
40	59	1
40	60	0
40	61	1
40	62	1
40	63	1
40	64	1
40	65	1
40	66	0
40	67	1
40	68	1
40	69	1
40	70	1
40	71	1
40	72	0
40	73	0
40	74	1
40	75	0
40	76	0
40	77	1
40	78	0
40	79	1
40	80	0
40	81	0
40	82	1
40	83	1
40	84	1
40	85	0
40	86	1
40	87	1
40	88	1
40	89	1
40	90	1
40	91	1
40	92	0
40	93	1
40	94	1
40	95	1
40	96	0
40	97	0
40	98	1
40	99	1
40	100	0
40	101	0
40	102	1
40	103	0
40	104	1
40	105	0
40	106	1
40	107	0
40	108	1
40	109	0
40	110	1
40	111	1
40	112	1
40	113	0
40	114	1
40	115	0
40	116	1
40	117	1
40	118	1
40	119	1
40	120	0
40	121	1
40	122	1
40	123	1
40	124	0
40	125	0
40	126	0
40	127	1
40	128	1
40	129	0
40	130	1
40	131	0
40	132	1
40	133	1
40	134	1
40	135	0
40	136	0
40	137	1
40	138	0
40	139	0
40	140	1
41	42	1
41	43	1
41	44	0
41	45	1
41	46	1
41	47	1
41	48	0
41	49	1
41	50	1
41	51	1
41	52	0
41	53	1
41	54	1
41	55	0
41	56	0
41	57	0
41	58	1
41	59	0
41	60	0
41	61	0
41	62	0
41	63	1
41	64	0
41	65	1
41	66	0
41	67	0
41	68	1
41	69	0
41	70	1
41	71	1
41	72	0
41	73	0
41	74	1
41	75	1
41	76	0
41	77	1
41	78	1
41	79	0
41	80	0
41	81	0
41	82	1
41	83	1
41	84	0
41	85	0
41	86	1
41	87	0
41	88	1
41	89	0
41	90	1
41	91	1
41	92	1
41	93	0
41	94	1
41	95	0
41	96	0
41	97	0
41	98	1
41	99	1
41	100	1
41	101	1
41	102	1
41	103	1
41	104	1
41	105	1
41	106	1
41	107	0
41	108	1
41	109	1
41	110	1
41	111	1
41	112	0
41	113	1
41	114	0
41	115	1
41	116	1
41	117	1
41	118	1
41	119	0
41	120	0
41	121	0
41	122	1
41	123	0
41	124	1
41	125	0
41	126	1
41	127	1
41	128	0
41	129	0
41	130	1
41	131	1
41	132	0
41	133	1
41	134	0
41	135	0
41	136	1
41	137	0
41	138	0
41	139	0
41	140	1
42	43	0
42	44	0
42	45	0
42	46	0
42	47	0
42	48	0
42	49	1
42	50	1
42	51	0
42	52	1
42	53	0
42	54	0
42	55	0
42	56	0
42	57	1
42	58	1
42	59	0
42	60	0
42	61	1
42	62	1
42	63	1
42	64	0
42	65	1
42	66	1
42	67	0
42	68	0
42	69	0
42	70	0
42	71	0
42	72	1
42	73	0
42	74	0
42	75	1
42	76	1
42	77	1
42	78	0
42	79	0
42	80	1
42	81	1
42	82	0
42	83	1
42	84	0
42	85	1
42	86	1
42	87	0
42	88	0
42	89	0
42	90	0
42	91	0
42	92	0
42	93	0
42	94	1
42	95	1
42	96	0
42	97	1
42	98	1
42	99	1
42	100	0
42	101	0
42	102	0
42	103	1
42	104	1
42	105	1
42	106	0
42	107	0
42	108	1
42	109	0
42	110	0
42	111	0
42	112	1
42	113	0
42	114	0
42	115	1
42	116	0
42	117	1
42	118	0
42	119	0
42	120	0
42	121	1
42	122	0
42	123	0
42	124	1
42	125	1
42	126	0
42	127	1
42	128	1
42	129	1
42	130	0
42	131	1
42	132	1
42	133	1
42	134	0
42	135	1
42	136	0
42	137	0
42	138	0
42	139	0
42	140	0
43	44	0
43	45	0
43	46	0
43	47	0
43	48	0
43	49	1
43	50	1
43	51	0
43	52	0
43	53	0
43	54	0
43	55	1
43	56	1
43	57	1
43	58	0
43	59	1
43	60	1
43	61	1
43	62	0
43	63	1
43	64	1
43	65	1
43	66	1
43	67	1
43	68	1
43	69	0
43	70	0
43	71	1
43	72	0
43	73	1
43	74	0
43	75	1
43	76	0
43	77	0
43	78	0
43	79	0
43	80	0
43	81	1
43	82	1
43	83	0
43	84	0
43	85	0
43	86	1
43	87	0
43	88	1
43	89	1
43	90	0
43	91	1
43	92	1
43	93	1
43	94	1
43	95	0
43	96	1
43	97	0
43	98	0
43	99	1
43	100	1
43	101	0
43	102	0
43	103	1
43	104	0
43	105	0
43	106	1
43	107	0
43	108	0
43	109	0
43	110	1
43	111	0
43	112	1
43	113	1
43	114	0
43	115	0
43	116	1
43	117	0
43	118	0
43	119	0
43	120	0
43	121	0
43	122	1
43	123	0
43	124	0
43	125	1
43	126	0
43	127	0
43	128	1
43	129	1
43	130	1
43	131	0
43	132	1
43	133	1
43	134	1
43	135	0
43	136	1
43	137	0
43	138	1
43	139	0
43	140	0
44	45	0
44	46	0
44	47	1
44	48	1
44	49	0
44	50	0
44	51	1
44	52	1
44	53	0
44	54	1
44	55	1
44	56	0
44	57	1
44	58	1
44	59	1
44	60	1
44	61	1
44	62	1
44	63	0
44	64	0
44	65	1
44	66	1
44	67	0
44	68	0
44	69	1
44	70	1
44	71	0
44	72	0
44	73	1
44	74	0
44	75	1
44	76	0
44	77	0
44	78	1
44	79	1
44	80	1
44	81	0
44	82	0
44	83	0
44	84	1
44	85	0
44	86	1
44	87	0
44	88	1
44	89	1
44	90	1
44	91	0
44	92	0
44	93	1
44	94	1
44	95	0
44	96	1
44	97	1
44	98	0
44	99	0
44	100	0
44	101	1
44	102	0
44	103	1
44	104	1
44	105	0
44	106	1
44	107	1
44	108	0
44	109	0
44	110	0
44	111	1
44	112	1
44	113	1
44	114	0
44	115	0
44	116	1
44	117	1
44	118	0
44	119	1
44	120	0
44	121	0
44	122	0
44	123	0
44	124	0
44	125	0
44	126	1
44	127	0
44	128	1
44	129	1
44	130	0
44	131	1
44	132	1
44	133	0
44	134	0
44	135	1
44	136	0
44	137	0
44	138	0
44	139	1
44	140	1
45	46	0
45	47	1
45	48	1
45	49	1
45	50	1
45	51	1
45	52	0
45	53	1
45	54	0
45	55	0
45	56	1
45	57	1
45	58	0
45	59	0
45	60	0
45	61	0
45	62	0
45	63	0
45	64	1
45	65	0
45	66	1
45	67	1
45	68	0
45	69	1
45	70	1
45	71	1
45	72	1
45	73	0
45	74	1
45	75	0
45	76	1
45	77	1
45	78	1
45	79	0
45	80	0
45	81	1
45	82	1
45	83	0
45	84	1
45	85	1
45	86	1
45	87	0
45	88	0
45	89	1
45	90	0
45	91	1
45	92	1
45	93	0
45	94	0
45	95	0
45	96	1
45	97	0
45	98	0
45	99	1
45	100	0
45	101	0
45	102	0
45	103	1
45	104	0
45	105	0
45	106	0
45	107	0
45	108	1
45	109	1
45	110	1
45	111	0
45	112	1
45	113	1
45	114	1
45	115	0
45	116	0
45	117	0
45	118	0
45	119	1
45	120	0
45	121	1
45	122	0
45	123	1
45	124	0
45	125	0
45	126	1
45	127	1
45	128	0
45	129	1
45	130	1
45	131	1
45	132	1
45	133	1
45	134	1
45	135	0
45	136	1
45	137	0
45	138	1
45	139	1
45	140	0
46	47	1
46	48	1
46	49	1
46	50	0
46	51	0
46	52	1
46	53	0
46	54	1
46	55	1
46	56	0
46	57	0
46	58	0
46	59	1
46	60	1
46	61	1
46	62	0
46	63	0
46	64	1
46	65	0
46	66	0
46	67	0
46	68	1
46	69	1
46	70	1
46	71	0
46	72	1
46	73	1
46	74	0
46	75	1
46	76	1
46	77	0
46	78	1
46	79	1
46	80	1
46	81	1
46	82	1
46	83	1
46	84	0
46	85	0
46	86	1
46	87	0
46	88	1
46	89	1
46	90	0
46	91	1
46	92	1
46	93	1
46	94	0
46	95	0
46	96	0
46	97	0
46	98	1
46	99	0
46	100	1
46	101	0
46	102	1
46	103	1
46	104	0
46	105	0
46	106	0
46	107	1
46	108	0
46	109	1
46	110	0
46	111	0
46	112	0
46	113	1
46	114	0
46	115	0
46	116	1
46	117	1
46	118	1
46	119	1
46	120	0
46	121	1
46	122	1
46	123	0
46	124	1
46	125	0
46	126	0
46	127	0
46	128	1
46	129	1
46	130	1
46	131	1
46	132	1
46	133	1
46	134	1
46	135	0
46	136	0
46	137	0
46	138	1
46	139	1
46	140	0
47	48	1
47	49	1
47	50	1
47	51	0
47	52	1
47	53	1
47	54	1
47	55	1
47	56	0
47	57	1
47	58	1
47	59	0
47	60	0
47	61	0
47	62	0
47	63	0
47	64	1
47	65	1
47	66	1
47	67	1
47	68	0
47	69	0
47	70	1
47	71	0
47	72	0
47	73	1
47	74	0
47	75	1
47	76	0
47	77	0
47	78	0
47	79	0
47	80	1
47	81	0
47	82	0
47	83	1
47	84	0
47	85	1
47	86	1
47	87	0
47	88	0
47	89	0
47	90	0
47	91	0
47	92	1
47	93	0
47	94	1
47	95	1
47	96	0
47	97	0
47	98	1
47	99	1
47	100	1
47	101	1
47	102	1
47	103	0
47	104	0
47	105	0
47	106	0
47	107	0
47	108	0
47	109	1
47	110	0
47	111	1
47	112	1
47	113	1
47	114	1
47	115	1
47	116	1
47	117	0
47	118	0
47	119	0
47	120	0
47	121	1
47	122	1
47	123	0
47	124	0
47	125	0
47	126	0
47	127	0
47	128	1
47	129	0
47	130	0
47	131	1
47	132	0
47	133	0
47	134	0
47	135	1
47	136	1
47	137	1
47	138	1
47	139	1
47	140	1
48	49	1
48	50	1
48	51	1
48	52	0
48	53	1
48	54	0
48	55	0
48	56	0
48	57	0
48	58	0
48	59	0
48	60	1
48	61	1
48	62	1
48	63	1
48	64	0
48	65	1
48	66	1
48	67	1
48	68	1
48	69	1
48	70	0
48	71	0
48	72	0
48	73	0
48	74	0
48	75	1
48	76	1
48	77	0
48	78	0
48	79	0
48	80	0
48	81	0
48	82	1
48	83	0
48	84	0
48	85	0
48	86	0
48	87	1
48	88	1
48	89	0
48	90	1
48	91	1
48	92	1
48	93	1
48	94	0
48	95	0
48	96	1
48	97	1
48	98	0
48	99	0
48	100	1
48	101	1
48	102	0
48	103	1
48	104	0
48	105	1
48	106	1
48	107	1
48	108	1
48	109	1
48	110	1
48	111	1
48	112	1
48	113	1
48	114	1
48	115	1
48	116	0
48	117	1
48	118	0
48	119	1
48	120	0
48	121	0
48	122	1
48	123	1
48	124	0
48	125	0
48	126	0
48	127	1
48	128	0
48	129	1
48	130	0
48	131	1
48	132	0
48	133	0
48	134	1
48	135	1
48	136	0
48	137	0
48	138	0
48	139	1
48	140	1
49	50	1
49	51	0
49	52	0
49	53	1
49	54	0
49	55	1
49	56	1
49	57	1
49	58	0
49	59	1
49	60	0
49	61	1
49	62	0
49	63	1
49	64	1
49	65	1
49	66	0
49	67	1
49	68	1
49	69	0
49	70	1
49	71	0
49	72	0
49	73	1
49	74	0
49	75	1
49	76	1
49	77	0
49	78	0
49	79	0
49	80	1
49	81	1
49	82	1
49	83	0
49	84	1
49	85	1
49	86	0
49	87	0
49	88	0
49	89	1
49	90	1
49	91	1
49	92	1
49	93	1
49	94	0
49	95	0
49	96	0
49	97	1
49	98	0
49	99	1
49	100	1
49	101	1
49	102	0
49	103	1
49	104	1
49	105	1
49	106	0
49	107	1
49	108	1
49	109	1
49	110	0
49	111	1
49	112	1
49	113	0
49	114	0
49	115	1
49	116	0
49	117	0
49	118	0
49	119	0
49	120	1
49	121	1
49	122	0
49	123	0
49	124	0
49	125	0
49	126	1
49	127	1
49	128	0
49	129	1
49	130	1
49	131	0
49	132	0
49	133	1
49	134	1
49	135	0
49	136	1
49	137	0
49	138	0
49	139	1
49	140	0
50	51	1
50	52	1
50	53	0
50	54	0
50	55	0
50	56	0
50	57	1
50	58	1
50	59	1
50	60	1
50	61	1
50	62	0
50	63	0
50	64	1
50	65	1
50	66	0
50	67	1
50	68	1
50	69	0
50	70	0
50	71	0
50	72	1
50	73	1
50	74	0
50	75	1
50	76	1
50	77	0
50	78	1
50	79	0
50	80	0
50	81	0
50	82	0
50	83	0
50	84	1
50	85	1
50	86	1
50	87	0
50	88	0
50	89	0
50	90	0
50	91	1
50	92	0
50	93	0
50	94	1
50	95	1
50	96	1
50	97	0
50	98	0
50	99	1
50	100	1
50	101	0
50	102	0
50	103	0
50	104	1
50	105	1
50	106	1
50	107	0
50	108	0
50	109	1
50	110	1
50	111	0
50	112	0
50	113	1
50	114	0
50	115	1
50	116	0
50	117	0
50	118	1
50	119	1
50	120	1
50	121	1
50	122	0
50	123	0
50	124	1
50	125	1
50	126	0
50	127	0
50	128	1
50	129	1
50	130	0
50	131	1
50	132	1
50	133	0
50	134	1
50	135	1
50	136	0
50	137	0
50	138	0
50	139	0
50	140	0
51	52	0
51	53	0
51	54	1
51	55	1
51	56	1
51	57	0
51	58	0
51	59	0
51	60	1
51	61	0
51	62	0
51	63	1
51	64	1
51	65	0
51	66	0
51	67	0
51	68	0
51	69	0
51	70	1
51	71	0
51	72	0
51	73	0
51	74	0
51	75	0
51	76	1
51	77	1
51	78	0
51	79	1
51	80	0
51	81	1
51	82	0
51	83	0
51	84	0
51	85	0
51	86	1
51	87	0
51	88	0
51	89	1
51	90	0
51	91	0
51	92	0
51	93	0
51	94	1
51	95	1
51	96	1
51	97	1
51	98	1
51	99	1
51	100	0
51	101	1
51	102	0
51	103	0
51	104	1
51	105	1
51	106	1
51	107	0
51	108	0
51	109	0
51	110	1
51	111	1
51	112	0
51	113	1
51	114	0
51	115	0
51	116	0
51	117	0
51	118	0
51	119	0
51	120	0
51	121	0
51	122	1
51	123	0
51	124	0
51	125	1
51	126	0
51	127	1
51	128	1
51	129	1
51	130	0
51	131	0
51	132	0
51	133	0
51	134	1
51	135	0
51	136	0
51	137	0
51	138	1
51	139	0
51	140	1
52	53	0
52	54	0
52	55	1
52	56	1
52	57	0
52	58	1
52	59	0
52	60	1
52	61	0
52	62	0
52	63	0
52	64	0
52	65	0
52	66	0
52	67	0
52	68	1
52	69	1
52	70	0
52	71	0
52	72	0
52	73	0
52	74	1
52	75	0
52	76	0
52	77	0
52	78	1
52	79	1
52	80	0
52	81	0
52	82	0
52	83	1
52	84	0
52	85	1
52	86	0
52	87	1
52	88	1
52	89	0
52	90	1
52	91	1
52	92	0
52	93	0
52	94	1
52	95	0
52	96	0
52	97	0
52	98	0
52	99	1
52	100	1
52	101	0
52	102	1
52	103	0
52	104	0
52	105	1
52	106	0
52	107	0
52	108	0
52	109	0
52	110	0
52	111	0
52	112	0
52	113	0
52	114	1
52	115	1
52	116	0
52	117	0
52	118	0
52	119	0
52	120	0
52	121	0
52	122	1
52	123	1
52	124	0
52	125	0
52	126	1
52	127	1
52	128	1
52	129	0
52	130	1
52	131	0
52	132	1
52	133	0
52	134	1
52	135	1
52	136	0
52	137	1
52	138	0
52	139	0
52	140	0
53	54	1
53	55	1
53	56	1
53	57	1
53	58	0
53	59	0
53	60	1
53	61	1
53	62	1
53	63	1
53	64	0
53	65	1
53	66	0
53	67	0
53	68	1
53	69	0
53	70	1
53	71	0
53	72	0
53	73	1
53	74	0
53	75	1
53	76	1
53	77	1
53	78	1
53	79	0
53	80	1
53	81	0
53	82	0
53	83	0
53	84	0
53	85	1
53	86	1
53	87	1
53	88	1
53	89	1
53	90	0
53	91	1
53	92	0
53	93	0
53	94	1
53	95	1
53	96	0
53	97	1
53	98	0
53	99	0
53	100	0
53	101	0
53	102	1
53	103	0
53	104	0
53	105	0
53	106	0
53	107	1
53	108	1
53	109	1
53	110	0
53	111	1
53	112	0
53	113	0
53	114	1
53	115	1
53	116	1
53	117	1
53	118	0
53	119	0
53	120	0
53	121	0
53	122	0
53	123	0
53	124	1
53	125	0
53	126	0
53	127	1
53	128	1
53	129	1
53	130	1
53	131	0
53	132	0
53	133	1
53	134	0
53	135	0
53	136	0
53	137	1
53	138	1
53	139	1
53	140	0
54	55	1
54	56	0
54	57	1
54	58	1
54	59	0
54	60	1
54	61	0
54	62	1
54	63	0
54	64	0
54	65	1
54	66	0
54	67	0
54	68	1
54	69	0
54	70	1
54	71	0
54	72	0
54	73	1
54	74	0
54	75	1
54	76	1
54	77	1
54	78	1
54	79	0
54	80	0
54	81	1
54	82	1
54	83	0
54	84	0
54	85	1
54	86	1
54	87	0
54	88	1
54	89	1
54	90	0
54	91	1
54	92	0
54	93	0
54	94	1
54	95	0
54	96	0
54	97	1
54	98	0
54	99	1
54	100	0
54	101	0
54	102	1
54	103	0
54	104	0
54	105	0
54	106	1
54	107	1
54	108	1
54	109	1
54	110	1
54	111	0
54	112	0
54	113	0
54	114	0
54	115	1
54	116	0
54	117	0
54	118	1
54	119	0
54	120	1
54	121	1
54	122	1
54	123	0
54	124	0
54	125	1
54	126	1
54	127	0
54	128	0
54	129	1
54	130	0
54	131	1
54	132	1
54	133	1
54	134	0
54	135	1
54	136	1
54	137	0
54	138	0
54	139	1
54	140	0
55	56	0
55	57	1
55	58	0
55	59	1
55	60	1
55	61	1
55	62	0
55	63	1
55	64	0
55	65	0
55	66	1
55	67	0
55	68	0
55	69	0
55	70	0
55	71	1
55	72	0
55	73	1
55	74	1
55	75	0
55	76	1
55	77	1
55	78	0
55	79	0
55	80	0
55	81	0
55	82	0
55	83	1
55	84	0
55	85	1
55	86	1
55	87	1
55	88	1
55	89	0
55	90	0
55	91	1
55	92	1
55	93	1
55	94	1
55	95	1
55	96	0
55	97	0
55	98	1
55	99	0
55	100	1
55	101	1
55	102	1
55	103	1
55	104	0
55	105	0
55	106	1
55	107	1
55	108	1
55	109	1
55	110	0
55	111	1
55	112	1
55	113	0
55	114	0
55	115	1
55	116	1
55	117	0
55	118	0
55	119	1
55	120	1
55	121	1
55	122	0
55	123	1
55	124	1
55	125	0
55	126	0
55	127	0
55	128	1
55	129	0
55	130	0
55	131	1
55	132	0
55	133	0
55	134	0
55	135	0
55	136	1
55	137	0
55	138	1
55	139	0
55	140	1
56	57	1
56	58	0
56	59	0
56	60	0
56	61	1
56	62	0
56	63	0
56	64	1
56	65	1
56	66	1
56	67	1
56	68	0
56	69	1
56	70	0
56	71	1
56	72	0
56	73	0
56	74	0
56	75	1
56	76	0
56	77	1
56	78	1
56	79	0
56	80	1
56	81	0
56	82	1
56	83	1
56	84	0
56	85	0
56	86	0
56	87	1
56	88	1
56	89	0
56	90	0
56	91	0
56	92	0
56	93	0
56	94	1
56	95	1
56	96	1
56	97	1
56	98	1
56	99	1
56	100	0
56	101	0
56	102	1
56	103	0
56	104	0
56	105	0
56	106	0
56	107	0
56	108	1
56	109	1
56	110	1
56	111	0
56	112	1
56	113	0
56	114	1
56	115	1
56	116	1
56	117	1
56	118	1
56	119	1
56	120	1
56	121	1
56	122	0
56	123	0
56	124	1
56	125	1
56	126	0
56	127	1
56	128	0
56	129	1
56	130	1
56	131	1
56	132	0
56	133	0
56	134	1
56	135	0
56	136	1
56	137	1
56	138	0
56	139	0
56	140	0
57	58	0
57	59	1
57	60	1
57	61	0
57	62	1
57	63	0
57	64	1
57	65	1
57	66	0
57	67	1
57	68	0
57	69	0
57	70	1
57	71	1
57	72	1
57	73	1
57	74	1
57	75	1
57	76	0
57	77	1
57	78	1
57	79	0
57	80	1
57	81	1
57	82	1
57	83	1
57	84	0
57	85	0
57	86	1
57	87	1
57	88	1
57	89	0
57	90	0
57	91	1
57	92	0
57	93	0
57	94	1
57	95	0
57	96	1
57	97	0
57	98	1
57	99	0
57	100	1
57	101	1
57	102	0
57	103	1
57	104	1
57	105	0
57	106	0
57	107	1
57	108	1
57	109	0
57	110	0
57	111	1
57	112	1
57	113	0
57	114	1
57	115	0
57	116	0
57	117	1
57	118	0
57	119	1
57	120	1
57	121	0
57	122	0
57	123	1
57	124	1
57	125	0
57	126	0
57	127	1
57	128	1
57	129	0
57	130	1
57	131	0
57	132	1
57	133	0
57	134	1
57	135	0
57	136	0
57	137	1
57	138	1
57	139	1
57	140	0
58	59	0
58	60	1
58	61	0
58	62	1
58	63	1
58	64	0
58	65	0
58	66	1
58	67	0
58	68	0
58	69	1
58	70	1
58	71	1
58	72	1
58	73	0
58	74	0
58	75	0
58	76	1
58	77	1
58	78	0
58	79	0
58	80	1
58	81	0
58	82	1
58	83	1
58	84	0
58	85	1
58	86	0
58	87	1
58	88	1
58	89	0
58	90	0
58	91	0
58	92	1
58	93	0
58	94	1
58	95	0
58	96	1
58	97	1
58	98	1
58	99	0
58	100	0
58	101	0
58	102	0
58	103	1
58	104	1
58	105	1
58	106	1
58	107	1
58	108	1
58	109	1
58	110	0
58	111	1
58	112	0
58	113	0
58	114	1
58	115	0
58	116	1
58	117	1
58	118	1
58	119	0
58	120	1
58	121	1
58	122	1
58	123	1
58	124	0
58	125	1
58	126	0
58	127	1
58	128	0
58	129	1
58	130	1
58	131	1
58	132	0
58	133	0
58	134	0
58	135	1
58	136	0
58	137	0
58	138	1
58	139	0
58	140	1
59	60	1
59	61	1
59	62	0
59	63	0
59	64	0
59	65	0
59	66	0
59	67	0
59	68	0
59	69	1
59	70	1
59	71	1
59	72	1
59	73	0
59	74	0
59	75	1
59	76	1
59	77	0
59	78	1
59	79	1
59	80	1
59	81	1
59	82	1
59	83	0
59	84	0
59	85	0
59	86	1
59	87	0
59	88	0
59	89	0
59	90	1
59	91	1
59	92	0
59	93	1
59	94	0
59	95	0
59	96	1
59	97	0
59	98	1
59	99	0
59	100	0
59	101	0
59	102	0
59	103	1
59	104	0
59	105	1
59	106	0
59	107	0
59	108	0
59	109	1
59	110	1
59	111	0
59	112	0
59	113	1
59	114	0
59	115	0
59	116	0
59	117	1
59	118	0
59	119	1
59	120	1
59	121	1
59	122	1
59	123	1
59	124	1
59	125	0
59	126	1
59	127	0
59	128	0
59	129	1
59	130	0
59	131	1
59	132	1
59	133	0
59	134	0
59	135	1
59	136	1
59	137	1
59	138	0
59	139	0
59	140	1
60	61	1
60	62	1
60	63	0
60	64	1
60	65	1
60	66	1
60	67	1
60	68	1
60	69	1
60	70	0
60	71	0
60	72	1
60	73	1
60	74	0
60	75	0
60	76	0
60	77	0
60	78	0
60	79	0
60	80	0
60	81	0
60	82	0
60	83	1
60	84	0
60	85	1
60	86	1
60	87	1
60	88	0
60	89	0
60	90	0
60	91	1
60	92	0
60	93	1
60	94	0
60	95	1
60	96	0
60	97	1
60	98	0
60	99	1
60	100	0
60	101	0
60	102	1
60	103	0
60	104	0
60	105	0
60	106	0
60	107	1
60	108	1
60	109	0
60	110	1
60	111	1
60	112	1
60	113	0
60	114	1
60	115	1
60	116	1
60	117	0
60	118	0
60	119	0
60	120	1
60	121	0
60	122	1
60	123	0
60	124	1
60	125	0
60	126	1
60	127	1
60	128	1
60	129	0
60	130	1
60	131	0
60	132	0
60	133	0
60	134	0
60	135	1
60	136	1
60	137	0
60	138	1
60	139	0
60	140	0
61	62	1
61	63	1
61	64	1
61	65	1
61	66	1
61	67	0
61	68	1
61	69	1
61	70	1
61	71	0
61	72	1
61	73	0
61	74	0
61	75	0
61	76	0
61	77	0
61	78	1
61	79	1
61	80	0
61	81	1
61	82	0
61	83	1
61	84	0
61	85	1
61	86	0
61	87	1
61	88	1
61	89	0
61	90	0
61	91	0
61	92	0
61	93	1
61	94	1
61	95	1
61	96	0
61	97	0
61	98	1
61	99	1
61	100	1
61	101	0
61	102	1
61	103	0
61	104	1
61	105	0
61	106	1
61	107	1
61	108	1
61	109	1
61	110	0
61	111	1
61	112	0
61	113	1
61	114	1
61	115	1
61	116	1
61	117	1
61	118	0
61	119	0
61	120	1
61	121	0
61	122	0
61	123	1
61	124	0
61	125	0
61	126	1
61	127	0
61	128	1
61	129	1
61	130	0
61	131	0
61	132	0
61	133	0
61	134	0
61	135	1
61	136	0
61	137	0
61	138	0
61	139	1
61	140	0
62	63	0
62	64	1
62	65	1
62	66	0
62	67	0
62	68	1
62	69	0
62	70	1
62	71	1
62	72	0
62	73	0
62	74	0
62	75	1
62	76	1
62	77	1
62	78	0
62	79	0
62	80	0
62	81	1
62	82	1
62	83	1
62	84	1
62	85	0
62	86	0
62	87	0
62	88	1
62	89	0
62	90	1
62	91	0
62	92	1
62	93	0
62	94	0
62	95	1
62	96	1
62	97	0
62	98	0
62	99	0
62	100	1
62	101	1
62	102	1
62	103	1
62	104	0
62	105	0
62	106	1
62	107	0
62	108	0
62	109	1
62	110	0
62	111	0
62	112	1
62	113	0
62	114	1
62	115	0
62	116	1
62	117	0
62	118	1
62	119	1
62	120	0
62	121	1
62	122	0
62	123	0
62	124	1
62	125	0
62	126	1
62	127	0
62	128	0
62	129	0
62	130	1
62	131	0
62	132	1
62	133	1
62	134	0
62	135	0
62	136	1
62	137	0
62	138	1
62	139	1
62	140	1
63	64	0
63	65	1
63	66	1
63	67	1
63	68	1
63	69	1
63	70	0
63	71	1
63	72	0
63	73	0
63	74	1
63	75	1
63	76	0
63	77	0
63	78	1
63	79	0
63	80	1
63	81	0
63	82	0
63	83	1
63	84	0
63	85	1
63	86	0
63	87	0
63	88	1
63	89	1
63	90	1
63	91	1
63	92	0
63	93	0
63	94	0
63	95	0
63	96	0
63	97	0
63	98	1
63	99	1
63	100	1
63	101	1
63	102	1
63	103	0
63	104	1
63	105	1
63	106	1
63	107	1
63	108	1
63	109	0
63	110	1
63	111	0
63	112	1
63	113	0
63	114	0
63	115	1
63	116	0
63	117	0
63	118	0
63	119	1
63	120	0
63	121	1
63	122	0
63	123	0
63	124	1
63	125	1
63	126	1
63	127	1
63	128	0
63	129	1
63	130	0
63	131	0
63	132	1
63	133	0
63	134	1
63	135	1
63	136	0
63	137	0
63	138	0
63	139	0
63	140	0
64	65	1
64	66	1
64	67	0
64	68	0
64	69	0
64	70	0
64	71	1
64	72	1
64	73	1
64	74	1
64	75	0
64	76	0
64	77	1
64	78	0
64	79	0
64	80	0
64	81	1
64	82	0
64	83	1
64	84	1
64	85	0
64	86	0
64	87	1
64	88	1
64	89	1
64	90	1
64	91	0
64	92	1
64	93	1
64	94	1
64	95	1
64	96	1
64	97	0
64	98	0
64	99	1
64	100	1
64	101	1
64	102	1
64	103	1
64	104	1
64	105	1
64	106	1
64	107	0
64	108	1
64	109	0
64	110	1
64	111	0
64	112	1
64	113	0
64	114	0
64	115	1
64	116	0
64	117	0
64	118	1
64	119	1
64	120	0
64	121	0
64	122	0
64	123	1
64	124	0
64	125	0
64	126	0
64	127	0
64	128	1
64	129	0
64	130	0
64	131	0
64	132	1
64	133	0
64	134	1
64	135	1
64	136	0
64	137	0
64	138	1
64	139	1
64	140	1
65	66	0
65	67	0
65	68	0
65	69	1
65	70	1
65	71	1
65	72	1
65	73	1
65	74	0
65	75	1
65	76	1
65	77	1
65	78	1
65	79	1
65	80	1
65	81	1
65	82	0
65	83	0
65	84	1
65	85	1
65	86	1
65	87	1
65	88	1
65	89	0
65	90	1
65	91	1
65	92	0
65	93	1
65	94	1
65	95	1
65	96	0
65	97	1
65	98	1
65	99	0
65	100	0
65	101	1
65	102	1
65	103	0
65	104	0
65	105	1
65	106	0
65	107	1
65	108	1
65	109	1
65	110	1
65	111	0
65	112	0
65	113	0
65	114	1
65	115	1
65	116	1
65	117	0
65	118	1
65	119	1
65	120	1
65	121	1
65	122	0
65	123	0
65	124	1
65	125	1
65	126	1
65	127	0
65	128	0
65	129	1
65	130	0
65	131	0
65	132	1
65	133	1
65	134	0
65	135	0
65	136	1
65	137	0
65	138	1
65	139	0
65	140	0
66	67	0
66	68	0
66	69	0
66	70	0
66	71	1
66	72	1
66	73	0
66	74	0
66	75	0
66	76	1
66	77	0
66	78	0
66	79	0
66	80	0
66	81	1
66	82	1
66	83	0
66	84	1
66	85	0
66	86	0
66	87	1
66	88	0
66	89	0
66	90	1
66	91	1
66	92	0
66	93	1
66	94	0
66	95	0
66	96	1
66	97	1
66	98	1
66	99	1
66	100	0
66	101	0
66	102	0
66	103	1
66	104	0
66	105	1
66	106	1
66	107	0
66	108	0
66	109	1
66	110	1
66	111	1
66	112	0
66	113	0
66	114	1
66	115	1
66	116	1
66	117	0
66	118	1
66	119	1
66	120	1
66	121	0
66	122	1
66	123	1
66	124	0
66	125	0
66	126	1
66	127	1
66	128	1
66	129	1
66	130	0
66	131	0
66	132	1
66	133	0
66	134	1
66	135	1
66	136	0
66	137	1
66	138	0
66	139	0
66	140	1
67	68	0
67	69	0
67	70	1
67	71	1
67	72	1
67	73	0
67	74	0
67	75	1
67	76	0
67	77	1
67	78	1
67	79	0
67	80	0
67	81	1
67	82	1
67	83	1
67	84	0
67	85	1
67	86	1
67	87	0
67	88	1
67	89	1
67	90	1
67	91	1
67	92	1
67	93	1
67	94	1
67	95	0
67	96	1
67	97	0
67	98	1
67	99	0
67	100	0
67	101	1
67	102	1
67	103	1
67	104	1
67	105	0
67	106	1
67	107	1
67	108	1
67	109	1
67	110	0
67	111	0
67	112	0
67	113	1
67	114	1
67	115	0
67	116	0
67	117	1
67	118	1
67	119	1
67	120	1
67	121	0
67	122	1
67	123	1
67	124	0
67	125	1
67	126	1
67	127	1
67	128	0
67	129	0
67	130	0
67	131	1
67	132	0
67	133	0
67	134	1
67	135	1
67	136	0
67	137	1
67	138	0
67	139	0
67	140	1
68	69	1
68	70	0
68	71	0
68	72	1
68	73	0
68	74	1
68	75	0
68	76	1
68	77	1
68	78	1
68	79	1
68	80	0
68	81	0
68	82	1
68	83	0
68	84	1
68	85	0
68	86	1
68	87	1
68	88	0
68	89	0
68	90	0
68	91	0
68	92	0
68	93	1
68	94	0
68	95	0
68	96	1
68	97	1
68	98	1
68	99	0
68	100	0
68	101	1
68	102	0
68	103	0
68	104	1
68	105	0
68	106	1
68	107	0
68	108	1
68	109	1
68	110	1
68	111	0
68	112	0
68	113	1
68	114	0
68	115	0
68	116	1
68	117	1
68	118	1
68	119	0
68	120	0
68	121	0
68	122	0
68	123	1
68	124	0
68	125	1
68	126	1
68	127	1
68	128	1
68	129	0
68	130	1
68	131	0
68	132	1
68	133	0
68	134	0
68	135	1
68	136	1
68	137	0
68	138	0
68	139	1
68	140	1
69	70	1
69	71	0
69	72	1
69	73	1
69	74	0
69	75	0
69	76	0
69	77	0
69	78	1
69	79	1
69	80	1
69	81	0
69	82	1
69	83	1
69	84	0
69	85	1
69	86	0
69	87	1
69	88	1
69	89	1
69	90	1
69	91	1
69	92	0
69	93	1
69	94	0
69	95	0
69	96	0
69	97	0
69	98	0
69	99	0
69	100	0
69	101	0
69	102	0
69	103	0
69	104	1
69	105	0
69	106	0
69	107	0
69	108	0
69	109	1
69	110	1
69	111	0
69	112	0
69	113	1
69	114	0
69	115	1
69	116	1
69	117	0
69	118	1
69	119	0
69	120	1
69	121	1
69	122	1
69	123	0
69	124	1
69	125	1
69	126	1
69	127	0
69	128	0
69	129	0
69	130	0
69	131	1
69	132	0
69	133	1
69	134	0
69	135	1
69	136	1
69	137	0
69	138	1
69	139	1
69	140	1
70	71	1
70	72	0
70	73	1
70	74	1
70	75	0
70	76	1
70	77	1
70	78	1
70	79	1
70	80	0
70	81	0
70	82	0
70	83	0
70	84	0
70	85	1
70	86	1
70	87	1
70	88	1
70	89	0
70	90	0
70	91	0
70	92	0
70	93	0
70	94	0
70	95	0
70	96	1
70	97	0
70	98	1
70	99	1
70	100	1
70	101	1
70	102	0
70	103	0
70	104	1
70	105	0
70	106	0
70	107	1
70	108	1
70	109	0
70	110	1
70	111	0
70	112	0
70	113	0
70	114	0
70	115	0
70	116	1
70	117	0
70	118	0
70	119	0
70	120	0
70	121	1
70	122	1
70	123	0
70	124	0
70	125	0
70	126	1
70	127	1
70	128	1
70	129	0
70	130	1
70	131	0
70	132	1
70	133	1
70	134	0
70	135	1
70	136	0
70	137	1
70	138	0
70	139	0
70	140	0
71	72	1
71	73	0
71	74	0
71	75	0
71	76	1
71	77	1
71	78	1
71	79	0
71	80	0
71	81	0
71	82	1
71	83	0
71	84	0
71	85	0
71	86	0
71	87	1
71	88	0
71	89	0
71	90	1
71	91	0
71	92	0
71	93	1
71	94	1
71	95	0
71	96	0
71	97	0
71	98	1
71	99	0
71	100	0
71	101	0
71	102	0
71	103	0
71	104	1
71	105	0
71	106	1
71	107	1
71	108	0
71	109	0
71	110	1
71	111	0
71	112	1
71	113	1
71	114	0
71	115	0
71	116	1
71	117	1
71	118	0
71	119	1
71	120	0
71	121	1
71	122	1
71	123	0
71	124	0
71	125	0
71	126	0
71	127	1
71	128	1
71	129	0
71	130	1
71	131	0
71	132	1
71	133	0
71	134	0
71	135	0
71	136	0
71	137	1
71	138	1
71	139	0
71	140	1
72	73	0
72	74	0
72	75	1
72	76	0
72	77	0
72	78	1
72	79	1
72	80	0
72	81	1
72	82	0
72	83	0
72	84	1
72	85	1
72	86	1
72	87	0
72	88	0
72	89	0
72	90	1
72	91	1
72	92	0
72	93	1
72	94	1
72	95	1
72	96	1
72	97	0
72	98	1
72	99	1
72	100	0
72	101	1
72	102	1
72	103	1
72	104	1
72	105	1
72	106	1
72	107	0
72	108	1
72	109	0
72	110	1
72	111	1
72	112	0
72	113	1
72	114	0
72	115	1
72	116	1
72	117	1
72	118	0
72	119	1
72	120	0
72	121	1
72	122	0
72	123	0
72	124	1
72	125	1
72	126	1
72	127	0
72	128	1
72	129	1
72	130	1
72	131	0
72	132	0
72	133	1
72	134	0
72	135	0
72	136	1
72	137	0
72	138	0
72	139	1
72	140	0
73	74	1
73	75	0
73	76	1
73	77	1
73	78	0
73	79	0
73	80	1
73	81	1
73	82	0
73	83	0
73	84	0
73	85	1
73	86	1
73	87	0
73	88	0
73	89	1
73	90	0
73	91	1
73	92	0
73	93	0
73	94	1
73	95	1
73	96	1
73	97	0
73	98	0
73	99	1
73	100	1
73	101	0
73	102	0
73	103	1
73	104	1
73	105	1
73	106	0
73	107	0
73	108	0
73	109	0
73	110	0
73	111	0
73	112	0
73	113	1
73	114	1
73	115	0
73	116	0
73	117	1
73	118	1
73	119	1
73	120	0
73	121	1
73	122	0
73	123	1
73	124	1
73	125	1
73	126	0
73	127	0
73	128	1
73	129	0
73	130	0
73	131	1
73	132	1
73	133	0
73	134	0
73	135	0
73	136	0
73	137	1
73	138	1
73	139	0
73	140	1
74	75	0
74	76	1
74	77	0
74	78	0
74	79	0
74	80	1
74	81	0
74	82	0
74	83	1
74	84	1
74	85	0
74	86	0
74	87	0
74	88	1
74	89	1
74	90	0
74	91	0
74	92	0
74	93	0
74	94	1
74	95	0
74	96	0
74	97	0
74	98	0
74	99	1
74	100	0
74	101	0
74	102	0
74	103	1
74	104	1
74	105	0
74	106	0
74	107	1
74	108	1
74	109	1
74	110	0
74	111	0
74	112	0
74	113	1
74	114	1
74	115	1
74	116	1
74	117	0
74	118	1
74	119	0
74	120	1
74	121	1
74	122	1
74	123	0
74	124	1
74	125	1
74	126	0
74	127	1
74	128	1
74	129	0
74	130	1
74	131	0
74	132	0
74	133	0
74	134	1
74	135	1
74	136	1
74	137	0
74	138	0
74	139	1
74	140	1
75	76	0
75	77	1
75	78	1
75	79	0
75	80	0
75	81	0
75	82	0
75	83	0
75	84	0
75	85	1
75	86	1
75	87	0
75	88	0
75	89	1
75	90	0
75	91	1
75	92	1
75	93	1
75	94	0
75	95	1
75	96	1
75	97	0
75	98	0
75	99	1
75	100	0
75	101	1
75	102	1
75	103	1
75	104	1
75	105	1
75	106	0
75	107	1
75	108	1
75	109	0
75	110	0
75	111	1
75	112	0
75	113	0
75	114	1
75	115	0
75	116	1
75	117	1
75	118	0
75	119	1
75	120	1
75	121	0
75	122	0
75	123	0
75	124	1
75	125	1
75	126	1
75	127	1
75	128	1
75	129	0
75	130	1
75	131	0
75	132	0
75	133	1
75	134	0
75	135	0
75	136	1
75	137	1
75	138	1
75	139	1
75	140	1
76	77	1
76	78	0
76	79	1
76	80	0
76	81	0
76	82	1
76	83	1
76	84	0
76	85	1
76	86	1
76	87	1
76	88	0
76	89	0
76	90	0
76	91	0
76	92	1
76	93	1
76	94	0
76	95	1
76	96	1
76	97	0
76	98	0
76	99	1
76	100	0
76	101	1
76	102	0
76	103	0
76	104	1
76	105	0
76	106	0
76	107	1
76	108	0
76	109	1
76	110	1
76	111	1
76	112	0
76	113	0
76	114	0
76	115	0
76	116	0
76	117	0
76	118	1
76	119	1
76	120	0
76	121	1
76	122	0
76	123	0
76	124	1
76	125	0
76	126	0
76	127	0
76	128	1
76	129	1
76	130	1
76	131	0
76	132	0
76	133	1
76	134	1
76	135	0
76	136	0
76	137	1
76	138	0
76	139	0
76	140	1
77	78	1
77	79	0
77	80	0
77	81	0
77	82	0
77	83	0
77	84	0
77	85	0
77	86	1
77	87	1
77	88	0
77	89	0
77	90	0
77	91	1
77	92	1
77	93	0
77	94	1
77	95	1
77	96	1
77	97	0
77	98	0
77	99	1
77	100	0
77	101	1
77	102	1
77	103	1
77	104	1
77	105	1
77	106	0
77	107	0
77	108	1
77	109	1
77	110	1
77	111	1
77	112	1
77	113	1
77	114	0
77	115	1
77	116	1
77	117	1
77	118	0
77	119	1
77	120	0
77	121	0
77	122	1
77	123	1
77	124	1
77	125	1
77	126	0
77	127	1
77	128	1
77	129	0
77	130	1
77	131	0
77	132	0
77	133	1
77	134	0
77	135	0
77	136	0
77	137	0
77	138	0
77	139	1
77	140	1
78	79	1
78	80	1
78	81	0
78	82	0
78	83	1
78	84	1
78	85	0
78	86	1
78	87	1
78	88	1
78	89	0
78	90	1
78	91	0
78	92	1
78	93	1
78	94	0
78	95	0
78	96	1
78	97	0
78	98	1
78	99	1
78	100	1
78	101	0
78	102	0
78	103	1
78	104	0
78	105	0
78	106	0
78	107	1
78	108	1
78	109	0
78	110	0
78	111	0
78	112	1
78	113	0
78	114	0
78	115	1
78	116	0
78	117	0
78	118	1
78	119	0
78	120	0
78	121	0
78	122	1
78	123	0
78	124	1
78	125	1
78	126	0
78	127	1
78	128	1
78	129	1
78	130	0
78	131	0
78	132	1
78	133	0
78	134	0
78	135	0
78	136	0
78	137	1
78	138	0
78	139	0
78	140	0
79	80	1
79	81	0
79	82	0
79	83	1
79	84	1
79	85	0
79	86	1
79	87	0
79	88	0
79	89	0
79	90	0
79	91	0
79	92	0
79	93	0
79	94	0
79	95	0
79	96	1
79	97	0
79	98	1
79	99	0
79	100	1
79	101	0
79	102	1
79	103	1
79	104	0
79	105	1
79	106	1
79	107	0
79	108	0
79	109	1
79	110	0
79	111	1
79	112	1
79	113	0
79	114	1
79	115	1
79	116	0
79	117	0
79	118	1
79	119	1
79	120	0
79	121	0
79	122	1
79	123	0
79	124	0
79	125	0
79	126	1
79	127	0
79	128	1
79	129	0
79	130	0
79	131	0
79	132	0
79	133	1
79	134	1
79	135	0
79	136	1
79	137	1
79	138	1
79	139	1
79	140	0
80	81	1
80	82	0
80	83	1
80	84	1
80	85	1
80	86	0
80	87	1
80	88	1
80	89	0
80	90	0
80	91	0
80	92	0
80	93	0
80	94	1
80	95	1
80	96	0
80	97	0
80	98	0
80	99	0
80	100	1
80	101	0
80	102	0
80	103	0
80	104	0
80	105	0
80	106	0
80	107	1
80	108	1
80	109	1
80	110	0
80	111	1
80	112	0
80	113	0
80	114	0
80	115	0
80	116	1
80	117	0
80	118	1
80	119	0
80	120	0
80	121	0
80	122	0
80	123	1
80	124	1
80	125	0
80	126	1
80	127	1
80	128	0
80	129	0
80	130	0
80	131	0
80	132	0
80	133	1
80	134	1
80	135	1
80	136	1
80	137	1
80	138	0
80	139	1
80	140	0
81	82	1
81	83	0
81	84	1
81	85	1
81	86	1
81	87	1
81	88	1
81	89	0
81	90	0
81	91	1
81	92	0
81	93	1
81	94	1
81	95	1
81	96	0
81	97	0
81	98	0
81	99	0
81	100	0
81	101	1
81	102	1
81	103	1
81	104	0
81	105	1
81	106	1
81	107	1
81	108	0
81	109	0
81	110	0
81	111	1
81	112	0
81	113	1
81	114	0
81	115	1
81	116	1
81	117	1
81	118	0
81	119	1
81	120	1
81	121	0
81	122	0
81	123	1
81	124	0
81	125	1
81	126	0
81	127	0
81	128	0
81	129	1
81	130	0
81	131	1
81	132	0
81	133	0
81	134	1
81	135	0
81	136	0
81	137	1
81	138	0
81	139	0
81	140	0
82	83	1
82	84	1
82	85	0
82	86	1
82	87	1
82	88	0
82	89	1
82	90	0
82	91	1
82	92	1
82	93	1
82	94	1
82	95	0
82	96	1
82	97	1
82	98	1
82	99	0
82	100	0
82	101	0
82	102	0
82	103	0
82	104	1
82	105	1
82	106	1
82	107	1
82	108	0
82	109	0
82	110	0
82	111	1
82	112	0
82	113	1
82	114	1
82	115	0
82	116	1
82	117	0
82	118	1
82	119	1
82	120	1
82	121	1
82	122	0
82	123	0
82	124	0
82	125	0
82	126	1
82	127	1
82	128	0
82	129	1
82	130	0
82	131	0
82	132	1
82	133	1
82	134	0
82	135	1
82	136	1
82	137	0
82	138	0
82	139	1
82	140	0
83	84	1
83	85	1
83	86	1
83	87	1
83	88	1
83	89	0
83	90	1
83	91	0
83	92	0
83	93	1
83	94	0
83	95	1
83	96	0
83	97	0
83	98	1
83	99	0
83	100	1
83	101	1
83	102	0
83	103	0
83	104	1
83	105	0
83	106	0
83	107	0
83	108	1
83	109	0
83	110	1
83	111	1
83	112	1
83	113	1
83	114	0
83	115	0
83	116	1
83	117	0
83	118	1
83	119	1
83	120	0
83	121	0
83	122	1
83	123	0
83	124	0
83	125	1
83	126	0
83	127	0
83	128	1
83	129	0
83	130	0
83	131	0
83	132	0
83	133	1
83	134	0
83	135	0
83	136	0
83	137	0
83	138	1
83	139	0
83	140	0
84	85	1
84	86	0
84	87	1
84	88	0
84	89	1
84	90	0
84	91	0
84	92	0
84	93	1
84	94	0
84	95	1
84	96	1
84	97	0
84	98	0
84	99	0
84	100	0
84	101	0
84	102	0
84	103	0
84	104	0
84	105	0
84	106	0
84	107	0
84	108	0
84	109	0
84	110	1
84	111	1
84	112	1
84	113	0
84	114	0
84	115	0
84	116	1
84	117	1
84	118	0
84	119	0
84	120	1
84	121	0
84	122	1
84	123	1
84	124	1
84	125	0
84	126	1
84	127	1
84	128	0
84	129	0
84	130	1
84	131	1
84	132	1
84	133	0
84	134	1
84	135	0
84	136	0
84	137	1
84	138	0
84	139	0
84	140	0
85	86	0
85	87	1
85	88	1
85	89	0
85	90	0
85	91	1
85	92	0
85	93	1
85	94	1
85	95	1
85	96	1
85	97	1
85	98	1
85	99	1
85	100	0
85	101	0
85	102	1
85	103	1
85	104	1
85	105	0
85	106	0
85	107	0
85	108	0
85	109	0
85	110	0
85	111	1
85	112	0
85	113	0
85	114	0
85	115	0
85	116	1
85	117	0
85	118	0
85	119	0
85	120	0
85	121	1
85	122	0
85	123	1
85	124	1
85	125	1
85	126	0
85	127	0
85	128	0
85	129	0
85	130	0
85	131	1
85	132	1
85	133	0
85	134	0
85	135	0
85	136	1
85	137	0
85	138	1
85	139	1
85	140	0
86	87	1
86	88	1
86	89	1
86	90	0
86	91	0
86	92	1
86	93	0
86	94	0
86	95	1
86	96	0
86	97	1
86	98	0
86	99	1
86	100	0
86	101	1
86	102	1
86	103	1
86	104	0
86	105	0
86	106	1
86	107	1
86	108	1
86	109	1
86	110	1
86	111	0
86	112	0
86	113	0
86	114	1
86	115	1
86	116	1
86	117	0
86	118	1
86	119	0
86	120	0
86	121	0
86	122	0
86	123	1
86	124	0
86	125	0
86	126	1
86	127	0
86	128	0
86	129	1
86	130	0
86	131	0
86	132	0
86	133	1
86	134	1
86	135	1
86	136	1
86	137	1
86	138	0
86	139	0
86	140	0
87	88	1
87	89	1
87	90	1
87	91	1
87	92	1
87	93	0
87	94	1
87	95	1
87	96	0
87	97	0
87	98	1
87	99	0
87	100	0
87	101	0
87	102	1
87	103	0
87	104	1
87	105	1
87	106	1
87	107	0
87	108	1
87	109	1
87	110	1
87	111	0
87	112	1
87	113	1
87	114	1
87	115	0
87	116	1
87	117	0
87	118	0
87	119	0
87	120	0
87	121	1
87	122	1
87	123	0
87	124	1
87	125	1
87	126	0
87	127	0
87	128	0
87	129	1
87	130	1
87	131	1
87	132	0
87	133	0
87	134	0
87	135	0
87	136	1
87	137	1
87	138	1
87	139	0
87	140	0
88	89	0
88	90	1
88	91	1
88	92	1
88	93	0
88	94	0
88	95	0
88	96	0
88	97	0
88	98	0
88	99	0
88	100	0
88	101	1
88	102	0
88	103	0
88	104	1
88	105	1
88	106	1
88	107	0
88	108	1
88	109	0
88	110	1
88	111	1
88	112	0
88	113	1
88	114	0
88	115	1
88	116	1
88	117	1
88	118	0
88	119	1
88	120	1
88	121	0
88	122	0
88	123	0
88	124	0
88	125	0
88	126	1
88	127	1
88	128	1
88	129	1
88	130	1
88	131	1
88	132	0
88	133	0
88	134	0
88	135	1
88	136	1
88	137	1
88	138	1
88	139	0
88	140	0
89	90	1
89	91	0
89	92	0
89	93	0
89	94	0
89	95	0
89	96	1
89	97	1
89	98	0
89	99	1
89	100	1
89	101	0
89	102	0
89	103	1
89	104	0
89	105	1
89	106	0
89	107	1
89	108	1
89	109	1
89	110	0
89	111	0
89	112	0
89	113	0
89	114	1
89	115	1
89	116	1
89	117	0
89	118	1
89	119	1
89	120	0
89	121	0
89	122	1
89	123	0
89	124	1
89	125	1
89	126	1
89	127	0
89	128	0
89	129	1
89	130	1
89	131	0
89	132	0
89	133	1
89	134	1
89	135	0
89	136	0
89	137	0
89	138	0
89	139	1
89	140	0
90	91	0
90	92	0
90	93	0
90	94	1
90	95	1
90	96	1
90	97	0
90	98	0
90	99	1
90	100	0
90	101	0
90	102	1
90	103	1
90	104	1
90	105	1
90	106	0
90	107	0
90	108	1
90	109	0
90	110	0
90	111	0
90	112	0
90	113	0
90	114	0
90	115	1
90	116	1
90	117	1
90	118	1
90	119	0
90	120	1
90	121	1
90	122	1
90	123	0
90	124	1
90	125	0
90	126	1
90	127	0
90	128	1
90	129	1
90	130	1
90	131	1
90	132	0
90	133	0
90	134	0
90	135	1
90	136	1
90	137	0
90	138	1
90	139	0
90	140	0
91	92	1
91	93	1
91	94	1
91	95	0
91	96	1
91	97	0
91	98	0
91	99	0
91	100	1
91	101	0
91	102	0
91	103	0
91	104	1
91	105	1
91	106	0
91	107	0
91	108	1
91	109	1
91	110	0
91	111	1
91	112	0
91	113	1
91	114	1
91	115	1
91	116	0
91	117	1
91	118	0
91	119	1
91	120	0
91	121	0
91	122	0
91	123	0
91	124	1
91	125	1
91	126	0
91	127	0
91	128	0
91	129	1
91	130	0
91	131	0
91	132	1
91	133	1
91	134	0
91	135	1
91	136	1
91	137	1
91	138	0
91	139	1
91	140	0
92	93	1
92	94	1
92	95	1
92	96	0
92	97	0
92	98	0
92	99	1
92	100	0
92	101	0
92	102	0
92	103	0
92	104	1
92	105	0
92	106	1
92	107	1
92	108	0
92	109	1
92	110	1
92	111	0
92	112	1
92	113	0
92	114	1
92	115	0
92	116	1
92	117	0
92	118	1
92	119	0
92	120	0
92	121	0
92	122	0
92	123	0
92	124	0
92	125	1
92	126	0
92	127	1
92	128	0
92	129	1
92	130	1
92	131	1
92	132	1
92	133	0
92	134	0
92	135	1
92	136	1
92	137	1
92	138	1
92	139	0
92	140	0
93	94	0
93	95	0
93	96	1
93	97	0
93	98	0
93	99	0
93	100	0
93	101	0
93	102	0
93	103	0
93	104	0
93	105	0
93	106	1
93	107	0
93	108	1
93	109	0
93	110	1
93	111	1
93	112	1
93	113	0
93	114	1
93	115	0
93	116	0
93	117	0
93	118	0
93	119	0
93	120	0
93	121	1
93	122	0
93	123	0
93	124	0
93	125	0
93	126	0
93	127	0
93	128	1
93	129	1
93	130	1
93	131	0
93	132	1
93	133	1
93	134	1
93	135	0
93	136	0
93	137	1
93	138	0
93	139	0
93	140	1
94	95	0
94	96	0
94	97	0
94	98	0
94	99	0
94	100	1
94	101	1
94	102	1
94	103	1
94	104	0
94	105	1
94	106	0
94	107	1
94	108	0
94	109	1
94	110	0
94	111	1
94	112	1
94	113	1
94	114	0
94	115	0
94	116	1
94	117	0
94	118	1
94	119	0
94	120	1
94	121	1
94	122	0
94	123	0
94	124	1
94	125	0
94	126	1
94	127	0
94	128	1
94	129	1
94	130	1
94	131	0
94	132	1
94	133	0
94	134	1
94	135	1
94	136	0
94	137	1
94	138	0
94	139	0
94	140	1
95	96	0
95	97	0
95	98	1
95	99	1
95	100	0
95	101	0
95	102	0
95	103	0
95	104	0
95	105	1
95	106	0
95	107	0
95	108	0
95	109	1
95	110	1
95	111	0
95	112	0
95	113	1
95	114	0
95	115	1
95	116	1
95	117	1
95	118	1
95	119	0
95	120	1
95	121	1
95	122	0
95	123	0
95	124	1
95	125	1
95	126	0
95	127	0
95	128	1
95	129	1
95	130	1
95	131	1
95	132	0
95	133	0
95	134	0
95	135	0
95	136	1
95	137	1
95	138	1
95	139	0
95	140	0
96	97	1
96	98	1
96	99	0
96	100	1
96	101	1
96	102	1
96	103	0
96	104	0
96	105	0
96	106	1
96	107	1
96	108	0
96	109	1
96	110	0
96	111	0
96	112	1
96	113	0
96	114	0
96	115	0
96	116	0
96	117	0
96	118	0
96	119	1
96	120	1
96	121	0
96	122	0
96	123	1
96	124	1
96	125	1
96	126	0
96	127	0
96	128	0
96	129	0
96	130	0
96	131	0
96	132	0
96	133	0
96	134	1
96	135	1
96	136	0
96	137	1
96	138	0
96	139	1
96	140	1
97	98	1
97	99	1
97	100	1
97	101	1
97	102	0
97	103	0
97	104	0
97	105	0
97	106	0
97	107	1
97	108	0
97	109	0
97	110	1
97	111	0
97	112	1
97	113	0
97	114	0
97	115	1
97	116	1
97	117	1
97	118	1
97	119	1
97	120	0
97	121	0
97	122	1
97	123	0
97	124	0
97	125	1
97	126	0
97	127	0
97	128	1
97	129	1
97	130	1
97	131	1
97	132	1
97	133	0
97	134	0
97	135	1
97	136	1
97	137	0
97	138	0
97	139	0
97	140	0
98	99	1
98	100	0
98	101	0
98	102	0
98	103	1
98	104	1
98	105	0
98	106	0
98	107	1
98	108	1
98	109	1
98	110	1
98	111	1
98	112	0
98	113	1
98	114	1
98	115	1
98	116	1
98	117	1
98	118	0
98	119	0
98	120	0
98	121	1
98	122	1
98	123	1
98	124	0
98	125	0
98	126	1
98	127	1
98	128	0
98	129	1
98	130	0
98	131	1
98	132	0
98	133	0
98	134	1
98	135	1
98	136	1
98	137	1
98	138	1
98	139	1
98	140	1
99	100	0
99	101	0
99	102	1
99	103	0
99	104	0
99	105	1
99	106	1
99	107	0
99	108	1
99	109	0
99	110	0
99	111	1
99	112	0
99	113	0
99	114	0
99	115	1
99	116	1
99	117	0
99	118	1
99	119	0
99	120	1
99	121	1
99	122	0
99	123	1
99	124	1
99	125	0
99	126	0
99	127	0
99	128	1
99	129	1
99	130	0
99	131	0
99	132	1
99	133	0
99	134	1
99	135	0
99	136	0
99	137	0
99	138	1
99	139	1
99	140	1
100	101	0
100	102	1
100	103	1
100	104	0
100	105	1
100	106	0
100	107	1
100	108	1
100	109	1
100	110	0
100	111	0
100	112	0
100	113	0
100	114	1
100	115	1
100	116	1
100	117	0
100	118	0
100	119	0
100	120	0
100	121	0
100	122	0
100	123	1
100	124	1
100	125	0
100	126	1
100	127	0
100	128	0
100	129	1
100	130	1
100	131	0
100	132	0
100	133	1
100	134	1
100	135	1
100	136	0
100	137	1
100	138	1
100	139	0
100	140	1
101	102	1
101	103	0
101	104	0
101	105	0
101	106	0
101	107	1
101	108	0
101	109	1
101	110	1
101	111	1
101	112	0
101	113	1
101	114	0
101	115	1
101	116	0
101	117	1
101	118	1
101	119	1
101	120	1
101	121	1
101	122	0
101	123	0
101	124	1
101	125	0
101	126	0
101	127	0
101	128	0
101	129	0
101	130	1
101	131	1
101	132	0
101	133	1
101	134	0
101	135	1
101	136	0
101	137	0
101	138	0
101	139	1
101	140	0
102	103	0
102	104	1
102	105	0
102	106	1
102	107	1
102	108	0
102	109	0
102	110	0
102	111	0
102	112	1
102	113	0
102	114	1
102	115	1
102	116	1
102	117	0
102	118	1
102	119	1
102	120	0
102	121	1
102	122	1
102	123	1
102	124	0
102	125	0
102	126	1
102	127	1
102	128	1
102	129	0
102	130	0
102	131	1
102	132	0
102	133	0
102	134	0
102	135	1
102	136	1
102	137	0
102	138	1
102	139	0
102	140	1
103	104	0
103	105	0
103	106	1
103	107	1
103	108	0
103	109	0
103	110	1
103	111	1
103	112	1
103	113	1
103	114	0
103	115	0
103	116	1
103	117	1
103	118	0
103	119	0
103	120	1
103	121	0
103	122	0
103	123	0
103	124	1
103	125	0
103	126	1
103	127	1
103	128	0
103	129	0
103	130	1
103	131	0
103	132	1
103	133	0
103	134	1
103	135	0
103	136	0
103	137	0
103	138	0
103	139	0
103	140	0
104	105	0
104	106	0
104	107	1
104	108	0
104	109	1
104	110	0
104	111	0
104	112	1
104	113	0
104	114	0
104	115	0
104	116	0
104	117	0
104	118	0
104	119	0
104	120	1
104	121	1
104	122	1
104	123	1
104	124	0
104	125	1
104	126	0
104	127	0
104	128	1
104	129	1
104	130	1
104	131	1
104	132	1
104	133	0
104	134	1
104	135	0
104	136	0
104	137	0
104	138	0
104	139	1
104	140	0
105	106	1
105	107	1
105	108	1
105	109	0
105	110	0
105	111	1
105	112	0
105	113	0
105	114	0
105	115	1
105	116	1
105	117	1
105	118	0
105	119	0
105	120	0
105	121	1
105	122	1
105	123	1
105	124	0
105	125	1
105	126	0
105	127	1
105	128	0
105	129	1
105	130	1
105	131	0
105	132	1
105	133	0
105	134	1
105	135	1
105	136	1
105	137	0
105	138	1
105	139	1
105	140	0
106	107	0
106	108	0
106	109	0
106	110	0
106	111	0
106	112	1
106	113	1
106	114	1
106	115	0
106	116	1
106	117	1
106	118	1
106	119	0
106	120	1
106	121	1
106	122	1
106	123	1
106	124	0
106	125	1
106	126	1
106	127	1
106	128	1
106	129	1
106	130	0
106	131	0
106	132	1
106	133	0
106	134	1
106	135	0
106	136	1
106	137	1
106	138	1
106	139	1
106	140	1
107	108	1
107	109	0
107	110	0
107	111	1
107	112	0
107	113	1
107	114	1
107	115	1
107	116	1
107	117	1
107	118	0
107	119	1
107	120	0
107	121	1
107	122	0
107	123	0
107	124	0
107	125	1
107	126	1
107	127	1
107	128	0
107	129	0
107	130	0
107	131	0
107	132	0
107	133	1
107	134	0
107	135	1
107	136	1
107	137	1
107	138	1
107	139	1
107	140	1
108	109	0
108	110	1
108	111	0
108	112	1
108	113	0
108	114	0
108	115	0
108	116	1
108	117	1
108	118	1
108	119	1
108	120	0
108	121	0
108	122	1
108	123	1
108	124	0
108	125	0
108	126	0
108	127	0
108	128	1
108	129	0
108	130	0
108	131	1
108	132	1
108	133	0
108	134	0
108	135	1
108	136	0
108	137	0
108	138	1
108	139	1
108	140	0
109	110	1
109	111	0
109	112	0
109	113	1
109	114	0
109	115	0
109	116	1
109	117	0
109	118	1
109	119	0
109	120	1
109	121	1
109	122	0
109	123	0
109	124	1
109	125	1
109	126	1
109	127	1
109	128	0
109	129	0
109	130	1
109	131	1
109	132	0
109	133	1
109	134	1
109	135	0
109	136	0
109	137	0
109	138	0
109	139	1
109	140	0
110	111	0
110	112	0
110	113	1
110	114	0
110	115	1
110	116	0
110	117	1
110	118	1
110	119	0
110	120	1
110	121	1
110	122	0
110	123	1
110	124	1
110	125	0
110	126	1
110	127	1
110	128	1
110	129	1
110	130	1
110	131	0
110	132	0
110	133	0
110	134	1
110	135	1
110	136	1
110	137	0
110	138	0
110	139	0
110	140	1
111	112	0
111	113	1
111	114	1
111	115	1
111	116	1
111	117	0
111	118	1
111	119	0
111	120	1
111	121	1
111	122	0
111	123	1
111	124	1
111	125	0
111	126	1
111	127	1
111	128	1
111	129	0
111	130	1
111	131	0
111	132	0
111	133	1
111	134	0
111	135	1
111	136	0
111	137	0
111	138	0
111	139	1
111	140	1
112	113	0
112	114	1
112	115	1
112	116	1
112	117	1
112	118	0
112	119	0
112	120	0
112	121	1
112	122	0
112	123	0
112	124	1
112	125	0
112	126	0
112	127	1
112	128	1
112	129	1
112	130	1
112	131	1
112	132	1
112	133	0
112	134	0
112	135	0
112	136	0
112	137	0
112	138	0
112	139	0
112	140	0
113	114	1
113	115	1
113	116	1
113	117	1
113	118	0
113	119	0
113	120	0
113	121	1
113	122	1
113	123	0
113	124	1
113	125	1
113	126	1
113	127	0
113	128	0
113	129	0
113	130	0
113	131	1
113	132	0
113	133	1
113	134	1
113	135	0
113	136	0
113	137	1
113	138	0
113	139	0
113	140	1
114	115	1
114	116	1
114	117	1
114	118	1
114	119	0
114	120	0
114	121	0
114	122	0
114	123	0
114	124	0
114	125	1
114	126	1
114	127	1
114	128	1
114	129	0
114	130	0
114	131	1
114	132	0
114	133	1
114	134	0
114	135	1
114	136	0
114	137	1
114	138	1
114	139	0
114	140	1
115	116	1
115	117	0
115	118	1
115	119	0
115	120	0
115	121	1
115	122	0
115	123	1
115	124	0
115	125	0
115	126	0
115	127	1
115	128	0
115	129	0
115	130	0
115	131	0
115	132	1
115	133	0
115	134	1
115	135	0
115	136	1
115	137	0
115	138	1
115	139	0
115	140	1
116	117	1
116	118	0
116	119	1
116	120	0
116	121	1
116	122	0
116	123	0
116	124	1
116	125	0
116	126	0
116	127	1
116	128	1
116	129	0
116	130	0
116	131	0
116	132	0
116	133	1
116	134	0
116	135	1
116	136	0
116	137	1
116	138	1
116	139	1
116	140	0
117	118	0
117	119	0
117	120	0
117	121	1
117	122	1
117	123	0
117	124	0
117	125	0
117	126	1
117	127	1
117	128	1
117	129	1
117	130	1
117	131	0
117	132	0
117	133	1
117	134	0
117	135	0
117	136	0
117	137	1
117	138	0
117	139	0
117	140	0
118	119	0
118	120	0
118	121	1
118	122	0
118	123	1
118	124	1
118	125	0
118	126	1
118	127	1
118	128	0
118	129	1
118	130	0
118	131	0
118	132	1
118	133	1
118	134	0
118	135	1
118	136	0
118	137	0
118	138	0
118	139	0
118	140	0
119	120	0
119	121	0
119	122	0
119	123	1
119	124	0
119	125	0
119	126	0
119	127	1
119	128	1
119	129	1
119	130	0
119	131	1
119	132	1
119	133	1
119	134	0
119	135	1
119	136	0
119	137	0
119	138	1
119	139	0
119	140	1
120	121	0
120	122	1
120	123	1
120	124	0
120	125	0
120	126	0
120	127	0
120	128	1
120	129	1
120	130	0
120	131	1
120	132	1
120	133	0
120	134	0
120	135	0
120	136	0
120	137	1
120	138	1
120	139	0
120	140	0
121	122	0
121	123	1
121	124	0
121	125	1
121	126	1
121	127	1
121	128	0
121	129	0
121	130	0
121	131	0
121	132	1
121	133	1
121	134	1
121	135	0
121	136	1
121	137	1
121	138	0
121	139	1
121	140	1
122	123	1
122	124	1
122	125	0
122	126	1
122	127	0
122	128	1
122	129	0
122	130	0
122	131	1
122	132	0
122	133	0
122	134	0
122	135	1
122	136	0
122	137	1
122	138	1
122	139	0
122	140	0
123	124	0
123	125	0
123	126	1
123	127	1
123	128	1
123	129	0
123	130	1
123	131	0
123	132	1
123	133	1
123	134	1
123	135	0
123	136	1
123	137	0
123	138	1
123	139	0
123	140	1
124	125	1
124	126	1
124	127	0
124	128	0
124	129	0
124	130	0
124	131	0
124	132	1
124	133	0
124	134	1
124	135	1
124	136	1
124	137	0
124	138	1
124	139	0
124	140	1
125	126	1
125	127	0
125	128	0
125	129	1
125	130	1
125	131	0
125	132	1
125	133	1
125	134	0
125	135	1
125	136	0
125	137	0
125	138	1
125	139	0
125	140	1
126	127	0
126	128	1
126	129	0
126	130	0
126	131	0
126	132	0
126	133	1
126	134	1
126	135	1
126	136	1
126	137	0
126	138	1
126	139	0
126	140	0
127	128	0
127	129	0
127	130	1
127	131	1
127	132	0
127	133	0
127	134	1
127	135	0
127	136	0
127	137	0
127	138	0
127	139	0
127	140	0
128	129	1
128	130	1
128	131	1
128	132	0
128	133	0
128	134	1
128	135	0
128	136	1
128	137	1
128	138	1
128	139	0
128	140	0
129	130	0
129	131	1
129	132	1
129	133	1
129	134	0
129	135	0
129	136	1
129	137	0
129	138	1
129	139	1
129	140	1
130	131	0
130	132	1
130	133	1
130	134	0
130	135	1
130	136	1
130	137	1
130	138	0
130	139	0
130	140	0
131	132	0
131	133	0
131	134	0
131	135	0
131	136	0
131	137	1
131	138	1
131	139	1
131	140	0
132	133	1
132	134	1
132	135	0
132	136	1
132	137	1
132	138	1
132	139	0
132	140	0
133	134	0
133	135	1
133	136	0
133	137	1
133	138	1
133	139	0
133	140	0
134	135	0
134	136	0
134	137	0
134	138	1
134	139	0
134	140	0
135	136	1
135	137	0
135	138	0
135	139	0
135	140	1
136	137	1
136	138	1
136	139	1
136	140	1
137	138	1
137	139	0
137	140	0
138	139	0
138	140	0
139	140	0
