140	9730	0
1	2	0
1	3	0
1	4	0
1	5	1
1	6	0
1	7	0
1	8	0
1	9	1
1	10	1
1	11	1
1	12	1
1	13	0
1	14	0
1	15	0
1	16	1
1	17	0
1	18	0
1	19	1
1	20	1
1	21	0
1	22	1
1	23	0
1	24	1
1	25	0
1	26	0
1	27	1
1	28	0
1	29	1
1	30	1
1	31	0
1	32	0
1	33	1
1	34	1
1	35	1
1	36	0
1	37	1
1	38	1
1	39	1
1	40	0
1	41	1
1	42	1
1	43	1
1	44	1
1	45	1
1	46	1
1	47	1
1	48	0
1	49	1
1	50	0
1	51	0
1	52	1
1	53	0
1	54	1
1	55	0
1	56	1
1	57	0
1	58	0
1	59	0
1	60	1
1	61	1
1	62	1
1	63	1
1	64	0
1	65	1
1	66	1
1	67	0
1	68	0
1	69	0
1	70	0
1	71	0
1	72	1
1	73	0
1	74	1
1	75	0
1	76	1
1	77	1
1	78	0
1	79	0
1	80	0
1	81	0
1	82	0
1	83	1
1	84	0
1	85	0
1	86	1
1	87	0
1	88	1
1	89	0
1	90	0
1	91	1
1	92	0
1	93	1
1	94	1
1	95	0
1	96	0
1	97	0
1	98	1
1	99	0
1	100	1
1	101	0
1	102	1
1	103	0
1	104	1
1	105	1
1	106	1
1	107	1
1	108	1
1	109	1
1	110	0
1	111	1
1	112	0
1	113	1
1	114	0
1	115	0
1	116	0
1	117	1
1	118	0
1	119	1
1	120	0
1	121	0
1	122	1
1	123	0
1	124	1
1	125	0
1	126	0
1	127	1
1	128	1
1	129	1
1	130	0
1	131	1
1	132	0
1	133	0
1	134	0
1	135	0
1	136	0
1	137	0
1	138	1
1	139	0
1	140	1
2	3	1
2	4	0
2	5	0
2	6	1
2	7	0
2	8	0
2	9	0
2	10	0
2	11	1
2	12	0
2	13	1
2	14	0
2	15	0
2	16	0
2	17	1
2	18	1
2	19	1
2	20	1
2	21	0
2	22	1
2	23	0
2	24	0
2	25	0
2	26	1
2	27	1
2	28	1
2	29	1
2	30	0
2	31	0
2	32	1
2	33	0
2	34	1
2	35	1
2	36	1
2	37	1
2	38	0
2	39	0
2	40	1
2	41	1
2	42	1
2	43	0
2	44	1
2	45	1
2	46	1
2	47	1
2	48	1
2	49	0
2	50	1
2	51	1
2	52	1
2	53	0
2	54	0
2	55	1
2	56	1
2	57	1
2	58	1
2	59	1
2	60	1
2	61	0
2	62	0
2	63	1
2	64	1
2	65	0
2	66	0
2	67	1
2	68	1
2	69	0
2	70	0
2	71	1
2	72	0
2	73	0
2	74	1
2	75	0
2	76	1
2	77	1
2	78	0
2	79	0
2	80	1
2	81	1
2	82	1
2	83	0
2	84	1
2	85	0
2	86	1
2	87	1
2	88	1
2	89	0
2	90	0
2	91	1
2	92	1
2	93	0
2	94	1
2	95	1
2	96	1
2	97	1
2	98	1
2	99	0
2	100	1
2	101	0
2	102	0
2	103	1
2	104	0
2	105	0
2	106	1
2	107	0
2	108	0
2	109	1
2	110	1
2	111	0
2	112	0
2	113	1
2	114	0
2	115	1
2	116	1
2	117	0
2	118	1
2	119	0
2	120	0
2	121	1
2	122	0
2	123	0
2	124	0
2	125	0
2	126	1
2	127	0
2	128	0
2	129	1
2	130	0
2	131	0
2	132	0
2	133	1
2	134	1
2	135	1
2	136	0
2	137	1
2	138	0
2	139	0
2	140	1
3	4	0
3	5	0
3	6	1
3	7	0
3	8	0
3	9	1
3	10	1
3	11	1
3	12	1
3	13	0
3	14	0
3	15	1
3	16	0
3	17	1
3	18	1
3	19	1
3	20	1
3	21	0
3	22	0
3	23	0
3	24	0
3	25	1
3	26	1
3	27	0
3	28	1
3	29	0
3	30	0
3	31	1
3	32	0
3	33	1
3	34	1
3	35	0
3	36	0
3	37	0
3	38	0
3	39	1
3	40	1
3	41	0
3	42	0
3	43	0
3	44	1
3	45	1
3	46	1
3	47	1
3	48	0
3	49	0
3	50	1
3	51	1
3	52	1
3	53	1
3	54	1
3	55	1
3	56	0
3	57	0
3	58	0
3	59	1
3	60	0
3	61	0
3	62	0
3	63	1
3	64	1
3	65	1
3	66	0
3	67	1
3	68	1
3	69	1
3	70	1
3	71	0
3	72	0
3	73	1
3	74	1
3	75	1
3	76	1
3	77	1
3	78	1
3	79	0
3	80	0
3	81	0
3	82	0
3	83	0
3	84	0
3	85	1
3	86	0
3	87	0
3	88	0
3	89	1
3	90	1
3	91	1
3	92	0
3	93	1
3	94	1
3	95	1
3	96	0
3	97	0
3	98	0
3	99	1
3	100	0
3	101	0
3	102	1
3	103	0
3	104	0
3	105	0
3	106	0
3	107	0
3	108	1
3	109	0
3	110	0
3	111	1
3	112	0
3	113	0
3	114	0
3	115	1
3	116	1
3	117	1
3	118	1
3	119	1
3	120	0
3	121	0
3	122	0
3	123	1
3	124	1
3	125	1
3	126	1
3	127	1
3	128	0
3	129	0
3	130	1
3	131	0
3	132	1
3	133	0
3	134	0
3	135	1
3	136	1
3	137	0
3	138	0
3	139	0
3	140	1
4	5	0
4	6	0
4	7	1
4	8	0
4	9	1
4	10	0
4	11	0
4	12	0
4	13	0
4	14	0
4	15	0
4	16	0
4	17	1
4	18	0
4	19	0
4	20	1
4	21	1
4	22	0
4	23	0
4	24	1
4	25	1
4	26	1
4	27	0
4	28	0
4	29	0
4	30	0
4	31	0
4	32	1
4	33	1
4	34	1
4	35	1
4	36	1
4	37	0
4	38	0
4	39	1
4	40	0
4	41	1
4	42	1
4	43	0
4	44	1
4	45	1
4	46	0
4	47	1
4	48	1
4	49	0
4	50	0
4	51	0
4	52	0
4	53	0
4	54	0
4	55	1
4	56	1
4	57	0
4	58	0
4	59	0
4	60	0
4	61	1
4	62	1
4	63	1
4	64	1
4	65	1
4	66	1
4	67	0
4	68	0
4	69	0
4	70	1
4	71	1
4	72	1
4	73	0
4	74	1
4	75	1
4	76	1
4	77	1
4	78	1
4	79	0
4	80	0
4	81	1
4	82	0
4	83	0
4	84	0
4	85	0
4	86	0
4	87	0
4	88	0
4	89	0
4	90	0
4	91	1
4	92	0
4	93	0
4	94	1
4	95	0
4	96	0
4	97	0
4	98	1
4	99	1
4	100	1
4	101	1
4	102	0
4	103	0
4	104	0
4	105	0
4	106	0
4	107	1
4	108	1
4	109	0
4	110	1
4	111	1
4	112	0
4	113	1
4	114	1
4	115	0
4	116	0
4	117	0
4	118	0
4	119	0
4	120	0
4	121	1
4	122	1
4	123	1
4	124	1
4	125	0
4	126	0
4	127	0
4	128	1
4	129	0
4	130	0
4	131	0
4	132	1
4	133	1
4	134	0
4	135	1
4	136	1
4	137	1
4	138	0
4	139	0
4	140	0
5	6	1
5	7	0
5	8	0
5	9	1
5	10	0
5	11	1
5	12	1
5	13	0
5	14	1
5	15	0
5	16	0
5	17	0
5	18	0
5	19	0
5	20	1
5	21	0
5	22	0
5	23	1
5	24	0
5	25	0
5	26	0
5	27	1
5	28	1
5	29	0
5	30	0
5	31	0
5	32	0
5	33	1
5	34	0
5	35	0
5	36	0
5	37	0
5	38	1
5	39	0
5	40	1
5	41	1
5	42	0
5	43	1
5	44	0
5	45	1
5	46	0
5	47	0
5	48	0
5	49	0
5	50	0
5	51	0
5	52	0
5	53	1
5	54	1
5	55	0
5	56	0
5	57	0
5	58	1
5	59	1
5	60	0
5	61	1
5	62	1
5	63	0
5	64	1
5	65	1
5	66	0
5	67	0
5	68	0
5	69	1
5	70	0
5	71	1
5	72	1
5	73	1
5	74	0
5	75	1
5	76	0
5	77	1
5	78	1
5	79	0
5	80	0
5	81	1
5	82	1
5	83	1
5	84	1
5	85	1
5	86	1
5	87	0
5	88	1
5	89	0
5	90	0
5	91	1
5	92	1
5	93	1
5	94	0
5	95	0
5	96	0
5	97	1
5	98	1
5	99	1
5	100	1
5	101	1
5	102	0
5	103	1
5	104	1
5	105	0
5	106	0
5	107	0
5	108	0
5	109	1
5	110	1
5	111	0
5	112	1
5	113	0
5	114	1
5	115	1
5	116	0
5	117	0
5	118	1
5	119	1
5	120	1
5	121	1
5	122	0
5	123	1
5	124	0
5	125	1
5	126	1
5	127	1
5	128	1
5	129	1
5	130	1
5	131	0
5	132	0
5	133	0
5	134	1
5	135	0
5	136	0
5	137	1
5	138	1
5	139	1
5	140	0
6	7	0
6	8	1
6	9	0
6	10	0
6	11	1
6	12	1
6	13	1
6	14	0
6	15	0
6	16	0
6	17	1
6	18	0
6	19	0
6	20	0
6	21	1
6	22	0
6	23	0
6	24	0
6	25	0
6	26	1
6	27	1
6	28	1
6	29	1
6	30	0
6	31	1
6	32	1
6	33	0
6	34	1
6	35	1
6	36	1
6	37	0
6	38	1
6	39	0
6	40	1
6	41	1
6	42	1
6	43	1
6	44	0
6	45	1
6	46	1
6	47	1
6	48	1
6	49	1
6	50	0
6	51	0
6	52	0
6	53	0
6	54	0
6	55	1
6	56	1
6	57	0
6	58	0
6	59	1
6	60	0
6	61	0
6	62	0
6	63	0
6	64	0
6	65	1
6	66	0
6	67	1
6	68	1
6	69	1
6	70	0
6	71	1
6	72	0
6	73	0
6	74	1
6	75	0
6	76	0
6	77	0
6	78	1
6	79	1
6	80	1
6	81	0
6	82	1
6	83	0
6	84	1
6	85	1
6	86	0
6	87	1
6	88	1
6	89	0
6	90	1
6	91	1
6	92	1
6	93	1
6	94	1
6	95	1
6	96	0
6	97	0
6	98	0
6	99	0
6	100	1
6	101	0
6	102	0
6	103	0
6	104	0
6	105	1
6	106	1
6	107	0
6	108	0
6	109	1
6	110	0
6	111	1
6	112	0
6	113	0
6	114	0
6	115	0
6	116	1
6	117	0
6	118	0
6	119	1
6	120	1
6	121	0
6	122	1
6	123	0
6	124	1
6	125	0
6	126	0
6	127	1
6	128	1
6	129	0
6	130	1
6	131	1
6	132	0
6	133	0
6	134	1
6	135	0
6	136	1
6	137	1
6	138	0
6	139	1
6	140	1
7	8	0
7	9	0
7	10	0
7	11	0
7	12	1
7	13	0
7	14	0
7	15	0
7	16	1
7	17	0
7	18	0
7	19	1
7	20	1
7	21	1
7	22	1
7	23	1
7	24	0
7	25	0
7	26	0
7	27	0
7	28	1
7	29	0
7	30	1
7	31	0
7	32	0
7	33	1
7	34	0
7	35	1
7	36	1
7	37	1
7	38	1
7	39	1
7	40	0
7	41	0
7	42	1
7	43	0
7	44	0
7	45	0
7	46	1
7	47	1
7	48	0
7	49	1
7	50	1
7	51	0
7	52	1
7	53	0
7	54	0
7	55	0
7	56	0
7	57	1
7	58	1
7	59	1
7	60	0
7	61	1
7	62	0
7	63	1
7	64	1
7	65	0
7	66	1
7	67	1
7	68	0
7	69	1
7	70	1
7	71	1
7	72	0
7	73	0
7	74	0
7	75	0
7	76	1
7	77	1
7	78	0
7	79	0
7	80	0
7	81	1
7	82	1
7	83	0
7	84	1
7	85	0
7	86	0
7	87	0
7	88	1
7	89	1
7	90	1
7	91	0
7	92	1
7	93	1
7	94	0
7	95	1
7	96	0
7	97	1
7	98	1
7	99	0
7	100	0
7	101	0
7	102	1
7	103	1
7	104	1
7	105	0
7	106	0
7	107	1
7	108	0
7	109	0
7	110	1
7	111	0
7	112	1
7	113	0
7	114	0
7	115	0
7	116	0
7	117	0
7	118	1
7	119	1
7	120	0
7	121	0
7	122	1
7	123	0
7	124	1
7	125	1
7	126	0
7	127	1
7	128	0
7	129	0
7	130	0
7	131	0
7	132	0
7	133	0
7	134	0
7	135	1
7	136	1
7	137	1
7	138	1
7	139	1
7	140	0
8	9	0
8	10	0
8	11	0
8	12	0
8	13	1
8	14	0
8	15	1
8	16	0
8	17	1
8	18	1
8	19	0
8	20	0
8	21	0
8	22	0
8	23	0
8	24	0
8	25	0
8	26	1
8	27	0
8	28	0
8	29	0
8	30	0
8	31	0
8	32	1
8	33	1
8	34	1
8	35	0
8	36	1
8	37	0
8	38	1
8	39	1
8	40	1
8	41	0
8	42	0
8	43	1
8	44	1
8	45	0
8	46	0
8	47	0
8	48	1
8	49	0
8	50	0
8	51	1
8	52	0
8	53	1
8	54	1
8	55	1
8	56	0
8	57	0
8	58	0
8	59	1
8	60	0
8	61	1
8	62	1
8	63	0
8	64	0
8	65	0
8	66	0
8	67	0
8	68	0
8	69	1
8	70	1
8	71	0
8	72	1
8	73	0
8	74	1
8	75	0
8	76	0
8	77	1
8	78	1
8	79	1
8	80	1
8	81	0
8	82	1
8	83	0
8	84	0
8	85	0
8	86	0
8	87	1
8	88	0
8	89	1
8	90	1
8	91	0
8	92	1
8	93	1
8	94	0
8	95	1
8	96	1
8	97	0
8	98	1
8	99	1
8	100	0
8	101	0
8	102	0
8	103	1
8	104	1
8	105	1
8	106	1
8	107	0
8	108	1
8	109	1
8	110	0
8	111	0
8	112	0
8	113	0
8	114	0
8	115	0
8	116	1
8	117	1
8	118	1
8	119	0
8	120	0
8	121	1
8	122	0
8	123	0
8	124	1
8	125	0
8	126	0
8	127	1
8	128	0
8	129	1
8	130	1
8	131	0
8	132	1
8	133	0
8	134	1
8	135	1
8	136	0
8	137	1
8	138	0
8	139	1
8	140	0
9	10	1
9	11	1
9	12	1
9	13	0
9	14	1
9	15	1
9	16	0
9	17	0
9	18	0
9	19	0
9	20	0
9	21	0
9	22	1
9	23	0
9	24	0
9	25	1
9	26	1
9	27	1
9	28	1
9	29	0
9	30	1
9	31	0
9	32	1
9	33	1
9	34	0
9	35	1
9	36	0
9	37	1
9	38	0
9	39	1
9	40	0
9	41	0
9	42	0
9	43	0
9	44	0
9	45	0
9	46	1
9	47	1
9	48	1
9	49	1
9	50	0
9	51	1
9	52	0
9	53	0
9	54	1
9	55	0
9	56	1
9	57	1
9	58	1
9	59	0
9	60	1
9	61	0
9	62	1
9	63	1
9	64	0
9	65	0
9	66	0
9	67	0
9	68	0
9	69	1
9	70	1
9	71	0
9	72	0
9	73	1
9	74	1
9	75	1
9	76	1
9	77	1
9	78	1
9	79	0
9	80	1
9	81	1
9	82	1
9	83	1
9	84	0
9	85	1
9	86	1
9	87	0
9	88	1
9	89	1
9	90	1
9	91	0
9	92	1
9	93	1
9	94	1
9	95	1
9	96	0
9	97	0
9	98	1
9	99	0
9	100	0
9	101	0
9	102	1
9	103	0
9	104	0
9	105	0
9	106	0
9	107	0
9	108	0
9	109	0
9	110	1
9	111	1
9	112	1
9	113	1
9	114	1
9	115	1
9	116	1
9	117	0
9	118	0
9	119	0
9	120	0
9	121	0
9	122	0
9	123	1
9	124	0
9	125	1
9	126	0
9	127	0
9	128	0
9	129	1
9	130	1
9	131	1
9	132	0
9	133	1
9	134	1
9	135	1
9	136	0
9	137	1
9	138	1
9	139	0
9	140	0
10	11	1
10	12	0
10	13	1
10	14	1
10	15	1
10	16	1
10	17	0
10	18	0
10	19	1
10	20	0
10	21	0
10	22	1
10	23	0
10	24	1
10	25	1
10	26	0
10	27	0
10	28	1
10	29	0
10	30	1
10	31	1
10	32	1
10	33	1
10	34	1
10	35	1
10	36	1
10	37	1
10	38	1
10	39	0
10	40	0
10	41	1
10	42	0
10	43	1
10	44	1
10	45	0
10	46	1
10	47	1
10	48	1
10	49	1
10	50	0
10	51	1
10	52	1
10	53	0
10	54	1
10	55	0
10	56	0
10	57	0
10	58	1
10	59	0
10	60	0
10	61	0
10	62	0
10	63	0
10	64	0
10	65	1
10	66	1
10	67	1
10	68	1
10	69	0
10	70	1
10	71	0
10	72	1
10	73	0
10	74	0
10	75	0
10	76	1
10	77	0
10	78	0
10	79	1
10	80	0
10	81	0
10	82	0
10	83	1
10	84	0
10	85	1
10	86	1
10	87	1
10	88	0
10	89	1
10	90	0
10	91	1
10	92	0
10	93	0
10	94	0
10	95	0
10	96	1
10	97	1
10	98	1
10	99	0
10	100	1
10	101	0
10	102	0
10	103	1
10	104	0
10	105	1
10	106	0
10	107	0
10	108	1
10	109	1
10	110	0
10	111	1
10	112	0
10	113	0
10	114	1
10	115	1
10	116	1
10	117	0
10	118	0
10	119	1
10	120	1
10	121	0
10	122	0
10	123	0
10	124	0
10	125	0
10	126	1
10	127	0
10	128	0
10	129	1
10	130	0
10	131	0
10	132	1
10	133	0
10	134	0
10	135	0
10	136	1
10	137	0
10	138	0
10	139	1
10	140	0
11	12	0
11	13	0
11	14	1
11	15	0
11	16	0
11	17	1
11	18	1
11	19	0
11	20	1
11	21	0
11	22	0
11	23	1
11	24	1
11	25	0
11	26	0
11	27	0
11	28	1
11	29	1
11	30	0
11	31	1
11	32	1
11	33	0
11	34	0
11	35	1
11	36	1
11	37	1
11	38	0
11	39	1
11	40	1
11	41	0
11	42	1
11	43	1
11	44	0
11	45	1
11	46	1
11	47	0
11	48	0
11	49	1
11	50	1
11	51	1
11	52	1
11	53	0
11	54	0
11	55	1
11	56	1
11	57	0
11	58	1
11	59	0
11	60	0
11	61	1
11	62	0
11	63	0
11	64	0
11	65	1
11	66	1
11	67	0
11	68	1
11	69	1
11	70	1
11	71	1
11	72	1
11	73	1
11	74	1
11	75	1
11	76	1
11	77	0
11	78	1
11	79	0
11	80	1
11	81	1
11	82	0
11	83	0
11	84	0
11	85	1
11	86	1
11	87	1
11	88	1
11	89	1
11	90	0
11	91	0
11	92	0
11	93	1
11	94	0
11	95	1
11	96	1
11	97	0
11	98	0
11	99	0
11	100	1
11	101	1
11	102	1
11	103	1
11	104	1
11	105	1
11	106	0
11	107	1
11	108	1
11	109	0
11	110	1
11	111	1
11	112	0
11	113	0
11	114	1
11	115	1
11	116	0
11	117	0
11	118	0
11	119	1
11	120	0
11	121	1
11	122	0
11	123	0
11	124	0
11	125	1
11	126	0
11	127	1
11	128	1
11	129	1
11	130	0
11	131	1
11	132	1
11	133	1
11	134	1
11	135	1
11	136	0
11	137	0
11	138	0
11	139	0
11	140	1
12	13	0
12	14	1
12	15	1
12	16	0
12	17	1
12	18	0
12	19	1
12	20	0
12	21	1
12	22	1
12	23	0
12	24	1
12	25	0
12	26	1
12	27	1
12	28	0
12	29	0
12	30	0
12	31	1
12	32	0
12	33	1
12	34	1
12	35	0
12	36	1
12	37	1
12	38	1
12	39	0
12	40	1
12	41	0
12	42	0
12	43	1
12	44	1
12	45	0
12	46	1
12	47	0
12	48	0
12	49	1
12	50	1
12	51	0
12	52	1
12	53	1
12	54	1
12	55	0
12	56	0
12	57	1
12	58	1
12	59	1
12	60	1
12	61	0
12	62	0
12	63	1
12	64	1
12	65	0
12	66	0
12	67	0
12	68	0
12	69	1
12	70	0
12	71	0
12	72	0
12	73	1
12	74	0
12	75	0
12	76	0
12	77	1
12	78	1
12	79	0
12	80	0
12	81	0
12	82	1
12	83	0
12	84	1
12	85	0
12	86	0
12	87	1
12	88	0
12	89	0
12	90	1
12	91	0
12	92	0
12	93	1
12	94	0
12	95	0
12	96	1
12	97	0
12	98	0
12	99	1
12	100	1
12	101	0
12	102	0
12	103	1
12	104	1
12	105	0
12	106	1
12	107	0
12	108	1
12	109	1
12	110	1
12	111	0
12	112	1
12	113	0
12	114	1
12	115	0
12	116	0
12	117	1
12	118	0
12	119	1
12	120	0
12	121	0
12	122	1
12	123	1
12	124	1
12	125	0
12	126	1
12	127	0
12	128	1
12	129	1
12	130	0
12	131	0
12	132	1
12	133	1
12	134	1
12	135	1
12	136	0
12	137	1
12	138	0
12	139	0
12	140	0
13	14	0
13	15	0
13	16	0
13	17	0
13	18	1
13	19	1
13	20	1
13	21	1
13	22	1
13	23	0
13	24	1
13	25	0
13	26	1
13	27	1
13	28	0
13	29	1
13	30	0
13	31	0
13	32	0
13	33	0
13	34	0
13	35	0
13	36	0
13	37	0
13	38	1
13	39	1
13	40	0
13	41	0
13	42	0
13	43	0
13	44	1
13	45	1
13	46	1
13	47	1
13	48	0
13	49	0
13	50	0
13	51	1
13	52	1
13	53	1
13	54	0
13	55	0
13	56	0
13	57	1
13	58	0
13	59	1
13	60	0
13	61	0
13	62	0
13	63	0
13	64	1
13	65	0
13	66	0
13	67	1
13	68	1
13	69	1
13	70	0
13	71	1
13	72	1
13	73	1
13	74	0
13	75	1
13	76	1
13	77	0
13	78	1
13	79	0
13	80	1
13	81	1
13	82	0
13	83	0
13	84	0
13	85	1
13	86	1
13	87	0
13	88	1
13	89	0
13	90	0
13	91	1
13	92	0
13	93	0
13	94	0
13	95	1
13	96	0
13	97	1
13	98	1
13	99	0
13	100	0
13	101	0
13	102	0
13	103	0
13	104	0
13	105	0
13	106	1
13	107	0
13	108	1
13	109	1
13	110	0
13	111	0
13	112	0
13	113	0
13	114	0
13	115	0
13	116	0
13	117	0
13	118	1
13	119	0
13	120	1
13	121	0
13	122	1
13	123	1
13	124	1
13	125	1
13	126	0
13	127	0
13	128	1
13	129	0
13	130	1
13	131	0
13	132	1
13	133	0
13	134	1
13	135	1
13	136	0
13	137	1
13	138	1
13	139	0
13	140	0
14	15	0
14	16	0
14	17	0
14	18	1
14	19	1
14	20	0
14	21	1
14	22	0
14	23	0
14	24	0
14	25	1
14	26	1
14	27	1
14	28	1
14	29	1
14	30	0
14	31	0
14	32	1
14	33	1
14	34	0
14	35	0
14	36	1
14	37	0
14	38	1
14	39	1
14	40	0
14	41	1
14	42	0
14	43	0
14	44	0
14	45	0
14	46	0
14	47	1
14	48	1
14	49	1
14	50	1
14	51	1
14	52	1
14	53	0
14	54	1
14	55	0
14	56	0
14	57	1
14	58	1
14	59	0
14	60	0
14	61	0
14	62	0
14	63	0
14	64	1
14	65	0
14	66	1
14	67	1
14	68	0
14	69	1
14	70	0
14	71	1
14	72	1
14	73	0
14	74	1
14	75	0
14	76	1
14	77	0
14	78	0
14	79	1
14	80	1
14	81	0
14	82	0
14	83	1
14	84	1
14	85	1
14	86	1
14	87	0
14	88	1
14	89	1
14	90	0
14	91	1
14	92	1
14	93	0
14	94	1
14	95	0
14	96	1
14	97	0
14	98	1
14	99	1
14	100	0
14	101	0
14	102	1
14	103	0
14	104	0
14	105	0
14	106	1
14	107	0
14	108	0
14	109	0
14	110	0
14	111	0
14	112	0
14	113	0
14	114	1
14	115	1
14	116	0
14	117	0
14	118	1
14	119	0
14	120	0
14	121	1
14	122	1
14	123	0
14	124	1
14	125	1
14	126	0
14	127	1
14	128	0
14	129	1
14	130	1
14	131	0
14	132	1
14	133	1
14	134	1
14	135	1
14	136	1
14	137	1
14	138	0
14	139	1
14	140	0
15	16	1
15	17	1
15	18	0
15	19	0
15	20	0
15	21	0
15	22	1
15	23	0
15	24	0
15	25	0
15	26	1
15	27	1
15	28	1
15	29	1
15	30	0
15	31	1
15	32	1
15	33	0
15	34	0
15	35	0
15	36	0
15	37	0
15	38	1
15	39	0
15	40	0
15	41	1
15	42	0
15	43	1
15	44	0
15	45	1
15	46	0
15	47	0
15	48	0
15	49	1
15	50	0
15	51	0
15	52	0
15	53	1
15	54	1
15	55	0
15	56	1
15	57	0
15	58	0
15	59	1
15	60	0
15	61	1
15	62	0
15	63	1
15	64	1
15	65	0
15	66	1
15	67	0
15	68	0
15	69	0
15	70	1
15	71	1
15	72	0
15	73	1
15	74	1
15	75	1
15	76	0
15	77	1
15	78	1
15	79	1
15	80	0
15	81	1
15	82	0
15	83	0
15	84	1
15	85	0
15	86	0
15	87	1
15	88	1
15	89	1
15	90	0
15	91	1
15	92	0
15	93	1
15	94	1
15	95	0
15	96	1
15	97	0
15	98	0
15	99	1
15	100	0
15	101	1
15	102	1
15	103	0
15	104	0
15	105	1
15	106	1
15	107	0
15	108	1
15	109	0
15	110	1
15	111	0
15	112	0
15	113	1
15	114	0
15	115	1
15	116	1
15	117	0
15	118	0
15	119	0
15	120	0
15	121	1
15	122	1
15	123	0
15	124	0
15	125	1
15	126	1
15	127	1
15	128	0
15	129	0
15	130	1
15	131	0
15	132	0
15	133	0
15	134	1
15	135	0
15	136	1
15	137	1
15	138	0
15	139	0
15	140	0
16	17	0
16	18	1
16	19	0
16	20	0
16	21	0
16	22	1
16	23	1
16	24	1
16	25	0
16	26	0
16	27	1
16	28	0
16	29	0
16	30	0
16	31	0
16	32	0
16	33	1
16	34	1
16	35	1
16	36	1
16	37	1
16	38	1
16	39	0
16	40	0
16	41	0
16	42	1
16	43	0
16	44	1
16	45	0
16	46	0
16	47	0
16	48	1
16	49	1
16	50	0
16	51	1
16	52	1
16	53	0
16	54	0
16	55	0
16	56	0
16	57	1
16	58	0
16	59	1
16	60	0
16	61	1
16	62	1
16	63	0
16	64	0
16	65	1
16	66	1
16	67	1
16	68	0
16	69	0
16	70	1
16	71	0
16	72	1
16	73	0
16	74	0
16	75	0
16	76	0
16	77	0
16	78	1
16	79	0
16	80	1
16	81	0
16	82	0
16	83	1
16	84	1
16	85	1
16	86	0
16	87	0
16	88	1
16	89	0
16	90	0
16	91	0
16	92	0
16	93	1
16	94	0
16	95	0
16	96	1
16	97	0
16	98	1
16	99	0
16	100	0
16	101	1
16	102	0
16	103	0
16	104	1
16	105	1
16	106	0
16	107	0
16	108	1
16	109	1
16	110	1
16	111	0
16	112	1
16	113	1
16	114	0
16	115	1
16	116	0
16	117	1
16	118	1
16	119	0
16	120	1
16	121	0
16	122	1
16	123	1
16	124	0
16	125	0
16	126	1
16	127	0
16	128	1
16	129	1
16	130	1
16	131	1
16	132	1
16	133	1
16	134	1
16	135	0
16	136	1
16	137	0
16	138	0
16	139	1
16	140	1
17	18	1
17	19	1
17	20	0
17	21	0
17	22	0
17	23	0
17	24	1
17	25	1
17	26	1
17	27	1
17	28	1
17	29	0
17	30	1
17	31	1
17	32	1
17	33	1
17	34	0
17	35	0
17	36	0
17	37	0
17	38	1
17	39	1
17	40	1
17	41	1
17	42	0
17	43	0
17	44	0
17	45	0
17	46	1
17	47	0
17	48	1
17	49	0
17	50	0
17	51	1
17	52	0
17	53	1
17	54	1
17	55	0
17	56	1
17	57	0
17	58	0
17	59	1
17	60	0
17	61	0
17	62	0
17	63	0
17	64	1
17	65	1
17	66	1
17	67	0
17	68	0
17	69	1
17	70	1
17	71	0
17	72	1
17	73	0
17	74	0
17	75	1
17	76	1
17	77	1
17	78	1
17	79	1
17	80	0
17	81	1
17	82	0
17	83	0
17	84	0
17	85	1
17	86	1
17	87	1
17	88	0
17	89	1
17	90	0
17	91	0
17	92	0
17	93	1
17	94	1
17	95	0
17	96	1
17	97	1
17	98	1
17	99	0
17	100	0
17	101	1
17	102	1
17	103	1
17	104	1
17	105	0
17	106	1
17	107	1
17	108	1
17	109	0
17	110	1
17	111	0
17	112	1
17	113	0
17	114	1
17	115	1
17	116	1
17	117	1
17	118	0
17	119	0
17	120	1
17	121	1
17	122	1
17	123	0
17	124	0
17	125	1
17	126	1
17	127	1
17	128	0
17	129	0
17	130	1
17	131	0
17	132	1
17	133	1
17	134	1
17	135	1
17	136	1
17	137	0
17	138	1
17	139	1
17	140	1
18	19	1
18	20	1
18	21	0
18	22	0
18	23	1
18	24	1
18	25	0
18	26	1
18	27	1
18	28	1
18	29	1
18	30	1
18	31	1
18	32	1
18	33	1
18	34	1
18	35	1
18	36	1
18	37	0
18	38	0
18	39	0
18	40	0
18	41	0
18	42	1
18	43	1
18	44	0
18	45	0
18	46	1
18	47	0
18	48	0
18	49	1
18	50	1
18	51	1
18	52	0
18	53	1
18	54	1
18	55	1
18	56	0
18	57	1
18	58	0
18	59	1
18	60	0
18	61	1
18	62	0
18	63	0
18	64	1
18	65	0
18	66	0
18	67	1
18	68	1
18	69	0
18	70	0
18	71	0
18	72	1
18	73	0
18	74	0
18	75	0
18	76	0
18	77	0
18	78	1
18	79	0
18	80	0
18	81	0
18	82	1
18	83	1
18	84	0
18	85	0
18	86	1
18	87	0
18	88	0
18	89	1
18	90	0
18	91	1
18	92	0
18	93	0
18	94	1
18	95	1
18	96	0
18	97	1
18	98	1
18	99	1
18	100	1
18	101	0
18	102	1
18	103	0
18	104	1
18	105	1
18	106	1
18	107	0
18	108	0
18	109	0
18	110	0
18	111	1
18	112	1
18	113	1
18	114	1
18	115	1
18	116	1
18	117	0
18	118	1
18	119	0
18	120	1
18	121	1
18	122	1
18	123	1
18	124	0
18	125	1
18	126	0
18	127	0
18	128	1
18	129	0
18	130	0
18	131	0
18	132	1
18	133	1
18	134	1
18	135	1
18	136	0
18	137	1
18	138	1
18	139	0
18	140	1
19	20	1
19	21	0
19	22	1
19	23	1
19	24	1
19	25	1
19	26	0
19	27	1
19	28	0
19	29	0
19	30	1
19	31	1
19	32	0
19	33	1
19	34	1
19	35	0
19	36	0
19	37	1
19	38	1
19	39	1
19	40	1
19	41	0
19	42	0
19	43	1
19	44	1
19	45	0
19	46	1
19	47	0
19	48	1
19	49	0
19	50	0
19	51	0
19	52	0
19	53	0
19	54	1
19	55	1
19	56	1
19	57	1
19	58	1
19	59	1
19	60	0
19	61	0
19	62	0
19	63	0
19	64	0
19	65	0
19	66	0
19	67	0
19	68	1
19	69	1
19	70	1
19	71	0
19	72	1
19	73	1
19	74	1
19	75	0
19	76	0
19	77	0
19	78	1
19	79	0
19	80	0
19	81	0
19	82	0
19	83	0
19	84	1
19	85	0
19	86	0
19	87	1
19	88	1
19	89	1
19	90	1
19	91	1
19	92	0
19	93	1
19	94	0
19	95	0
19	96	0
19	97	1
19	98	0
19	99	1
19	100	0
19	101	0
19	102	1
19	103	0
19	104	0
19	105	0
19	106	1
19	107	0
19	108	1
19	109	1
19	110	1
19	111	1
19	112	1
19	113	1
19	114	1
19	115	0
19	116	0
19	117	1
19	118	1
19	119	1
19	120	0
19	121	1
19	122	1
19	123	0
19	124	0
19	125	0
19	126	0
19	127	1
19	128	1
19	129	0
19	130	0
19	131	0
19	132	1
19	133	1
19	134	0
19	135	0
19	136	0
19	137	0
19	138	1
19	139	0
19	140	1
20	21	1
20	22	0
20	23	0
20	24	0
20	25	0
20	26	0
20	27	1
20	28	0
20	29	0
20	30	0
20	31	0
20	32	1
20	33	1
20	34	0
20	35	0
20	36	1
20	37	1
20	38	1
20	39	0
20	40	1
20	41	0
20	42	0
20	43	0
20	44	0
20	45	1
20	46	0
20	47	0
20	48	1
20	49	0
20	50	0
20	51	0
20	52	1
20	53	1
20	54	1
20	55	1
20	56	1
20	57	0
20	58	0
20	59	0
20	60	0
20	61	1
20	62	0
20	63	1
20	64	1
20	65	1
20	66	1
20	67	0
20	68	1
20	69	0
20	70	1
20	71	0
20	72	0
20	73	0
20	74	1
20	75	1
20	76	1
20	77	0
20	78	0
20	79	0
20	80	0
20	81	1
20	82	1
20	83	0
20	84	1
20	85	1
20	86	0
20	87	0
20	88	0
20	89	0
20	90	0
20	91	0
20	92	1
20	93	1
20	94	1
20	95	0
20	96	0
20	97	1
20	98	1
20	99	1
20	100	1
20	101	0
20	102	1
20	103	1
20	104	0
20	105	0
20	106	1
20	107	1
20	108	0
20	109	0
20	110	1
20	111	1
20	112	1
20	113	0
20	114	0
20	115	0
20	116	0
20	117	1
20	118	1
20	119	1
20	120	0
20	121	0
20	122	1
20	123	1
20	124	0
20	125	1
20	126	0
20	127	1
20	128	0
20	129	0
20	130	0
20	131	1
20	132	0
20	133	0
20	134	1
20	135	0
20	136	0
20	137	1
20	138	1
20	139	0
20	140	0
21	22	0
21	23	0
21	24	1
21	25	1
21	26	1
21	27	1
21	28	0
21	29	0
21	30	1
21	31	0
21	32	0
21	33	0
21	34	1
21	35	0
21	36	0
21	37	1
21	38	0
21	39	1
21	40	0
21	41	1
21	42	1
21	43	1
21	44	1
21	45	1
21	46	0
21	47	1
21	48	1
21	49	1
21	50	1
21	51	1
21	52	1
21	53	0
21	54	0
21	55	0
21	56	1
21	57	1
21	58	1
21	59	0
21	60	0
21	61	0
21	62	0
21	63	0
21	64	1
21	65	1
21	66	1
21	67	0
21	68	1
21	69	0
21	70	1
21	71	1
21	72	1
21	73	1
21	74	0
21	75	1
21	76	0
21	77	0
21	78	1
21	79	0
21	80	0
21	81	0
21	82	1
21	83	1
21	84	1
21	85	1
21	86	1
21	87	1
21	88	1
21	89	0
21	90	0
21	91	0
21	92	0
21	93	0
21	94	0
21	95	0
21	96	0
21	97	0
21	98	0
21	99	1
21	100	1
21	101	0
21	102	0
21	103	1
21	104	0
21	105	1
21	106	1
21	107	0
21	108	0
21	109	1
21	110	1
21	111	0
21	112	1
21	113	1
21	114	1
21	115	0
21	116	0
21	117	1
21	118	1
21	119	1
21	120	0
21	121	0
21	122	1
21	123	1
21	124	1
21	125	0
21	126	0
21	127	0
21	128	1
21	129	1
21	130	1
21	131	1
21	132	1
21	133	1
21	134	0
21	135	0
21	136	1
21	137	1
21	138	0
21	139	1
21	140	1
22	23	0
22	24	0
22	25	1
22	26	1
22	27	1
22	28	1
22	29	1
22	30	0
22	31	0
22	32	0
22	33	0
22	34	0
22	35	0
22	36	1
22	37	0
22	38	0
22	39	0
22	40	1
22	41	0
22	42	1
22	43	0
22	44	0
22	45	0
22	46	0
22	47	1
22	48	0
22	49	1
22	50	0
22	51	0
22	52	0
22	53	1
22	54	1
22	55	0
22	56	0
22	57	1
22	58	0
22	59	0
22	60	0
22	61	1
22	62	0
22	63	1
22	64	1
22	65	1
22	66	1
22	67	1
22	68	1
22	69	0
22	70	1
22	71	1
22	72	1
22	73	1
22	74	1
22	75	0
22	76	0
22	77	0
22	78	0
22	79	1
22	80	0
22	81	0
22	82	1
22	83	0
22	84	1
22	85	0
22	86	1
22	87	1
22	88	0
22	89	1
22	90	0
22	91	1
22	92	0
22	93	0
22	94	0
22	95	0
22	96	1
22	97	0
22	98	0
22	99	0
22	100	1
22	101	0
22	102	0
22	103	1
22	104	1
22	105	1
22	106	0
22	107	1
22	108	1
22	109	1
22	110	0
22	111	1
22	112	1
22	113	1
22	114	1
22	115	0
22	116	1
22	117	1
22	118	1
22	119	1
22	120	1
22	121	0
22	122	0
22	123	1
22	124	0
22	125	0
22	126	1
22	127	0
22	128	0
22	129	1
22	130	0
22	131	0
22	132	1
22	133	0
22	134	1
22	135	0
22	136	1
22	137	0
22	138	0
22	139	1
22	140	0
23	24	0
23	25	0
23	26	0
23	27	0
23	28	0
23	29	1
23	30	1
23	31	1
23	32	1
23	33	0
23	34	0
23	35	0
23	36	0
23	37	0
23	38	1
23	39	0
23	40	0
23	41	1
23	42	1
23	43	0
23	44	0
23	45	1
23	46	1
23	47	1
23	48	0
23	49	0
23	50	1
23	51	1
23	52	1
23	53	0
23	54	1
23	55	0
23	56	1
23	57	0
23	58	1
23	59	0
23	60	0
23	61	0
23	62	0
23	63	0
23	64	1
23	65	0
23	66	1
23	67	0
23	68	1
23	69	1
23	70	0
23	71	1
23	72	1
23	73	0
23	74	1
23	75	0
23	76	0
23	77	1
23	78	0
23	79	1
23	80	1
23	81	1
23	82	0
23	83	0
23	84	0
23	85	1
23	86	0
23	87	0
23	88	0
23	89	0
23	90	1
23	91	0
23	92	0
23	93	0
23	94	0
23	95	0
23	96	0
23	97	0
23	98	0
23	99	1
23	100	1
23	101	0
23	102	0
23	103	1
23	104	1
23	105	1
23	106	0
23	107	0
23	108	1
23	109	0
23	110	1
23	111	0
23	112	1
23	113	1
23	114	0
23	115	0
23	116	0
23	117	0
23	118	1
23	119	1
23	120	1
23	121	1
23	122	1
23	123	1
23	124	1
23	125	1
23	126	0
23	127	0
23	128	0
23	129	0
23	130	0
23	131	1
23	132	1
23	133	0
23	134	0
23	135	0
23	136	1
23	137	0
23	138	1
23	139	0
23	140	0
24	25	0
24	26	1
24	27	1
24	28	0
24	29	1
24	30	1
24	31	1
24	32	0
24	33	1
24	34	1
24	35	0
24	36	1
24	37	0
24	38	0
24	39	0
24	40	1
24	41	0
24	42	1
24	43	1
24	44	1
24	45	1
24	46	0
24	47	1
24	48	1
24	49	1
24	50	0
24	51	0
24	52	0
24	53	0
24	54	1
24	55	1
24	56	0
24	57	1
24	58	0
24	59	1
24	60	0
24	61	0
24	62	0
24	63	1
24	64	1
24	65	0
24	66	0
24	67	1
24	68	1
24	69	1
24	70	1
24	71	1
24	72	1
24	73	1
24	74	1
24	75	0
24	76	1
24	77	1
24	78	1
24	79	1
24	80	1
24	81	1
24	82	0
24	83	0
24	84	0
24	85	0
24	86	1
24	87	0
24	88	1
24	89	0
24	90	0
24	91	1
24	92	0
24	93	1
24	94	1
24	95	0
24	96	1
24	97	0
24	98	0
24	99	0
24	100	0
24	101	1
24	102	1
24	103	0
24	104	1
24	105	0
24	106	0
24	107	0
24	108	0
24	109	0
24	110	1
24	111	0
24	112	1
24	113	1
24	114	1
24	115	1
24	116	1
24	117	0
24	118	1
24	119	1
24	120	1
24	121	0
24	122	1
24	123	1
24	124	0
24	125	1
24	126	0
24	127	1
24	128	1
24	129	0
24	130	1
24	131	1
24	132	1
24	133	1
24	134	1
24	135	0
24	136	0
24	137	1
24	138	0
24	139	1
24	140	1
25	26	0
25	27	0
25	28	0
25	29	0
25	30	0
25	31	1
25	32	0
25	33	0
25	34	0
25	35	0
25	36	0
25	37	1
25	38	0
25	39	1
25	40	0
25	41	1
25	42	0
25	43	0
25	44	0
25	45	0
25	46	0
25	47	0
25	48	1
25	49	1
25	50	1
25	51	1
25	52	1
25	53	1
25	54	1
25	55	0
25	56	0
25	57	1
25	58	1
25	59	0
25	60	1
25	61	0
25	62	0
25	63	1
25	64	0
25	65	1
25	66	1
25	67	0
25	68	1
25	69	0
25	70	0
25	71	1
25	72	1
25	73	1
25	74	0
25	75	1
25	76	0
25	77	1
25	78	0
25	79	0
25	80	0
25	81	0
25	82	0
25	83	0
25	84	1
25	85	1
25	86	1
25	87	1
25	88	1
25	89	1
25	90	1
25	91	0
25	92	0
25	93	1
25	94	1
25	95	0
25	96	1
25	97	0
25	98	1
25	99	1
25	100	1
25	101	0
25	102	1
25	103	0
25	104	1
25	105	0
25	106	0
25	107	1
25	108	1
25	109	0
25	110	1
25	111	1
25	112	1
25	113	0
25	114	0
25	115	0
25	116	0
25	117	0
25	118	1
25	119	0
25	120	1
25	121	0
25	122	0
25	123	1
25	124	0
25	125	0
25	126	1
25	127	0
25	128	0
25	129	1
25	130	1
25	131	0
25	132	0
25	133	0
25	134	0
25	135	1
25	136	1
25	137	1
25	138	0
25	139	0
25	140	0
26	27	1
26	28	1
26	29	0
26	30	1
26	31	0
26	32	0
26	33	0
26	34	1
26	35	1
26	36	1
26	37	1
26	38	1
26	39	1
26	40	0
26	41	0
26	42	1
26	43	1
26	44	1
26	45	0
26	46	1
26	47	1
26	48	0
26	49	1
26	50	0
26	51	0
26	52	0
26	53	1
26	54	1
26	55	0
26	56	0
26	57	1
26	58	1
26	59	1
26	60	1
26	61	0
26	62	0
26	63	0
26	64	0
26	65	1
26	66	0
26	67	0
26	68	0
26	69	1
26	70	1
26	71	1
26	72	0
26	73	1
26	74	1
26	75	0
26	76	0
26	77	0
26	78	0
26	79	1
26	80	0
26	81	1
26	82	0
26	83	0
26	84	0
26	85	0
26	86	0
26	87	1
26	88	1
26	89	0
26	90	1
26	91	1
26	92	0
26	93	1
26	94	1
26	95	0
26	96	0
26	97	1
26	98	1
26	99	0
26	100	0
26	101	1
26	102	1
26	103	0
26	104	1
26	105	1
26	106	1
26	107	0
26	108	1
26	109	0
26	110	0
26	111	1
26	112	1
26	113	0
26	114	1
26	115	1
26	116	1
26	117	0
26	118	1
26	119	0
26	120	0
26	121	1
26	122	0
26	123	0
26	124	0
26	125	1
26	126	1
26	127	1
26	128	0
26	129	0
26	130	1
26	131	0
26	132	1
26	133	1
26	134	1
26	135	1
26	136	1
26	137	0
26	138	0
26	139	0
26	140	1
27	28	0
27	29	1
27	30	1
27	31	1
27	32	1
27	33	1
27	34	0
27	35	1
27	36	0
27	37	1
27	38	1
27	39	1
27	40	0
27	41	0
27	42	1
27	43	1
27	44	0
27	45	1
27	46	0
27	47	1
27	48	1
27	49	0
27	50	0
27	51	1
27	52	1
27	53	0
27	54	0
27	55	0
27	56	1
27	57	0
27	58	0
27	59	1
27	60	0
27	61	0
27	62	1
27	63	1
27	64	1
27	65	1
27	66	1
27	67	0
27	68	1
27	69	1
27	70	0
27	71	1
27	72	0
27	73	0
27	74	1
27	75	0
27	76	0
27	77	0
27	78	0
27	79	1
27	80	0
27	81	0
27	82	1
27	83	1
27	84	0
27	85	0
27	86	0
27	87	0
27	88	0
27	89	0
27	90	1
27	91	1
27	92	1
27	93	1
27	94	0
27	95	0
27	96	0
27	97	0
27	98	1
27	99	1
27	100	0
27	101	0
27	102	0
27	103	0
27	104	0
27	105	1
27	106	1
27	107	0
27	108	0
27	109	1
27	110	1
27	111	1
27	112	1
27	113	0
27	114	1
27	115	1
27	116	0
27	117	1
27	118	1
27	119	0
27	120	0
27	121	1
27	122	1
27	123	0
27	124	1
27	125	1
27	126	0
27	127	0
27	128	1
27	129	1
27	130	1
27	131	0
27	132	1
27	133	1
27	134	0
27	135	0
27	136	1
27	137	1
27	138	1
27	139	1
27	140	1
28	29	0
28	30	0
28	31	0
28	32	1
28	33	0
28	34	0
28	35	1
28	36	1
28	37	0
28	38	0
28	39	0
28	40	1
28	41	1
28	42	1
28	43	1
28	44	0
28	45	1
28	46	1
28	47	1
28	48	1
28	49	0
28	50	1
28	51	1
28	52	1
28	53	1
28	54	1
28	55	0
28	56	0
28	57	0
28	58	0
28	59	0
28	60	1
28	61	0
28	62	1
28	63	0
28	64	0
28	65	0
28	66	1
28	67	0
28	68	0
28	69	0
28	70	0
28	71	1
28	72	0
28	73	1
28	74	1
28	75	1
28	76	0
28	77	0
28	78	0
28	79	0
28	80	1
28	81	1
28	82	1
28	83	1
28	84	0
28	85	0
28	86	0
28	87	0
28	88	0
28	89	0
28	90	0
28	91	1
28	92	0
28	93	0
28	94	0
28	95	0
28	96	0
28	97	0
28	98	0
28	99	0
28	100	1
28	101	1
28	102	0
28	103	1
28	104	0
28	105	1
28	106	1
28	107	0
28	108	1
28	109	1
28	110	1
28	111	1
28	112	1
28	113	0
28	114	0
28	115	1
28	116	0
28	117	1
28	118	1
28	119	0
28	120	0
28	121	1
28	122	1
28	123	0
28	124	1
28	125	0
28	126	0
28	127	0
28	128	1
28	129	1
28	130	0
28	131	1
28	132	1
28	133	1
28	134	0
28	135	1
28	136	1
28	137	1
28	138	1
28	139	0
28	140	0
29	30	1
29	31	1
29	32	0
29	33	1
29	34	0
29	35	0
29	36	1
29	37	1
29	38	1
29	39	0
29	40	1
29	41	0
29	42	0
29	43	1
29	44	1
29	45	0
29	46	0
29	47	1
29	48	0
29	49	1
29	50	1
29	51	1
29	52	0
29	53	0
29	54	1
29	55	1
29	56	0
29	57	1
29	58	0
29	59	1
29	60	0
29	61	1
29	62	0
29	63	1
29	64	0
29	65	1
29	66	0
29	67	1
29	68	0
29	69	0
29	70	0
29	71	0
29	72	0
29	73	0
29	74	0
29	75	0
29	76	0
29	77	0
29	78	0
29	79	1
29	80	0
29	81	0
29	82	1
29	83	0
29	84	1
29	85	0
29	86	1
29	87	0
29	88	1
29	89	0
29	90	0
29	91	0
29	92	1
29	93	1
29	94	0
29	95	0
29	96	1
29	97	0
29	98	0
29	99	0
29	100	1
29	101	0
29	102	0
29	103	0
29	104	1
29	105	0
29	106	0
29	107	1
29	108	1
29	109	1
29	110	1
29	111	0
29	112	0
29	113	1
29	114	1
29	115	1
29	116	1
29	117	1
29	118	1
29	119	1
29	120	1
29	121	0
29	122	1
29	123	1
29	124	0
29	125	1
29	126	0
29	127	0
29	128	0
29	129	1
29	130	0
29	131	1
29	132	1
29	133	0
29	134	0
29	135	1
29	136	1
29	137	0
29	138	1
29	139	0
29	140	0
30	31	1
30	32	0
30	33	0
30	34	0
30	35	1
30	36	0
30	37	1
30	38	1
30	39	1
30	40	1
30	41	1
30	42	1
30	43	0
30	44	1
30	45	1
30	46	0
30	47	1
30	48	0
30	49	0
30	50	1
30	51	0
30	52	1
30	53	1
30	54	1
30	55	0
30	56	0
30	57	1
30	58	1
30	59	0
30	60	0
30	61	0
30	62	1
30	63	1
30	64	0
30	65	1
30	66	1
30	67	1
30	68	0
30	69	1
30	70	1
30	71	0
30	72	0
30	73	1
30	74	0
30	75	1
30	76	0
30	77	1
30	78	1
30	79	0
30	80	0
30	81	1
30	82	1
30	83	0
30	84	0
30	85	0
30	86	0
30	87	1
30	88	0
30	89	1
30	90	1
30	91	0
30	92	0
30	93	1
30	94	1
30	95	1
30	96	0
30	97	0
30	98	1
30	99	1
30	100	0
30	101	0
30	102	1
30	103	0
30	104	1
30	105	1
30	106	0
30	107	0
30	108	1
30	109	0
30	110	1
30	111	0
30	112	1
30	113	1
30	114	1
30	115	0
30	116	0
30	117	0
30	118	1
30	119	0
30	120	0
30	121	0
30	122	0
30	123	1
30	124	1
30	125	0
30	126	0
30	127	1
30	128	1
30	129	0
30	130	1
30	131	0
30	132	0
30	133	0
30	134	0
30	135	1
30	136	1
30	137	1
30	138	1
30	139	0
30	140	1
31	32	1
31	33	0
31	34	0
31	35	1
31	36	1
31	37	1
31	38	0
31	39	1
31	40	0
31	41	1
31	42	1
31	43	1
31	44	1
31	45	1
31	46	0
31	47	1
31	48	1
31	49	1
31	50	0
31	51	0
31	52	1
31	53	0
31	54	1
31	55	0
31	56	1
31	57	0
31	58	0
31	59	0
31	60	0
31	61	0
31	62	0
31	63	0
31	64	1
31	65	1
31	66	0
31	67	0
31	68	0
31	69	1
31	70	1
31	71	0
31	72	0
31	73	1
31	74	0
31	75	0
31	76	0
31	77	0
31	78	0
31	79	1
31	80	0
31	81	1
31	82	0
31	83	1
31	84	1
31	85	1
31	86	1
31	87	0
31	88	0
31	89	0
31	90	0
31	91	1
31	92	1
31	93	0
31	94	1
31	95	1
31	96	0
31	97	0
31	98	1
31	99	0
31	100	1
31	101	1
31	102	0
31	103	1
31	104	1
31	105	1
31	106	0
31	107	0
31	108	1
31	109	1
31	110	0
31	111	0
31	112	1
31	113	1
31	114	1
31	115	1
31	116	0
31	117	1
31	118	0
31	119	0
31	120	0
31	121	1
31	122	1
31	123	1
31	124	0
31	125	0
31	126	0
31	127	0
31	128	0
31	129	1
31	130	0
31	131	1
31	132	1
31	133	1
31	134	0
31	135	1
31	136	1
31	137	0
31	138	1
31	139	0
31	140	0
32	33	1
32	34	1
32	35	0
32	36	0
32	37	1
32	38	0
32	39	0
32	40	1
32	41	0
32	42	1
32	43	1
32	44	0
32	45	0
32	46	1
32	47	1
32	48	1
32	49	1
32	50	0
32	51	1
32	52	1
32	53	1
32	54	1
32	55	1
32	56	0
32	57	0
32	58	0
32	59	0
32	60	0
32	61	0
32	62	0
32	63	0
32	64	0
32	65	1
32	66	1
32	67	1
32	68	1
32	69	0
32	70	1
32	71	1
32	72	1
32	73	0
32	74	1
32	75	0
32	76	1
32	77	0
32	78	0
32	79	0
32	80	0
32	81	1
32	82	0
32	83	0
32	84	1
32	85	1
32	86	0
32	87	0
32	88	1
32	89	1
32	90	1
32	91	0
32	92	0
32	93	0
32	94	0
32	95	1
32	96	0
32	97	0
32	98	1
32	99	1
32	100	1
32	101	1
32	102	1
32	103	0
32	104	1
32	105	0
32	106	1
32	107	1
32	108	1
32	109	1
32	110	1
32	111	1
32	112	0
32	113	0
32	114	1
32	115	0
32	116	1
32	117	1
32	118	0
32	119	1
32	120	1
32	121	0
32	122	0
32	123	0
32	124	0
32	125	1
32	126	0
32	127	0
32	128	0
32	129	1
32	130	0
32	131	1
32	132	1
32	133	0
32	134	0
32	135	1
32	136	1
32	137	1
32	138	1
32	139	1
32	140	1
33	34	0
33	35	0
33	36	1
33	37	1
33	38	0
33	39	0
33	40	0
33	41	0
33	42	1
33	43	1
33	44	0
33	45	0
33	46	0
33	47	0
33	48	1
33	49	1
33	50	0
33	51	1
33	52	0
33	53	1
33	54	0
33	55	1
33	56	1
33	57	0
33	58	0
33	59	1
33	60	0
33	61	1
33	62	0
33	63	0
33	64	0
33	65	0
33	66	0
33	67	1
33	68	0
33	69	1
33	70	0
33	71	1
33	72	1
33	73	1
33	74	1
33	75	0
33	76	1
33	77	1
33	78	1
33	79	1
33	80	1
33	81	1
33	82	1
33	83	0
33	84	1
33	85	1
33	86	0
33	87	1
33	88	0
33	89	0
33	90	1
33	91	0
33	92	1
33	93	1
33	94	1
33	95	0
33	96	0
33	97	1
33	98	0
33	99	1
33	100	0
33	101	1
33	102	1
33	103	0
33	104	0
33	105	0
33	106	0
33	107	1
33	108	1
33	109	1
33	110	1
33	111	1
33	112	1
33	113	0
33	114	0
33	115	1
33	116	0
33	117	0
33	118	1
33	119	0
33	120	0
33	121	0
33	122	1
33	123	1
33	124	1
33	125	1
33	126	0
33	127	0
33	128	0
33	129	0
33	130	0
33	131	0
33	132	1
33	133	0
33	134	1
33	135	0
33	136	0
33	137	0
33	138	1
33	139	0
33	140	1
34	35	0
34	36	1
34	37	1
34	38	1
34	39	0
34	40	0
34	41	0
34	42	0
34	43	1
34	44	1
34	45	1
34	46	1
34	47	0
34	48	0
34	49	0
34	50	1
34	51	0
34	52	1
34	53	1
34	54	0
34	55	0
34	56	0
34	57	1
34	58	1
34	59	1
34	60	0
34	61	1
34	62	1
34	63	0
34	64	0
34	65	1
34	66	0
34	67	1
34	68	1
34	69	1
34	70	1
34	71	1
34	72	0
34	73	0
34	74	1
34	75	1
34	76	1
34	77	0
34	78	1
34	79	0
34	80	1
34	81	0
34	82	0
34	83	1
34	84	0
34	85	1
34	86	0
34	87	1
34	88	0
34	89	1
34	90	1
34	91	1
34	92	0
34	93	0
34	94	1
34	95	1
34	96	1
34	97	1
34	98	1
34	99	1
34	100	0
34	101	1
34	102	1
34	103	0
34	104	0
34	105	0
34	106	1
34	107	1
34	108	1
34	109	0
34	110	0
34	111	1
34	112	1
34	113	0
34	114	0
34	115	0
34	116	1
34	117	1
34	118	1
34	119	0
34	120	1
34	121	1
34	122	0
34	123	1
34	124	1
34	125	0
34	126	0
34	127	0
34	128	0
34	129	1
34	130	1
34	131	1
34	132	0
34	133	1
34	134	0
34	135	0
34	136	1
34	137	1
34	138	0
34	139	0
34	140	1
35	36	0
35	37	0
35	38	0
35	39	0
35	40	0
35	41	0
35	42	1
35	43	0
35	44	0
35	45	1
35	46	0
35	47	1
35	48	1
35	49	1
35	50	0
35	51	0
35	52	0
35	53	0
35	54	1
35	55	1
35	56	0
35	57	0
35	58	1
35	59	0
35	60	0
35	61	1
35	62	0
35	63	0
35	64	1
35	65	0
35	66	0
35	67	0
35	68	0
35	69	0
35	70	1
35	71	0
35	72	1
35	73	1
35	74	1
35	75	1
35	76	1
35	77	0
35	78	1
35	79	0
35	80	0
35	81	0
35	82	0
35	83	1
35	84	1
35	85	1
35	86	1
35	87	0
35	88	0
35	89	1
35	90	0
35	91	0
35	92	1
35	93	1
35	94	1
35	95	0
35	96	1
35	97	0
35	98	0
35	99	0
35	100	0
35	101	1
35	102	0
35	103	0
35	104	0
35	105	0
35	106	1
35	107	1
35	108	0
35	109	0
35	110	1
35	111	1
35	112	1
35	113	1
35	114	0
35	115	0
35	116	0
35	117	0
35	118	1
35	119	1
35	120	0
35	121	1
35	122	0
35	123	1
35	124	0
35	125	0
35	126	0
35	127	0
35	128	0
35	129	0
35	130	1
35	131	0
35	132	0
35	133	1
35	134	1
35	135	0
35	136	0
35	137	1
35	138	0
35	139	0
35	140	0
36	37	1
36	38	0
36	39	1
36	40	0
36	41	1
36	42	0
36	43	0
36	44	0
36	45	1
36	46	0
36	47	1
36	48	1
36	49	1
36	50	1
36	51	0
36	52	0
36	53	0
36	54	1
36	55	0
36	56	0
36	57	0
36	58	1
36	59	0
36	60	1
36	61	1
36	62	0
36	63	1
36	64	0
36	65	0
36	66	1
36	67	0
36	68	0
36	69	0
36	70	1
36	71	1
36	72	1
36	73	1
36	74	1
36	75	0
36	76	0
36	77	0
36	78	0
36	79	0
36	80	1
36	81	1
36	82	1
36	83	1
36	84	0
36	85	0
36	86	1
36	87	0
36	88	0
36	89	1
36	90	1
36	91	1
36	92	0
36	93	1
36	94	1
36	95	1
36	96	1
36	97	0
36	98	0
36	99	1
36	100	0
36	101	0
36	102	1
36	103	0
36	104	0
36	105	0
36	106	1
36	107	0
36	108	1
36	109	1
36	110	1
36	111	1
36	112	1
36	113	1
36	114	1
36	115	0
36	116	0
36	117	1
36	118	0
36	119	0
36	120	0
36	121	1
36	122	1
36	123	1
36	124	0
36	125	1
36	126	1
36	127	0
36	128	1
36	129	1
36	130	1
36	131	0
36	132	0
36	133	0
36	134	1
36	135	0
36	136	1
36	137	1
36	138	0
36	139	0
36	140	1
37	38	0
37	39	1
37	40	0
37	41	1
37	42	1
37	43	0
37	44	1
37	45	1
37	46	1
37	47	1
37	48	0
37	49	1
37	50	1
37	51	0
37	52	0
37	53	0
37	54	1
37	55	1
37	56	1
37	57	1
37	58	0
37	59	1
37	60	1
37	61	1
37	62	1
37	63	1
37	64	1
37	65	1
37	66	0
37	67	0
37	68	0
37	69	0
37	70	1
37	71	0
37	72	1
37	73	1
37	74	0
37	75	1
37	76	1
37	77	1
37	78	0
37	79	1
37	80	0
37	81	0
37	82	1
37	83	1
37	84	0
37	85	1
37	86	1
37	87	1
37	88	1
37	89	1
37	90	0
37	91	0
37	92	1
37	93	1
37	94	1
37	95	0
37	96	1
37	97	0
37	98	1
37	99	1
37	100	0
37	101	0
37	102	1
37	103	1
37	104	0
37	105	0
37	106	1
37	107	0
37	108	0
37	109	0
37	110	1
37	111	1
37	112	0
37	113	0
37	114	0
37	115	1
37	116	0
37	117	1
37	118	0
37	119	0
37	120	1
37	121	0
37	122	0
37	123	0
37	124	0
37	125	0
37	126	1
37	127	0
37	128	1
37	129	0
37	130	0
37	131	1
37	132	0
37	133	1
37	134	1
37	135	0
37	136	1
37	137	1
37	138	1
37	139	1
37	140	0
38	39	1
38	40	1
38	41	0
38	42	0
38	43	1
38	44	1
38	45	1
38	46	1
38	47	0
38	48	0
38	49	0
38	50	0
38	51	1
38	52	1
38	53	0
38	54	1
38	55	1
38	56	1
38	57	0
38	58	0
38	59	1
38	60	1
38	61	0
38	62	0
38	63	1
38	64	0
38	65	0
38	66	0
38	67	0
38	68	0
38	69	1
38	70	0
38	71	1
38	72	1
38	73	1
38	74	0
38	75	1
38	76	0
38	77	0
38	78	1
38	79	1
38	80	0
38	81	1
38	82	1
38	83	0
38	84	1
38	85	0
38	86	0
38	87	0
38	88	1
38	89	1
38	90	1
38	91	1
38	92	0
38	93	1
38	94	0
38	95	0
38	96	1
38	97	1
38	98	0
38	99	1
38	100	1
38	101	1
38	102	0
38	103	1
38	104	1
38	105	1
38	106	1
38	107	0
38	108	1
38	109	0
38	110	1
38	111	1
38	112	0
38	113	1
38	114	1
38	115	1
38	116	1
38	117	1
38	118	0
38	119	0
38	120	1
38	121	1
38	122	1
38	123	1
38	124	1
38	125	1
38	126	1
38	127	0
38	128	0
38	129	1
38	130	0
38	131	0
38	132	0
38	133	1
38	134	0
38	135	0
38	136	0
38	137	0
38	138	1
38	139	0
38	140	0
39	40	0
39	41	0
39	42	0
39	43	1
39	44	1
39	45	0
39	46	0
39	47	0
39	48	0
39	49	1
39	50	0
39	51	1
39	52	0
39	53	0
39	54	1
39	55	0
39	56	1
39	57	1
39	58	0
39	59	1
39	60	1
39	61	1
39	62	1
39	63	1
39	64	1
39	65	1
39	66	0
39	67	0
39	68	0
39	69	0
39	70	0
39	71	1
39	72	0
39	73	0
39	74	1
39	75	1
39	76	0
39	77	0
39	78	0
39	79	0
39	80	1
39	81	1
39	82	1
39	83	1
39	84	0
39	85	0
39	86	1
39	87	0
39	88	0
39	89	1
39	90	1
39	91	1
39	92	1
39	93	1
39	94	0
39	95	0
39	96	1
39	97	0
39	98	0
39	99	1
39	100	0
39	101	0
39	102	0
39	103	0
39	104	0
39	105	1
39	106	0
39	107	1
39	108	0
39	109	0
39	110	0
39	111	1
39	112	0
39	113	1
39	114	0
39	115	0
39	116	0
39	117	0
39	118	0
39	119	0
39	120	1
39	121	0
39	122	0
39	123	0
39	124	1
39	125	0
39	126	0
39	127	0
39	128	0
39	129	0
39	130	0
39	131	1
39	132	0
39	133	0
39	134	0
39	135	1
39	136	1
39	137	1
39	138	0
39	139	1
39	140	0
40	41	1
40	42	1
40	43	0
40	44	0
40	45	0
40	46	0
40	47	0
40	48	0
40	49	0
40	50	0
40	51	1
40	52	0
40	53	1
40	54	1
40	55	0
40	56	1
40	57	1
40	58	1
40	59	0
40	60	1
40	61	0
40	62	1
40	63	0
40	64	0
40	65	1
40	66	1
40	67	0
40	68	1
40	69	1
40	70	0
40	71	0
40	72	1
40	73	0
40	74	1
40	75	1
40	76	0
40	77	1
40	78	0
40	79	0
40	80	1
40	81	1
40	82	0
40	83	0
40	84	0
40	85	1
40	86	0
40	87	1
40	88	0
40	89	1
40	90	1
40	91	1
40	92	1
40	93	1
40	94	0
40	95	0
40	96	0
40	97	1
40	98	1
40	99	1
40	100	1
40	101	0
40	102	1
40	103	0
40	104	1
40	105	0
40	106	0
40	107	1
40	108	0
40	109	1
40	110	1
40	111	1
40	112	0
40	113	1
40	114	0
40	115	1
40	116	1
40	117	1
40	118	1
40	119	1
40	120	1
40	121	1
40	122	1
40	123	0
40	124	1
40	125	0
40	126	0
40	127	0
40	128	1
40	129	1
40	130	1
40	131	1
40	132	1
40	133	1
40	134	0
40	135	0
40	136	1
40	137	1
40	138	1
40	139	1
40	140	1
41	42	0
41	43	0
41	44	1
41	45	0
41	46	0
41	47	0
41	48	1
41	49	0
41	50	0
41	51	1
41	52	0
41	53	0
41	54	0
41	55	1
41	56	1
41	57	0
41	58	1
41	59	1
41	60	1
41	61	1
41	62	0
41	63	1
41	64	0
41	65	1
41	66	1
41	67	0
41	68	0
41	69	0
41	70	1
41	71	0
41	72	0
41	73	0
41	74	1
41	75	1
41	76	0
41	77	1
41	78	0
41	79	1
41	80	0
41	81	0
41	82	1
41	83	0
41	84	1
41	85	1
41	86	0
41	87	1
41	88	1
41	89	0
41	90	1
41	91	1
41	92	1
41	93	1
41	94	1
41	95	0
41	96	0
41	97	0
41	98	1
41	99	1
41	100	0
41	101	0
41	102	1
41	103	0
41	104	0
41	105	1
41	106	1
41	107	1
41	108	0
41	109	1
41	110	0
41	111	0
41	112	0
41	113	0
41	114	0
41	115	0
41	116	1
41	117	1
41	118	1
41	119	0
41	120	0
41	121	1
41	122	0
41	123	1
41	124	1
41	125	0
41	126	0
41	127	1
41	128	1
41	129	1
41	130	0
41	131	0
41	132	0
41	133	0
41	134	1
41	135	0
41	136	1
41	137	1
41	138	1
41	139	1
41	140	1
42	43	1
42	44	0
42	45	1
42	46	1
42	47	0
42	48	1
42	49	0
42	50	0
42	51	1
42	52	1
42	53	1
42	54	0
42	55	0
42	56	0
42	57	0
42	58	1
42	59	0
42	60	0
42	61	1
42	62	1
42	63	1
42	64	1
42	65	1
42	66	1
42	67	1
42	68	0
42	69	1
42	70	1
42	71	1
42	72	1
42	73	0
42	74	1
42	75	0
42	76	1
42	77	0
42	78	0
42	79	1
42	80	0
42	81	0
42	82	1
42	83	1
42	84	1
42	85	1
42	86	0
42	87	0
42	88	1
42	89	0
42	90	0
42	91	1
42	92	1
42	93	0
42	94	0
42	95	0
42	96	1
42	97	1
42	98	1
42	99	0
42	100	0
42	101	0
42	102	0
42	103	0
42	104	1
42	105	0
42	106	0
42	107	0
42	108	1
42	109	0
42	110	1
42	111	0
42	112	1
42	113	1
42	114	0
42	115	0
42	116	1
42	117	0
42	118	0
42	119	0
42	120	0
42	121	0
42	122	1
42	123	0
42	124	0
42	125	1
42	126	1
42	127	1
42	128	1
42	129	1
42	130	1
42	131	0
42	132	0
42	133	1
42	134	0
42	135	1
42	136	1
42	137	1
42	138	0
42	139	0
42	140	0
43	44	1
43	45	1
43	46	1
43	47	1
43	48	1
43	49	0
43	50	1
43	51	1
43	52	0
43	53	1
43	54	1
43	55	1
43	56	1
43	57	1
43	58	1
43	59	1
43	60	0
43	61	0
43	62	0
43	63	0
43	64	0
43	65	1
43	66	0
43	67	0
43	68	0
43	69	1
43	70	1
43	71	1
43	72	0
43	73	0
43	74	0
43	75	1
43	76	1
43	77	1
43	78	0
43	79	0
43	80	1
43	81	0
43	82	1
43	83	0
43	84	0
43	85	1
43	86	1
43	87	0
43	88	0
43	89	1
43	90	0
43	91	0
43	92	1
43	93	0
43	94	1
43	95	0
43	96	1
43	97	1
43	98	0
43	99	1
43	100	0
43	101	1
43	102	0
43	103	1
43	104	1
43	105	1
43	106	0
43	107	0
43	108	0
43	109	0
43	110	0
43	111	1
43	112	1
43	113	0
43	114	0
43	115	1
43	116	0
43	117	1
43	118	1
43	119	1
43	120	0
43	121	1
43	122	1
43	123	0
43	124	1
43	125	1
43	126	0
43	127	0
43	128	1
43	129	1
43	130	1
43	131	1
43	132	0
43	133	1
43	134	1
43	135	1
43	136	1
43	137	1
43	138	1
43	139	1
43	140	1
44	45	1
44	46	1
44	47	0
44	48	1
44	49	0
44	50	1
44	51	0
44	52	1
44	53	1
44	54	1
44	55	0
44	56	0
44	57	0
44	58	1
44	59	0
44	60	0
44	61	1
44	62	0
44	63	0
44	64	0
44	65	0
44	66	1
44	67	1
44	68	1
44	69	1
44	70	1
44	71	0
44	72	1
44	73	1
44	74	1
44	75	1
44	76	0
44	77	1
44	78	1
44	79	0
44	80	0
44	81	0
44	82	1
44	83	1
44	84	0
44	85	0
44	86	1
44	87	0
44	88	1
44	89	1
44	90	0
44	91	0
44	92	0
44	93	0
44	94	0
44	95	0
44	96	1
44	97	0
44	98	0
44	99	0
44	100	1
44	101	0
44	102	0
44	103	1
44	104	1
44	105	1
44	106	1
44	107	0
44	108	0
44	109	1
44	110	0
44	111	1
44	112	1
44	113	1
44	114	1
44	115	1
44	116	0
44	117	1
44	118	0
44	119	1
44	120	1
44	121	0
44	122	0
44	123	0
44	124	0
44	125	0
44	126	0
44	127	0
44	128	0
44	129	1
44	130	1
44	131	1
44	132	0
44	133	0
44	134	1
44	135	1
44	136	0
44	137	0
44	138	1
44	139	0
44	140	1
45	46	1
45	47	1
45	48	1
45	49	0
45	50	1
45	51	1
45	52	0
45	53	1
45	54	0
45	55	1
45	56	1
45	57	0
45	58	1
45	59	1
45	60	0
45	61	0
45	62	0
45	63	0
45	64	0
45	65	0
45	66	0
45	67	1
45	68	1
45	69	0
45	70	1
45	71	1
45	72	0
45	73	0
45	74	1
45	75	0
45	76	0
45	77	1
45	78	1
45	79	0
45	80	1
45	81	1
45	82	1
45	83	0
45	84	0
45	85	1
45	86	1
45	87	1
45	88	0
45	89	0
45	90	1
45	91	1
45	92	1
45	93	0
45	94	0
45	95	1
45	96	1
45	97	1
45	98	0
45	99	1
45	100	0
45	101	1
45	102	0
45	103	1
45	104	0
45	105	1
45	106	1
45	107	0
45	108	1
45	109	1
45	110	0
45	111	1
45	112	0
45	113	1
45	114	0
45	115	0
45	116	1
45	117	1
45	118	1
45	119	0
45	120	0
45	121	1
45	122	1
45	123	0
45	124	0
45	125	0
45	126	0
45	127	1
45	128	0
45	129	0
45	130	1
45	131	1
45	132	0
45	133	0
45	134	1
45	135	0
45	136	0
45	137	0
45	138	1
45	139	1
45	140	1
46	47	1
46	48	1
46	49	1
46	50	1
46	51	0
46	52	1
46	53	1
46	54	0
46	55	0
46	56	0
46	57	0
46	58	1
46	59	0
46	60	0
46	61	1
46	62	1
46	63	0
46	64	1
46	65	0
46	66	1
46	67	0
46	68	0
46	69	1
46	70	1
46	71	1
46	72	0
46	73	0
46	74	1
46	75	1
46	76	1
46	77	1
46	78	0
46	79	0
46	80	0
46	81	1
46	82	1
46	83	1
46	84	1
46	85	1
46	86	1
46	87	1
46	88	1
46	89	1
46	90	0
46	91	0
46	92	0
46	93	1
46	94	1
46	95	1
46	96	1
46	97	0
46	98	0
46	99	0
46	100	0
46	101	1
46	102	0
46	103	0
46	104	0
46	105	0
46	106	1
46	107	0
46	108	1
46	109	0
46	110	1
46	111	0
46	112	0
46	113	1
46	114	1
46	115	0
46	116	1
46	117	1
46	118	1
46	119	0
46	120	1
46	121	1
46	122	0
46	123	1
46	124	1
46	125	0
46	126	1
46	127	0
46	128	1
46	129	1
46	130	1
46	131	0
46	132	1
46	133	0
46	134	1
46	135	1
46	136	0
46	137	0
46	138	1
46	139	1
46	140	0
47	48	0
47	49	1
47	50	1
47	51	1
47	52	0
47	53	0
47	54	1
47	55	0
47	56	0
47	57	0
47	58	1
47	59	0
47	60	0
47	61	1
47	62	0
47	63	1
47	64	0
47	65	1
47	66	0
47	67	0
47	68	0
47	69	1
47	70	1
47	71	1
47	72	1
47	73	1
47	74	0
47	75	0
47	76	0
47	77	1
47	78	1
47	79	1
47	80	0
47	81	0
47	82	1
47	83	1
47	84	1
47	85	1
47	86	0
47	87	1
47	88	0
47	89	1
47	90	0
47	91	0
47	92	0
47	93	1
47	94	0
47	95	1
47	96	0
47	97	1
47	98	1
47	99	0
47	100	1
47	101	1
47	102	0
47	103	1
47	104	1
47	105	1
47	106	1
47	107	1
47	108	1
47	109	0
47	110	0
47	111	1
47	112	1
47	113	0
47	114	0
47	115	1
47	116	1
47	117	0
47	118	0
47	119	1
47	120	0
47	121	1
47	122	0
47	123	0
47	124	1
47	125	1
47	126	0
47	127	0
47	128	0
47	129	0
47	130	1
47	131	0
47	132	0
47	133	0
47	134	0
47	135	1
47	136	0
47	137	0
47	138	1
47	139	1
47	140	1
48	49	0
48	50	1
48	51	0
48	52	0
48	53	0
48	54	1
48	55	0
48	56	0
48	57	1
48	58	0
48	59	1
48	60	1
48	61	1
48	62	0
48	63	1
48	64	0
48	65	0
48	66	0
48	67	0
48	68	1
48	69	0
48	70	0
48	71	1
48	72	1
48	73	1
48	74	1
48	75	0
48	76	0
48	77	0
48	78	0
48	79	0
48	80	1
48	81	1
48	82	1
48	83	1
48	84	1
48	85	1
48	86	1
48	87	1
48	88	1
48	89	1
48	90	1
48	91	1
48	92	0
48	93	1
48	94	0
48	95	1
48	96	1
48	97	0
48	98	1
48	99	0
48	100	0
48	101	1
48	102	1
48	103	1
48	104	0
48	105	0
48	106	0
48	107	0
48	108	0
48	109	1
48	110	1
48	111	0
48	112	1
48	113	0
48	114	1
48	115	1
48	116	0
48	117	0
48	118	0
48	119	0
48	120	0
48	121	1
48	122	1
48	123	1
48	124	0
48	125	0
48	126	1
48	127	1
48	128	1
48	129	0
48	130	1
48	131	0
48	132	0
48	133	0
48	134	0
48	135	1
48	136	1
48	137	1
48	138	0
48	139	1
48	140	0
49	50	0
49	51	0
49	52	1
49	53	0
49	54	0
49	55	0
49	56	0
49	57	1
49	58	0
49	59	1
49	60	1
49	61	0
49	62	1
49	63	1
49	64	1
49	65	0
49	66	1
49	67	0
49	68	0
49	69	0
49	70	0
49	71	1
49	72	1
49	73	0
49	74	0
49	75	0
49	76	1
49	77	1
49	78	0
49	79	0
49	80	0
49	81	0
49	82	0
49	83	0
49	84	1
49	85	0
49	86	0
49	87	1
49	88	1
49	89	1
49	90	1
49	91	1
49	92	1
49	93	1
49	94	1
49	95	1
49	96	0
49	97	1
49	98	1
49	99	1
49	100	1
49	101	1
49	102	1
49	103	0
49	104	1
49	105	1
49	106	1
49	107	0
49	108	1
49	109	1
49	110	1
49	111	1
49	112	0
49	113	0
49	114	1
49	115	1
49	116	0
49	117	0
49	118	0
49	119	1
49	120	1
49	121	0
49	122	0
49	123	1
49	124	0
49	125	0
49	126	0
49	127	0
49	128	0
49	129	1
49	130	0
49	131	0
49	132	0
49	133	0
49	134	0
49	135	0
49	136	1
49	137	0
49	138	0
49	139	0
49	140	1
50	51	0
50	52	1
50	53	0
50	54	1
50	55	0
50	56	1
50	57	1
50	58	1
50	59	0
50	60	0
50	61	1
50	62	1
50	63	0
50	64	0
50	65	1
50	66	0
50	67	1
50	68	1
50	69	0
50	70	0
50	71	0
50	72	0
50	73	0
50	74	0
50	75	0
50	76	0
50	77	1
50	78	0
50	79	0
50	80	0
50	81	1
50	82	1
50	83	0
50	84	0
50	85	1
50	86	1
50	87	1
50	88	0
50	89	0
50	90	0
50	91	1
50	92	0
50	93	1
50	94	0
50	95	1
50	96	0
50	97	0
50	98	1
50	99	0
50	100	0
50	101	1
50	102	0
50	103	1
50	104	1
50	105	0
50	106	0
50	107	0
50	108	0
50	109	0
50	110	0
50	111	0
50	112	0
50	113	1
50	114	1
50	115	0
50	116	0
50	117	1
50	118	1
50	119	1
50	120	0
50	121	0
50	122	0
50	123	1
50	124	1
50	125	1
50	126	0
50	127	0
50	128	0
50	129	0
50	130	0
50	131	0
50	132	0
50	133	1
50	134	0
50	135	1
50	136	1
50	137	1
50	138	1
50	139	1
50	140	1
51	52	1
51	53	0
51	54	0
51	55	1
51	56	1
51	57	0
51	58	0
51	59	1
51	60	1
51	61	1
51	62	0
51	63	0
51	64	0
51	65	0
51	66	0
51	67	0
51	68	0
51	69	0
51	70	1
51	71	0
51	72	1
51	73	1
51	74	0
51	75	0
51	76	1
51	77	1
51	78	0
51	79	0
51	80	1
51	81	1
51	82	0
51	83	0
51	84	1
51	85	1
51	86	1
51	87	0
51	88	1
51	89	0
51	90	0
51	91	0
51	92	1
51	93	0
51	94	1
51	95	0
51	96	0
51	97	1
51	98	0
51	99	0
51	100	0
51	101	1
51	102	0
51	103	1
51	104	0
51	105	0
51	106	1
51	107	0
51	108	0
51	109	0
51	110	0
51	111	0
51	112	1
51	113	0
51	114	1
51	115	0
51	116	0
51	117	0
51	118	1
51	119	0
51	120	0
51	121	1
51	122	1
51	123	1
51	124	0
51	125	0
51	126	1
51	127	1
51	128	0
51	129	1
51	130	0
51	131	0
51	132	1
51	133	1
51	134	1
51	135	1
51	136	1
51	137	1
51	138	1
51	139	1
51	140	1
52	53	0
52	54	0
52	55	1
52	56	1
52	57	0
52	58	0
52	59	0
52	60	0
52	61	0
52	62	1
52	63	0
52	64	1
52	65	0
52	66	1
52	67	1
52	68	0
52	69	1
52	70	0
52	71	1
52	72	1
52	73	1
52	74	0
52	75	1
52	76	1
52	77	0
52	78	0
52	79	1
52	80	0
52	81	1
52	82	1
52	83	0
52	84	0
52	85	1
52	86	1
52	87	1
52	88	1
52	89	1
52	90	1
52	91	0
52	92	0
52	93	0
52	94	1
52	95	1
52	96	0
52	97	0
52	98	1
52	99	0
52	100	1
52	101	1
52	102	1
52	103	1
52	104	1
52	105	1
52	106	1
52	107	1
52	108	1
52	109	1
52	110	0
52	111	0
52	112	0
52	113	0
52	114	0
52	115	0
52	116	1
52	117	1
52	118	0
52	119	1
52	120	1
52	121	0
52	122	0
52	123	1
52	124	1
52	125	0
52	126	0
52	127	0
52	128	1
52	129	1
52	130	0
52	131	0
52	132	1
52	133	0
52	134	0
52	135	0
52	136	1
52	137	1
52	138	0
52	139	0
52	140	0
53	54	1
53	55	0
53	56	0
53	57	1
53	58	1
53	59	1
53	60	0
53	61	1
53	62	1
53	63	0
53	64	1
53	65	0
53	66	1
53	67	0
53	68	0
53	69	1
53	70	1
53	71	1
53	72	1
53	73	0
53	74	1
53	75	0
53	76	1
53	77	1
53	78	1
53	79	0
53	80	1
53	81	0
53	82	0
53	83	1
53	84	0
53	85	0
53	86	1
53	87	1
53	88	0
53	89	0
53	90	0
53	91	0
53	92	1
53	93	1
53	94	1
53	95	0
53	96	0
53	97	0
53	98	0
53	99	1
53	100	0
53	101	0
53	102	0
53	103	1
53	104	0
53	105	1
53	106	1
53	107	0
53	108	1
53	109	1
53	110	0
53	111	0
53	112	1
53	113	0
53	114	0
53	115	0
53	116	0
53	117	0
53	118	1
53	119	1
53	120	0
53	121	1
53	122	0
53	123	1
53	124	1
53	125	0
53	126	0
53	127	1
53	128	0
53	129	1
53	130	0
53	131	0
53	132	1
53	133	0
53	134	1
53	135	0
53	136	1
53	137	1
53	138	0
53	139	1
53	140	0
54	55	1
54	56	0
54	57	0
54	58	1
54	59	1
54	60	1
54	61	0
54	62	1
54	63	0
54	64	1
54	65	1
54	66	0
54	67	0
54	68	0
54	69	0
54	70	0
54	71	1
54	72	1
54	73	1
54	74	0
54	75	1
54	76	0
54	77	0
54	78	1
54	79	0
54	80	1
54	81	0
54	82	1
54	83	1
54	84	1
54	85	0
54	86	1
54	87	1
54	88	1
54	89	0
54	90	0
54	91	0
54	92	1
54	93	1
54	94	0
54	95	1
54	96	0
54	97	1
54	98	0
54	99	0
54	100	0
54	101	0
54	102	0
54	103	1
54	104	0
54	105	1
54	106	0
54	107	0
54	108	0
54	109	1
54	110	0
54	111	1
54	112	1
54	113	1
54	114	1
54	115	0
54	116	1
54	117	0
54	118	0
54	119	1
54	120	0
54	121	1
54	122	1
54	123	1
54	124	1
54	125	1
54	126	0
54	127	0
54	128	0
54	129	1
54	130	0
54	131	1
54	132	1
54	133	1
54	134	1
54	135	1
54	136	0
54	137	1
54	138	0
54	139	1
54	140	0
55	56	1
55	57	0
55	58	1
55	59	0
55	60	0
55	61	1
55	62	1
55	63	1
55	64	0
55	65	1
55	66	1
55	67	1
55	68	1
55	69	1
55	70	0
55	71	0
55	72	1
55	73	1
55	74	0
55	75	1
55	76	0
55	77	1
55	78	0
55	79	0
55	80	0
55	81	0
55	82	0
55	83	0
55	84	0
55	85	1
55	86	1
55	87	1
55	88	1
55	89	1
55	90	0
55	91	1
55	92	1
55	93	1
55	94	0
55	95	1
55	96	1
55	97	1
55	98	1
55	99	0
55	100	0
55	101	0
55	102	1
55	103	1
55	104	0
55	105	0
55	106	0
55	107	0
55	108	0
55	109	1
55	110	1
55	111	1
55	112	1
55	113	0
55	114	0
55	115	0
55	116	1
55	117	0
55	118	1
55	119	1
55	120	1
55	121	0
55	122	1
55	123	1
55	124	0
55	125	1
55	126	0
55	127	0
55	128	1
55	129	0
55	130	1
55	131	1
55	132	1
55	133	1
55	134	0
55	135	1
55	136	1
55	137	0
55	138	0
55	139	0
55	140	0
56	57	1
56	58	0
56	59	0
56	60	0
56	61	0
56	62	0
56	63	1
56	64	0
56	65	0
56	66	1
56	67	0
56	68	0
56	69	1
56	70	0
56	71	1
56	72	1
56	73	0
56	74	0
56	75	1
56	76	1
56	77	0
56	78	1
56	79	0
56	80	1
56	81	0
56	82	1
56	83	0
56	84	1
56	85	0
56	86	0
56	87	0
56	88	1
56	89	1
56	90	0
56	91	1
56	92	1
56	93	1
56	94	1
56	95	1
56	96	0
56	97	0
56	98	1
56	99	1
56	100	0
56	101	1
56	102	1
56	103	1
56	104	1
56	105	0
56	106	0
56	107	1
56	108	0
56	109	0
56	110	0
56	111	0
56	112	0
56	113	1
56	114	0
56	115	0
56	116	0
56	117	1
56	118	0
56	119	1
56	120	1
56	121	1
56	122	0
56	123	1
56	124	0
56	125	0
56	126	1
56	127	1
56	128	1
56	129	1
56	130	0
56	131	0
56	132	1
56	133	0
56	134	1
56	135	1
56	136	1
56	137	1
56	138	1
56	139	0
56	140	0
57	58	0
57	59	1
57	60	1
57	61	0
57	62	1
57	63	1
57	64	1
57	65	0
57	66	1
57	67	0
57	68	0
57	69	0
57	70	0
57	71	1
57	72	1
57	73	1
57	74	0
57	75	0
57	76	0
57	77	0
57	78	0
57	79	1
57	80	1
57	81	0
57	82	0
57	83	0
57	84	1
57	85	1
57	86	1
57	87	1
57	88	1
57	89	1
57	90	0
57	91	1
57	92	1
57	93	0
57	94	1
57	95	0
57	96	1
57	97	0
57	98	0
57	99	0
57	100	0
57	101	0
57	102	0
57	103	1
57	104	1
57	105	0
57	106	1
57	107	1
57	108	1
57	109	0
57	110	0
57	111	0
57	112	0
57	113	1
57	114	1
57	115	0
57	116	1
57	117	0
57	118	1
57	119	0
57	120	0
57	121	0
57	122	1
57	123	1
57	124	1
57	125	0
57	126	1
57	127	1
57	128	0
57	129	0
57	130	1
57	131	0
57	132	0
57	133	0
57	134	1
57	135	1
57	136	1
57	137	1
57	138	1
57	139	0
57	140	1
58	59	1
58	60	0
58	61	0
58	62	0
58	63	1
58	64	0
58	65	0
58	66	0
58	67	1
58	68	0
58	69	0
58	70	1
58	71	0
58	72	1
58	73	1
58	74	1
58	75	1
58	76	0
58	77	1
58	78	1
58	79	1
58	80	0
58	81	0
58	82	1
58	83	0
58	84	0
58	85	0
58	86	1
58	87	1
58	88	1
58	89	1
58	90	0
58	91	1
58	92	1
58	93	1
58	94	1
58	95	1
58	96	0
58	97	0
58	98	0
58	99	1
58	100	0
58	101	1
58	102	1
58	103	0
58	104	1
58	105	1
58	106	1
58	107	1
58	108	0
58	109	1
58	110	0
58	111	1
58	112	0
58	113	0
58	114	1
58	115	0
58	116	0
58	117	1
58	118	0
58	119	1
58	120	1
58	121	1
58	122	1
58	123	1
58	124	1
58	125	0
58	126	1
58	127	0
58	128	1
58	129	0
58	130	1
58	131	0
58	132	1
58	133	1
58	134	0
58	135	0
58	136	1
58	137	0
58	138	1
58	139	0
58	140	1
59	60	1
59	61	1
59	62	1
59	63	1
59	64	0
59	65	1
59	66	1
59	67	0
59	68	1
59	69	0
59	70	0
59	71	0
59	72	0
59	73	0
59	74	0
59	75	0
59	76	1
59	77	0
59	78	0
59	79	1
59	80	0
59	81	0
59	82	0
59	83	0
59	84	1
59	85	0
59	86	1
59	87	0
59	88	0
59	89	1
59	90	0
59	91	0
59	92	1
59	93	0
59	94	0
59	95	1
59	96	0
59	97	0
59	98	0
59	99	1
59	100	0
59	101	1
59	102	1
59	103	1
59	104	0
59	105	0
59	106	0
59	107	0
59	108	0
59	109	1
59	110	1
59	111	0
59	112	1
59	113	1
59	114	1
59	115	0
59	116	1
59	117	1
59	118	1
59	119	0
59	120	1
59	121	0
59	122	0
59	123	1
59	124	1
59	125	0
59	126	0
59	127	0
59	128	0
59	129	0
59	130	0
59	131	0
59	132	1
59	133	1
59	134	1
59	135	0
59	136	0
59	137	0
59	138	1
59	139	0
59	140	0
60	61	1
60	62	1
60	63	1
60	64	1
60	65	1
60	66	0
60	67	1
60	68	0
60	69	0
60	70	0
60	71	1
60	72	1
60	73	1
60	74	1
60	75	1
60	76	1
60	77	0
60	78	0
60	79	0
60	80	1
60	81	0
60	82	1
60	83	0
60	84	0
60	85	1
60	86	0
60	87	1
60	88	1
60	89	0
60	90	1
60	91	0
60	92	0
60	93	1
60	94	0
60	95	1
60	96	1
60	97	1
60	98	1
60	99	0
60	100	0
60	101	1
60	102	0
60	103	0
60	104	0
60	105	1
60	106	0
60	107	0
60	108	1
60	109	0
60	110	0
60	111	1
60	112	0
60	113	0
60	114	0
60	115	1
60	116	1
60	117	1
60	118	1
60	119	0
60	120	0
60	121	1
60	122	0
60	123	1
60	124	0
60	125	1
60	126	0
60	127	0
60	128	0
60	129	1
60	130	0
60	131	0
60	132	0
60	133	0
60	134	1
60	135	0
60	136	0
60	137	1
60	138	1
60	139	1
60	140	1
61	62	1
61	63	1
61	64	1
61	65	1
61	66	0
61	67	0
61	68	1
61	69	0
61	70	0
61	71	1
61	72	1
61	73	0
61	74	1
61	75	1
61	76	1
61	77	0
61	78	1
61	79	1
61	80	1
61	81	1
61	82	1
61	83	0
61	84	0
61	85	0
61	86	0
61	87	0
61	88	1
61	89	1
61	90	1
61	91	1
61	92	0
61	93	0
61	94	0
61	95	1
61	96	0
61	97	0
61	98	1
61	99	0
61	100	1
61	101	1
61	102	0
61	103	1
61	104	1
61	105	1
61	106	1
61	107	1
61	108	1
61	109	0
61	110	1
61	111	0
61	112	1
61	113	0
61	114	1
61	115	1
61	116	1
61	117	0
61	118	1
61	119	0
61	120	1
61	121	0
61	122	1
61	123	1
61	124	1
61	125	1
61	126	1
61	127	1
61	128	0
61	129	1
61	130	1
61	131	1
61	132	0
61	133	0
61	134	0
61	135	0
61	136	1
61	137	1
61	138	0
61	139	0
61	140	1
62	63	0
62	64	0
62	65	0
62	66	0
62	67	1
62	68	1
62	69	0
62	70	1
62	71	0
62	72	1
62	73	0
62	74	1
62	75	0
62	76	0
62	77	1
62	78	0
62	79	0
62	80	0
62	81	0
62	82	0
62	83	0
62	84	0
62	85	1
62	86	0
62	87	0
62	88	0
62	89	0
62	90	0
62	91	0
62	92	0
62	93	0
62	94	0
62	95	0
62	96	1
62	97	0
62	98	1
62	99	1
62	100	1
62	101	1
62	102	1
62	103	0
62	104	0
62	105	1
62	106	1
62	107	1
62	108	1
62	109	1
62	110	0
62	111	0
62	112	0
62	113	0
62	114	0
62	115	1
62	116	1
62	117	0
62	118	0
62	119	0
62	120	0
62	121	0
62	122	1
62	123	0
62	124	0
62	125	0
62	126	0
62	127	1
62	128	1
62	129	1
62	130	0
62	131	1
62	132	0
62	133	0
62	134	1
62	135	0
62	136	1
62	137	1
62	138	1
62	139	1
62	140	1
63	64	0
63	65	0
63	66	0
63	67	1
63	68	1
63	69	1
63	70	0
63	71	0
63	72	1
63	73	0
63	74	0
63	75	1
63	76	0
63	77	0
63	78	0
63	79	0
63	80	1
63	81	1
63	82	1
63	83	0
63	84	0
63	85	1
63	86	1
63	87	0
63	88	0
63	89	1
63	90	1
63	91	0
63	92	0
63	93	0
63	94	0
63	95	0
63	96	1
63	97	0
63	98	1
63	99	0
63	100	0
63	101	1
63	102	1
63	103	0
63	104	1
63	105	1
63	106	1
63	107	0
63	108	1
63	109	1
63	110	1
63	111	1
63	112	0
63	113	0
63	114	1
63	115	0
63	116	0
63	117	1
63	118	1
63	119	0
63	120	1
63	121	0
63	122	1
63	123	1
63	124	1
63	125	1
63	126	0
63	127	1
63	128	1
63	129	1
63	130	0
63	131	1
63	132	0
63	133	1
63	134	1
63	135	1
63	136	0
63	137	1
63	138	0
63	139	1
63	140	0
64	65	1
64	66	0
64	67	0
64	68	1
64	69	0
64	70	1
64	71	0
64	72	0
64	73	1
64	74	1
64	75	1
64	76	1
64	77	1
64	78	0
64	79	0
64	80	1
64	81	1
64	82	0
64	83	0
64	84	1
64	85	1
64	86	0
64	87	1
64	88	0
64	89	1
64	90	1
64	91	0
64	92	1
64	93	0
64	94	1
64	95	0
64	96	0
64	97	0
64	98	1
64	99	0
64	100	1
64	101	0
64	102	1
64	103	0
64	104	0
64	105	0
64	106	1
64	107	0
64	108	1
64	109	0
64	110	0
64	111	1
64	112	1
64	113	0
64	114	0
64	115	0
64	116	0
64	117	1
64	118	1
64	119	0
64	120	1
64	121	0
64	122	1
64	123	1
64	124	0
64	125	1
64	126	1
64	127	0
64	128	1
64	129	0
64	130	1
64	131	0
64	132	1
64	133	0
64	134	1
64	135	1
64	136	1
64	137	1
64	138	0
64	139	1
64	140	0
65	66	1
65	67	0
65	68	1
65	69	0
65	70	0
65	71	0
65	72	1
65	73	1
65	74	1
65	75	0
65	76	1
65	77	0
65	78	1
65	79	1
65	80	0
65	81	0
65	82	0
65	83	1
65	84	1
65	85	0
65	86	1
65	87	1
65	88	1
65	89	0
65	90	0
65	91	0
65	92	0
65	93	0
65	94	0
65	95	1
65	96	0
65	97	0
65	98	1
65	99	0
65	100	0
65	101	1
65	102	1
65	103	0
65	104	0
65	105	1
65	106	1
65	107	1
65	108	1
65	109	1
65	110	0
65	111	0
65	112	1
65	113	0
65	114	0
65	115	1
65	116	0
65	117	1
65	118	0
65	119	1
65	120	1
65	121	1
65	122	0
65	123	1
65	124	0
65	125	1
65	126	0
65	127	1
65	128	0
65	129	0
65	130	1
65	131	0
65	132	0
65	133	0
65	134	0
65	135	0
65	136	0
65	137	1
65	138	0
65	139	0
65	140	1
66	67	0
66	68	0
66	69	1
66	70	0
66	71	1
66	72	0
66	73	0
66	74	1
66	75	0
66	76	0
66	77	1
66	78	0
66	79	1
66	80	0
66	81	0
66	82	0
66	83	0
66	84	1
66	85	1
66	86	0
66	87	0
66	88	0
66	89	1
66	90	1
66	91	0
66	92	1
66	93	1
66	94	0
66	95	1
66	96	1
66	97	0
66	98	1
66	99	1
66	100	0
66	101	1
66	102	1
66	103	0
66	104	1
66	105	1
66	106	0
66	107	1
66	108	0
66	109	1
66	110	1
66	111	1
66	112	1
66	113	1
66	114	1
66	115	0
66	116	1
66	117	1
66	118	0
66	119	1
66	120	1
66	121	1
66	122	0
66	123	1
66	124	1
66	125	1
66	126	0
66	127	0
66	128	1
66	129	0
66	130	0
66	131	1
66	132	1
66	133	1
66	134	0
66	135	0
66	136	0
66	137	0
66	138	1
66	139	1
66	140	0
67	68	0
67	69	0
67	70	0
67	71	1
67	72	0
67	73	1
67	74	1
67	75	1
67	76	0
67	77	0
67	78	1
67	79	1
67	80	1
67	81	0
67	82	1
67	83	1
67	84	1
67	85	0
67	86	1
67	87	0
67	88	0
67	89	1
67	90	1
67	91	0
67	92	1
67	93	1
67	94	0
67	95	0
67	96	1
67	97	1
67	98	0
67	99	0
67	100	1
67	101	1
67	102	1
67	103	1
67	104	0
67	105	0
67	106	0
67	107	0
67	108	0
67	109	0
67	110	1
67	111	0
67	112	1
67	113	0
67	114	0
67	115	0
67	116	1
67	117	0
67	118	1
67	119	1
67	120	0
67	121	1
67	122	0
67	123	1
67	124	0
67	125	0
67	126	1
67	127	1
67	128	1
67	129	0
67	130	0
67	131	0
67	132	0
67	133	1
67	134	0
67	135	0
67	136	1
67	137	0
67	138	1
67	139	0
67	140	0
68	69	1
68	70	0
68	71	0
68	72	1
68	73	0
68	74	0
68	75	0
68	76	0
68	77	1
68	78	0
68	79	0
68	80	1
68	81	0
68	82	0
68	83	0
68	84	0
68	85	1
68	86	1
68	87	1
68	88	0
68	89	1
68	90	1
68	91	1
68	92	1
68	93	0
68	94	1
68	95	0
68	96	0
68	97	0
68	98	1
68	99	1
68	100	1
68	101	0
68	102	0
68	103	0
68	104	0
68	105	0
68	106	0
68	107	1
68	108	1
68	109	1
68	110	0
68	111	1
68	112	1
68	113	1
68	114	0
68	115	1
68	116	1
68	117	0
68	118	0
68	119	1
68	120	1
68	121	0
68	122	0
68	123	0
68	124	0
68	125	0
68	126	1
68	127	1
68	128	1
68	129	1
68	130	0
68	131	1
68	132	1
68	133	0
68	134	0
68	135	0
68	136	1
68	137	1
68	138	1
68	139	0
68	140	1
69	70	0
69	71	0
69	72	1
69	73	1
69	74	1
69	75	0
69	76	0
69	77	1
69	78	1
69	79	1
69	80	0
69	81	0
69	82	0
69	83	0
69	84	1
69	85	1
69	86	0
69	87	1
69	88	0
69	89	0
69	90	1
69	91	0
69	92	0
69	93	1
69	94	0
69	95	1
69	96	0
69	97	1
69	98	1
69	99	0
69	100	1
69	101	0
69	102	0
69	103	0
69	104	1
69	105	0
69	106	1
69	107	0
69	108	0
69	109	0
69	110	0
69	111	0
69	112	1
69	113	0
69	114	0
69	115	0
69	116	1
69	117	0
69	118	1
69	119	1
69	120	1
69	121	0
69	122	0
69	123	1
69	124	0
69	125	0
69	126	0
69	127	0
69	128	0
69	129	0
69	130	1
69	131	1
69	132	0
69	133	0
69	134	0
69	135	1
69	136	1
69	137	1
69	138	0
69	139	1
69	140	1
70	71	0
70	72	1
70	73	1
70	74	0
70	75	1
70	76	1
70	77	0
70	78	0
70	79	1
70	80	1
70	81	0
70	82	1
70	83	0
70	84	1
70	85	1
70	86	0
70	87	0
70	88	0
70	89	1
70	90	0
70	91	0
70	92	0
70	93	1
70	94	0
70	95	0
70	96	0
70	97	1
70	98	0
70	99	1
70	100	0
70	101	1
70	102	1
70	103	1
70	104	0
70	105	0
70	106	0
70	107	1
70	108	1
70	109	1
70	110	0
70	111	1
70	112	1
70	113	1
70	114	1
70	115	1
70	116	1
70	117	1
70	118	0
70	119	1
70	120	0
70	121	0
70	122	1
70	123	1
70	124	0
70	125	0
70	126	1
70	127	1
70	128	1
70	129	1
70	130	1
70	131	0
70	132	1
70	133	0
70	134	0
70	135	1
70	136	0
70	137	0
70	138	0
70	139	0
70	140	1
71	72	0
71	73	0
71	74	0
71	75	0
71	76	1
71	77	1
71	78	0
71	79	0
71	80	0
71	81	1
71	82	0
71	83	1
71	84	0
71	85	0
71	86	1
71	87	1
71	88	1
71	89	0
71	90	1
71	91	0
71	92	1
71	93	0
71	94	0
71	95	1
71	96	0
71	97	1
71	98	0
71	99	1
71	100	1
71	101	0
71	102	1
71	103	1
71	104	0
71	105	1
71	106	0
71	107	0
71	108	1
71	109	0
71	110	0
71	111	0
71	112	1
71	113	0
71	114	0
71	115	0
71	116	0
71	117	1
71	118	1
71	119	1
71	120	0
71	121	0
71	122	0
71	123	0
71	124	1
71	125	0
71	126	0
71	127	0
71	128	1
71	129	1
71	130	0
71	131	1
71	132	1
71	133	0
71	134	1
71	135	0
71	136	1
71	137	0
71	138	0
71	139	0
71	140	1
72	73	0
72	74	1
72	75	1
72	76	1
72	77	0
72	78	0
72	79	1
72	80	0
72	81	1
72	82	0
72	83	1
72	84	0
72	85	0
72	86	0
72	87	0
72	88	1
72	89	0
72	90	1
72	91	0
72	92	0
72	93	1
72	94	0
72	95	0
72	96	0
72	97	0
72	98	0
72	99	1
72	100	0
72	101	0
72	102	1
72	103	0
72	104	0
72	105	1
72	106	1
72	107	0
72	108	0
72	109	1
72	110	1
72	111	0
72	112	1
72	113	0
72	114	1
72	115	1
72	116	1
72	117	1
72	118	0
72	119	1
72	120	0
72	121	1
72	122	0
72	123	1
72	124	0
72	125	0
72	126	1
72	127	1
72	128	0
72	129	1
72	130	1
72	131	1
72	132	1
72	133	0
72	134	1
72	135	1
72	136	0
72	137	0
72	138	1
72	139	0
72	140	0
73	74	0
73	75	0
73	76	1
73	77	1
73	78	1
73	79	0
73	80	1
73	81	0
73	82	0
73	83	1
73	84	1
73	85	0
73	86	0
73	87	0
73	88	0
73	89	0
73	90	1
73	91	1
73	92	0
73	93	0
73	94	1
73	95	1
73	96	1
73	97	1
73	98	0
73	99	0
73	100	0
73	101	0
73	102	0
73	103	0
73	104	0
73	105	1
73	106	0
73	107	1
73	108	0
73	109	0
73	110	0
73	111	1
73	112	0
73	113	0
73	114	1
73	115	0
73	116	0
73	117	0
73	118	0
73	119	1
73	120	1
73	121	1
73	122	0
73	123	0
73	124	0
73	125	0
73	126	1
73	127	0
73	128	0
73	129	1
73	130	0
73	131	0
73	132	0
73	133	1
73	134	1
73	135	0
73	136	1
73	137	0
73	138	0
73	139	1
73	140	1
74	75	1
74	76	1
74	77	0
74	78	0
74	79	0
74	80	0
74	81	1
74	82	1
74	83	0
74	84	1
74	85	1
74	86	1
74	87	1
74	88	0
74	89	0
74	90	0
74	91	1
74	92	0
74	93	1
74	94	0
74	95	1
74	96	0
74	97	0
74	98	1
74	99	1
74	100	0
74	101	0
74	102	1
74	103	0
74	104	1
74	105	0
74	106	0
74	107	1
74	108	0
74	109	1
74	110	0
74	111	0
74	112	0
74	113	0
74	114	1
74	115	0
74	116	0
74	117	1
74	118	0
74	119	1
74	120	1
74	121	1
74	122	1
74	123	0
74	124	0
74	125	0
74	126	0
74	127	1
74	128	1
74	129	1
74	130	0
74	131	1
74	132	0
74	133	0
74	134	1
74	135	1
74	136	0
74	137	1
74	138	0
74	139	1
74	140	1
75	76	0
75	77	1
75	78	0
75	79	0
75	80	0
75	81	1
75	82	1
75	83	0
75	84	0
75	85	0
75	86	0
75	87	1
75	88	0
75	89	1
75	90	1
75	91	0
75	92	0
75	93	0
75	94	0
75	95	0
75	96	1
75	97	0
75	98	0
75	99	0
75	100	0
75	101	1
75	102	0
75	103	0
75	104	1
75	105	0
75	106	1
75	107	1
75	108	0
75	109	1
75	110	1
75	111	1
75	112	1
75	113	1
75	114	1
75	115	0
75	116	1
75	117	0
75	118	0
75	119	0
75	120	0
75	121	1
75	122	0
75	123	0
75	124	1
75	125	1
75	126	0
75	127	1
75	128	1
75	129	1
75	130	0
75	131	1
75	132	1
75	133	0
75	134	0
75	135	1
75	136	1
75	137	1
75	138	0
75	139	0
75	140	1
76	77	1
76	78	1
76	79	0
76	80	1
76	81	1
76	82	0
76	83	1
76	84	0
76	85	0
76	86	1
76	87	1
76	88	0
76	89	1
76	90	1
76	91	1
76	92	0
76	93	0
76	94	1
76	95	1
76	96	0
76	97	1
76	98	0
76	99	1
76	100	1
76	101	0
76	102	0
76	103	1
76	104	0
76	105	1
76	106	0
76	107	1
76	108	1
76	109	1
76	110	1
76	111	0
76	112	0
76	113	1
76	114	0
76	115	0
76	116	1
76	117	0
76	118	1
76	119	0
76	120	0
76	121	0
76	122	1
76	123	0
76	124	0
76	125	1
76	126	0
76	127	1
76	128	0
76	129	1
76	130	0
76	131	0
76	132	1
76	133	1
76	134	0
76	135	0
76	136	1
76	137	1
76	138	0
76	139	1
76	140	1
77	78	0
77	79	1
77	80	0
77	81	1
77	82	0
77	83	0
77	84	0
77	85	1
77	86	1
77	87	1
77	88	1
77	89	1
77	90	0
77	91	0
77	92	1
77	93	1
77	94	1
77	95	1
77	96	0
77	97	0
77	98	1
77	99	0
77	100	1
77	101	1
77	102	1
77	103	1
77	104	1
77	105	0
77	106	1
77	107	0
77	108	0
77	109	0
77	110	1
77	111	0
77	112	0
77	113	0
77	114	0
77	115	0
77	116	1
77	117	0
77	118	0
77	119	1
77	120	1
77	121	1
77	122	1
77	123	0
77	124	0
77	125	1
77	126	1
77	127	0
77	128	1
77	129	0
77	130	1
77	131	1
77	132	0
77	133	1
77	134	1
77	135	1
77	136	1
77	137	0
77	138	0
77	139	0
77	140	1
78	79	0
78	80	0
78	81	1
78	82	1
78	83	1
78	84	0
78	85	0
78	86	1
78	87	1
78	88	0
78	89	1
78	90	0
78	91	1
78	92	1
78	93	1
78	94	0
78	95	1
78	96	0
78	97	0
78	98	1
78	99	0
78	100	1
78	101	1
78	102	1
78	103	1
78	104	1
78	105	0
78	106	1
78	107	1
78	108	0
78	109	1
78	110	0
78	111	0
78	112	0
78	113	0
78	114	1
78	115	1
78	116	0
78	117	0
78	118	0
78	119	1
78	120	1
78	121	0
78	122	1
78	123	0
78	124	0
78	125	0
78	126	0
78	127	1
78	128	0
78	129	0
78	130	0
78	131	0
78	132	1
78	133	0
78	134	1
78	135	0
78	136	0
78	137	0
78	138	0
78	139	0
78	140	1
79	80	1
79	81	1
79	82	0
79	83	1
79	84	0
79	85	1
79	86	0
79	87	0
79	88	0
79	89	1
79	90	1
79	91	1
79	92	0
79	93	1
79	94	0
79	95	0
79	96	0
79	97	1
79	98	1
79	99	0
79	100	1
79	101	0
79	102	1
79	103	0
79	104	1
79	105	1
79	106	0
79	107	0
79	108	0
79	109	0
79	110	1
79	111	1
79	112	1
79	113	1
79	114	0
79	115	1
79	116	0
79	117	0
79	118	0
79	119	1
79	120	0
79	121	1
79	122	0
79	123	0
79	124	1
79	125	0
79	126	1
79	127	1
79	128	1
79	129	0
79	130	1
79	131	1
79	132	0
79	133	1
79	134	0
79	135	0
79	136	0
79	137	0
79	138	1
79	139	0
79	140	1
80	81	0
80	82	0
80	83	0
80	84	1
80	85	1
80	86	0
80	87	1
80	88	0
80	89	0
80	90	1
80	91	1
80	92	1
80	93	0
80	94	1
80	95	0
80	96	1
80	97	0
80	98	0
80	99	1
80	100	0
80	101	1
80	102	1
80	103	1
80	104	1
80	105	0
80	106	1
80	107	0
80	108	0
80	109	1
80	110	1
80	111	0
80	112	1
80	113	1
80	114	1
80	115	0
80	116	1
80	117	0
80	118	0
80	119	1
80	120	0
80	121	1
80	122	1
80	123	0
80	124	0
80	125	0
80	126	0
80	127	0
80	128	0
80	129	0
80	130	1
80	131	0
80	132	0
80	133	0
80	134	1
80	135	1
80	136	0
80	137	0
80	138	1
80	139	0
80	140	0
81	82	0
81	83	0
81	84	0
81	85	1
81	86	1
81	87	0
81	88	1
81	89	1
81	90	0
81	91	0
81	92	0
81	93	1
81	94	1
81	95	0
81	96	0
81	97	1
81	98	0
81	99	1
81	100	1
81	101	1
81	102	0
81	103	0
81	104	1
81	105	0
81	106	0
81	107	0
81	108	0
81	109	0
81	110	0
81	111	0
81	112	1
81	113	1
81	114	0
81	115	0
81	116	1
81	117	1
81	118	0
81	119	0
81	120	0
81	121	1
81	122	0
81	123	1
81	124	0
81	125	0
81	126	0
81	127	0
81	128	0
81	129	1
81	130	0
81	131	1
81	132	0
81	133	1
81	134	0
81	135	1
81	136	1
81	137	1
81	138	1
81	139	0
81	140	0
82	83	0
82	84	1
82	85	1
82	86	0
82	87	1
82	88	0
82	89	0
82	90	0
82	91	0
82	92	0
82	93	1
82	94	0
82	95	1
82	96	1
82	97	0
82	98	1
82	99	0
82	100	1
82	101	1
82	102	1
82	103	1
82	104	1
82	105	0
82	106	1
82	107	0
82	108	0
82	109	0
82	110	0
82	111	0
82	112	0
82	113	0
82	114	0
82	115	1
82	116	0
82	117	0
82	118	0
82	119	1
82	120	0
82	121	1
82	122	0
82	123	1
82	124	1
82	125	0
82	126	0
82	127	0
82	128	1
82	129	0
82	130	1
82	131	0
82	132	1
82	133	1
82	134	0
82	135	0
82	136	1
82	137	0
82	138	1
82	139	1
82	140	1
83	84	0
83	85	1
83	86	1
83	87	0
83	88	1
83	89	0
83	90	1
83	91	1
83	92	1
83	93	1
83	94	0
83	95	0
83	96	1
83	97	0
83	98	0
83	99	1
83	100	1
83	101	0
83	102	0
83	103	0
83	104	0
83	105	1
83	106	0
83	107	0
83	108	0
83	109	1
83	110	0
83	111	1
83	112	0
83	113	1
83	114	0
83	115	1
83	116	1
83	117	1
83	118	0
83	119	0
83	120	1
83	121	1
83	122	1
83	123	1
83	124	1
83	125	0
83	126	1
83	127	1
83	128	1
83	129	0
83	130	0
83	131	0
83	132	1
83	133	0
83	134	1
83	135	1
83	136	1
83	137	0
83	138	0
83	139	1
83	140	1
84	85	0
84	86	1
84	87	0
84	88	0
84	89	0
84	90	0
84	91	0
84	92	1
84	93	1
84	94	1
84	95	0
84	96	0
84	97	1
84	98	0
84	99	0
84	100	0
84	101	0
84	102	0
84	103	1
84	104	0
84	105	1
84	106	0
84	107	1
84	108	0
84	109	0
84	110	0
84	111	0
84	112	0
84	113	0
84	114	1
84	115	0
84	116	0
84	117	1
84	118	1
84	119	1
84	120	1
84	121	0
84	122	1
84	123	1
84	124	0
84	125	1
84	126	1
84	127	0
84	128	1
84	129	1
84	130	0
84	131	0
84	132	1
84	133	1
84	134	1
84	135	0
84	136	1
84	137	1
84	138	1
84	139	1
84	140	1
85	86	0
85	87	0
85	88	0
85	89	1
85	90	0
85	91	0
85	92	1
85	93	1
85	94	0
85	95	0
85	96	1
85	97	1
85	98	1
85	99	1
85	100	0
85	101	0
85	102	1
85	103	1
85	104	0
85	105	1
85	106	1
85	107	1
85	108	0
85	109	0
85	110	0
85	111	0
85	112	0
85	113	1
85	114	1
85	115	1
85	116	1
85	117	1
85	118	0
85	119	1
85	120	1
85	121	1
85	122	1
85	123	1
85	124	0
85	125	0
85	126	0
85	127	0
85	128	1
85	129	0
85	130	0
85	131	0
85	132	1
85	133	0
85	134	1
85	135	1
85	136	1
85	137	1
85	138	1
85	139	1
85	140	1
86	87	0
86	88	1
86	89	1
86	90	0
86	91	0
86	92	0
86	93	1
86	94	1
86	95	1
86	96	0
86	97	0
86	98	0
86	99	1
86	100	1
86	101	1
86	102	0
86	103	0
86	104	0
86	105	1
86	106	1
86	107	1
86	108	0
86	109	0
86	110	1
86	111	0
86	112	1
86	113	1
86	114	0
86	115	0
86	116	1
86	117	1
86	118	1
86	119	1
86	120	0
86	121	0
86	122	0
86	123	0
86	124	0
86	125	0
86	126	1
86	127	1
86	128	1
86	129	1
86	130	0
86	131	0
86	132	0
86	133	1
86	134	0
86	135	1
86	136	1
86	137	0
86	138	0
86	139	1
86	140	0
87	88	1
87	89	0
87	90	1
87	91	1
87	92	1
87	93	0
87	94	1
87	95	0
87	96	0
87	97	1
87	98	0
87	99	0
87	100	1
87	101	0
87	102	0
87	103	0
87	104	0
87	105	1
87	106	1
87	107	0
87	108	1
87	109	1
87	110	1
87	111	1
87	112	0
87	113	0
87	114	1
87	115	1
87	116	1
87	117	0
87	118	0
87	119	0
87	120	0
87	121	0
87	122	0
87	123	1
87	124	1
87	125	1
87	126	0
87	127	0
87	128	0
87	129	0
87	130	1
87	131	0
87	132	0
87	133	1
87	134	1
87	135	1
87	136	0
87	137	0
87	138	0
87	139	0
87	140	1
88	89	0
88	90	1
88	91	1
88	92	1
88	93	1
88	94	0
88	95	1
88	96	1
88	97	1
88	98	1
88	99	0
88	100	0
88	101	1
88	102	1
88	103	0
88	104	0
88	105	0
88	106	0
88	107	0
88	108	1
88	109	1
88	110	0
88	111	1
88	112	1
88	113	0
88	114	0
88	115	1
88	116	1
88	117	0
88	118	0
88	119	1
88	120	1
88	121	0
88	122	0
88	123	1
88	124	1
88	125	1
88	126	0
88	127	1
88	128	1
88	129	0
88	130	1
88	131	0
88	132	1
88	133	1
88	134	1
88	135	1
88	136	1
88	137	1
88	138	0
88	139	1
88	140	0
89	90	1
89	91	0
89	92	1
89	93	0
89	94	1
89	95	1
89	96	0
89	97	0
89	98	1
89	99	1
89	100	0
89	101	0
89	102	1
89	103	0
89	104	0
89	105	1
89	106	0
89	107	0
89	108	1
89	109	0
89	110	0
89	111	1
89	112	0
89	113	0
89	114	0
89	115	1
89	116	0
89	117	1
89	118	0
89	119	1
89	120	0
89	121	1
89	122	0
89	123	1
89	124	1
89	125	1
89	126	1
89	127	0
89	128	1
89	129	1
89	130	0
89	131	1
89	132	1
89	133	0
89	134	0
89	135	1
89	136	1
89	137	0
89	138	1
89	139	1
89	140	1
90	91	0
90	92	0
90	93	1
90	94	0
90	95	0
90	96	1
90	97	0
90	98	0
90	99	0
90	100	0
90	101	0
90	102	1
90	103	1
90	104	1
90	105	1
90	106	0
90	107	0
90	108	0
90	109	1
90	110	1
90	111	1
90	112	1
90	113	1
90	114	1
90	115	0
90	116	1
90	117	0
90	118	0
90	119	1
90	120	1
90	121	1
90	122	0
90	123	1
90	124	0
90	125	1
90	126	0
90	127	0
90	128	0
90	129	0
90	130	1
90	131	1
90	132	1
90	133	0
90	134	1
90	135	0
90	136	1
90	137	0
90	138	1
90	139	1
90	140	0
91	92	0
91	93	0
91	94	1
91	95	0
91	96	0
91	97	0
91	98	0
91	99	0
91	100	1
91	101	1
91	102	0
91	103	1
91	104	1
91	105	1
91	106	1
91	107	1
91	108	1
91	109	0
91	110	0
91	111	1
91	112	1
91	113	1
91	114	1
91	115	0
91	116	1
91	117	0
91	118	1
91	119	1
91	120	0
91	121	0
91	122	1
91	123	0
91	124	1
91	125	1
91	126	0
91	127	1
91	128	1
91	129	0
91	130	1
91	131	0
91	132	1
91	133	0
91	134	0
91	135	0
91	136	0
91	137	1
91	138	0
91	139	1
91	140	0
92	93	0
92	94	1
92	95	1
92	96	0
92	97	1
92	98	1
92	99	0
92	100	0
92	101	1
92	102	0
92	103	0
92	104	0
92	105	1
92	106	1
92	107	1
92	108	0
92	109	0
92	110	1
92	111	0
92	112	1
92	113	0
92	114	0
92	115	0
92	116	1
92	117	0
92	118	1
92	119	0
92	120	1
92	121	0
92	122	1
92	123	0
92	124	0
92	125	1
92	126	1
92	127	1
92	128	0
92	129	1
92	130	0
92	131	1
92	132	1
92	133	1
92	134	1
92	135	1
92	136	0
92	137	1
92	138	0
92	139	0
92	140	1
93	94	1
93	95	0
93	96	0
93	97	1
93	98	0
93	99	1
93	100	1
93	101	0
93	102	0
93	103	0
93	104	1
93	105	0
93	106	1
93	107	0
93	108	1
93	109	0
93	110	1
93	111	0
93	112	0
93	113	1
93	114	1
93	115	1
93	116	0
93	117	1
93	118	1
93	119	0
93	120	1
93	121	1
93	122	0
93	123	0
93	124	1
93	125	0
93	126	1
93	127	1
93	128	0
93	129	1
93	130	1
93	131	0
93	132	0
93	133	0
93	134	0
93	135	1
93	136	0
93	137	0
93	138	0
93	139	1
93	140	0
94	95	0
94	96	1
94	97	1
94	98	1
94	99	0
94	100	1
94	101	1
94	102	0
94	103	1
94	104	0
94	105	1
94	106	1
94	107	0
94	108	1
94	109	1
94	110	0
94	111	0
94	112	0
94	113	0
94	114	1
94	115	1
94	116	0
94	117	0
94	118	0
94	119	0
94	120	0
94	121	0
94	122	0
94	123	0
94	124	0
94	125	0
94	126	0
94	127	1
94	128	1
94	129	1
94	130	0
94	131	1
94	132	0
94	133	1
94	134	1
94	135	1
94	136	1
94	137	0
94	138	0
94	139	0
94	140	1
95	96	0
95	97	1
95	98	1
95	99	0
95	100	1
95	101	1
95	102	1
95	103	0
95	104	1
95	105	1
95	106	0
95	107	1
95	108	0
95	109	0
95	110	1
95	111	0
95	112	0
95	113	0
95	114	0
95	115	0
95	116	0
95	117	1
95	118	1
95	119	0
95	120	0
95	121	1
95	122	0
95	123	1
95	124	1
95	125	1
95	126	0
95	127	1
95	128	0
95	129	1
95	130	0
95	131	1
95	132	0
95	133	1
95	134	0
95	135	1
95	136	1
95	137	0
95	138	1
95	139	0
95	140	0
96	97	1
96	98	0
96	99	1
96	100	0
96	101	0
96	102	0
96	103	0
96	104	0
96	105	1
96	106	0
96	107	1
96	108	0
96	109	0
96	110	1
96	111	0
96	112	1
96	113	0
96	114	0
96	115	0
96	116	1
96	117	1
96	118	0
96	119	0
96	120	0
96	121	1
96	122	1
96	123	1
96	124	1
96	125	0
96	126	0
96	127	1
96	128	1
96	129	0
96	130	0
96	131	1
96	132	1
96	133	0
96	134	1
96	135	0
96	136	1
96	137	1
96	138	0
96	139	0
96	140	0
97	98	1
97	99	1
97	100	0
97	101	1
97	102	0
97	103	0
97	104	0
97	105	1
97	106	0
97	107	1
97	108	0
97	109	0
97	110	1
97	111	0
97	112	0
97	113	0
97	114	1
97	115	1
97	116	1
97	117	0
97	118	1
97	119	0
97	120	1
97	121	0
97	122	1
97	123	0
97	124	1
97	125	1
97	126	1
97	127	1
97	128	0
97	129	0
97	130	0
97	131	1
97	132	0
97	133	0
97	134	1
97	135	0
97	136	0
97	137	1
97	138	0
97	139	1
97	140	0
98	99	1
98	100	1
98	101	1
98	102	1
98	103	1
98	104	0
98	105	0
98	106	0
98	107	0
98	108	0
98	109	1
98	110	0
98	111	1
98	112	0
98	113	1
98	114	0
98	115	1
98	116	0
98	117	0
98	118	1
98	119	1
98	120	0
98	121	1
98	122	1
98	123	0
98	124	0
98	125	0
98	126	1
98	127	1
98	128	1
98	129	0
98	130	1
98	131	1
98	132	0
98	133	0
98	134	1
98	135	1
98	136	1
98	137	1
98	138	0
98	139	0
98	140	0
99	100	0
99	101	1
99	102	1
99	103	0
99	104	1
99	105	0
99	106	1
99	107	0
99	108	0
99	109	0
99	110	1
99	111	1
99	112	1
99	113	1
99	114	1
99	115	1
99	116	0
99	117	0
99	118	0
99	119	1
99	120	1
99	121	1
99	122	0
99	123	0
99	124	1
99	125	1
99	126	1
99	127	1
99	128	1
99	129	0
99	130	1
99	131	0
99	132	0
99	133	0
99	134	1
99	135	1
99	136	1
99	137	1
99	138	0
99	139	1
99	140	0
100	101	0
100	102	0
100	103	0
100	104	0
100	105	1
100	106	0
100	107	0
100	108	1
100	109	1
100	110	0
100	111	0
100	112	1
100	113	1
100	114	0
100	115	0
100	116	1
100	117	1
100	118	1
100	119	1
100	120	0
100	121	0
100	122	1
100	123	1
100	124	0
100	125	0
100	126	1
100	127	1
100	128	0
100	129	0
100	130	0
100	131	0
100	132	1
100	133	1
100	134	1
100	135	1
100	136	0
100	137	1
100	138	1
100	139	0
100	140	1
101	102	1
101	103	0
101	104	0
101	105	0
101	106	1
101	107	0
101	108	1
101	109	0
101	110	0
101	111	0
101	112	1
101	113	1
101	114	0
101	115	1
101	116	1
101	117	1
101	118	1
101	119	1
101	120	0
101	121	0
101	122	1
101	123	0
101	124	0
101	125	1
101	126	0
101	127	1
101	128	0
101	129	0
101	130	0
101	131	1
101	132	0
101	133	1
101	134	0
101	135	0
101	136	1
101	137	0
101	138	0
101	139	1
101	140	0
102	103	0
102	104	1
102	105	0
102	106	1
102	107	0
102	108	1
102	109	0
102	110	1
102	111	1
102	112	0
102	113	0
102	114	1
102	115	0
102	116	1
102	117	0
102	118	0
102	119	0
102	120	1
102	121	0
102	122	0
102	123	0
102	124	1
102	125	1
102	126	1
102	127	1
102	128	0
102	129	0
102	130	1
102	131	0
102	132	0
102	133	0
102	134	1
102	135	0
102	136	1
102	137	0
102	138	1
102	139	0
102	140	1
103	104	1
103	105	1
103	106	1
103	107	0
103	108	1
103	109	0
103	110	1
103	111	0
103	112	1
103	113	1
103	114	1
103	115	1
103	116	0
103	117	1
103	118	1
103	119	0
103	120	1
103	121	1
103	122	0
103	123	1
103	124	1
103	125	0
103	126	0
103	127	0
103	128	1
103	129	1
103	130	1
103	131	0
103	132	0
103	133	1
103	134	0
103	135	1
103	136	1
103	137	1
103	138	0
103	139	1
103	140	0
104	105	1
104	106	1
104	107	0
104	108	0
104	109	1
104	110	0
104	111	0
104	112	1
104	113	0
104	114	0
104	115	0
104	116	0
104	117	1
104	118	0
104	119	1
104	120	1
104	121	0
104	122	0
104	123	0
104	124	1
104	125	0
104	126	1
104	127	1
104	128	1
104	129	0
104	130	0
104	131	0
104	132	1
104	133	1
104	134	1
104	135	1
104	136	0
104	137	1
104	138	1
104	139	1
104	140	1
105	106	1
105	107	0
105	108	1
105	109	1
105	110	0
105	111	0
105	112	0
105	113	0
105	114	0
105	115	1
105	116	0
105	117	0
105	118	1
105	119	1
105	120	0
105	121	0
105	122	1
105	123	0
105	124	1
105	125	0
105	126	1
105	127	1
105	128	1
105	129	0
105	130	1
105	131	0
105	132	1
105	133	1
105	134	1
105	135	0
105	136	1
105	137	0
105	138	0
105	139	0
105	140	0
106	107	0
106	108	1
106	109	1
106	110	0
106	111	0
106	112	0
106	113	0
106	114	1
106	115	0
106	116	0
106	117	0
106	118	1
106	119	0
106	120	0
106	121	1
106	122	1
106	123	0
106	124	0
106	125	1
106	126	0
106	127	1
106	128	0
106	129	0
106	130	0
106	131	1
106	132	1
106	133	1
106	134	0
106	135	1
106	136	1
106	137	1
106	138	0
106	139	0
106	140	1
107	108	0
107	109	0
107	110	0
107	111	1
107	112	0
107	113	0
107	114	0
107	115	0
107	116	0
107	117	0
107	118	0
107	119	0
107	120	1
107	121	1
107	122	1
107	123	1
107	124	0
107	125	1
107	126	1
107	127	1
107	128	0
107	129	0
107	130	0
107	131	1
107	132	1
107	133	0
107	134	1
107	135	0
107	136	0
107	137	1
107	138	1
107	139	1
107	140	1
108	109	1
108	110	1
108	111	0
108	112	0
108	113	1
108	114	0
108	115	0
108	116	1
108	117	0
108	118	1
108	119	0
108	120	0
108	121	0
108	122	0
108	123	0
108	124	0
108	125	0
108	126	1
108	127	0
108	128	0
108	129	0
108	130	0
108	131	0
108	132	0
108	133	0
108	134	1
108	135	0
108	136	1
108	137	1
108	138	0
108	139	1
108	140	0
109	110	1
109	111	1
109	112	0
109	113	1
109	114	1
109	115	1
109	116	1
109	117	0
109	118	0
109	119	1
109	120	1
109	121	0
109	122	0
109	123	0
109	124	0
109	125	1
109	126	1
109	127	1
109	128	0
109	129	1
109	130	1
109	131	1
109	132	1
109	133	1
109	134	1
109	135	1
109	136	1
109	137	0
109	138	0
109	139	1
109	140	1
110	111	0
110	112	0
110	113	0
110	114	0
110	115	0
110	116	1
110	117	1
110	118	0
110	119	0
110	120	1
110	121	1
110	122	0
110	123	0
110	124	1
110	125	0
110	126	0
110	127	1
110	128	0
110	129	1
110	130	0
110	131	1
110	132	1
110	133	1
110	134	1
110	135	1
110	136	1
110	137	0
110	138	0
110	139	0
110	140	1
111	112	1
111	113	1
111	114	1
111	115	1
111	116	1
111	117	0
111	118	1
111	119	0
111	120	0
111	121	0
111	122	1
111	123	1
111	124	0
111	125	0
111	126	0
111	127	0
111	128	1
111	129	1
111	130	1
111	131	0
111	132	0
111	133	0
111	134	0
111	135	0
111	136	1
111	137	1
111	138	0
111	139	1
111	140	0
112	113	1
112	114	0
112	115	1
112	116	0
112	117	1
112	118	0
112	119	1
112	120	1
112	121	0
112	122	0
112	123	0
112	124	0
112	125	1
112	126	0
112	127	0
112	128	0
112	129	1
112	130	0
112	131	1
112	132	0
112	133	1
112	134	0
112	135	1
112	136	1
112	137	1
112	138	0
112	139	1
112	140	1
113	114	1
113	115	1
113	116	0
113	117	0
113	118	1
113	119	1
113	120	1
113	121	1
113	122	0
113	123	0
113	124	1
113	125	0
113	126	1
113	127	0
113	128	0
113	129	0
113	130	1
113	131	0
113	132	1
113	133	1
113	134	0
113	135	0
113	136	0
113	137	0
113	138	0
113	139	1
113	140	1
114	115	1
114	116	0
114	117	1
114	118	1
114	119	0
114	120	0
114	121	1
114	122	0
114	123	0
114	124	1
114	125	1
114	126	0
114	127	0
114	128	0
114	129	0
114	130	1
114	131	0
114	132	0
114	133	0
114	134	1
114	135	1
114	136	1
114	137	0
114	138	0
114	139	0
114	140	0
115	116	0
115	117	1
115	118	0
115	119	0
115	120	0
115	121	1
115	122	0
115	123	0
115	124	0
115	125	0
115	126	0
115	127	1
115	128	1
115	129	0
115	130	1
115	131	0
115	132	0
115	133	1
115	134	1
115	135	1
115	136	0
115	137	0
115	138	0
115	139	1
115	140	0
116	117	0
116	118	0
116	119	1
116	120	1
116	121	1
116	122	1
116	123	1
116	124	1
116	125	1
116	126	1
116	127	1
116	128	0
116	129	1
116	130	1
116	131	0
116	132	1
116	133	1
116	134	0
116	135	1
116	136	1
116	137	0
116	138	0
116	139	0
116	140	0
117	118	0
117	119	1
117	120	1
117	121	0
117	122	0
117	123	0
117	124	1
117	125	0
117	126	0
117	127	0
117	128	0
117	129	0
117	130	1
117	131	0
117	132	1
117	133	0
117	134	0
117	135	0
117	136	1
117	137	1
117	138	0
117	139	1
117	140	0
118	119	0
118	120	0
118	121	1
118	122	0
118	123	0
118	124	1
118	125	1
118	126	1
118	127	1
118	128	0
118	129	0
118	130	1
118	131	1
118	132	1
118	133	1
118	134	1
118	135	1
118	136	1
118	137	0
118	138	1
118	139	1
118	140	0
119	120	1
119	121	0
119	122	0
119	123	0
119	124	1
119	125	1
119	126	0
119	127	0
119	128	0
119	129	0
119	130	1
119	131	0
119	132	0
119	133	0
119	134	0
119	135	0
119	136	1
119	137	1
119	138	1
119	139	1
119	140	0
120	121	1
120	122	0
120	123	0
120	124	0
120	125	1
120	126	1
120	127	1
120	128	0
120	129	1
120	130	0
120	131	0
120	132	0
120	133	0
120	134	1
120	135	0
120	136	0
120	137	1
120	138	1
120	139	0
120	140	0
121	122	1
121	123	0
121	124	1
121	125	1
121	126	1
121	127	0
121	128	1
121	129	1
121	130	1
121	131	0
121	132	1
121	133	0
121	134	0
121	135	0
121	136	1
121	137	0
121	138	1
121	139	0
121	140	1
122	123	1
122	124	1
122	125	0
122	126	0
122	127	1
122	128	0
122	129	1
122	130	0
122	131	1
122	132	1
122	133	0
122	134	0
122	135	1
122	136	1
122	137	1
122	138	1
122	139	0
122	140	1
123	124	0
123	125	0
123	126	1
123	127	0
123	128	1
123	129	1
123	130	0
123	131	1
123	132	1
123	133	0
123	134	0
123	135	1
123	136	0
123	137	1
123	138	0
123	139	1
123	140	0
124	125	0
124	126	1
124	127	0
124	128	0
124	129	0
124	130	0
124	131	0
124	132	1
124	133	1
124	134	1
124	135	1
124	136	1
124	137	1
124	138	0
124	139	1
124	140	1
125	126	1
125	127	1
125	128	0
125	129	1
125	130	1
125	131	1
125	132	0
125	133	0
125	134	0
125	135	0
125	136	1
125	137	1
125	138	0
125	139	0
125	140	0
126	127	1
126	128	1
126	129	0
126	130	1
126	131	1
126	132	1
126	133	1
126	134	1
126	135	0
126	136	1
126	137	1
126	138	1
126	139	0
126	140	1
127	128	1
127	129	1
127	130	0
127	131	1
127	132	1
127	133	1
127	134	1
127	135	1
127	136	0
127	137	1
127	138	1
127	139	0
127	140	0
128	129	0
128	130	1
128	131	1
128	132	0
128	133	0
128	134	0
128	135	1
128	136	1
128	137	0
128	138	0
128	139	0
128	140	0
129	130	0
129	131	0
129	132	1
129	133	1
129	134	1
129	135	1
129	136	0
129	137	1
129	138	0
129	139	0
129	140	1
130	131	0
130	132	1
130	133	1
130	134	1
130	135	0
130	136	1
130	137	1
130	138	0
130	139	0
130	140	0
131	132	1
131	133	0
131	134	1
131	135	1
131	136	1
131	137	0
131	138	0
131	139	0
131	140	1
132	133	1
132	134	0
132	135	0
132	136	0
132	137	1
132	138	0
132	139	0
132	140	1
133	134	0
133	135	0
133	136	0
133	137	0
133	138	0
133	139	0
133	140	0
134	135	0
134	136	1
134	137	0
134	138	0
134	139	0
134	140	1
135	136	1
135	137	1
135	138	1
135	139	0
135	140	0
136	137	0
136	138	1
136	139	0
136	140	1
137	138	1
137	139	0
137	140	1
138	139	1
138	140	0
139	140	1
